GtecTime,UnityTime,CombinedEyeValidDataBitMask,LeftEyeValidDataBitMask,RightEyeValidDataBitMask,CombinedEyeOpenness,LeftEyeOpenness,RightEyeOpenness,CombinedPupilDiameter,LeftPupilDiameter,RightPupilDiameter,CombinedPupilPosition,LeftPupilPosition,RightPupilPosition,CombinedGazeOrigin,LeftGazeOrigin,RightGazeOrigin,CombinedGazeDirection,LeftGazeDirection,RightGazeDirection,LeftEyeWide,RightEyeWide,LeftEyeSqeeze,RightEyeSqeeze,LeftEyeFrown,RightEyeFrown,FocusStatus,RayOriginal,RayDirection,Collider,Distance,Normal,Point,Transform.position,Transform.rotation,Camera.position,Camera.rotation
0,805743.1,0,0,0,0,0,0,0,0,0,"(0.0, 0.0)","(0.0, 0.0)","(0.0, 0.0)","(0.0, 0.0, 0.0)","(0.0, 0.0, 0.0)","(0.0, 0.0, 0.0)","(0.0, 0.0, 0.0)","(0.0, 0.0, 0.0)","(0.0, 0.0, 0.0)",0,0,0,0,0,0,False,0,0,0,0,0,0,0,0,"(-0.2, 2.6, 4.0)","(0.0, -1.0, 0.1, 0.2)"
0,810794.8,0,0,0,0,0,0,0,0,0,"(0.0, 0.0)","(0.0, 0.0)","(0.0, 0.0)","(0.0, 0.0, 0.0)","(0.0, 0.0, 0.0)","(0.0, 0.0, 0.0)","(0.0, 0.0, 0.0)","(0.0, 0.0, 0.0)","(0.0, 0.0, 0.0)",0,0,0,0,0,0,False,0,0,0,0,0,0,0,0,"(0.0, 6.0, -8.0)","(0.2, 0.0, 0.0, 1.0)"
0,810811.6,0,0,0,0,0,0,0,0,0,"(0.0, 0.0)","(0.0, 0.0)","(0.0, 0.0)","(0.0, 0.0, 0.0)","(0.0, 0.0, 0.0)","(0.0, 0.0, 0.0)","(0.0, 0.0, 0.0)","(0.0, 0.0, 0.0)","(0.0, 0.0, 0.0)",0,0,0,0,0,0,False,0,0,0,0,0,0,0,0,"(0.0, 6.0, -8.0)","(0.2, 0.0, 0.0, 1.0)"
0,810825.4,0,0,0,0,0,0,0,0,0,"(0.0, 0.0)","(0.0, 0.0)","(0.0, 0.0)","(0.0, 0.0, 0.0)","(0.0, 0.0, 0.0)","(0.0, 0.0, 0.0)","(0.0, 0.0, 0.0)","(0.0, 0.0, 0.0)","(0.0, 0.0, 0.0)",0,0,0,0,0,0,False,0,0,0,0,0,0,0,0,"(0.0, 6.0, -8.0)","(0.2, 0.0, 0.0, 1.0)"
0,810840.1,0,0,0,0,0,0,0,0,0,"(0.0, 0.0)","(0.0, 0.0)","(0.0, 0.0)","(0.0, 0.0, 0.0)","(0.0, 0.0, 0.0)","(0.0, 0.0, 0.0)","(0.0, 0.0, 0.0)","(0.0, 0.0, 0.0)","(0.0, 0.0, 0.0)",0,0,0,0,0,0,False,0,0,0,0,0,0,0,0,"(0.0, 6.0, -7.9)","(0.2, 0.0, 0.0, 1.0)"
0,810855.1,0,0,0,0,0,0,0,0,0,"(0.0, 0.0)","(0.0, 0.0)","(0.0, 0.0)","(0.0, 0.0, 0.0)","(0.0, 0.0, 0.0)","(0.0, 0.0, 0.0)","(0.0, 0.0, 0.0)","(0.0, 0.0, 0.0)","(0.0, 0.0, 0.0)",0,0,0,0,0,0,False,0,0,0,0,0,0,0,0,"(0.0, 6.0, -7.9)","(0.2, 0.0, 0.0, 1.0)"
0,810870.8,0,0,0,0,0,0,0,0,0,"(0.0, 0.0)","(0.0, 0.0)","(0.0, 0.0)","(0.0, 0.0, 0.0)","(0.0, 0.0, 0.0)","(0.0, 0.0, 0.0)","(0.0, 0.0, 0.0)","(0.0, 0.0, 0.0)","(0.0, 0.0, 0.0)",0,0,0,0,0,0,False,0,0,0,0,0,0,0,0,"(0.0, 6.0, -7.8)","(0.2, 0.0, 0.0, 1.0)"
0,810886.3,0,0,0,0,0,0,0,0,0,"(0.0, 0.0)","(0.0, 0.0)","(0.0, 0.0)","(0.0, 0.0, 0.0)","(0.0, 0.0, 0.0)","(0.0, 0.0, 0.0)","(0.0, 0.0, 0.0)","(0.0, 0.0, 0.0)","(0.0, 0.0, 0.0)",0,0,0,0,0,0,False,0,0,0,0,0,0,0,0,"(0.0, 6.0, -7.7)","(0.2, 0.0, 0.0, 1.0)"
0,810902.6,0,0,0,0,0,0,0,0,0,"(0.0, 0.0)","(0.0, 0.0)","(0.0, 0.0)","(0.0, 0.0, 0.0)","(0.0, 0.0, 0.0)","(0.0, 0.0, 0.0)","(0.0, 0.0, 0.0)","(0.0, 0.0, 0.0)","(0.0, 0.0, 0.0)",0,0,0,0,0,0,False,0,0,0,0,0,0,0,0,"(0.0, 6.0, -7.6)","(0.2, 0.0, 0.0, 1.0)"
0,810918.7,0,0,0,0,0,0,0,0,0,"(0.0, 0.0)","(0.0, 0.0)","(0.0, 0.0)","(0.0, 0.0, 0.0)","(0.0, 0.0, 0.0)","(0.0, 0.0, 0.0)","(0.0, 0.0, 0.0)","(0.0, 0.0, 0.0)","(0.0, 0.0, 0.0)",0,0,0,0,0,0,False,0,0,0,0,0,0,0,0,"(0.0, 6.0, -7.6)","(0.2, 0.0, 0.0, 1.0)"
0,810933.1,0,0,0,0,0,0,0,0,0,"(0.0, 0.0)","(0.0, 0.0)","(0.0, 0.0)","(0.0, 0.0, 0.0)","(0.0, 0.0, 0.0)","(0.0, 0.0, 0.0)","(0.0, 0.0, 0.0)","(0.0, 0.0, 0.0)","(0.0, 0.0, 0.0)",0,0,0,0,0,0,False,0,0,0,0,0,0,0,0,"(0.0, 6.0, -7.5)","(0.2, 0.0, 0.0, 1.0)"
0,810947.4,0,0,0,0,0,0,0,0,0,"(0.0, 0.0)","(0.0, 0.0)","(0.0, 0.0)","(0.0, 0.0, 0.0)","(0.0, 0.0, 0.0)","(0.0, 0.0, 0.0)","(0.0, 0.0, 0.0)","(0.0, 0.0, 0.0)","(0.0, 0.0, 0.0)",0,0,0,0,0,0,False,0,0,0,0,0,0,0,0,"(0.0, 6.0, -7.4)","(0.2, 0.0, 0.0, 1.0)"
0,810961.9,0,0,0,0,0,0,0,0,0,"(0.0, 0.0)","(0.0, 0.0)","(0.0, 0.0)","(0.0, 0.0, 0.0)","(0.0, 0.0, 0.0)","(0.0, 0.0, 0.0)","(0.0, 0.0, 0.0)","(0.0, 0.0, 0.0)","(0.0, 0.0, 0.0)",0,0,0,0,0,0,False,0,0,0,0,0,0,0,0,"(0.0, 6.0, -7.3)","(0.2, 0.0, 0.0, 1.0)"
0,810975.8,0,0,0,0,0,0,0,0,0,"(0.0, 0.0)","(0.0, 0.0)","(0.0, 0.0)","(0.0, 0.0, 0.0)","(0.0, 0.0, 0.0)","(0.0, 0.0, 0.0)","(0.0, 0.0, 0.0)","(0.0, 0.0, 0.0)","(0.0, 0.0, 0.0)",0,0,0,0,0,0,False,0,0,0,0,0,0,0,0,"(0.0, 6.0, -7.2)","(0.2, 0.0, 0.0, 1.0)"
0,810989.9,0,0,0,0,0,0,0,0,0,"(0.0, 0.0)","(0.0, 0.0)","(0.0, 0.0)","(0.0, 0.0, 0.0)","(0.0, 0.0, 0.0)","(0.0, 0.0, 0.0)","(0.0, 0.0, 0.0)","(0.0, 0.0, 0.0)","(0.0, 0.0, 0.0)",0,0,0,0,0,0,False,0,0,0,0,0,0,0,0,"(0.0, 6.0, -7.0)","(0.2, 0.0, 0.0, 1.0)"
0,811005.6,0,0,0,0,0,0,0,0,0,"(0.0, 0.0)","(0.0, 0.0)","(0.0, 0.0)","(0.0, 0.0, 0.0)","(0.0, 0.0, 0.0)","(0.0, 0.0, 0.0)","(0.0, 0.0, 0.0)","(0.0, 0.0, 0.0)","(0.0, 0.0, 0.0)",0,0,0,0,0,0,False,0,0,0,0,0,0,0,0,"(0.0, 6.0, -6.9)","(0.2, 0.0, 0.0, 1.0)"
0,811022.1,0,0,0,0,0,0,0,0,0,"(0.0, 0.0)","(0.0, 0.0)","(0.0, 0.0)","(0.0, 0.0, 0.0)","(0.0, 0.0, 0.0)","(0.0, 0.0, 0.0)","(0.0, 0.0, 0.0)","(0.0, 0.0, 0.0)","(0.0, 0.0, 0.0)",0,0,0,0,0,0,False,0,0,0,0,0,0,0,0,"(0.0, 6.0, -6.8)","(0.2, 0.0, 0.0, 1.0)"
0,811037,0,0,0,0,0,0,0,0,0,"(0.0, 0.0)","(0.0, 0.0)","(0.0, 0.0)","(0.0, 0.0, 0.0)","(0.0, 0.0, 0.0)","(0.0, 0.0, 0.0)","(0.0, 0.0, 0.0)","(0.0, 0.0, 0.0)","(0.0, 0.0, 0.0)",0,0,0,0,0,0,False,0,0,0,0,0,0,0,0,"(0.0, 6.0, -6.7)","(0.2, 0.0, 0.0, 1.0)"
0,811052.5,0,0,0,0,0,0,0,0,0,"(0.0, 0.0)","(0.0, 0.0)","(0.0, 0.0)","(0.0, 0.0, 0.0)","(0.0, 0.0, 0.0)","(0.0, 0.0, 0.0)","(0.0, 0.0, 0.0)","(0.0, 0.0, 0.0)","(0.0, 0.0, 0.0)",0,0,0,0,0,0,False,0,0,0,0,0,0,0,0,"(0.0, 6.0, -6.6)","(0.2, 0.0, 0.0, 1.0)"
0,811068,0,0,0,0,0,0,0,0,0,"(0.0, 0.0)","(0.0, 0.0)","(0.0, 0.0)","(0.0, 0.0, 0.0)","(0.0, 0.0, 0.0)","(0.0, 0.0, 0.0)","(0.0, 0.0, 0.0)","(0.0, 0.0, 0.0)","(0.0, 0.0, 0.0)",0,0,0,0,0,0,False,0,0,0,0,0,0,0,0,"(0.0, 6.0, -6.4)","(0.2, 0.0, 0.0, 1.0)"
0,811083.4,0,0,0,0,0,0,0,0,0,"(0.0, 0.0)","(0.0, 0.0)","(0.0, 0.0)","(0.0, 0.0, 0.0)","(0.0, 0.0, 0.0)","(0.0, 0.0, 0.0)","(0.0, 0.0, 0.0)","(0.0, 0.0, 0.0)","(0.0, 0.0, 0.0)",0,0,0,0,0,0,False,0,0,0,0,0,0,0,0,"(0.0, 6.0, -6.3)","(0.2, 0.0, 0.0, 1.0)"
0,811098.6,0,0,0,0,0,0,0,0,0,"(0.0, 0.0)","(0.0, 0.0)","(0.0, 0.0)","(0.0, 0.0, 0.0)","(0.0, 0.0, 0.0)","(0.0, 0.0, 0.0)","(0.0, 0.0, 0.0)","(0.0, 0.0, 0.0)","(0.0, 0.0, 0.0)",0,0,0,0,0,0,False,0,0,0,0,0,0,0,0,"(0.0, 6.0, -6.2)","(0.2, 0.0, 0.0, 1.0)"
0,811113.4,0,0,0,0,0,0,0,0,0,"(0.0, 0.0)","(0.0, 0.0)","(0.0, 0.0)","(0.0, 0.0, 0.0)","(0.0, 0.0, 0.0)","(0.0, 0.0, 0.0)","(0.0, 0.0, 0.0)","(0.0, 0.0, 0.0)","(0.0, 0.0, 0.0)",0,0,0,0,0,0,False,0,0,0,0,0,0,0,0,"(0.0, 6.0, -6.0)","(0.2, 0.0, 0.0, 1.0)"
0,811128.6,0,0,0,0,0,0,0,0,0,"(0.0, 0.0)","(0.0, 0.0)","(0.0, 0.0)","(0.0, 0.0, 0.0)","(0.0, 0.0, 0.0)","(0.0, 0.0, 0.0)","(0.0, 0.0, 0.0)","(0.0, 0.0, 0.0)","(0.0, 0.0, 0.0)",0,0,0,0,0,0,False,0,0,0,0,0,0,0,0,"(0.0, 6.0, -5.9)","(0.2, 0.0, 0.0, 1.0)"
0,811143.9,0,0,0,0,0,0,0,0,0,"(0.0, 0.0)","(0.0, 0.0)","(0.0, 0.0)","(0.0, 0.0, 0.0)","(0.0, 0.0, 0.0)","(0.0, 0.0, 0.0)","(0.0, 0.0, 0.0)","(0.0, 0.0, 0.0)","(0.0, 0.0, 0.0)",0,0,0,0,0,0,False,0,0,0,0,0,0,0,0,"(0.0, 6.0, -5.8)","(0.2, 0.0, 0.0, 1.0)"
0,811157.9,0,0,0,0,0,0,0,0,0,"(0.0, 0.0)","(0.0, 0.0)","(0.0, 0.0)","(0.0, 0.0, 0.0)","(0.0, 0.0, 0.0)","(0.0, 0.0, 0.0)","(0.0, 0.0, 0.0)","(0.0, 0.0, 0.0)","(0.0, 0.0, 0.0)",0,0,0,0,0,0,False,0,0,0,0,0,0,0,0,"(0.0, 6.0, -5.6)","(0.2, 0.0, 0.0, 1.0)"
0,811172.5,0,0,0,0,0,0,0,0,0,"(0.0, 0.0)","(0.0, 0.0)","(0.0, 0.0)","(0.0, 0.0, 0.0)","(0.0, 0.0, 0.0)","(0.0, 0.0, 0.0)","(0.0, 0.0, 0.0)","(0.0, 0.0, 0.0)","(0.0, 0.0, 0.0)",0,0,0,0,0,0,False,0,0,0,0,0,0,0,0,"(0.0, 6.0, -5.5)","(0.2, 0.0, 0.0, 1.0)"
0,811188.6,0,0,0,0,0,0,0,0,0,"(0.0, 0.0)","(0.0, 0.0)","(0.0, 0.0)","(0.0, 0.0, 0.0)","(0.0, 0.0, 0.0)","(0.0, 0.0, 0.0)","(0.0, 0.0, 0.0)","(0.0, 0.0, 0.0)","(0.0, 0.0, 0.0)",0,0,0,0,0,0,False,0,0,0,0,0,0,0,0,"(0.0, 6.0, -5.3)","(0.2, 0.0, 0.0, 1.0)"
0,811205.3,0,0,0,0,0,0,0,0,0,"(0.0, 0.0)","(0.0, 0.0)","(0.0, 0.0)","(0.0, 0.0, 0.0)","(0.0, 0.0, 0.0)","(0.0, 0.0, 0.0)","(0.0, 0.0, 0.0)","(0.0, 0.0, 0.0)","(0.0, 0.0, 0.0)",0,0,0,0,0,0,False,0,0,0,0,0,0,0,0,"(0.0, 6.0, -5.2)","(0.2, 0.0, 0.0, 1.0)"
0,811223.4,0,0,0,0,0,0,0,0,0,"(0.0, 0.0)","(0.0, 0.0)","(0.0, 0.0)","(0.0, 0.0, 0.0)","(0.0, 0.0, 0.0)","(0.0, 0.0, 0.0)","(0.0, 0.0, 0.0)","(0.0, 0.0, 0.0)","(0.0, 0.0, 0.0)",0,0,0,0,0,0,False,0,0,0,0,0,0,0,0,"(0.0, 6.0, -5.0)","(0.2, 0.0, 0.0, 1.0)"
0,811238.4,0,0,0,0,0,0,0,0,0,"(0.0, 0.0)","(0.0, 0.0)","(0.0, 0.0)","(0.0, 0.0, 0.0)","(0.0, 0.0, 0.0)","(0.0, 0.0, 0.0)","(0.0, 0.0, 0.0)","(0.0, 0.0, 0.0)","(0.0, 0.0, 0.0)",0,0,0,0,0,0,False,0,0,0,0,0,0,0,0,"(0.0, 6.0, -4.9)","(0.2, 0.0, 0.0, 1.0)"
0,811253.4,0,0,0,0,0,0,0,0,0,"(0.0, 0.0)","(0.0, 0.0)","(0.0, 0.0)","(0.0, 0.0, 0.0)","(0.0, 0.0, 0.0)","(0.0, 0.0, 0.0)","(0.0, 0.0, 0.0)","(0.0, 0.0, 0.0)","(0.0, 0.0, 0.0)",0,0,0,0,0,0,False,0,0,0,0,0,0,0,0,"(0.0, 6.0, -4.7)","(0.2, 0.0, 0.0, 1.0)"
0,811268.4,0,0,0,0,0,0,0,0,0,"(0.0, 0.0)","(0.0, 0.0)","(0.0, 0.0)","(0.0, 0.0, 0.0)","(0.0, 0.0, 0.0)","(0.0, 0.0, 0.0)","(0.0, 0.0, 0.0)","(0.0, 0.0, 0.0)","(0.0, 0.0, 0.0)",0,0,0,0,0,0,False,0,0,0,0,0,0,0,0,"(0.0, 6.0, -4.6)","(0.2, 0.0, 0.0, 1.0)"
0,811283.7,0,0,0,0,0,0,0,0,0,"(0.0, 0.0)","(0.0, 0.0)","(0.0, 0.0)","(0.0, 0.0, 0.0)","(0.0, 0.0, 0.0)","(0.0, 0.0, 0.0)","(0.0, 0.0, 0.0)","(0.0, 0.0, 0.0)","(0.0, 0.0, 0.0)",0,0,0,0,0,0,False,0,0,0,0,0,0,0,0,"(0.0, 6.0, -4.4)","(0.2, 0.0, 0.0, 1.0)"
0,811299.1,0,0,0,0,0,0,0,0,0,"(0.0, 0.0)","(0.0, 0.0)","(0.0, 0.0)","(0.0, 0.0, 0.0)","(0.0, 0.0, 0.0)","(0.0, 0.0, 0.0)","(0.0, 0.0, 0.0)","(0.0, 0.0, 0.0)","(0.0, 0.0, 0.0)",0,0,0,0,0,0,False,0,0,0,0,0,0,0,0,"(0.0, 6.0, -4.3)","(0.2, 0.0, 0.0, 1.0)"
0,811312.1,0,0,0,0,0,0,0,0,0,"(0.0, 0.0)","(0.0, 0.0)","(0.0, 0.0)","(0.0, 0.0, 0.0)","(0.0, 0.0, 0.0)","(0.0, 0.0, 0.0)","(0.0, 0.0, 0.0)","(0.0, 0.0, 0.0)","(0.0, 0.0, 0.0)",0,0,0,0,0,0,False,0,0,0,0,0,0,0,0,"(0.0, 6.0, -4.2)","(0.2, 0.0, 0.0, 1.0)"
0,811325.1,0,0,0,0,0,0,0,0,0,"(0.0, 0.0)","(0.0, 0.0)","(0.0, 0.0)","(0.0, 0.0, 0.0)","(0.0, 0.0, 0.0)","(0.0, 0.0, 0.0)","(0.0, 0.0, 0.0)","(0.0, 0.0, 0.0)","(0.0, 0.0, 0.0)",0,0,0,0,0,0,False,0,0,0,0,0,0,0,0,"(0.0, 6.0, -4.0)","(0.2, 0.0, 0.0, 1.0)"
0,811337.5,0,0,0,0,0,0,0,0,0,"(0.0, 0.0)","(0.0, 0.0)","(0.0, 0.0)","(0.0, 0.0, 0.0)","(0.0, 0.0, 0.0)","(0.0, 0.0, 0.0)","(0.0, 0.0, 0.0)","(0.0, 0.0, 0.0)","(0.0, 0.0, 0.0)",0,0,0,0,0,0,False,0,0,0,0,0,0,0,0,"(0.0, 6.0, -3.9)","(0.2, 0.0, 0.0, 1.0)"
0,811351.1,0,0,0,0,0,0,0,0,0,"(0.0, 0.0)","(0.0, 0.0)","(0.0, 0.0)","(0.0, 0.0, 0.0)","(0.0, 0.0, 0.0)","(0.0, 0.0, 0.0)","(0.0, 0.0, 0.0)","(0.0, 0.0, 0.0)","(0.0, 0.0, 0.0)",0,0,0,0,0,0,False,0,0,0,0,0,0,0,0,"(0.0, 6.0, -3.7)","(0.2, 0.0, 0.0, 1.0)"
0,811364.8,0,0,0,0,0,0,0,0,0,"(0.0, 0.0)","(0.0, 0.0)","(0.0, 0.0)","(0.0, 0.0, 0.0)","(0.0, 0.0, 0.0)","(0.0, 0.0, 0.0)","(0.0, 0.0, 0.0)","(0.0, 0.0, 0.0)","(0.0, 0.0, 0.0)",0,0,0,0,0,0,False,0,0,0,0,0,0,0,0,"(0.0, 6.0, -3.6)","(0.2, 0.0, 0.0, 1.0)"
0,811377.6,0,0,0,0,0,0,0,0,0,"(0.0, 0.0)","(0.0, 0.0)","(0.0, 0.0)","(0.0, 0.0, 0.0)","(0.0, 0.0, 0.0)","(0.0, 0.0, 0.0)","(0.0, 0.0, 0.0)","(0.0, 0.0, 0.0)","(0.0, 0.0, 0.0)",0,0,0,0,0,0,False,0,0,0,0,0,0,0,0,"(0.0, 6.0, -3.4)","(0.2, 0.0, 0.0, 1.0)"
0,811391.8,0,0,0,0,0,0,0,0,0,"(0.0, 0.0)","(0.0, 0.0)","(0.0, 0.0)","(0.0, 0.0, 0.0)","(0.0, 0.0, 0.0)","(0.0, 0.0, 0.0)","(0.0, 0.0, 0.0)","(0.0, 0.0, 0.0)","(0.0, 0.0, 0.0)",0,0,0,0,0,0,False,0,0,0,0,0,0,0,0,"(0.0, 6.0, -3.3)","(0.2, 0.0, 0.0, 1.0)"
0,811405.1,0,0,0,0,0,0,0,0,0,"(0.0, 0.0)","(0.0, 0.0)","(0.0, 0.0)","(0.0, 0.0, 0.0)","(0.0, 0.0, 0.0)","(0.0, 0.0, 0.0)","(0.0, 0.0, 0.0)","(0.0, 0.0, 0.0)","(0.0, 0.0, 0.0)",0,0,0,0,0,0,False,0,0,0,0,0,0,0,0,"(0.0, 6.0, -3.2)","(0.2, 0.0, 0.0, 1.0)"
0,811419.1,0,0,0,0,0,0,0,0,0,"(0.0, 0.0)","(0.0, 0.0)","(0.0, 0.0)","(0.0, 0.0, 0.0)","(0.0, 0.0, 0.0)","(0.0, 0.0, 0.0)","(0.0, 0.0, 0.0)","(0.0, 0.0, 0.0)","(0.0, 0.0, 0.0)",0,0,0,0,0,0,False,0,0,0,0,0,0,0,0,"(0.0, 6.0, -3.0)","(0.2, 0.0, 0.0, 1.0)"
0,811432.5,0,0,0,0,0,0,0,0,0,"(0.0, 0.0)","(0.0, 0.0)","(0.0, 0.0)","(0.0, 0.0, 0.0)","(0.0, 0.0, 0.0)","(0.0, 0.0, 0.0)","(0.0, 0.0, 0.0)","(0.0, 0.0, 0.0)","(0.0, 0.0, 0.0)",0,0,0,0,0,0,False,0,0,0,0,0,0,0,0,"(0.0, 6.0, -2.9)","(0.2, 0.0, 0.0, 1.0)"
0,811445.4,0,0,0,0,0,0,0,0,0,"(0.0, 0.0)","(0.0, 0.0)","(0.0, 0.0)","(0.0, 0.0, 0.0)","(0.0, 0.0, 0.0)","(0.0, 0.0, 0.0)","(0.0, 0.0, 0.0)","(0.0, 0.0, 0.0)","(0.0, 0.0, 0.0)",0,0,0,0,0,0,False,0,0,0,0,0,0,0,0,"(0.0, 6.0, -2.7)","(0.2, 0.0, 0.0, 1.0)"
0,811458,0,0,0,0,0,0,0,0,0,"(0.0, 0.0)","(0.0, 0.0)","(0.0, 0.0)","(0.0, 0.0, 0.0)","(0.0, 0.0, 0.0)","(0.0, 0.0, 0.0)","(0.0, 0.0, 0.0)","(0.0, 0.0, 0.0)","(0.0, 0.0, 0.0)",0,0,0,0,0,0,False,0,0,0,0,0,0,0,0,"(0.0, 6.0, -2.6)","(0.2, 0.0, 0.0, 1.0)"
0,811470.1,0,0,0,0,0,0,0,0,0,"(0.0, 0.0)","(0.0, 0.0)","(0.0, 0.0)","(0.0, 0.0, 0.0)","(0.0, 0.0, 0.0)","(0.0, 0.0, 0.0)","(0.0, 0.0, 0.0)","(0.0, 0.0, 0.0)","(0.0, 0.0, 0.0)",0,0,0,0,0,0,False,0,0,0,0,0,0,0,0,"(0.0, 6.0, -2.5)","(0.2, 0.0, 0.0, 1.0)"
0,811484.1,0,0,0,0,0,0,0,0,0,"(0.0, 0.0)","(0.0, 0.0)","(0.0, 0.0)","(0.0, 0.0, 0.0)","(0.0, 0.0, 0.0)","(0.0, 0.0, 0.0)","(0.0, 0.0, 0.0)","(0.0, 0.0, 0.0)","(0.0, 0.0, 0.0)",0,0,0,0,0,0,False,0,0,0,0,0,0,0,0,"(0.0, 6.0, -2.3)","(0.2, 0.0, 0.0, 1.0)"
0,811498.8,0,0,0,0,0,0,0,0,0,"(0.0, 0.0)","(0.0, 0.0)","(0.0, 0.0)","(0.0, 0.0, 0.0)","(0.0, 0.0, 0.0)","(0.0, 0.0, 0.0)","(0.0, 0.0, 0.0)","(0.0, 0.0, 0.0)","(0.0, 0.0, 0.0)",0,0,0,0,0,0,False,0,0,0,0,0,0,0,0,"(0.0, 6.0, -2.2)","(0.2, 0.0, 0.0, 1.0)"
0,811511.1,0,0,0,0,0,0,0,0,0,"(0.0, 0.0)","(0.0, 0.0)","(0.0, 0.0)","(0.0, 0.0, 0.0)","(0.0, 0.0, 0.0)","(0.0, 0.0, 0.0)","(0.0, 0.0, 0.0)","(0.0, 0.0, 0.0)","(0.0, 0.0, 0.0)",0,0,0,0,0,0,False,0,0,0,0,0,0,0,0,"(0.0, 6.0, -2.1)","(0.2, 0.0, 0.0, 1.0)"
0,811524.1,0,0,0,0,0,0,0,0,0,"(0.0, 0.0)","(0.0, 0.0)","(0.0, 0.0)","(0.0, 0.0, 0.0)","(0.0, 0.0, 0.0)","(0.0, 0.0, 0.0)","(0.0, 0.0, 0.0)","(0.0, 0.0, 0.0)","(0.0, 0.0, 0.0)",0,0,0,0,0,0,False,0,0,0,0,0,0,0,0,"(0.0, 6.0, -1.9)","(0.2, 0.0, 0.0, 1.0)"
0,811537,0,0,0,0,0,0,0,0,0,"(0.0, 0.0)","(0.0, 0.0)","(0.0, 0.0)","(0.0, 0.0, 0.0)","(0.0, 0.0, 0.0)","(0.0, 0.0, 0.0)","(0.0, 0.0, 0.0)","(0.0, 0.0, 0.0)","(0.0, 0.0, 0.0)",0,0,0,0,0,0,False,0,0,0,0,0,0,0,0,"(0.0, 6.0, -1.8)","(0.2, 0.0, 0.0, 1.0)"
0,811550.9,0,0,0,0,0,0,0,0,0,"(0.0, 0.0)","(0.0, 0.0)","(0.0, 0.0)","(0.0, 0.0, 0.0)","(0.0, 0.0, 0.0)","(0.0, 0.0, 0.0)","(0.0, 0.0, 0.0)","(0.0, 0.0, 0.0)","(0.0, 0.0, 0.0)",0,0,0,0,0,0,False,0,0,0,0,0,0,0,0,"(0.0, 6.0, -1.7)","(0.2, 0.0, 0.0, 1.0)"
0,811565,0,0,0,0,0,0,0,0,0,"(0.0, 0.0)","(0.0, 0.0)","(0.0, 0.0)","(0.0, 0.0, 0.0)","(0.0, 0.0, 0.0)","(0.0, 0.0, 0.0)","(0.0, 0.0, 0.0)","(0.0, 0.0, 0.0)","(0.0, 0.0, 0.0)",0,0,0,0,0,0,False,0,0,0,0,0,0,0,0,"(0.0, 6.0, -1.5)","(0.2, 0.0, 0.0, 1.0)"
0,811578.1,0,0,0,0,0,0,0,0,0,"(0.0, 0.0)","(0.0, 0.0)","(0.0, 0.0)","(0.0, 0.0, 0.0)","(0.0, 0.0, 0.0)","(0.0, 0.0, 0.0)","(0.0, 0.0, 0.0)","(0.0, 0.0, 0.0)","(0.0, 0.0, 0.0)",0,0,0,0,0,0,False,0,0,0,0,0,0,0,0,"(0.0, 6.0, -1.4)","(0.2, 0.0, 0.0, 1.0)"
0,811590.9,0,0,0,0,0,0,0,0,0,"(0.0, 0.0)","(0.0, 0.0)","(0.0, 0.0)","(0.0, 0.0, 0.0)","(0.0, 0.0, 0.0)","(0.0, 0.0, 0.0)","(0.0, 0.0, 0.0)","(0.0, 0.0, 0.0)","(0.0, 0.0, 0.0)",0,0,0,0,0,0,False,0,0,0,0,0,0,0,0,"(0.0, 6.0, -1.2)","(0.2, 0.0, 0.0, 1.0)"
0,811604.6,0,0,0,0,0,0,0,0,0,"(0.0, 0.0)","(0.0, 0.0)","(0.0, 0.0)","(0.0, 0.0, 0.0)","(0.0, 0.0, 0.0)","(0.0, 0.0, 0.0)","(0.0, 0.0, 0.0)","(0.0, 0.0, 0.0)","(0.0, 0.0, 0.0)",0,0,0,0,0,0,False,0,0,0,0,0,0,0,0,"(0.0, 6.0, -1.1)","(0.2, 0.0, 0.0, 1.0)"
0,811618.6,0,0,0,0,0,0,0,0,0,"(0.0, 0.0)","(0.0, 0.0)","(0.0, 0.0)","(0.0, 0.0, 0.0)","(0.0, 0.0, 0.0)","(0.0, 0.0, 0.0)","(0.0, 0.0, 0.0)","(0.0, 0.0, 0.0)","(0.0, 0.0, 0.0)",0,0,0,0,0,0,False,0,0,0,0,0,0,0,0,"(0.0, 6.0, -1.0)","(0.2, 0.0, 0.0, 1.0)"
0,811633.8,0,0,0,0,0,0,0,0,0,"(0.0, 0.0)","(0.0, 0.0)","(0.0, 0.0)","(0.0, 0.0, 0.0)","(0.0, 0.0, 0.0)","(0.0, 0.0, 0.0)","(0.0, 0.0, 0.0)","(0.0, 0.0, 0.0)","(0.0, 0.0, 0.0)",0,0,0,0,0,0,False,0,0,0,0,0,0,0,0,"(0.0, 6.0, -0.8)","(0.2, 0.0, 0.0, 1.0)"
0,811646.9,0,0,0,0,0,0,0,0,0,"(0.0, 0.0)","(0.0, 0.0)","(0.0, 0.0)","(0.0, 0.0, 0.0)","(0.0, 0.0, 0.0)","(0.0, 0.0, 0.0)","(0.0, 0.0, 0.0)","(0.0, 0.0, 0.0)","(0.0, 0.0, 0.0)",0,0,0,0,0,0,False,0,0,0,0,0,0,0,0,"(0.0, 6.0, -0.7)","(0.2, 0.0, 0.0, 1.0)"
0,811659.4,0,0,0,0,0,0,0,0,0,"(0.0, 0.0)","(0.0, 0.0)","(0.0, 0.0)","(0.0, 0.0, 0.0)","(0.0, 0.0, 0.0)","(0.0, 0.0, 0.0)","(0.0, 0.0, 0.0)","(0.0, 0.0, 0.0)","(0.0, 0.0, 0.0)",0,0,0,0,0,0,False,0,0,0,0,0,0,0,0,"(0.0, 6.0, -0.6)","(0.2, 0.0, 0.0, 1.0)"
0,811672.3,0,0,0,0,0,0,0,0,0,"(0.0, 0.0)","(0.0, 0.0)","(0.0, 0.0)","(0.0, 0.0, 0.0)","(0.0, 0.0, 0.0)","(0.0, 0.0, 0.0)","(0.0, 0.0, 0.0)","(0.0, 0.0, 0.0)","(0.0, 0.0, 0.0)",0,0,0,0,0,0,False,0,0,0,0,0,0,0,0,"(0.0, 6.0, -0.4)","(0.2, 0.0, 0.0, 1.0)"
0,811686.6,0,0,0,0,0,0,0,0,0,"(0.0, 0.0)","(0.0, 0.0)","(0.0, 0.0)","(0.0, 0.0, 0.0)","(0.0, 0.0, 0.0)","(0.0, 0.0, 0.0)","(0.0, 0.0, 0.0)","(0.0, 0.0, 0.0)","(0.0, 0.0, 0.0)",0,0,0,0,0,0,False,0,0,0,0,0,0,0,0,"(0.0, 6.0, -0.3)","(0.2, 0.0, 0.0, 1.0)"
0,811701.2,0,0,0,0,0,0,0,0,0,"(0.0, 0.0)","(0.0, 0.0)","(0.0, 0.0)","(0.0, 0.0, 0.0)","(0.0, 0.0, 0.0)","(0.0, 0.0, 0.0)","(0.0, 0.0, 0.0)","(0.0, 0.0, 0.0)","(0.0, 0.0, 0.0)",0,0,0,0,0,0,False,0,0,0,0,0,0,0,0,"(0.0, 6.0, -0.2)","(0.2, 0.0, 0.0, 1.0)"
0,811718.6,0,0,0,0,0,0,0,0,0,"(0.0, 0.0)","(0.0, 0.0)","(0.0, 0.0)","(0.0, 0.0, 0.0)","(0.0, 0.0, 0.0)","(0.0, 0.0, 0.0)","(0.0, 0.0, 0.0)","(0.0, 0.0, 0.0)","(0.0, 0.0, 0.0)",0,0,0,0,0,0,False,0,0,0,0,0,0,0,0,"(0.0, 6.0, 0.0)","(0.2, 0.0, 0.0, 1.0)"
0,811732.4,0,0,0,0,0,0,0,0,0,"(0.0, 0.0)","(0.0, 0.0)","(0.0, 0.0)","(0.0, 0.0, 0.0)","(0.0, 0.0, 0.0)","(0.0, 0.0, 0.0)","(0.0, 0.0, 0.0)","(0.0, 0.0, 0.0)","(0.0, 0.0, 0.0)",0,0,0,0,0,0,False,0,0,0,0,0,0,0,0,"(0.0, 6.0, 0.1)","(0.2, 0.0, 0.0, 1.0)"
0,811745.4,0,0,0,0,0,0,0,0,0,"(0.0, 0.0)","(0.0, 0.0)","(0.0, 0.0)","(0.0, 0.0, 0.0)","(0.0, 0.0, 0.0)","(0.0, 0.0, 0.0)","(0.0, 0.0, 0.0)","(0.0, 0.0, 0.0)","(0.0, 0.0, 0.0)",0,0,0,0,0,0,False,0,0,0,0,0,0,0,0,"(0.0, 6.0, 0.3)","(0.2, 0.0, 0.0, 1.0)"
0,811758.6,0,0,0,0,0,0,0,0,0,"(0.0, 0.0)","(0.0, 0.0)","(0.0, 0.0)","(0.0, 0.0, 0.0)","(0.0, 0.0, 0.0)","(0.0, 0.0, 0.0)","(0.0, 0.0, 0.0)","(0.0, 0.0, 0.0)","(0.0, 0.0, 0.0)",0,0,0,0,0,0,False,0,0,0,0,0,0,0,0,"(0.0, 6.0, 0.4)","(0.2, 0.0, 0.0, 1.0)"
0,811772.1,0,0,0,0,0,0,0,0,0,"(0.0, 0.0)","(0.0, 0.0)","(0.0, 0.0)","(0.0, 0.0, 0.0)","(0.0, 0.0, 0.0)","(0.0, 0.0, 0.0)","(0.0, 0.0, 0.0)","(0.0, 0.0, 0.0)","(0.0, 0.0, 0.0)",0,0,0,0,0,0,False,0,0,0,0,0,0,0,0,"(0.0, 6.0, 0.5)","(0.2, 0.0, 0.0, 1.0)"
0,811787,0,0,0,0,0,0,0,0,0,"(0.0, 0.0)","(0.0, 0.0)","(0.0, 0.0)","(0.0, 0.0, 0.0)","(0.0, 0.0, 0.0)","(0.0, 0.0, 0.0)","(0.0, 0.0, 0.0)","(0.0, 0.0, 0.0)","(0.0, 0.0, 0.0)",0,0,0,0,0,0,False,0,0,0,0,0,0,0,0,"(0.0, 6.0, 0.7)","(0.2, 0.0, 0.0, 1.0)"
0,811803.4,0,0,0,0,0,0,0,0,0,"(0.0, 0.0)","(0.0, 0.0)","(0.0, 0.0)","(0.0, 0.0, 0.0)","(0.0, 0.0, 0.0)","(0.0, 0.0, 0.0)","(0.0, 0.0, 0.0)","(0.0, 0.0, 0.0)","(0.0, 0.0, 0.0)",0,0,0,0,0,0,False,0,0,0,0,0,0,0,0,"(0.0, 6.0, 0.8)","(0.2, 0.0, 0.0, 1.0)"
0,811821.2,0,0,0,0,0,0,0,0,0,"(0.0, 0.0)","(0.0, 0.0)","(0.0, 0.0)","(0.0, 0.0, 0.0)","(0.0, 0.0, 0.0)","(0.0, 0.0, 0.0)","(0.0, 0.0, 0.0)","(0.0, 0.0, 0.0)","(0.0, 0.0, 0.0)",0,0,0,0,0,0,False,0,0,0,0,0,0,0,0,"(0.0, 6.0, 1.0)","(0.2, 0.0, 0.0, 1.0)"
0,811834.9,0,0,0,0,0,0,0,0,0,"(0.0, 0.0)","(0.0, 0.0)","(0.0, 0.0)","(0.0, 0.0, 0.0)","(0.0, 0.0, 0.0)","(0.0, 0.0, 0.0)","(0.0, 0.0, 0.0)","(0.0, 0.0, 0.0)","(0.0, 0.0, 0.0)",0,0,0,0,0,0,False,0,0,0,0,0,0,0,0,"(0.0, 6.0, 1.1)","(0.2, 0.0, 0.0, 1.0)"
0,811848.6,0,0,0,0,0,0,0,0,0,"(0.0, 0.0)","(0.0, 0.0)","(0.0, 0.0)","(0.0, 0.0, 0.0)","(0.0, 0.0, 0.0)","(0.0, 0.0, 0.0)","(0.0, 0.0, 0.0)","(0.0, 0.0, 0.0)","(0.0, 0.0, 0.0)",0,0,0,0,0,0,False,0,0,0,0,0,0,0,0,"(0.0, 6.0, 1.2)","(0.2, 0.0, 0.0, 1.0)"
0,811863.8,0,0,0,0,0,0,0,0,0,"(0.0, 0.0)","(0.0, 0.0)","(0.0, 0.0)","(0.0, 0.0, 0.0)","(0.0, 0.0, 0.0)","(0.0, 0.0, 0.0)","(0.0, 0.0, 0.0)","(0.0, 0.0, 0.0)","(0.0, 0.0, 0.0)",0,0,0,0,0,0,False,0,0,0,0,0,0,0,0,"(0.0, 6.0, 1.4)","(0.2, 0.0, 0.0, 1.0)"
0,811877.1,0,0,0,0,0,0,0,0,0,"(0.0, 0.0)","(0.0, 0.0)","(0.0, 0.0)","(0.0, 0.0, 0.0)","(0.0, 0.0, 0.0)","(0.0, 0.0, 0.0)","(0.0, 0.0, 0.0)","(0.0, 0.0, 0.0)","(0.0, 0.0, 0.0)",0,0,0,0,0,0,False,0,0,0,0,0,0,0,0,"(0.0, 6.0, 1.5)","(0.2, 0.0, 0.0, 1.0)"
0,811893.9,0,0,0,0,0,0,0,0,0,"(0.0, 0.0)","(0.0, 0.0)","(0.0, 0.0)","(0.0, 0.0, 0.0)","(0.0, 0.0, 0.0)","(0.0, 0.0, 0.0)","(0.0, 0.0, 0.0)","(0.0, 0.0, 0.0)","(0.0, 0.0, 0.0)",0,0,0,0,0,0,False,0,0,0,0,0,0,0,0,"(0.0, 6.0, 1.7)","(0.2, 0.0, 0.0, 1.0)"
0,811907.3,0,0,0,0,0,0,0,0,0,"(0.0, 0.0)","(0.0, 0.0)","(0.0, 0.0)","(0.0, 0.0, 0.0)","(0.0, 0.0, 0.0)","(0.0, 0.0, 0.0)","(0.0, 0.0, 0.0)","(0.0, 0.0, 0.0)","(0.0, 0.0, 0.0)",0,0,0,0,0,0,False,0,0,0,0,0,0,0,0,"(0.0, 6.0, 1.8)","(0.2, 0.0, 0.0, 1.0)"
0,811921.1,0,0,0,0,0,0,0,0,0,"(0.0, 0.0)","(0.0, 0.0)","(0.0, 0.0)","(0.0, 0.0, 0.0)","(0.0, 0.0, 0.0)","(0.0, 0.0, 0.0)","(0.0, 0.0, 0.0)","(0.0, 0.0, 0.0)","(0.0, 0.0, 0.0)",0,0,0,0,0,0,False,0,0,0,0,0,0,0,0,"(0.0, 6.0, 2.0)","(0.2, 0.0, 0.0, 1.0)"
0,811935.3,0,0,0,0,0,0,0,0,0,"(0.0, 0.0)","(0.0, 0.0)","(0.0, 0.0)","(0.0, 0.0, 0.0)","(0.0, 0.0, 0.0)","(0.0, 0.0, 0.0)","(0.0, 0.0, 0.0)","(0.0, 0.0, 0.0)","(0.0, 0.0, 0.0)",0,0,0,0,0,0,False,0,0,0,0,0,0,0,0,"(0.0, 6.0, 2.1)","(0.2, 0.0, 0.0, 1.0)"
0,811950.1,0,0,0,0,0,0,0,0,0,"(0.0, 0.0)","(0.0, 0.0)","(0.0, 0.0)","(0.0, 0.0, 0.0)","(0.0, 0.0, 0.0)","(0.0, 0.0, 0.0)","(0.0, 0.0, 0.0)","(0.0, 0.0, 0.0)","(0.0, 0.0, 0.0)",0,0,0,0,0,0,False,0,0,0,0,0,0,0,0,"(0.0, 6.0, 2.3)","(0.2, 0.0, 0.0, 1.0)"
0,811964.4,0,0,0,0,0,0,0,0,0,"(0.0, 0.0)","(0.0, 0.0)","(0.0, 0.0)","(0.0, 0.0, 0.0)","(0.0, 0.0, 0.0)","(0.0, 0.0, 0.0)","(0.0, 0.0, 0.0)","(0.0, 0.0, 0.0)","(0.0, 0.0, 0.0)",0,0,0,0,0,0,False,0,0,0,0,0,0,0,0,"(0.0, 6.0, 2.4)","(0.2, 0.0, 0.0, 1.0)"
0,811977,0,0,0,0,0,0,0,0,0,"(0.0, 0.0)","(0.0, 0.0)","(0.0, 0.0)","(0.0, 0.0, 0.0)","(0.0, 0.0, 0.0)","(0.0, 0.0, 0.0)","(0.0, 0.0, 0.0)","(0.0, 0.0, 0.0)","(0.0, 0.0, 0.0)",0,0,0,0,0,0,False,0,0,0,0,0,0,0,0,"(0.0, 6.0, 2.5)","(0.2, 0.0, 0.0, 1.0)"
0,811989.5,0,0,0,0,0,0,0,0,0,"(0.0, 0.0)","(0.0, 0.0)","(0.0, 0.0)","(0.0, 0.0, 0.0)","(0.0, 0.0, 0.0)","(0.0, 0.0, 0.0)","(0.0, 0.0, 0.0)","(0.0, 0.0, 0.0)","(0.0, 0.0, 0.0)",0,0,0,0,0,0,False,0,0,0,0,0,0,0,0,"(0.0, 6.0, 2.7)","(0.2, 0.0, 0.0, 1.0)"
0,812003.6,0,0,0,0,0,0,0,0,0,"(0.0, 0.0)","(0.0, 0.0)","(0.0, 0.0)","(0.0, 0.0, 0.0)","(0.0, 0.0, 0.0)","(0.0, 0.0, 0.0)","(0.0, 0.0, 0.0)","(0.0, 0.0, 0.0)","(0.0, 0.0, 0.0)",0,0,0,0,0,0,False,0,0,0,0,0,0,0,0,"(0.0, 6.0, 2.8)","(0.2, 0.0, 0.0, 1.0)"
0,812018.3,0,0,0,0,0,0,0,0,0,"(0.0, 0.0)","(0.0, 0.0)","(0.0, 0.0)","(0.0, 0.0, 0.0)","(0.0, 0.0, 0.0)","(0.0, 0.0, 0.0)","(0.0, 0.0, 0.0)","(0.0, 0.0, 0.0)","(0.0, 0.0, 0.0)",0,0,0,0,0,0,False,0,0,0,0,0,0,0,0,"(0.0, 6.0, 3.0)","(0.2, 0.0, 0.0, 1.0)"
0,812034,0,0,0,0,0,0,0,0,0,"(0.0, 0.0)","(0.0, 0.0)","(0.0, 0.0)","(0.0, 0.0, 0.0)","(0.0, 0.0, 0.0)","(0.0, 0.0, 0.0)","(0.0, 0.0, 0.0)","(0.0, 0.0, 0.0)","(0.0, 0.0, 0.0)",0,0,0,0,0,0,False,0,0,0,0,0,0,0,0,"(0.0, 6.0, 3.1)","(0.2, 0.0, 0.0, 1.0)"
0,812048.4,0,0,0,0,0,0,0,0,0,"(0.0, 0.0)","(0.0, 0.0)","(0.0, 0.0)","(0.0, 0.0, 0.0)","(0.0, 0.0, 0.0)","(0.0, 0.0, 0.0)","(0.0, 0.0, 0.0)","(0.0, 0.0, 0.0)","(0.0, 0.0, 0.0)",0,0,0,0,0,0,False,0,0,0,0,0,0,0,0,"(0.0, 6.0, 3.3)","(0.2, 0.0, 0.0, 1.0)"
0,812061.2,0,0,0,0,0,0,0,0,0,"(0.0, 0.0)","(0.0, 0.0)","(0.0, 0.0)","(0.0, 0.0, 0.0)","(0.0, 0.0, 0.0)","(0.0, 0.0, 0.0)","(0.0, 0.0, 0.0)","(0.0, 0.0, 0.0)","(0.0, 0.0, 0.0)",0,0,0,0,0,0,False,0,0,0,0,0,0,0,0,"(0.0, 6.0, 3.4)","(0.2, 0.0, 0.0, 1.0)"
0,812074.8,0,0,0,0,0,0,0,0,0,"(0.0, 0.0)","(0.0, 0.0)","(0.0, 0.0)","(0.0, 0.0, 0.0)","(0.0, 0.0, 0.0)","(0.0, 0.0, 0.0)","(0.0, 0.0, 0.0)","(0.0, 0.0, 0.0)","(0.0, 0.0, 0.0)",0,0,0,0,0,0,False,0,0,0,0,0,0,0,0,"(0.0, 6.0, 3.5)","(0.2, 0.0, 0.0, 1.0)"
0,812088.4,0,0,0,0,0,0,0,0,0,"(0.0, 0.0)","(0.0, 0.0)","(0.0, 0.0)","(0.0, 0.0, 0.0)","(0.0, 0.0, 0.0)","(0.0, 0.0, 0.0)","(0.0, 0.0, 0.0)","(0.0, 0.0, 0.0)","(0.0, 0.0, 0.0)",0,0,0,0,0,0,False,0,0,0,0,0,0,0,0,"(0.0, 6.0, 3.7)","(0.2, 0.0, 0.0, 1.0)"
0,812102,0,0,0,0,0,0,0,0,0,"(0.0, 0.0)","(0.0, 0.0)","(0.0, 0.0)","(0.0, 0.0, 0.0)","(0.0, 0.0, 0.0)","(0.0, 0.0, 0.0)","(0.0, 0.0, 0.0)","(0.0, 0.0, 0.0)","(0.0, 0.0, 0.0)",0,0,0,0,0,0,False,0,0,0,0,0,0,0,0,"(0.0, 6.0, 3.8)","(0.2, 0.0, 0.0, 1.0)"
0,812116.7,0,0,0,0,0,0,0,0,0,"(0.0, 0.0)","(0.0, 0.0)","(0.0, 0.0)","(0.0, 0.0, 0.0)","(0.0, 0.0, 0.0)","(0.0, 0.0, 0.0)","(0.0, 0.0, 0.0)","(0.0, 0.0, 0.0)","(0.0, 0.0, 0.0)",0,0,0,0,0,0,False,0,0,0,0,0,0,0,0,"(0.0, 6.0, 4.0)","(0.2, 0.0, 0.0, 1.0)"
0,812130.7,0,0,0,0,0,0,0,0,0,"(0.0, 0.0)","(0.0, 0.0)","(0.0, 0.0)","(0.0, 0.0, 0.0)","(0.0, 0.0, 0.0)","(0.0, 0.0, 0.0)","(0.0, 0.0, 0.0)","(0.0, 0.0, 0.0)","(0.0, 0.0, 0.0)",0,0,0,0,0,0,False,0,0,0,0,0,0,0,0,"(0.0, 6.0, 4.1)","(0.2, 0.0, 0.0, 1.0)"
0,812144.2,0,0,0,0,0,0,0,0,0,"(0.0, 0.0)","(0.0, 0.0)","(0.0, 0.0)","(0.0, 0.0, 0.0)","(0.0, 0.0, 0.0)","(0.0, 0.0, 0.0)","(0.0, 0.0, 0.0)","(0.0, 0.0, 0.0)","(0.0, 0.0, 0.0)",0,0,0,0,0,0,False,0,0,0,0,0,0,0,0,"(0.0, 6.0, 4.2)","(0.2, 0.0, 0.0, 1.0)"
0,812156.9,0,0,0,0,0,0,0,0,0,"(0.0, 0.0)","(0.0, 0.0)","(0.0, 0.0)","(0.0, 0.0, 0.0)","(0.0, 0.0, 0.0)","(0.0, 0.0, 0.0)","(0.0, 0.0, 0.0)","(0.0, 0.0, 0.0)","(0.0, 0.0, 0.0)",0,0,0,0,0,0,False,0,0,0,0,0,0,0,0,"(0.0, 6.0, 4.4)","(0.2, 0.0, 0.0, 1.0)"
0,812170.7,0,0,0,0,0,0,0,0,0,"(0.0, 0.0)","(0.0, 0.0)","(0.0, 0.0)","(0.0, 0.0, 0.0)","(0.0, 0.0, 0.0)","(0.0, 0.0, 0.0)","(0.0, 0.0, 0.0)","(0.0, 0.0, 0.0)","(0.0, 0.0, 0.0)",0,0,0,0,0,0,False,0,0,0,0,0,0,0,0,"(0.0, 6.0, 4.5)","(0.2, 0.0, 0.0, 1.0)"
0,812185.6,0,0,0,0,0,0,0,0,0,"(0.0, 0.0)","(0.0, 0.0)","(0.0, 0.0)","(0.0, 0.0, 0.0)","(0.0, 0.0, 0.0)","(0.0, 0.0, 0.0)","(0.0, 0.0, 0.0)","(0.0, 0.0, 0.0)","(0.0, 0.0, 0.0)",0,0,0,0,0,0,False,0,0,0,0,0,0,0,0,"(0.0, 6.0, 4.7)","(0.2, 0.0, 0.0, 1.0)"
0,812200,0,0,0,0,0,0,0,0,0,"(0.0, 0.0)","(0.0, 0.0)","(0.0, 0.0)","(0.0, 0.0, 0.0)","(0.0, 0.0, 0.0)","(0.0, 0.0, 0.0)","(0.0, 0.0, 0.0)","(0.0, 0.0, 0.0)","(0.0, 0.0, 0.0)",0,0,0,0,0,0,False,0,0,0,0,0,0,0,0,"(0.0, 6.0, 4.8)","(0.2, 0.0, 0.0, 1.0)"
0,812213.3,0,0,0,0,0,0,0,0,0,"(0.0, 0.0)","(0.0, 0.0)","(0.0, 0.0)","(0.0, 0.0, 0.0)","(0.0, 0.0, 0.0)","(0.0, 0.0, 0.0)","(0.0, 0.0, 0.0)","(0.0, 0.0, 0.0)","(0.0, 0.0, 0.0)",0,0,0,0,0,0,False,0,0,0,0,0,0,0,0,"(0.0, 6.0, 4.9)","(0.2, 0.0, 0.0, 1.0)"
0,812227.1,0,0,0,0,0,0,0,0,0,"(0.0, 0.0)","(0.0, 0.0)","(0.0, 0.0)","(0.0, 0.0, 0.0)","(0.0, 0.0, 0.0)","(0.0, 0.0, 0.0)","(0.0, 0.0, 0.0)","(0.0, 0.0, 0.0)","(0.0, 0.0, 0.0)",0,0,0,0,0,0,False,0,0,0,0,0,0,0,0,"(0.0, 6.0, 5.1)","(0.2, 0.0, 0.0, 1.0)"
0,812244,0,0,0,0,0,0,0,0,0,"(0.0, 0.0)","(0.0, 0.0)","(0.0, 0.0)","(0.0, 0.0, 0.0)","(0.0, 0.0, 0.0)","(0.0, 0.0, 0.0)","(0.0, 0.0, 0.0)","(0.0, 0.0, 0.0)","(0.0, 0.0, 0.0)",0,0,0,0,0,0,False,0,0,0,0,0,0,0,0,"(0.0, 6.0, 5.2)","(0.2, 0.0, 0.0, 1.0)"
0,812257.6,0,0,0,0,0,0,0,0,0,"(0.0, 0.0)","(0.0, 0.0)","(0.0, 0.0)","(0.0, 0.0, 0.0)","(0.0, 0.0, 0.0)","(0.0, 0.0, 0.0)","(0.0, 0.0, 0.0)","(0.0, 0.0, 0.0)","(0.0, 0.0, 0.0)",0,0,0,0,0,0,False,0,0,0,0,0,0,0,0,"(0.0, 6.0, 5.4)","(0.2, 0.0, 0.0, 1.0)"
0,812271.1,0,0,0,0,0,0,0,0,0,"(0.0, 0.0)","(0.0, 0.0)","(0.0, 0.0)","(0.0, 0.0, 0.0)","(0.0, 0.0, 0.0)","(0.0, 0.0, 0.0)","(0.0, 0.0, 0.0)","(0.0, 0.0, 0.0)","(0.0, 0.0, 0.0)",0,0,0,0,0,0,False,0,0,0,0,0,0,0,0,"(0.0, 6.0, 5.5)","(0.2, 0.0, 0.0, 1.0)"
0,812285.2,0,0,0,0,0,0,0,0,0,"(0.0, 0.0)","(0.0, 0.0)","(0.0, 0.0)","(0.0, 0.0, 0.0)","(0.0, 0.0, 0.0)","(0.0, 0.0, 0.0)","(0.0, 0.0, 0.0)","(0.0, 0.0, 0.0)","(0.0, 0.0, 0.0)",0,0,0,0,0,0,False,0,0,0,0,0,0,0,0,"(0.0, 6.0, 5.6)","(0.2, 0.0, 0.0, 1.0)"
0,812301.2,0,0,0,0,0,0,0,0,0,"(0.0, 0.0)","(0.0, 0.0)","(0.0, 0.0)","(0.0, 0.0, 0.0)","(0.0, 0.0, 0.0)","(0.0, 0.0, 0.0)","(0.0, 0.0, 0.0)","(0.0, 0.0, 0.0)","(0.0, 0.0, 0.0)",0,0,0,0,0,0,False,0,0,0,0,0,0,0,0,"(0.0, 6.0, 5.8)","(0.2, 0.0, 0.0, 1.0)"
0,812315,0,0,0,0,0,0,0,0,0,"(0.0, 0.0)","(0.0, 0.0)","(0.0, 0.0)","(0.0, 0.0, 0.0)","(0.0, 0.0, 0.0)","(0.0, 0.0, 0.0)","(0.0, 0.0, 0.0)","(0.0, 0.0, 0.0)","(0.0, 0.0, 0.0)",0,0,0,0,0,0,False,0,0,0,0,0,0,0,0,"(0.0, 6.0, 5.9)","(0.2, 0.0, 0.0, 1.0)"
0,812329,0,0,0,0,0,0,0,0,0,"(0.0, 0.0)","(0.0, 0.0)","(0.0, 0.0)","(0.0, 0.0, 0.0)","(0.0, 0.0, 0.0)","(0.0, 0.0, 0.0)","(0.0, 0.0, 0.0)","(0.0, 0.0, 0.0)","(0.0, 0.0, 0.0)",0,0,0,0,0,0,False,0,0,0,0,0,0,0,0,"(0.0, 6.0, 6.1)","(0.2, 0.0, 0.0, 1.0)"
0,812342.4,0,0,0,0,0,0,0,0,0,"(0.0, 0.0)","(0.0, 0.0)","(0.0, 0.0)","(0.0, 0.0, 0.0)","(0.0, 0.0, 0.0)","(0.0, 0.0, 0.0)","(0.0, 0.0, 0.0)","(0.0, 0.0, 0.0)","(0.0, 0.0, 0.0)",0,0,0,0,0,0,False,0,0,0,0,0,0,0,0,"(0.0, 6.0, 6.2)","(0.2, 0.0, 0.0, 1.0)"
0,812355.3,0,0,0,0,0,0,0,0,0,"(0.0, 0.0)","(0.0, 0.0)","(0.0, 0.0)","(0.0, 0.0, 0.0)","(0.0, 0.0, 0.0)","(0.0, 0.0, 0.0)","(0.0, 0.0, 0.0)","(0.0, 0.0, 0.0)","(0.0, 0.0, 0.0)",0,0,0,0,0,0,False,0,0,0,0,0,0,0,0,"(0.0, 6.0, 6.3)","(0.2, 0.0, 0.0, 1.0)"
0,812370.3,0,0,0,0,0,0,0,0,0,"(0.0, 0.0)","(0.0, 0.0)","(0.0, 0.0)","(0.0, 0.0, 0.0)","(0.0, 0.0, 0.0)","(0.0, 0.0, 0.0)","(0.0, 0.0, 0.0)","(0.0, 0.0, 0.0)","(0.0, 0.0, 0.0)",0,0,0,0,0,0,False,0,0,0,0,0,0,0,0,"(0.0, 6.0, 6.5)","(0.2, 0.0, 0.0, 1.0)"
0,812384.6,0,0,0,0,0,0,0,0,0,"(0.0, 0.0)","(0.0, 0.0)","(0.0, 0.0)","(0.0, 0.0, 0.0)","(0.0, 0.0, 0.0)","(0.0, 0.0, 0.0)","(0.0, 0.0, 0.0)","(0.0, 0.0, 0.0)","(0.0, 0.0, 0.0)",0,0,0,0,0,0,False,0,0,0,0,0,0,0,0,"(0.0, 6.0, 6.6)","(0.2, 0.0, 0.0, 1.0)"
0,812398.8,0,0,0,0,0,0,0,0,0,"(0.0, 0.0)","(0.0, 0.0)","(0.0, 0.0)","(0.0, 0.0, 0.0)","(0.0, 0.0, 0.0)","(0.0, 0.0, 0.0)","(0.0, 0.0, 0.0)","(0.0, 0.0, 0.0)","(0.0, 0.0, 0.0)",0,0,0,0,0,0,False,0,0,0,0,0,0,0,0,"(0.0, 6.0, 6.8)","(0.2, 0.0, 0.0, 1.0)"
0,812412,0,0,0,0,0,0,0,0,0,"(0.0, 0.0)","(0.0, 0.0)","(0.0, 0.0)","(0.0, 0.0, 0.0)","(0.0, 0.0, 0.0)","(0.0, 0.0, 0.0)","(0.0, 0.0, 0.0)","(0.0, 0.0, 0.0)","(0.0, 0.0, 0.0)",0,0,0,0,0,0,False,0,0,0,0,0,0,0,0,"(0.0, 6.0, 6.9)","(0.2, 0.0, 0.0, 1.0)"
0,812427.9,0,0,0,0,0,0,0,0,0,"(0.0, 0.0)","(0.0, 0.0)","(0.0, 0.0)","(0.0, 0.0, 0.0)","(0.0, 0.0, 0.0)","(0.0, 0.0, 0.0)","(0.0, 0.0, 0.0)","(0.0, 0.0, 0.0)","(0.0, 0.0, 0.0)",0,0,0,0,0,0,False,0,0,0,0,0,0,0,0,"(0.0, 6.0, 7.1)","(0.2, 0.0, 0.0, 1.0)"
0,812440.9,0,0,0,0,0,0,0,0,0,"(0.0, 0.0)","(0.0, 0.0)","(0.0, 0.0)","(0.0, 0.0, 0.0)","(0.0, 0.0, 0.0)","(0.0, 0.0, 0.0)","(0.0, 0.0, 0.0)","(0.0, 0.0, 0.0)","(0.0, 0.0, 0.0)",0,0,0,0,0,0,False,0,0,0,0,0,0,0,0,"(0.0, 6.0, 7.2)","(0.2, 0.0, 0.0, 1.0)"
0,812454.8,0,0,0,0,0,0,0,0,0,"(0.0, 0.0)","(0.0, 0.0)","(0.0, 0.0)","(0.0, 0.0, 0.0)","(0.0, 0.0, 0.0)","(0.0, 0.0, 0.0)","(0.0, 0.0, 0.0)","(0.0, 0.0, 0.0)","(0.0, 0.0, 0.0)",0,0,0,0,0,0,False,0,0,0,0,0,0,0,0,"(0.0, 6.0, 7.3)","(0.2, 0.0, 0.0, 1.0)"
0,812468.8,0,0,0,0,0,0,0,0,0,"(0.0, 0.0)","(0.0, 0.0)","(0.0, 0.0)","(0.0, 0.0, 0.0)","(0.0, 0.0, 0.0)","(0.0, 0.0, 0.0)","(0.0, 0.0, 0.0)","(0.0, 0.0, 0.0)","(0.0, 0.0, 0.0)",0,0,0,0,0,0,False,0,0,0,0,0,0,0,0,"(0.0, 6.0, 7.5)","(0.2, 0.0, 0.0, 1.0)"
0,812483.2,0,0,0,0,0,0,0,0,0,"(0.0, 0.0)","(0.0, 0.0)","(0.0, 0.0)","(0.0, 0.0, 0.0)","(0.0, 0.0, 0.0)","(0.0, 0.0, 0.0)","(0.0, 0.0, 0.0)","(0.0, 0.0, 0.0)","(0.0, 0.0, 0.0)",0,0,0,0,0,0,False,0,0,0,0,0,0,0,0,"(0.0, 6.0, 7.6)","(0.2, 0.0, 0.0, 1.0)"
0,812497.6,0,0,0,0,0,0,0,0,0,"(0.0, 0.0)","(0.0, 0.0)","(0.0, 0.0)","(0.0, 0.0, 0.0)","(0.0, 0.0, 0.0)","(0.0, 0.0, 0.0)","(0.0, 0.0, 0.0)","(0.0, 0.0, 0.0)","(0.0, 0.0, 0.0)",0,0,0,0,0,0,False,0,0,0,0,0,0,0,0,"(0.0, 6.0, 7.8)","(0.2, 0.0, 0.0, 1.0)"
0,812510.5,0,0,0,0,0,0,0,0,0,"(0.0, 0.0)","(0.0, 0.0)","(0.0, 0.0)","(0.0, 0.0, 0.0)","(0.0, 0.0, 0.0)","(0.0, 0.0, 0.0)","(0.0, 0.0, 0.0)","(0.0, 0.0, 0.0)","(0.0, 0.0, 0.0)",0,0,0,0,0,0,False,0,0,0,0,0,0,0,0,"(0.0, 6.0, 7.9)","(0.2, 0.0, 0.0, 1.0)"
0,812524.1,0,0,0,0,0,0,0,0,0,"(0.0, 0.0)","(0.0, 0.0)","(0.0, 0.0)","(0.0, 0.0, 0.0)","(0.0, 0.0, 0.0)","(0.0, 0.0, 0.0)","(0.0, 0.0, 0.0)","(0.0, 0.0, 0.0)","(0.0, 0.0, 0.0)",0,0,0,0,0,0,False,0,0,0,0,0,0,0,0,"(0.0, 6.0, 8.0)","(0.2, 0.0, 0.0, 1.0)"
0,812540.9,0,0,0,0,0,0,0,0,0,"(0.0, 0.0)","(0.0, 0.0)","(0.0, 0.0)","(0.0, 0.0, 0.0)","(0.0, 0.0, 0.0)","(0.0, 0.0, 0.0)","(0.0, 0.0, 0.0)","(0.0, 0.0, 0.0)","(0.0, 0.0, 0.0)",0,0,0,0,0,0,False,0,0,0,0,0,0,0,0,"(0.0, 6.0, 8.2)","(0.2, 0.0, 0.0, 1.0)"
0,812554.3,0,0,0,0,0,0,0,0,0,"(0.0, 0.0)","(0.0, 0.0)","(0.0, 0.0)","(0.0, 0.0, 0.0)","(0.0, 0.0, 0.0)","(0.0, 0.0, 0.0)","(0.0, 0.0, 0.0)","(0.0, 0.0, 0.0)","(0.0, 0.0, 0.0)",0,0,0,0,0,0,False,0,0,0,0,0,0,0,0,"(0.0, 6.0, 8.3)","(0.2, 0.0, 0.0, 1.0)"
0,812568.4,0,0,0,0,0,0,0,0,0,"(0.0, 0.0)","(0.0, 0.0)","(0.0, 0.0)","(0.0, 0.0, 0.0)","(0.0, 0.0, 0.0)","(0.0, 0.0, 0.0)","(0.0, 0.0, 0.0)","(0.0, 0.0, 0.0)","(0.0, 0.0, 0.0)",0,0,0,0,0,0,False,0,0,0,0,0,0,0,0,"(0.0, 6.0, 8.5)","(0.2, 0.0, 0.0, 1.0)"
0,812583.3,0,0,0,0,0,0,0,0,0,"(0.0, 0.0)","(0.0, 0.0)","(0.0, 0.0)","(0.0, 0.0, 0.0)","(0.0, 0.0, 0.0)","(0.0, 0.0, 0.0)","(0.0, 0.0, 0.0)","(0.0, 0.0, 0.0)","(0.0, 0.0, 0.0)",0,0,0,0,0,0,False,0,0,0,0,0,0,0,0,"(0.0, 6.0, 8.6)","(0.2, 0.0, 0.0, 1.0)"
0,812598,0,0,0,0,0,0,0,0,0,"(0.0, 0.0)","(0.0, 0.0)","(0.0, 0.0)","(0.0, 0.0, 0.0)","(0.0, 0.0, 0.0)","(0.0, 0.0, 0.0)","(0.0, 0.0, 0.0)","(0.0, 0.0, 0.0)","(0.0, 0.0, 0.0)",0,0,0,0,0,0,False,0,0,0,0,0,0,0,0,"(0.0, 6.0, 8.7)","(0.2, 0.0, 0.0, 1.0)"
0,812611.6,0,0,0,0,0,0,0,0,0,"(0.0, 0.0)","(0.0, 0.0)","(0.0, 0.0)","(0.0, 0.0, 0.0)","(0.0, 0.0, 0.0)","(0.0, 0.0, 0.0)","(0.0, 0.0, 0.0)","(0.0, 0.0, 0.0)","(0.0, 0.0, 0.0)",0,0,0,0,0,0,False,0,0,0,0,0,0,0,0,"(0.0, 6.0, 8.9)","(0.2, 0.0, 0.0, 1.0)"
0,812630.6,0,0,0,0,0,0,0,0,0,"(0.0, 0.0)","(0.0, 0.0)","(0.0, 0.0)","(0.0, 0.0, 0.0)","(0.0, 0.0, 0.0)","(0.0, 0.0, 0.0)","(0.0, 0.0, 0.0)","(0.0, 0.0, 0.0)","(0.0, 0.0, 0.0)",0,0,0,0,0,0,False,0,0,0,0,0,0,0,0,"(0.0, 6.0, 9.0)","(0.2, 0.0, 0.0, 1.0)"
0,812644.3,0,0,0,0,0,0,0,0,0,"(0.0, 0.0)","(0.0, 0.0)","(0.0, 0.0)","(0.0, 0.0, 0.0)","(0.0, 0.0, 0.0)","(0.0, 0.0, 0.0)","(0.0, 0.0, 0.0)","(0.0, 0.0, 0.0)","(0.0, 0.0, 0.0)",0,0,0,0,0,0,False,0,0,0,0,0,0,0,0,"(0.0, 6.0, 9.2)","(0.2, 0.0, 0.0, 1.0)"
0,812657.6,0,0,0,0,0,0,0,0,0,"(0.0, 0.0)","(0.0, 0.0)","(0.0, 0.0)","(0.0, 0.0, 0.0)","(0.0, 0.0, 0.0)","(0.0, 0.0, 0.0)","(0.0, 0.0, 0.0)","(0.0, 0.0, 0.0)","(0.0, 0.0, 0.0)",0,0,0,0,0,0,False,0,0,0,0,0,0,0,0,"(0.0, 6.0, 9.3)","(0.2, 0.0, 0.0, 1.0)"
0,812671.1,0,0,0,0,0,0,0,0,0,"(0.0, 0.0)","(0.0, 0.0)","(0.0, 0.0)","(0.0, 0.0, 0.0)","(0.0, 0.0, 0.0)","(0.0, 0.0, 0.0)","(0.0, 0.0, 0.0)","(0.0, 0.0, 0.0)","(0.0, 0.0, 0.0)",0,0,0,0,0,0,False,0,0,0,0,0,0,0,0,"(0.0, 6.0, 9.5)","(0.2, 0.0, 0.0, 1.0)"
0,812685,0,0,0,0,0,0,0,0,0,"(0.0, 0.0)","(0.0, 0.0)","(0.0, 0.0)","(0.0, 0.0, 0.0)","(0.0, 0.0, 0.0)","(0.0, 0.0, 0.0)","(0.0, 0.0, 0.0)","(0.0, 0.0, 0.0)","(0.0, 0.0, 0.0)",0,0,0,0,0,0,False,0,0,0,0,0,0,0,0,"(0.0, 6.0, 9.6)","(0.2, 0.0, 0.0, 1.0)"
0,812701.2,0,0,0,0,0,0,0,0,0,"(0.0, 0.0)","(0.0, 0.0)","(0.0, 0.0)","(0.0, 0.0, 0.0)","(0.0, 0.0, 0.0)","(0.0, 0.0, 0.0)","(0.0, 0.0, 0.0)","(0.0, 0.0, 0.0)","(0.0, 0.0, 0.0)",0,0,0,0,0,0,False,0,0,0,0,0,0,0,0,"(0.0, 6.0, 9.8)","(0.2, 0.0, 0.0, 1.0)"
0,812718.1,0,0,0,0,0,0,0,0,0,"(0.0, 0.0)","(0.0, 0.0)","(0.0, 0.0)","(0.0, 0.0, 0.0)","(0.0, 0.0, 0.0)","(0.0, 0.0, 0.0)","(0.0, 0.0, 0.0)","(0.0, 0.0, 0.0)","(0.0, 0.0, 0.0)",0,0,0,0,0,0,False,0,0,0,0,0,0,0,0,"(0.0, 6.0, 9.9)","(0.2, 0.0, 0.0, 1.0)"
0,812731.6,0,0,0,0,0,0,0,0,0,"(0.0, 0.0)","(0.0, 0.0)","(0.0, 0.0)","(0.0, 0.0, 0.0)","(0.0, 0.0, 0.0)","(0.0, 0.0, 0.0)","(0.0, 0.0, 0.0)","(0.0, 0.0, 0.0)","(0.0, 0.0, 0.0)",0,0,0,0,0,0,False,0,0,0,0,0,0,0,0,"(0.0, 6.0, 10.1)","(0.2, 0.0, 0.0, 1.0)"
0,812744.8,0,0,0,0,0,0,0,0,0,"(0.0, 0.0)","(0.0, 0.0)","(0.0, 0.0)","(0.0, 0.0, 0.0)","(0.0, 0.0, 0.0)","(0.0, 0.0, 0.0)","(0.0, 0.0, 0.0)","(0.0, 0.0, 0.0)","(0.0, 0.0, 0.0)",0,0,0,0,0,0,False,0,0,0,0,0,0,0,0,"(0.0, 6.0, 10.2)","(0.2, 0.0, 0.0, 1.0)"
0,812757.9,0,0,0,0,0,0,0,0,0,"(0.0, 0.0)","(0.0, 0.0)","(0.0, 0.0)","(0.0, 0.0, 0.0)","(0.0, 0.0, 0.0)","(0.0, 0.0, 0.0)","(0.0, 0.0, 0.0)","(0.0, 0.0, 0.0)","(0.0, 0.0, 0.0)",0,0,0,0,0,0,False,0,0,0,0,0,0,0,0,"(0.0, 6.0, 10.3)","(0.2, 0.0, 0.0, 1.0)"
0,812770.6,0,0,0,0,0,0,0,0,0,"(0.0, 0.0)","(0.0, 0.0)","(0.0, 0.0)","(0.0, 0.0, 0.0)","(0.0, 0.0, 0.0)","(0.0, 0.0, 0.0)","(0.0, 0.0, 0.0)","(0.0, 0.0, 0.0)","(0.0, 0.0, 0.0)",0,0,0,0,0,0,False,0,0,0,0,0,0,0,0,"(0.0, 6.0, 10.5)","(0.2, 0.0, 0.0, 1.0)"
0,812785.6,0,0,0,0,0,0,0,0,0,"(0.0, 0.0)","(0.0, 0.0)","(0.0, 0.0)","(0.0, 0.0, 0.0)","(0.0, 0.0, 0.0)","(0.0, 0.0, 0.0)","(0.0, 0.0, 0.0)","(0.0, 0.0, 0.0)","(0.0, 0.0, 0.0)",0,0,0,0,0,0,False,0,0,0,0,0,0,0,0,"(0.0, 6.0, 10.6)","(0.2, 0.0, 0.0, 1.0)"
0,812801.1,0,0,0,0,0,0,0,0,0,"(0.0, 0.0)","(0.0, 0.0)","(0.0, 0.0)","(0.0, 0.0, 0.0)","(0.0, 0.0, 0.0)","(0.0, 0.0, 0.0)","(0.0, 0.0, 0.0)","(0.0, 0.0, 0.0)","(0.0, 0.0, 0.0)",0,0,0,0,0,0,False,0,0,0,0,0,0,0,0,"(0.0, 6.0, 10.8)","(0.2, 0.0, 0.0, 1.0)"
0,812814.8,0,0,0,0,0,0,0,0,0,"(0.0, 0.0)","(0.0, 0.0)","(0.0, 0.0)","(0.0, 0.0, 0.0)","(0.0, 0.0, 0.0)","(0.0, 0.0, 0.0)","(0.0, 0.0, 0.0)","(0.0, 0.0, 0.0)","(0.0, 0.0, 0.0)",0,0,0,0,0,0,False,0,0,0,0,0,0,0,0,"(0.0, 6.0, 10.9)","(0.2, 0.0, 0.0, 1.0)"
0,812828.8,0,0,0,0,0,0,0,0,0,"(0.0, 0.0)","(0.0, 0.0)","(0.0, 0.0)","(0.0, 0.0, 0.0)","(0.0, 0.0, 0.0)","(0.0, 0.0, 0.0)","(0.0, 0.0, 0.0)","(0.0, 0.0, 0.0)","(0.0, 0.0, 0.0)",0,0,0,0,0,0,False,0,0,0,0,0,0,0,0,"(0.0, 6.0, 11.1)","(0.2, 0.0, 0.0, 1.0)"
0,812841.6,0,0,0,0,0,0,0,0,0,"(0.0, 0.0)","(0.0, 0.0)","(0.0, 0.0)","(0.0, 0.0, 0.0)","(0.0, 0.0, 0.0)","(0.0, 0.0, 0.0)","(0.0, 0.0, 0.0)","(0.0, 0.0, 0.0)","(0.0, 0.0, 0.0)",0,0,0,0,0,0,False,0,0,0,0,0,0,0,0,"(0.0, 6.0, 11.2)","(0.2, 0.0, 0.0, 1.0)"
0,812855.6,0,0,0,0,0,0,0,0,0,"(0.0, 0.0)","(0.0, 0.0)","(0.0, 0.0)","(0.0, 0.0, 0.0)","(0.0, 0.0, 0.0)","(0.0, 0.0, 0.0)","(0.0, 0.0, 0.0)","(0.0, 0.0, 0.0)","(0.0, 0.0, 0.0)",0,0,0,0,0,0,False,0,0,0,0,0,0,0,0,"(0.0, 6.0, 11.3)","(0.2, 0.0, 0.0, 1.0)"
0,812869.6,0,0,0,0,0,0,0,0,0,"(0.0, 0.0)","(0.0, 0.0)","(0.0, 0.0)","(0.0, 0.0, 0.0)","(0.0, 0.0, 0.0)","(0.0, 0.0, 0.0)","(0.0, 0.0, 0.0)","(0.0, 0.0, 0.0)","(0.0, 0.0, 0.0)",0,0,0,0,0,0,False,0,0,0,0,0,0,0,0,"(0.0, 6.0, 11.5)","(0.2, 0.0, 0.0, 1.0)"
0,812884.5,0,0,0,0,0,0,0,0,0,"(0.0, 0.0)","(0.0, 0.0)","(0.0, 0.0)","(0.0, 0.0, 0.0)","(0.0, 0.0, 0.0)","(0.0, 0.0, 0.0)","(0.0, 0.0, 0.0)","(0.0, 0.0, 0.0)","(0.0, 0.0, 0.0)",0,0,0,0,0,0,False,0,0,0,0,0,0,0,0,"(0.0, 6.0, 11.6)","(0.2, 0.0, 0.0, 1.0)"
0,812899.5,0,0,0,0,0,0,0,0,0,"(0.0, 0.0)","(0.0, 0.0)","(0.0, 0.0)","(0.0, 0.0, 0.0)","(0.0, 0.0, 0.0)","(0.0, 0.0, 0.0)","(0.0, 0.0, 0.0)","(0.0, 0.0, 0.0)","(0.0, 0.0, 0.0)",0,0,0,0,0,0,False,0,0,0,0,0,0,0,0,"(0.0, 6.0, 11.8)","(0.2, 0.0, 0.0, 1.0)"
0,812913.6,0,0,0,0,0,0,0,0,0,"(0.0, 0.0)","(0.0, 0.0)","(0.0, 0.0)","(0.0, 0.0, 0.0)","(0.0, 0.0, 0.0)","(0.0, 0.0, 0.0)","(0.0, 0.0, 0.0)","(0.0, 0.0, 0.0)","(0.0, 0.0, 0.0)",0,0,0,0,0,0,False,0,0,0,0,0,0,0,0,"(0.0, 6.0, 11.9)","(0.2, 0.0, 0.0, 1.0)"
0,812926.4,0,0,0,0,0,0,0,0,0,"(0.0, 0.0)","(0.0, 0.0)","(0.0, 0.0)","(0.0, 0.0, 0.0)","(0.0, 0.0, 0.0)","(0.0, 0.0, 0.0)","(0.0, 0.0, 0.0)","(0.0, 0.0, 0.0)","(0.0, 0.0, 0.0)",0,0,0,0,0,0,False,0,0,0,0,0,0,0,0,"(0.0, 6.0, 12.0)","(0.2, 0.0, 0.0, 1.0)"
0,812940.1,0,0,0,0,0,0,0,0,0,"(0.0, 0.0)","(0.0, 0.0)","(0.0, 0.0)","(0.0, 0.0, 0.0)","(0.0, 0.0, 0.0)","(0.0, 0.0, 0.0)","(0.0, 0.0, 0.0)","(0.0, 0.0, 0.0)","(0.0, 0.0, 0.0)",0,0,0,0,0,0,False,0,0,0,0,0,0,0,0,"(0.0, 6.0, 12.2)","(0.2, 0.0, 0.0, 1.0)"
0,812955.4,0,0,0,0,0,0,0,0,0,"(0.0, 0.0)","(0.0, 0.0)","(0.0, 0.0)","(0.0, 0.0, 0.0)","(0.0, 0.0, 0.0)","(0.0, 0.0, 0.0)","(0.0, 0.0, 0.0)","(0.0, 0.0, 0.0)","(0.0, 0.0, 0.0)",0,0,0,0,0,0,False,0,0,0,0,0,0,0,0,"(0.0, 6.0, 12.3)","(0.2, 0.0, 0.0, 1.0)"
0,812970.4,0,0,0,0,0,0,0,0,0,"(0.0, 0.0)","(0.0, 0.0)","(0.0, 0.0)","(0.0, 0.0, 0.0)","(0.0, 0.0, 0.0)","(0.0, 0.0, 0.0)","(0.0, 0.0, 0.0)","(0.0, 0.0, 0.0)","(0.0, 0.0, 0.0)",0,0,0,0,0,0,False,0,0,0,0,0,0,0,0,"(0.0, 6.0, 12.5)","(0.2, 0.0, 0.0, 1.0)"
0,812985.2,0,0,0,0,0,0,0,0,0,"(0.0, 0.0)","(0.0, 0.0)","(0.0, 0.0)","(0.0, 0.0, 0.0)","(0.0, 0.0, 0.0)","(0.0, 0.0, 0.0)","(0.0, 0.0, 0.0)","(0.0, 0.0, 0.0)","(0.0, 0.0, 0.0)",0,0,0,0,0,0,False,0,0,0,0,0,0,0,0,"(0.0, 6.0, 12.6)","(0.2, 0.0, 0.0, 1.0)"
0,812999.3,0,0,0,0,0,0,0,0,0,"(0.0, 0.0)","(0.0, 0.0)","(0.0, 0.0)","(0.0, 0.0, 0.0)","(0.0, 0.0, 0.0)","(0.0, 0.0, 0.0)","(0.0, 0.0, 0.0)","(0.0, 0.0, 0.0)","(0.0, 0.0, 0.0)",0,0,0,0,0,0,False,0,0,0,0,0,0,0,0,"(0.0, 6.0, 12.8)","(0.2, 0.0, 0.0, 1.0)"
0,813013.8,0,0,0,0,0,0,0,0,0,"(0.0, 0.0)","(0.0, 0.0)","(0.0, 0.0)","(0.0, 0.0, 0.0)","(0.0, 0.0, 0.0)","(0.0, 0.0, 0.0)","(0.0, 0.0, 0.0)","(0.0, 0.0, 0.0)","(0.0, 0.0, 0.0)",0,0,0,0,0,0,False,0,0,0,0,0,0,0,0,"(0.0, 6.0, 12.9)","(0.2, 0.0, 0.0, 1.0)"
0,813029.2,0,0,0,0,0,0,0,0,0,"(0.0, 0.0)","(0.0, 0.0)","(0.0, 0.0)","(0.0, 0.0, 0.0)","(0.0, 0.0, 0.0)","(0.0, 0.0, 0.0)","(0.0, 0.0, 0.0)","(0.0, 0.0, 0.0)","(0.0, 0.0, 0.0)",0,0,0,0,0,0,False,0,0,0,0,0,0,0,0,"(0.0, 6.0, 13.0)","(0.2, 0.0, 0.0, 1.0)"
0,813042.4,0,0,0,0,0,0,0,0,0,"(0.0, 0.0)","(0.0, 0.0)","(0.0, 0.0)","(0.0, 0.0, 0.0)","(0.0, 0.0, 0.0)","(0.0, 0.0, 0.0)","(0.0, 0.0, 0.0)","(0.0, 0.0, 0.0)","(0.0, 0.0, 0.0)",0,0,0,0,0,0,False,0,0,0,0,0,0,0,0,"(0.0, 6.0, 13.2)","(0.2, 0.0, 0.0, 1.0)"
0,813056.1,0,0,0,0,0,0,0,0,0,"(0.0, 0.0)","(0.0, 0.0)","(0.0, 0.0)","(0.0, 0.0, 0.0)","(0.0, 0.0, 0.0)","(0.0, 0.0, 0.0)","(0.0, 0.0, 0.0)","(0.0, 0.0, 0.0)","(0.0, 0.0, 0.0)",0,0,0,0,0,0,False,0,0,0,0,0,0,0,0,"(0.0, 6.0, 13.3)","(0.2, 0.0, 0.0, 1.0)"
0,813070,0,0,0,0,0,0,0,0,0,"(0.0, 0.0)","(0.0, 0.0)","(0.0, 0.0)","(0.0, 0.0, 0.0)","(0.0, 0.0, 0.0)","(0.0, 0.0, 0.0)","(0.0, 0.0, 0.0)","(0.0, 0.0, 0.0)","(0.0, 0.0, 0.0)",0,0,0,0,0,0,False,0,0,0,0,0,0,0,0,"(0.0, 6.0, 13.5)","(0.2, 0.0, 0.0, 1.0)"
0,813084.9,0,0,0,0,0,0,0,0,0,"(0.0, 0.0)","(0.0, 0.0)","(0.0, 0.0)","(0.0, 0.0, 0.0)","(0.0, 0.0, 0.0)","(0.0, 0.0, 0.0)","(0.0, 0.0, 0.0)","(0.0, 0.0, 0.0)","(0.0, 0.0, 0.0)",0,0,0,0,0,0,False,0,0,0,0,0,0,0,0,"(0.0, 6.0, 13.6)","(0.2, 0.0, 0.0, 1.0)"
0,813099.1,0,0,0,0,0,0,0,0,0,"(0.0, 0.0)","(0.0, 0.0)","(0.0, 0.0)","(0.0, 0.0, 0.0)","(0.0, 0.0, 0.0)","(0.0, 0.0, 0.0)","(0.0, 0.0, 0.0)","(0.0, 0.0, 0.0)","(0.0, 0.0, 0.0)",0,0,0,0,0,0,False,0,0,0,0,0,0,0,0,"(0.0, 6.0, 13.8)","(0.2, 0.0, 0.0, 1.0)"
0,813112.9,0,0,0,0,0,0,0,0,0,"(0.0, 0.0)","(0.0, 0.0)","(0.0, 0.0)","(0.0, 0.0, 0.0)","(0.0, 0.0, 0.0)","(0.0, 0.0, 0.0)","(0.0, 0.0, 0.0)","(0.0, 0.0, 0.0)","(0.0, 0.0, 0.0)",0,0,0,0,0,0,False,0,0,0,0,0,0,0,0,"(0.0, 6.0, 13.9)","(0.2, 0.0, 0.0, 1.0)"
0,813129.1,0,0,0,0,0,0,0,0,0,"(0.0, 0.0)","(0.0, 0.0)","(0.0, 0.0)","(0.0, 0.0, 0.0)","(0.0, 0.0, 0.0)","(0.0, 0.0, 0.0)","(0.0, 0.0, 0.0)","(0.0, 0.0, 0.0)","(0.0, 0.0, 0.0)",0,0,0,0,0,0,False,0,0,0,0,0,0,0,0,"(0.0, 6.0, 14.0)","(0.2, 0.0, 0.0, 1.0)"
0,813142.4,0,0,0,0,0,0,0,0,0,"(0.0, 0.0)","(0.0, 0.0)","(0.0, 0.0)","(0.0, 0.0, 0.0)","(0.0, 0.0, 0.0)","(0.0, 0.0, 0.0)","(0.0, 0.0, 0.0)","(0.0, 0.0, 0.0)","(0.0, 0.0, 0.0)",0,0,0,0,0,0,False,0,0,0,0,0,0,0,0,"(0.0, 6.0, 14.2)","(0.2, 0.0, 0.0, 1.0)"
0,813156.8,0,0,0,0,0,0,0,0,0,"(0.0, 0.0)","(0.0, 0.0)","(0.0, 0.0)","(0.0, 0.0, 0.0)","(0.0, 0.0, 0.0)","(0.0, 0.0, 0.0)","(0.0, 0.0, 0.0)","(0.0, 0.0, 0.0)","(0.0, 0.0, 0.0)",0,0,0,0,0,0,False,0,0,0,0,0,0,0,0,"(0.0, 6.0, 14.3)","(0.2, 0.0, 0.0, 1.0)"
0,813171.3,0,0,0,0,0,0,0,0,0,"(0.0, 0.0)","(0.0, 0.0)","(0.0, 0.0)","(0.0, 0.0, 0.0)","(0.0, 0.0, 0.0)","(0.0, 0.0, 0.0)","(0.0, 0.0, 0.0)","(0.0, 0.0, 0.0)","(0.0, 0.0, 0.0)",0,0,0,0,0,0,False,0,0,0,0,0,0,0,0,"(0.0, 6.0, 14.5)","(0.2, 0.0, 0.0, 1.0)"
0,813186.2,0,0,0,0,0,0,0,0,0,"(0.0, 0.0)","(0.0, 0.0)","(0.0, 0.0)","(0.0, 0.0, 0.0)","(0.0, 0.0, 0.0)","(0.0, 0.0, 0.0)","(0.0, 0.0, 0.0)","(0.0, 0.0, 0.0)","(0.0, 0.0, 0.0)",0,0,0,0,0,0,False,0,0,0,0,0,0,0,0,"(0.0, 6.0, 14.6)","(0.2, 0.0, 0.0, 1.0)"
0,813200.8,0,0,0,0,0,0,0,0,0,"(0.0, 0.0)","(0.0, 0.0)","(0.0, 0.0)","(0.0, 0.0, 0.0)","(0.0, 0.0, 0.0)","(0.0, 0.0, 0.0)","(0.0, 0.0, 0.0)","(0.0, 0.0, 0.0)","(0.0, 0.0, 0.0)",0,0,0,0,0,0,False,0,0,0,0,0,0,0,0,"(0.0, 6.0, 14.8)","(0.2, 0.0, 0.0, 1.0)"
0,813215.3,0,0,0,0,0,0,0,0,0,"(0.0, 0.0)","(0.0, 0.0)","(0.0, 0.0)","(0.0, 0.0, 0.0)","(0.0, 0.0, 0.0)","(0.0, 0.0, 0.0)","(0.0, 0.0, 0.0)","(0.0, 0.0, 0.0)","(0.0, 0.0, 0.0)",0,0,0,0,0,0,False,0,0,0,0,0,0,0,0,"(0.0, 6.0, 14.9)","(0.2, 0.0, 0.0, 1.0)"
0,813229.6,0,0,0,0,0,0,0,0,0,"(0.0, 0.0)","(0.0, 0.0)","(0.0, 0.0)","(0.0, 0.0, 0.0)","(0.0, 0.0, 0.0)","(0.0, 0.0, 0.0)","(0.0, 0.0, 0.0)","(0.0, 0.0, 0.0)","(0.0, 0.0, 0.0)",0,0,0,0,0,0,False,0,0,0,0,0,0,0,0,"(0.0, 6.0, 15.1)","(0.2, 0.0, 0.0, 1.0)"
0,813248.9,0,0,0,0,0,0,0,0,0,"(0.0, 0.0)","(0.0, 0.0)","(0.0, 0.0)","(0.0, 0.0, 0.0)","(0.0, 0.0, 0.0)","(0.0, 0.0, 0.0)","(0.0, 0.0, 0.0)","(0.0, 0.0, 0.0)","(0.0, 0.0, 0.0)",0,0,0,0,0,0,False,0,0,0,0,0,0,0,0,"(0.0, 6.0, 15.2)","(0.2, 0.0, 0.0, 1.0)"
0,813263.6,0,0,0,0,0,0,0,0,0,"(0.0, 0.0)","(0.0, 0.0)","(0.0, 0.0)","(0.0, 0.0, 0.0)","(0.0, 0.0, 0.0)","(0.0, 0.0, 0.0)","(0.0, 0.0, 0.0)","(0.0, 0.0, 0.0)","(0.0, 0.0, 0.0)",0,0,0,0,0,0,False,0,0,0,0,0,0,0,0,"(0.0, 6.0, 15.3)","(0.2, 0.0, 0.0, 1.0)"
0,813276.7,0,0,0,0,0,0,0,0,0,"(0.0, 0.0)","(0.0, 0.0)","(0.0, 0.0)","(0.0, 0.0, 0.0)","(0.0, 0.0, 0.0)","(0.0, 0.0, 0.0)","(0.0, 0.0, 0.0)","(0.0, 0.0, 0.0)","(0.0, 0.0, 0.0)",0,0,0,0,0,0,False,0,0,0,0,0,0,0,0,"(0.0, 6.0, 15.5)","(0.2, 0.0, 0.0, 1.0)"
0,813290.4,0,0,0,0,0,0,0,0,0,"(0.0, 0.0)","(0.0, 0.0)","(0.0, 0.0)","(0.0, 0.0, 0.0)","(0.0, 0.0, 0.0)","(0.0, 0.0, 0.0)","(0.0, 0.0, 0.0)","(0.0, 0.0, 0.0)","(0.0, 0.0, 0.0)",0,0,0,0,0,0,False,0,0,0,0,0,0,0,0,"(0.0, 6.0, 15.6)","(0.2, 0.0, 0.0, 1.0)"
0,813305,0,0,0,0,0,0,0,0,0,"(0.0, 0.0)","(0.0, 0.0)","(0.0, 0.0)","(0.0, 0.0, 0.0)","(0.0, 0.0, 0.0)","(0.0, 0.0, 0.0)","(0.0, 0.0, 0.0)","(0.0, 0.0, 0.0)","(0.0, 0.0, 0.0)",0,0,0,0,0,0,False,0,0,0,0,0,0,0,0,"(0.0, 6.0, 15.8)","(0.2, 0.0, 0.0, 1.0)"
0,813319.5,0,0,0,0,0,0,0,0,0,"(0.0, 0.0)","(0.0, 0.0)","(0.0, 0.0)","(0.0, 0.0, 0.0)","(0.0, 0.0, 0.0)","(0.0, 0.0, 0.0)","(0.0, 0.0, 0.0)","(0.0, 0.0, 0.0)","(0.0, 0.0, 0.0)",0,0,0,0,0,0,False,0,0,0,0,0,0,0,0,"(0.0, 6.0, 15.9)","(0.2, 0.0, 0.0, 1.0)"
0,813334.8,0,0,0,0,0,0,0,0,0,"(0.0, 0.0)","(0.0, 0.0)","(0.0, 0.0)","(0.0, 0.0, 0.0)","(0.0, 0.0, 0.0)","(0.0, 0.0, 0.0)","(0.0, 0.0, 0.0)","(0.0, 0.0, 0.0)","(0.0, 0.0, 0.0)",0,0,0,0,0,0,False,0,0,0,0,0,0,0,0,"(0.0, 6.0, 16.1)","(0.2, 0.0, 0.0, 1.0)"
0,813348.3,0,0,0,0,0,0,0,0,0,"(0.0, 0.0)","(0.0, 0.0)","(0.0, 0.0)","(0.0, 0.0, 0.0)","(0.0, 0.0, 0.0)","(0.0, 0.0, 0.0)","(0.0, 0.0, 0.0)","(0.0, 0.0, 0.0)","(0.0, 0.0, 0.0)",0,0,0,0,0,0,False,0,0,0,0,0,0,0,0,"(0.0, 6.0, 16.2)","(0.2, 0.0, 0.0, 1.0)"
0,813361.6,0,0,0,0,0,0,0,0,0,"(0.0, 0.0)","(0.0, 0.0)","(0.0, 0.0)","(0.0, 0.0, 0.0)","(0.0, 0.0, 0.0)","(0.0, 0.0, 0.0)","(0.0, 0.0, 0.0)","(0.0, 0.0, 0.0)","(0.0, 0.0, 0.0)",0,0,0,0,0,0,False,0,0,0,0,0,0,0,0,"(0.0, 6.0, 16.4)","(0.2, 0.0, 0.0, 1.0)"
0,813375.4,0,0,0,0,0,0,0,0,0,"(0.0, 0.0)","(0.0, 0.0)","(0.0, 0.0)","(0.0, 0.0, 0.0)","(0.0, 0.0, 0.0)","(0.0, 0.0, 0.0)","(0.0, 0.0, 0.0)","(0.0, 0.0, 0.0)","(0.0, 0.0, 0.0)",0,0,0,0,0,0,False,0,0,0,0,0,0,0,0,"(0.0, 6.0, 16.5)","(0.2, 0.0, 0.0, 1.0)"
0,813388.9,0,0,0,0,0,0,0,0,0,"(0.0, 0.0)","(0.0, 0.0)","(0.0, 0.0)","(0.0, 0.0, 0.0)","(0.0, 0.0, 0.0)","(0.0, 0.0, 0.0)","(0.0, 0.0, 0.0)","(0.0, 0.0, 0.0)","(0.0, 0.0, 0.0)",0,0,0,0,0,0,False,0,0,0,0,0,0,0,0,"(0.0, 6.0, 16.7)","(0.2, 0.0, 0.0, 1.0)"
0,813403.1,0,0,0,0,0,0,0,0,0,"(0.0, 0.0)","(0.0, 0.0)","(0.0, 0.0)","(0.0, 0.0, 0.0)","(0.0, 0.0, 0.0)","(0.0, 0.0, 0.0)","(0.0, 0.0, 0.0)","(0.0, 0.0, 0.0)","(0.0, 0.0, 0.0)",0,0,0,0,0,0,False,0,0,0,0,0,0,0,0,"(0.0, 6.0, 16.8)","(0.2, 0.0, 0.0, 1.0)"
0,813418.1,0,0,0,0,0,0,0,0,0,"(0.0, 0.0)","(0.0, 0.0)","(0.0, 0.0)","(0.0, 0.0, 0.0)","(0.0, 0.0, 0.0)","(0.0, 0.0, 0.0)","(0.0, 0.0, 0.0)","(0.0, 0.0, 0.0)","(0.0, 0.0, 0.0)",0,0,0,0,0,0,False,0,0,0,0,0,0,0,0,"(0.0, 6.0, 16.9)","(0.2, 0.0, 0.0, 1.0)"
0,813435.6,0,0,0,0,0,0,0,0,0,"(0.0, 0.0)","(0.0, 0.0)","(0.0, 0.0)","(0.0, 0.0, 0.0)","(0.0, 0.0, 0.0)","(0.0, 0.0, 0.0)","(0.0, 0.0, 0.0)","(0.0, 0.0, 0.0)","(0.0, 0.0, 0.0)",0,0,0,0,0,0,False,0,0,0,0,0,0,0,0,"(0.0, 6.0, 17.1)","(0.2, 0.0, 0.0, 1.0)"
0,813450.2,0,0,0,0,0,0,0,0,0,"(0.0, 0.0)","(0.0, 0.0)","(0.0, 0.0)","(0.0, 0.0, 0.0)","(0.0, 0.0, 0.0)","(0.0, 0.0, 0.0)","(0.0, 0.0, 0.0)","(0.0, 0.0, 0.0)","(0.0, 0.0, 0.0)",0,0,0,0,0,0,False,0,0,0,0,0,0,0,0,"(0.0, 6.0, 17.2)","(0.2, 0.0, 0.0, 1.0)"
0,813464.3,0,0,0,0,0,0,0,0,0,"(0.0, 0.0)","(0.0, 0.0)","(0.0, 0.0)","(0.0, 0.0, 0.0)","(0.0, 0.0, 0.0)","(0.0, 0.0, 0.0)","(0.0, 0.0, 0.0)","(0.0, 0.0, 0.0)","(0.0, 0.0, 0.0)",0,0,0,0,0,0,False,0,0,0,0,0,0,0,0,"(0.0, 6.0, 17.4)","(0.2, 0.0, 0.0, 1.0)"
0,813478.7,0,0,0,0,0,0,0,0,0,"(0.0, 0.0)","(0.0, 0.0)","(0.0, 0.0)","(0.0, 0.0, 0.0)","(0.0, 0.0, 0.0)","(0.0, 0.0, 0.0)","(0.0, 0.0, 0.0)","(0.0, 0.0, 0.0)","(0.0, 0.0, 0.0)",0,0,0,0,0,0,False,0,0,0,0,0,0,0,0,"(0.0, 6.0, 17.5)","(0.2, 0.0, 0.0, 1.0)"
0,813492.1,0,0,0,0,0,0,0,0,0,"(0.0, 0.0)","(0.0, 0.0)","(0.0, 0.0)","(0.0, 0.0, 0.0)","(0.0, 0.0, 0.0)","(0.0, 0.0, 0.0)","(0.0, 0.0, 0.0)","(0.0, 0.0, 0.0)","(0.0, 0.0, 0.0)",0,0,0,0,0,0,False,0,0,0,0,0,0,0,0,"(0.0, 6.0, 17.7)","(0.2, 0.0, 0.0, 1.0)"
0,813506.2,0,0,0,0,0,0,0,0,0,"(0.0, 0.0)","(0.0, 0.0)","(0.0, 0.0)","(0.0, 0.0, 0.0)","(0.0, 0.0, 0.0)","(0.0, 0.0, 0.0)","(0.0, 0.0, 0.0)","(0.0, 0.0, 0.0)","(0.0, 0.0, 0.0)",0,0,0,0,0,0,False,0,0,0,0,0,0,0,0,"(0.0, 6.0, 17.8)","(0.2, 0.0, 0.0, 1.0)"
0,813520.9,0,0,0,0,0,0,0,0,0,"(0.0, 0.0)","(0.0, 0.0)","(0.0, 0.0)","(0.0, 0.0, 0.0)","(0.0, 0.0, 0.0)","(0.0, 0.0, 0.0)","(0.0, 0.0, 0.0)","(0.0, 0.0, 0.0)","(0.0, 0.0, 0.0)",0,0,0,0,0,0,False,0,0,0,0,0,0,0,0,"(0.0, 6.0, 18.0)","(0.2, 0.0, 0.0, 1.0)"
0,813535.5,0,0,0,0,0,0,0,0,0,"(0.0, 0.0)","(0.0, 0.0)","(0.0, 0.0)","(0.0, 0.0, 0.0)","(0.0, 0.0, 0.0)","(0.0, 0.0, 0.0)","(0.0, 0.0, 0.0)","(0.0, 0.0, 0.0)","(0.0, 0.0, 0.0)",0,0,0,0,0,0,False,0,0,0,0,0,0,0,0,"(0.0, 6.0, 18.1)","(0.2, 0.0, 0.0, 1.0)"
0,813549.5,0,0,0,0,0,0,0,0,0,"(0.0, 0.0)","(0.0, 0.0)","(0.0, 0.0)","(0.0, 0.0, 0.0)","(0.0, 0.0, 0.0)","(0.0, 0.0, 0.0)","(0.0, 0.0, 0.0)","(0.0, 0.0, 0.0)","(0.0, 0.0, 0.0)",0,0,0,0,0,0,False,0,0,0,0,0,0,0,0,"(0.0, 6.0, 18.2)","(0.2, 0.0, 0.0, 1.0)"
0,813563.8,0,0,0,0,0,0,0,0,0,"(0.0, 0.0)","(0.0, 0.0)","(0.0, 0.0)","(0.0, 0.0, 0.0)","(0.0, 0.0, 0.0)","(0.0, 0.0, 0.0)","(0.0, 0.0, 0.0)","(0.0, 0.0, 0.0)","(0.0, 0.0, 0.0)",0,0,0,0,0,0,False,0,0,0,0,0,0,0,0,"(0.0, 6.0, 18.4)","(0.2, 0.0, 0.0, 1.0)"
0,813577.3,0,0,0,0,0,0,0,0,0,"(0.0, 0.0)","(0.0, 0.0)","(0.0, 0.0)","(0.0, 0.0, 0.0)","(0.0, 0.0, 0.0)","(0.0, 0.0, 0.0)","(0.0, 0.0, 0.0)","(0.0, 0.0, 0.0)","(0.0, 0.0, 0.0)",0,0,0,0,0,0,False,0,0,0,0,0,0,0,0,"(0.0, 6.0, 18.5)","(0.2, 0.0, 0.0, 1.0)"
0,813590.6,0,0,0,0,0,0,0,0,0,"(0.0, 0.0)","(0.0, 0.0)","(0.0, 0.0)","(0.0, 0.0, 0.0)","(0.0, 0.0, 0.0)","(0.0, 0.0, 0.0)","(0.0, 0.0, 0.0)","(0.0, 0.0, 0.0)","(0.0, 0.0, 0.0)",0,0,0,0,0,0,False,0,0,0,0,0,0,0,0,"(0.0, 6.0, 18.7)","(0.2, 0.0, 0.0, 1.0)"
0,813608.1,0,0,0,0,0,0,0,0,0,"(0.0, 0.0)","(0.0, 0.0)","(0.0, 0.0)","(0.0, 0.0, 0.0)","(0.0, 0.0, 0.0)","(0.0, 0.0, 0.0)","(0.0, 0.0, 0.0)","(0.0, 0.0, 0.0)","(0.0, 0.0, 0.0)",0,0,0,0,0,0,False,0,0,0,0,0,0,0,0,"(0.0, 6.0, 18.8)","(0.2, 0.0, 0.0, 1.0)"
0,813625.9,0,0,0,0,0,0,0,0,0,"(0.0, 0.0)","(0.0, 0.0)","(0.0, 0.0)","(0.0, 0.0, 0.0)","(0.0, 0.0, 0.0)","(0.0, 0.0, 0.0)","(0.0, 0.0, 0.0)","(0.0, 0.0, 0.0)","(0.0, 0.0, 0.0)",0,0,0,0,0,0,False,0,0,0,0,0,0,0,0,"(0.0, 6.0, 19.0)","(0.2, 0.0, 0.0, 1.0)"
0,813645.1,0,0,0,0,0,0,0,0,0,"(0.0, 0.0)","(0.0, 0.0)","(0.0, 0.0)","(0.0, 0.0, 0.0)","(0.0, 0.0, 0.0)","(0.0, 0.0, 0.0)","(0.0, 0.0, 0.0)","(0.0, 0.0, 0.0)","(0.0, 0.0, 0.0)",0,0,0,0,0,0,False,0,0,0,0,0,0,0,0,"(0.0, 6.0, 19.1)","(0.2, 0.0, 0.0, 1.0)"
0,813660,0,0,0,0,0,0,0,0,0,"(0.0, 0.0)","(0.0, 0.0)","(0.0, 0.0)","(0.0, 0.0, 0.0)","(0.0, 0.0, 0.0)","(0.0, 0.0, 0.0)","(0.0, 0.0, 0.0)","(0.0, 0.0, 0.0)","(0.0, 0.0, 0.0)",0,0,0,0,0,0,False,0,0,0,0,0,0,0,0,"(0.0, 6.0, 19.3)","(0.2, 0.0, 0.0, 1.0)"
0,813674.1,0,0,0,0,0,0,0,0,0,"(0.0, 0.0)","(0.0, 0.0)","(0.0, 0.0)","(0.0, 0.0, 0.0)","(0.0, 0.0, 0.0)","(0.0, 0.0, 0.0)","(0.0, 0.0, 0.0)","(0.0, 0.0, 0.0)","(0.0, 0.0, 0.0)",0,0,0,0,0,0,False,0,0,0,0,0,0,0,0,"(0.0, 6.0, 19.4)","(0.2, 0.0, 0.0, 1.0)"
0,813688.5,0,0,0,0,0,0,0,0,0,"(0.0, 0.0)","(0.0, 0.0)","(0.0, 0.0)","(0.0, 0.0, 0.0)","(0.0, 0.0, 0.0)","(0.0, 0.0, 0.0)","(0.0, 0.0, 0.0)","(0.0, 0.0, 0.0)","(0.0, 0.0, 0.0)",0,0,0,0,0,0,False,0,0,0,0,0,0,0,0,"(0.0, 6.0, 19.6)","(0.2, 0.0, 0.0, 1.0)"
0,813703.8,0,0,0,0,0,0,0,0,0,"(0.0, 0.0)","(0.0, 0.0)","(0.0, 0.0)","(0.0, 0.0, 0.0)","(0.0, 0.0, 0.0)","(0.0, 0.0, 0.0)","(0.0, 0.0, 0.0)","(0.0, 0.0, 0.0)","(0.0, 0.0, 0.0)",0,0,0,0,0,0,False,0,0,0,0,0,0,0,0,"(0.0, 6.0, 19.7)","(0.2, 0.0, 0.0, 1.0)"
0,813718.9,0,0,0,0,0,0,0,0,0,"(0.0, 0.0)","(0.0, 0.0)","(0.0, 0.0)","(0.0, 0.0, 0.0)","(0.0, 0.0, 0.0)","(0.0, 0.0, 0.0)","(0.0, 0.0, 0.0)","(0.0, 0.0, 0.0)","(0.0, 0.0, 0.0)",0,0,0,0,0,0,False,0,0,0,0,0,0,0,0,"(0.0, 6.0, 19.9)","(0.2, 0.0, 0.0, 1.0)"
0,813733.8,0,0,0,0,0,0,0,0,0,"(0.0, 0.0)","(0.0, 0.0)","(0.0, 0.0)","(0.0, 0.0, 0.0)","(0.0, 0.0, 0.0)","(0.0, 0.0, 0.0)","(0.0, 0.0, 0.0)","(0.0, 0.0, 0.0)","(0.0, 0.0, 0.0)",0,0,0,0,0,0,False,0,0,0,0,0,0,0,0,"(0.0, 6.0, 20.0)","(0.2, 0.0, 0.0, 1.0)"
0,813749.2,0,0,0,0,0,0,0,0,0,"(0.0, 0.0)","(0.0, 0.0)","(0.0, 0.0)","(0.0, 0.0, 0.0)","(0.0, 0.0, 0.0)","(0.0, 0.0, 0.0)","(0.0, 0.0, 0.0)","(0.0, 0.0, 0.0)","(0.0, 0.0, 0.0)",0,0,0,0,0,0,False,0,0,0,0,0,0,0,0,"(0.0, 6.0, 20.2)","(0.2, 0.0, 0.0, 1.0)"
0,813763.5,0,0,0,0,0,0,0,0,0,"(0.0, 0.0)","(0.0, 0.0)","(0.0, 0.0)","(0.0, 0.0, 0.0)","(0.0, 0.0, 0.0)","(0.0, 0.0, 0.0)","(0.0, 0.0, 0.0)","(0.0, 0.0, 0.0)","(0.0, 0.0, 0.0)",0,0,0,0,0,0,False,0,0,0,0,0,0,0,0,"(0.0, 6.0, 20.3)","(0.2, 0.0, 0.0, 1.0)"
0,813777.1,0,0,0,0,0,0,0,0,0,"(0.0, 0.0)","(0.0, 0.0)","(0.0, 0.0)","(0.0, 0.0, 0.0)","(0.0, 0.0, 0.0)","(0.0, 0.0, 0.0)","(0.0, 0.0, 0.0)","(0.0, 0.0, 0.0)","(0.0, 0.0, 0.0)",0,0,0,0,0,0,False,0,0,0,0,0,0,0,0,"(0.0, 6.0, 20.5)","(0.2, 0.0, 0.0, 1.0)"
0,813791.8,0,0,0,0,0,0,0,0,0,"(0.0, 0.0)","(0.0, 0.0)","(0.0, 0.0)","(0.0, 0.0, 0.0)","(0.0, 0.0, 0.0)","(0.0, 0.0, 0.0)","(0.0, 0.0, 0.0)","(0.0, 0.0, 0.0)","(0.0, 0.0, 0.0)",0,0,0,0,0,0,False,0,0,0,0,0,0,0,0,"(0.0, 6.0, 20.6)","(0.2, 0.0, 0.0, 1.0)"
0,813806.5,0,0,0,0,0,0,0,0,0,"(0.0, 0.0)","(0.0, 0.0)","(0.0, 0.0)","(0.0, 0.0, 0.0)","(0.0, 0.0, 0.0)","(0.0, 0.0, 0.0)","(0.0, 0.0, 0.0)","(0.0, 0.0, 0.0)","(0.0, 0.0, 0.0)",0,0,0,0,0,0,False,0,0,0,0,0,0,0,0,"(0.0, 6.0, 20.8)","(0.2, 0.0, 0.0, 1.0)"
0,813822.1,0,0,0,0,0,0,0,0,0,"(0.0, 0.0)","(0.0, 0.0)","(0.0, 0.0)","(0.0, 0.0, 0.0)","(0.0, 0.0, 0.0)","(0.0, 0.0, 0.0)","(0.0, 0.0, 0.0)","(0.0, 0.0, 0.0)","(0.0, 0.0, 0.0)",0,0,0,0,0,0,False,0,0,0,0,0,0,0,0,"(0.0, 6.0, 20.9)","(0.2, 0.0, 0.0, 1.0)"
0,813840.3,0,0,0,0,0,0,0,0,0,"(0.0, 0.0)","(0.0, 0.0)","(0.0, 0.0)","(0.0, 0.0, 0.0)","(0.0, 0.0, 0.0)","(0.0, 0.0, 0.0)","(0.0, 0.0, 0.0)","(0.0, 0.0, 0.0)","(0.0, 0.0, 0.0)",0,0,0,0,0,0,False,0,0,0,0,0,0,0,0,"(0.0, 6.0, 21.1)","(0.2, 0.0, 0.0, 1.0)"
0,813855.4,0,0,0,0,0,0,0,0,0,"(0.0, 0.0)","(0.0, 0.0)","(0.0, 0.0)","(0.0, 0.0, 0.0)","(0.0, 0.0, 0.0)","(0.0, 0.0, 0.0)","(0.0, 0.0, 0.0)","(0.0, 0.0, 0.0)","(0.0, 0.0, 0.0)",0,0,0,0,0,0,False,0,0,0,0,0,0,0,0,"(0.0, 6.0, 21.2)","(0.2, 0.0, 0.0, 1.0)"
0,813869,0,0,0,0,0,0,0,0,0,"(0.0, 0.0)","(0.0, 0.0)","(0.0, 0.0)","(0.0, 0.0, 0.0)","(0.0, 0.0, 0.0)","(0.0, 0.0, 0.0)","(0.0, 0.0, 0.0)","(0.0, 0.0, 0.0)","(0.0, 0.0, 0.0)",0,0,0,0,0,0,False,0,0,0,0,0,0,0,0,"(0.0, 6.0, 21.4)","(0.2, 0.0, 0.0, 1.0)"
0,813883.8,0,0,0,0,0,0,0,0,0,"(0.0, 0.0)","(0.0, 0.0)","(0.0, 0.0)","(0.0, 0.0, 0.0)","(0.0, 0.0, 0.0)","(0.0, 0.0, 0.0)","(0.0, 0.0, 0.0)","(0.0, 0.0, 0.0)","(0.0, 0.0, 0.0)",0,0,0,0,0,0,False,0,0,0,0,0,0,0,0,"(0.0, 6.0, 21.5)","(0.2, 0.0, 0.0, 1.0)"
0,813898.1,0,0,0,0,0,0,0,0,0,"(0.0, 0.0)","(0.0, 0.0)","(0.0, 0.0)","(0.0, 0.0, 0.0)","(0.0, 0.0, 0.0)","(0.0, 0.0, 0.0)","(0.0, 0.0, 0.0)","(0.0, 0.0, 0.0)","(0.0, 0.0, 0.0)",0,0,0,0,0,0,False,0,0,0,0,0,0,0,0,"(0.0, 6.0, 21.7)","(0.2, 0.0, 0.0, 1.0)"
0,813913.4,0,0,0,0,0,0,0,0,0,"(0.0, 0.0)","(0.0, 0.0)","(0.0, 0.0)","(0.0, 0.0, 0.0)","(0.0, 0.0, 0.0)","(0.0, 0.0, 0.0)","(0.0, 0.0, 0.0)","(0.0, 0.0, 0.0)","(0.0, 0.0, 0.0)",0,0,0,0,0,0,False,0,0,0,0,0,0,0,0,"(0.0, 6.0, 21.8)","(0.2, 0.0, 0.0, 1.0)"
0,813927.7,0,0,0,0,0,0,0,0,0,"(0.0, 0.0)","(0.0, 0.0)","(0.0, 0.0)","(0.0, 0.0, 0.0)","(0.0, 0.0, 0.0)","(0.0, 0.0, 0.0)","(0.0, 0.0, 0.0)","(0.0, 0.0, 0.0)","(0.0, 0.0, 0.0)",0,0,0,0,0,0,False,0,0,0,0,0,0,0,0,"(0.0, 6.0, 22.0)","(0.2, 0.0, 0.0, 1.0)"
0,813942.3,0,0,0,0,0,0,0,0,0,"(0.0, 0.0)","(0.0, 0.0)","(0.0, 0.0)","(0.0, 0.0, 0.0)","(0.0, 0.0, 0.0)","(0.0, 0.0, 0.0)","(0.0, 0.0, 0.0)","(0.0, 0.0, 0.0)","(0.0, 0.0, 0.0)",0,0,0,0,0,0,False,0,0,0,0,0,0,0,0,"(0.0, 6.0, 22.1)","(0.2, 0.0, 0.0, 1.0)"
0,813956,0,0,0,0,0,0,0,0,0,"(0.0, 0.0)","(0.0, 0.0)","(0.0, 0.0)","(0.0, 0.0, 0.0)","(0.0, 0.0, 0.0)","(0.0, 0.0, 0.0)","(0.0, 0.0, 0.0)","(0.0, 0.0, 0.0)","(0.0, 0.0, 0.0)",0,0,0,0,0,0,False,0,0,0,0,0,0,0,0,"(0.0, 6.0, 22.3)","(0.2, 0.0, 0.0, 1.0)"
0,813971.2,0,0,0,0,0,0,0,0,0,"(0.0, 0.0)","(0.0, 0.0)","(0.0, 0.0)","(0.0, 0.0, 0.0)","(0.0, 0.0, 0.0)","(0.0, 0.0, 0.0)","(0.0, 0.0, 0.0)","(0.0, 0.0, 0.0)","(0.0, 0.0, 0.0)",0,0,0,0,0,0,False,0,0,0,0,0,0,0,0,"(0.0, 6.0, 22.4)","(0.2, 0.0, 0.0, 1.0)"
0,813986.3,0,0,0,0,0,0,0,0,0,"(0.0, 0.0)","(0.0, 0.0)","(0.0, 0.0)","(0.0, 0.0, 0.0)","(0.0, 0.0, 0.0)","(0.0, 0.0, 0.0)","(0.0, 0.0, 0.0)","(0.0, 0.0, 0.0)","(0.0, 0.0, 0.0)",0,0,0,0,0,0,False,0,0,0,0,0,0,0,0,"(0.0, 6.0, 22.6)","(0.2, 0.0, 0.0, 1.0)"
0,814001.3,0,0,0,0,0,0,0,0,0,"(0.0, 0.0)","(0.0, 0.0)","(0.0, 0.0)","(0.0, 0.0, 0.0)","(0.0, 0.0, 0.0)","(0.0, 0.0, 0.0)","(0.0, 0.0, 0.0)","(0.0, 0.0, 0.0)","(0.0, 0.0, 0.0)",0,0,0,0,0,0,False,0,0,0,0,0,0,0,0,"(0.0, 6.0, 22.7)","(0.2, 0.0, 0.0, 1.0)"
0,814015.6,0,0,0,0,0,0,0,0,0,"(0.0, 0.0)","(0.0, 0.0)","(0.0, 0.0)","(0.0, 0.0, 0.0)","(0.0, 0.0, 0.0)","(0.0, 0.0, 0.0)","(0.0, 0.0, 0.0)","(0.0, 0.0, 0.0)","(0.0, 0.0, 0.0)",0,0,0,0,0,0,False,0,0,0,0,0,0,0,0,"(0.0, 6.0, 22.9)","(0.2, 0.0, 0.0, 1.0)"
0,814030.7,0,0,0,0,0,0,0,0,0,"(0.0, 0.0)","(0.0, 0.0)","(0.0, 0.0)","(0.0, 0.0, 0.0)","(0.0, 0.0, 0.0)","(0.0, 0.0, 0.0)","(0.0, 0.0, 0.0)","(0.0, 0.0, 0.0)","(0.0, 0.0, 0.0)",0,0,0,0,0,0,False,0,0,0,0,0,0,0,0,"(0.0, 6.0, 23.0)","(0.2, 0.0, 0.0, 1.0)"
0,814046.1,0,0,0,0,0,0,0,0,0,"(0.0, 0.0)","(0.0, 0.0)","(0.0, 0.0)","(0.0, 0.0, 0.0)","(0.0, 0.0, 0.0)","(0.0, 0.0, 0.0)","(0.0, 0.0, 0.0)","(0.0, 0.0, 0.0)","(0.0, 0.0, 0.0)",0,0,0,0,0,0,False,0,0,0,0,0,0,0,0,"(0.0, 6.0, 23.2)","(0.2, 0.0, 0.0, 1.0)"
0,814061.5,0,0,0,0,0,0,0,0,0,"(0.0, 0.0)","(0.0, 0.0)","(0.0, 0.0)","(0.0, 0.0, 0.0)","(0.0, 0.0, 0.0)","(0.0, 0.0, 0.0)","(0.0, 0.0, 0.0)","(0.0, 0.0, 0.0)","(0.0, 0.0, 0.0)",0,0,0,0,0,0,False,0,0,0,0,0,0,0,0,"(0.0, 6.0, 23.3)","(0.2, 0.0, 0.0, 1.0)"
0,814077,0,0,0,0,0,0,0,0,0,"(0.0, 0.0)","(0.0, 0.0)","(0.0, 0.0)","(0.0, 0.0, 0.0)","(0.0, 0.0, 0.0)","(0.0, 0.0, 0.0)","(0.0, 0.0, 0.0)","(0.0, 0.0, 0.0)","(0.0, 0.0, 0.0)",0,0,0,0,0,0,False,0,0,0,0,0,0,0,0,"(0.0, 6.0, 23.5)","(0.2, 0.0, 0.0, 1.0)"
0,814091.6,0,0,0,0,0,0,0,0,0,"(0.0, 0.0)","(0.0, 0.0)","(0.0, 0.0)","(0.0, 0.0, 0.0)","(0.0, 0.0, 0.0)","(0.0, 0.0, 0.0)","(0.0, 0.0, 0.0)","(0.0, 0.0, 0.0)","(0.0, 0.0, 0.0)",0,0,0,0,0,0,False,0,0,0,0,0,0,0,0,"(0.0, 6.0, 23.6)","(0.2, 0.0, 0.0, 1.0)"
0,814106.6,0,0,0,0,0,0,0,0,0,"(0.0, 0.0)","(0.0, 0.0)","(0.0, 0.0)","(0.0, 0.0, 0.0)","(0.0, 0.0, 0.0)","(0.0, 0.0, 0.0)","(0.0, 0.0, 0.0)","(0.0, 0.0, 0.0)","(0.0, 0.0, 0.0)",0,0,0,0,0,0,False,0,0,0,0,0,0,0,0,"(0.0, 6.0, 23.8)","(0.2, 0.0, 0.0, 1.0)"
0,814121.7,0,0,0,0,0,0,0,0,0,"(0.0, 0.0)","(0.0, 0.0)","(0.0, 0.0)","(0.0, 0.0, 0.0)","(0.0, 0.0, 0.0)","(0.0, 0.0, 0.0)","(0.0, 0.0, 0.0)","(0.0, 0.0, 0.0)","(0.0, 0.0, 0.0)",0,0,0,0,0,0,False,0,0,0,0,0,0,0,0,"(0.0, 6.0, 23.9)","(0.2, 0.0, 0.0, 1.0)"
0,814136.6,0,0,0,0,0,0,0,0,0,"(0.0, 0.0)","(0.0, 0.0)","(0.0, 0.0)","(0.0, 0.0, 0.0)","(0.0, 0.0, 0.0)","(0.0, 0.0, 0.0)","(0.0, 0.0, 0.0)","(0.0, 0.0, 0.0)","(0.0, 0.0, 0.0)",0,0,0,0,0,0,False,0,0,0,0,0,0,0,0,"(0.0, 6.0, 24.1)","(0.2, 0.0, 0.0, 1.0)"
0,814151.8,0,0,0,0,0,0,0,0,0,"(0.0, 0.0)","(0.0, 0.0)","(0.0, 0.0)","(0.0, 0.0, 0.0)","(0.0, 0.0, 0.0)","(0.0, 0.0, 0.0)","(0.0, 0.0, 0.0)","(0.0, 0.0, 0.0)","(0.0, 0.0, 0.0)",0,0,0,0,0,0,False,0,0,0,0,0,0,0,0,"(0.0, 6.0, 24.2)","(0.2, 0.0, 0.0, 1.0)"
0,814167.3,0,0,0,0,0,0,0,0,0,"(0.0, 0.0)","(0.0, 0.0)","(0.0, 0.0)","(0.0, 0.0, 0.0)","(0.0, 0.0, 0.0)","(0.0, 0.0, 0.0)","(0.0, 0.0, 0.0)","(0.0, 0.0, 0.0)","(0.0, 0.0, 0.0)",0,0,0,0,0,0,False,0,0,0,0,0,0,0,0,"(0.0, 6.0, 24.4)","(0.2, 0.0, 0.0, 1.0)"
0,814182.3,0,0,0,0,0,0,0,0,0,"(0.0, 0.0)","(0.0, 0.0)","(0.0, 0.0)","(0.0, 0.0, 0.0)","(0.0, 0.0, 0.0)","(0.0, 0.0, 0.0)","(0.0, 0.0, 0.0)","(0.0, 0.0, 0.0)","(0.0, 0.0, 0.0)",0,0,0,0,0,0,False,0,0,0,0,0,0,0,0,"(0.0, 6.0, 24.5)","(0.2, 0.0, 0.0, 1.0)"
0,814197.7,0,0,0,0,0,0,0,0,0,"(0.0, 0.0)","(0.0, 0.0)","(0.0, 0.0)","(0.0, 0.0, 0.0)","(0.0, 0.0, 0.0)","(0.0, 0.0, 0.0)","(0.0, 0.0, 0.0)","(0.0, 0.0, 0.0)","(0.0, 0.0, 0.0)",0,0,0,0,0,0,False,0,0,0,0,0,0,0,0,"(0.0, 6.0, 24.7)","(0.2, 0.0, 0.0, 1.0)"
0,814213.5,0,0,0,0,0,0,0,0,0,"(0.0, 0.0)","(0.0, 0.0)","(0.0, 0.0)","(0.0, 0.0, 0.0)","(0.0, 0.0, 0.0)","(0.0, 0.0, 0.0)","(0.0, 0.0, 0.0)","(0.0, 0.0, 0.0)","(0.0, 0.0, 0.0)",0,0,0,0,0,0,False,0,0,0,0,0,0,0,0,"(0.0, 6.0, 24.8)","(0.2, 0.0, 0.0, 1.0)"
0,814230.5,0,0,0,0,0,0,0,0,0,"(0.0, 0.0)","(0.0, 0.0)","(0.0, 0.0)","(0.0, 0.0, 0.0)","(0.0, 0.0, 0.0)","(0.0, 0.0, 0.0)","(0.0, 0.0, 0.0)","(0.0, 0.0, 0.0)","(0.0, 0.0, 0.0)",0,0,0,0,0,0,False,0,0,0,0,0,0,0,0,"(0.0, 6.0, 25.0)","(0.2, 0.0, 0.0, 1.0)"
0,814253.8,0,0,0,0,0,0,0,0,0,"(0.0, 0.0)","(0.0, 0.0)","(0.0, 0.0)","(0.0, 0.0, 0.0)","(0.0, 0.0, 0.0)","(0.0, 0.0, 0.0)","(0.0, 0.0, 0.0)","(0.0, 0.0, 0.0)","(0.0, 0.0, 0.0)",0,0,0,0,0,0,False,0,0,0,0,0,0,0,0,"(0.0, 6.0, 25.1)","(0.2, 0.0, 0.0, 1.0)"
0,814268.6,0,0,0,0,0,0,0,0,0,"(0.0, 0.0)","(0.0, 0.0)","(0.0, 0.0)","(0.0, 0.0, 0.0)","(0.0, 0.0, 0.0)","(0.0, 0.0, 0.0)","(0.0, 0.0, 0.0)","(0.0, 0.0, 0.0)","(0.0, 0.0, 0.0)",0,0,0,0,0,0,False,0,0,0,0,0,0,0,0,"(0.0, 6.0, 25.3)","(0.2, 0.0, 0.0, 1.0)"
0,814284.1,0,0,0,0,0,0,0,0,0,"(0.0, 0.0)","(0.0, 0.0)","(0.0, 0.0)","(0.0, 0.0, 0.0)","(0.0, 0.0, 0.0)","(0.0, 0.0, 0.0)","(0.0, 0.0, 0.0)","(0.0, 0.0, 0.0)","(0.0, 0.0, 0.0)",0,0,0,0,0,0,False,0,0,0,0,0,0,0,0,"(0.0, 6.0, 25.5)","(0.2, 0.0, 0.0, 1.0)"
0,814300.6,0,0,0,0,0,0,0,0,0,"(0.0, 0.0)","(0.0, 0.0)","(0.0, 0.0)","(0.0, 0.0, 0.0)","(0.0, 0.0, 0.0)","(0.0, 0.0, 0.0)","(0.0, 0.0, 0.0)","(0.0, 0.0, 0.0)","(0.0, 0.0, 0.0)",0,0,0,0,0,0,False,0,0,0,0,0,0,0,0,"(0.0, 6.0, 25.6)","(0.2, 0.0, 0.0, 1.0)"
0,814316.6,0,0,0,0,0,0,0,0,0,"(0.0, 0.0)","(0.0, 0.0)","(0.0, 0.0)","(0.0, 0.0, 0.0)","(0.0, 0.0, 0.0)","(0.0, 0.0, 0.0)","(0.0, 0.0, 0.0)","(0.0, 0.0, 0.0)","(0.0, 0.0, 0.0)",0,0,0,0,0,0,False,0,0,0,0,0,0,0,0,"(0.0, 6.0, 25.8)","(0.2, 0.0, 0.0, 1.0)"
0,814332.2,0,0,0,0,0,0,0,0,0,"(0.0, 0.0)","(0.0, 0.0)","(0.0, 0.0)","(0.0, 0.0, 0.0)","(0.0, 0.0, 0.0)","(0.0, 0.0, 0.0)","(0.0, 0.0, 0.0)","(0.0, 0.0, 0.0)","(0.0, 0.0, 0.0)",0,0,0,0,0,0,False,0,0,0,0,0,0,0,0,"(0.0, 6.0, 25.9)","(0.2, 0.0, 0.0, 1.0)"
0,814346.9,0,0,0,0,0,0,0,0,0,"(0.0, 0.0)","(0.0, 0.0)","(0.0, 0.0)","(0.0, 0.0, 0.0)","(0.0, 0.0, 0.0)","(0.0, 0.0, 0.0)","(0.0, 0.0, 0.0)","(0.0, 0.0, 0.0)","(0.0, 0.0, 0.0)",0,0,0,0,0,0,False,0,0,0,0,0,0,0,0,"(0.0, 6.0, 26.1)","(0.2, 0.0, 0.0, 1.0)"
0,814360.3,0,0,0,0,0,0,0,0,0,"(0.0, 0.0)","(0.0, 0.0)","(0.0, 0.0)","(0.0, 0.0, 0.0)","(0.0, 0.0, 0.0)","(0.0, 0.0, 0.0)","(0.0, 0.0, 0.0)","(0.0, 0.0, 0.0)","(0.0, 0.0, 0.0)",0,0,0,0,0,0,False,0,0,0,0,0,0,0,0,"(0.0, 6.0, 26.3)","(0.2, 0.0, 0.0, 1.0)"
0,814373.6,0,0,0,0,0,0,0,0,0,"(0.0, 0.0)","(0.0, 0.0)","(0.0, 0.0)","(0.0, 0.0, 0.0)","(0.0, 0.0, 0.0)","(0.0, 0.0, 0.0)","(0.0, 0.0, 0.0)","(0.0, 0.0, 0.0)","(0.0, 0.0, 0.0)",0,0,0,0,0,0,False,0,0,0,0,0,0,0,0,"(0.0, 6.0, 26.4)","(0.2, 0.0, 0.0, 1.0)"
0,814387.8,0,0,0,0,0,0,0,0,0,"(0.0, 0.0)","(0.0, 0.0)","(0.0, 0.0)","(0.0, 0.0, 0.0)","(0.0, 0.0, 0.0)","(0.0, 0.0, 0.0)","(0.0, 0.0, 0.0)","(0.0, 0.0, 0.0)","(0.0, 0.0, 0.0)",0,0,0,0,0,0,False,0,0,0,0,0,0,0,0,"(0.0, 6.0, 26.6)","(0.2, 0.0, 0.0, 1.0)"
0,814405.3,0,0,0,0,0,0,0,0,0,"(0.0, 0.0)","(0.0, 0.0)","(0.0, 0.0)","(0.0, 0.0, 0.0)","(0.0, 0.0, 0.0)","(0.0, 0.0, 0.0)","(0.0, 0.0, 0.0)","(0.0, 0.0, 0.0)","(0.0, 0.0, 0.0)",0,0,0,0,0,0,False,0,0,0,0,0,0,0,0,"(0.0, 6.0, 26.7)","(0.2, 0.0, 0.0, 1.0)"
0,814429.3,0,0,0,0,0,0,0,0,0,"(0.0, 0.0)","(0.0, 0.0)","(0.0, 0.0)","(0.0, 0.0, 0.0)","(0.0, 0.0, 0.0)","(0.0, 0.0, 0.0)","(0.0, 0.0, 0.0)","(0.0, 0.0, 0.0)","(0.0, 0.0, 0.0)",0,0,0,0,0,0,False,0,0,0,0,0,0,0,0,"(0.0, 6.0, 26.9)","(0.2, 0.0, 0.0, 1.0)"
0,814442.8,0,0,0,0,0,0,0,0,0,"(0.0, 0.0)","(0.0, 0.0)","(0.0, 0.0)","(0.0, 0.0, 0.0)","(0.0, 0.0, 0.0)","(0.0, 0.0, 0.0)","(0.0, 0.0, 0.0)","(0.0, 0.0, 0.0)","(0.0, 0.0, 0.0)",0,0,0,0,0,0,False,0,0,0,0,0,0,0,0,"(0.0, 6.0, 27.0)","(0.2, 0.0, 0.0, 1.0)"
0,814456.5,0,0,0,0,0,0,0,0,0,"(0.0, 0.0)","(0.0, 0.0)","(0.0, 0.0)","(0.0, 0.0, 0.0)","(0.0, 0.0, 0.0)","(0.0, 0.0, 0.0)","(0.0, 0.0, 0.0)","(0.0, 0.0, 0.0)","(0.0, 0.0, 0.0)",0,0,0,0,0,0,False,0,0,0,0,0,0,0,0,"(0.0, 6.0, 27.2)","(0.2, 0.0, 0.0, 1.0)"
0,814471,0,0,0,0,0,0,0,0,0,"(0.0, 0.0)","(0.0, 0.0)","(0.0, 0.0)","(0.0, 0.0, 0.0)","(0.0, 0.0, 0.0)","(0.0, 0.0, 0.0)","(0.0, 0.0, 0.0)","(0.0, 0.0, 0.0)","(0.0, 0.0, 0.0)",0,0,0,0,0,0,False,0,0,0,0,0,0,0,0,"(0.0, 6.0, 27.4)","(0.2, 0.0, 0.0, 1.0)"
0,814486.1,0,0,0,0,0,0,0,0,0,"(0.0, 0.0)","(0.0, 0.0)","(0.0, 0.0)","(0.0, 0.0, 0.0)","(0.0, 0.0, 0.0)","(0.0, 0.0, 0.0)","(0.0, 0.0, 0.0)","(0.0, 0.0, 0.0)","(0.0, 0.0, 0.0)",0,0,0,0,0,0,False,0,0,0,0,0,0,0,0,"(0.0, 6.0, 27.5)","(0.2, 0.0, 0.0, 1.0)"
0,814500.3,0,0,0,0,0,0,0,0,0,"(0.0, 0.0)","(0.0, 0.0)","(0.0, 0.0)","(0.0, 0.0, 0.0)","(0.0, 0.0, 0.0)","(0.0, 0.0, 0.0)","(0.0, 0.0, 0.0)","(0.0, 0.0, 0.0)","(0.0, 0.0, 0.0)",0,0,0,0,0,0,False,0,0,0,0,0,0,0,0,"(0.0, 6.0, 27.7)","(0.2, 0.0, 0.0, 1.0)"
0,814513.5,0,0,0,0,0,0,0,0,0,"(0.0, 0.0)","(0.0, 0.0)","(0.0, 0.0)","(0.0, 0.0, 0.0)","(0.0, 0.0, 0.0)","(0.0, 0.0, 0.0)","(0.0, 0.0, 0.0)","(0.0, 0.0, 0.0)","(0.0, 0.0, 0.0)",0,0,0,0,0,0,False,0,0,0,0,0,0,0,0,"(0.0, 6.0, 27.8)","(0.2, 0.0, 0.0, 1.0)"
0,814527.8,0,0,0,0,0,0,0,0,0,"(0.0, 0.0)","(0.0, 0.0)","(0.0, 0.0)","(0.0, 0.0, 0.0)","(0.0, 0.0, 0.0)","(0.0, 0.0, 0.0)","(0.0, 0.0, 0.0)","(0.0, 0.0, 0.0)","(0.0, 0.0, 0.0)",0,0,0,0,0,0,False,0,0,0,0,0,0,0,0,"(0.0, 6.0, 28.0)","(0.2, 0.0, 0.0, 1.0)"
0,814540.9,0,0,0,0,0,0,0,0,0,"(0.0, 0.0)","(0.0, 0.0)","(0.0, 0.0)","(0.0, 0.0, 0.0)","(0.0, 0.0, 0.0)","(0.0, 0.0, 0.0)","(0.0, 0.0, 0.0)","(0.0, 0.0, 0.0)","(0.0, 0.0, 0.0)",0,0,0,0,0,0,False,0,0,0,0,0,0,0,0,"(0.0, 6.0, 28.1)","(0.2, 0.0, 0.0, 1.0)"
0,814554.9,0,0,0,0,0,0,0,0,0,"(0.0, 0.0)","(0.0, 0.0)","(0.0, 0.0)","(0.0, 0.0, 0.0)","(0.0, 0.0, 0.0)","(0.0, 0.0, 0.0)","(0.0, 0.0, 0.0)","(0.0, 0.0, 0.0)","(0.0, 0.0, 0.0)",0,0,0,0,0,0,False,0,0,0,0,0,0,0,0,"(0.0, 6.0, 28.3)","(0.2, 0.0, 0.0, 1.0)"
0,814569.5,0,0,0,0,0,0,0,0,0,"(0.0, 0.0)","(0.0, 0.0)","(0.0, 0.0)","(0.0, 0.0, 0.0)","(0.0, 0.0, 0.0)","(0.0, 0.0, 0.0)","(0.0, 0.0, 0.0)","(0.0, 0.0, 0.0)","(0.0, 0.0, 0.0)",0,0,0,0,0,0,False,0,0,0,0,0,0,0,0,"(0.0, 6.0, 28.4)","(0.2, 0.0, 0.0, 1.0)"
0,814585,0,0,0,0,0,0,0,0,0,"(0.0, 0.0)","(0.0, 0.0)","(0.0, 0.0)","(0.0, 0.0, 0.0)","(0.0, 0.0, 0.0)","(0.0, 0.0, 0.0)","(0.0, 0.0, 0.0)","(0.0, 0.0, 0.0)","(0.0, 0.0, 0.0)",0,0,0,0,0,0,False,0,0,0,0,0,0,0,0,"(0.0, 6.0, 28.6)","(0.2, 0.0, 0.0, 1.0)"
0,814600.9,0,0,0,0,0,0,0,0,0,"(0.0, 0.0)","(0.0, 0.0)","(0.0, 0.0)","(0.0, 0.0, 0.0)","(0.0, 0.0, 0.0)","(0.0, 0.0, 0.0)","(0.0, 0.0, 0.0)","(0.0, 0.0, 0.0)","(0.0, 0.0, 0.0)",0,0,0,0,0,0,False,0,0,0,0,0,0,0,0,"(0.0, 6.0, 28.7)","(0.2, 0.0, 0.0, 1.0)"
0,814618.5,0,0,0,0,0,0,0,0,0,"(0.0, 0.0)","(0.0, 0.0)","(0.0, 0.0)","(0.0, 0.0, 0.0)","(0.0, 0.0, 0.0)","(0.0, 0.0, 0.0)","(0.0, 0.0, 0.0)","(0.0, 0.0, 0.0)","(0.0, 0.0, 0.0)",0,0,0,0,0,0,False,0,0,0,0,0,0,0,0,"(0.0, 6.0, 28.9)","(0.2, 0.0, 0.0, 1.0)"
0,814634.8,0,0,0,0,0,0,0,0,0,"(0.0, 0.0)","(0.0, 0.0)","(0.0, 0.0)","(0.0, 0.0, 0.0)","(0.0, 0.0, 0.0)","(0.0, 0.0, 0.0)","(0.0, 0.0, 0.0)","(0.0, 0.0, 0.0)","(0.0, 0.0, 0.0)",0,0,0,0,0,0,False,0,0,0,0,0,0,0,0,"(0.0, 6.0, 29.0)","(0.2, 0.0, 0.0, 1.0)"
0,814648.8,0,0,0,0,0,0,0,0,0,"(0.0, 0.0)","(0.0, 0.0)","(0.0, 0.0)","(0.0, 0.0, 0.0)","(0.0, 0.0, 0.0)","(0.0, 0.0, 0.0)","(0.0, 0.0, 0.0)","(0.0, 0.0, 0.0)","(0.0, 0.0, 0.0)",0,0,0,0,0,0,False,0,0,0,0,0,0,0,0,"(0.0, 6.0, 29.2)","(0.2, 0.0, 0.0, 1.0)"
0,814661.8,0,0,0,0,0,0,0,0,0,"(0.0, 0.0)","(0.0, 0.0)","(0.0, 0.0)","(0.0, 0.0, 0.0)","(0.0, 0.0, 0.0)","(0.0, 0.0, 0.0)","(0.0, 0.0, 0.0)","(0.0, 0.0, 0.0)","(0.0, 0.0, 0.0)",0,0,0,0,0,0,False,0,0,0,0,0,0,0,0,"(0.0, 6.0, 29.3)","(0.2, 0.0, 0.0, 1.0)"
0,814675.3,0,0,0,0,0,0,0,0,0,"(0.0, 0.0)","(0.0, 0.0)","(0.0, 0.0)","(0.0, 0.0, 0.0)","(0.0, 0.0, 0.0)","(0.0, 0.0, 0.0)","(0.0, 0.0, 0.0)","(0.0, 0.0, 0.0)","(0.0, 0.0, 0.0)",0,0,0,0,0,0,False,0,0,0,0,0,0,0,0,"(0.0, 6.0, 29.5)","(0.2, 0.0, 0.0, 1.0)"
0,814688.7,0,0,0,0,0,0,0,0,0,"(0.0, 0.0)","(0.0, 0.0)","(0.0, 0.0)","(0.0, 0.0, 0.0)","(0.0, 0.0, 0.0)","(0.0, 0.0, 0.0)","(0.0, 0.0, 0.0)","(0.0, 0.0, 0.0)","(0.0, 0.0, 0.0)",0,0,0,0,0,0,False,0,0,0,0,0,0,0,0,"(0.0, 6.0, 29.6)","(0.2, 0.0, 0.0, 1.0)"
0,814704,0,0,0,0,0,0,0,0,0,"(0.0, 0.0)","(0.0, 0.0)","(0.0, 0.0)","(0.0, 0.0, 0.0)","(0.0, 0.0, 0.0)","(0.0, 0.0, 0.0)","(0.0, 0.0, 0.0)","(0.0, 0.0, 0.0)","(0.0, 0.0, 0.0)",0,0,0,0,0,0,False,0,0,0,0,0,0,0,0,"(0.0, 6.0, 29.8)","(0.2, 0.0, 0.0, 1.0)"
0,814719.8,0,0,0,0,0,0,0,0,0,"(0.0, 0.0)","(0.0, 0.0)","(0.0, 0.0)","(0.0, 0.0, 0.0)","(0.0, 0.0, 0.0)","(0.0, 0.0, 0.0)","(0.0, 0.0, 0.0)","(0.0, 0.0, 0.0)","(0.0, 0.0, 0.0)",0,0,0,0,0,0,False,0,0,0,0,0,0,0,0,"(0.0, 6.0, 29.9)","(0.2, 0.0, 0.0, 1.0)"
0,814735.6,0,0,0,0,0,0,0,0,0,"(0.0, 0.0)","(0.0, 0.0)","(0.0, 0.0)","(0.0, 0.0, 0.0)","(0.0, 0.0, 0.0)","(0.0, 0.0, 0.0)","(0.0, 0.0, 0.0)","(0.0, 0.0, 0.0)","(0.0, 0.0, 0.0)",0,0,0,0,0,0,False,0,0,0,0,0,0,0,0,"(0.0, 6.0, 30.1)","(0.2, 0.0, 0.0, 1.0)"
0,814751.4,0,0,0,0,0,0,0,0,0,"(0.0, 0.0)","(0.0, 0.0)","(0.0, 0.0)","(0.0, 0.0, 0.0)","(0.0, 0.0, 0.0)","(0.0, 0.0, 0.0)","(0.0, 0.0, 0.0)","(0.0, 0.0, 0.0)","(0.0, 0.0, 0.0)",0,0,0,0,0,0,False,0,0,0,0,0,0,0,0,"(0.0, 6.0, 30.2)","(0.2, 0.0, 0.0, 1.0)"
0,814765.7,0,0,0,0,0,0,0,0,0,"(0.0, 0.0)","(0.0, 0.0)","(0.0, 0.0)","(0.0, 0.0, 0.0)","(0.0, 0.0, 0.0)","(0.0, 0.0, 0.0)","(0.0, 0.0, 0.0)","(0.0, 0.0, 0.0)","(0.0, 0.0, 0.0)",0,0,0,0,0,0,False,0,0,0,0,0,0,0,0,"(0.0, 6.0, 30.4)","(0.2, 0.0, 0.0, 1.0)"
0,814780,0,0,0,0,0,0,0,0,0,"(0.0, 0.0)","(0.0, 0.0)","(0.0, 0.0)","(0.0, 0.0, 0.0)","(0.0, 0.0, 0.0)","(0.0, 0.0, 0.0)","(0.0, 0.0, 0.0)","(0.0, 0.0, 0.0)","(0.0, 0.0, 0.0)",0,0,0,0,0,0,False,0,0,0,0,0,0,0,0,"(0.0, 6.0, 30.5)","(0.2, 0.0, 0.0, 1.0)"
0,814799.3,0,0,0,0,0,0,0,0,0,"(0.0, 0.0)","(0.0, 0.0)","(0.0, 0.0)","(0.0, 0.0, 0.0)","(0.0, 0.0, 0.0)","(0.0, 0.0, 0.0)","(0.0, 0.0, 0.0)","(0.0, 0.0, 0.0)","(0.0, 0.0, 0.0)",0,0,0,0,0,0,False,0,0,0,0,0,0,0,0,"(0.0, 6.0, 30.7)","(0.2, 0.0, 0.0, 1.0)"
0,814814.6,0,0,0,0,0,0,0,0,0,"(0.0, 0.0)","(0.0, 0.0)","(0.0, 0.0)","(0.0, 0.0, 0.0)","(0.0, 0.0, 0.0)","(0.0, 0.0, 0.0)","(0.0, 0.0, 0.0)","(0.0, 0.0, 0.0)","(0.0, 0.0, 0.0)",0,0,0,0,0,0,False,0,0,0,0,0,0,0,0,"(0.0, 6.0, 30.8)","(0.2, 0.0, 0.0, 1.0)"
0,814831.7,0,0,0,0,0,0,0,0,0,"(0.0, 0.0)","(0.0, 0.0)","(0.0, 0.0)","(0.0, 0.0, 0.0)","(0.0, 0.0, 0.0)","(0.0, 0.0, 0.0)","(0.0, 0.0, 0.0)","(0.0, 0.0, 0.0)","(0.0, 0.0, 0.0)",0,0,0,0,0,0,False,0,0,0,0,0,0,0,0,"(0.0, 6.0, 31.0)","(0.2, 0.0, 0.0, 1.0)"
0,814845.9,0,0,0,0,0,0,0,0,0,"(0.0, 0.0)","(0.0, 0.0)","(0.0, 0.0)","(0.0, 0.0, 0.0)","(0.0, 0.0, 0.0)","(0.0, 0.0, 0.0)","(0.0, 0.0, 0.0)","(0.0, 0.0, 0.0)","(0.0, 0.0, 0.0)",0,0,0,0,0,0,False,0,0,0,0,0,0,0,0,"(0.0, 6.0, 31.1)","(0.2, 0.0, 0.0, 1.0)"
0,814859.9,0,0,0,0,0,0,0,0,0,"(0.0, 0.0)","(0.0, 0.0)","(0.0, 0.0)","(0.0, 0.0, 0.0)","(0.0, 0.0, 0.0)","(0.0, 0.0, 0.0)","(0.0, 0.0, 0.0)","(0.0, 0.0, 0.0)","(0.0, 0.0, 0.0)",0,0,0,0,0,0,False,0,0,0,0,0,0,0,0,"(0.0, 6.0, 31.3)","(0.2, 0.0, 0.0, 1.0)"
0,814873.8,0,0,0,0,0,0,0,0,0,"(0.0, 0.0)","(0.0, 0.0)","(0.0, 0.0)","(0.0, 0.0, 0.0)","(0.0, 0.0, 0.0)","(0.0, 0.0, 0.0)","(0.0, 0.0, 0.0)","(0.0, 0.0, 0.0)","(0.0, 0.0, 0.0)",0,0,0,0,0,0,False,0,0,0,0,0,0,0,0,"(0.0, 6.0, 31.4)","(0.2, 0.0, 0.0, 1.0)"
0,814888.6,0,0,0,0,0,0,0,0,0,"(0.0, 0.0)","(0.0, 0.0)","(0.0, 0.0)","(0.0, 0.0, 0.0)","(0.0, 0.0, 0.0)","(0.0, 0.0, 0.0)","(0.0, 0.0, 0.0)","(0.0, 0.0, 0.0)","(0.0, 0.0, 0.0)",0,0,0,0,0,0,False,0,0,0,0,0,0,0,0,"(0.0, 6.0, 31.6)","(0.2, 0.0, 0.0, 1.0)"
0,814903.9,0,0,0,0,0,0,0,0,0,"(0.0, 0.0)","(0.0, 0.0)","(0.0, 0.0)","(0.0, 0.0, 0.0)","(0.0, 0.0, 0.0)","(0.0, 0.0, 0.0)","(0.0, 0.0, 0.0)","(0.0, 0.0, 0.0)","(0.0, 0.0, 0.0)",0,0,0,0,0,0,False,0,0,0,0,0,0,0,0,"(0.0, 6.0, 31.7)","(0.2, 0.0, 0.0, 1.0)"
0,814918.8,0,0,0,0,0,0,0,0,0,"(0.0, 0.0)","(0.0, 0.0)","(0.0, 0.0)","(0.0, 0.0, 0.0)","(0.0, 0.0, 0.0)","(0.0, 0.0, 0.0)","(0.0, 0.0, 0.0)","(0.0, 0.0, 0.0)","(0.0, 0.0, 0.0)",0,0,0,0,0,0,False,0,0,0,0,0,0,0,0,"(0.0, 6.0, 31.9)","(0.2, 0.0, 0.0, 1.0)"
0,814934.3,0,0,0,0,0,0,0,0,0,"(0.0, 0.0)","(0.0, 0.0)","(0.0, 0.0)","(0.0, 0.0, 0.0)","(0.0, 0.0, 0.0)","(0.0, 0.0, 0.0)","(0.0, 0.0, 0.0)","(0.0, 0.0, 0.0)","(0.0, 0.0, 0.0)",0,0,0,0,0,0,False,0,0,0,0,0,0,0,0,"(0.0, 6.0, 32.0)","(0.2, 0.0, 0.0, 1.0)"
0,814950.1,0,0,0,0,0,0,0,0,0,"(0.0, 0.0)","(0.0, 0.0)","(0.0, 0.0)","(0.0, 0.0, 0.0)","(0.0, 0.0, 0.0)","(0.0, 0.0, 0.0)","(0.0, 0.0, 0.0)","(0.0, 0.0, 0.0)","(0.0, 0.0, 0.0)",0,0,0,0,0,0,False,0,0,0,0,0,0,0,0,"(0.0, 6.0, 32.2)","(0.2, 0.0, 0.0, 1.0)"
0,814965.8,0,0,0,0,0,0,0,0,0,"(0.0, 0.0)","(0.0, 0.0)","(0.0, 0.0)","(0.0, 0.0, 0.0)","(0.0, 0.0, 0.0)","(0.0, 0.0, 0.0)","(0.0, 0.0, 0.0)","(0.0, 0.0, 0.0)","(0.0, 0.0, 0.0)",0,0,0,0,0,0,False,0,0,0,0,0,0,0,0,"(0.0, 6.0, 32.3)","(0.2, 0.0, 0.0, 1.0)"
0,814981.5,0,0,0,0,0,0,0,0,0,"(0.0, 0.0)","(0.0, 0.0)","(0.0, 0.0)","(0.0, 0.0, 0.0)","(0.0, 0.0, 0.0)","(0.0, 0.0, 0.0)","(0.0, 0.0, 0.0)","(0.0, 0.0, 0.0)","(0.0, 0.0, 0.0)",0,0,0,0,0,0,False,0,0,0,0,0,0,0,0,"(0.0, 6.0, 32.5)","(0.2, 0.0, 0.0, 1.0)"
0,814996.2,0,0,0,0,0,0,0,0,0,"(0.0, 0.0)","(0.0, 0.0)","(0.0, 0.0)","(0.0, 0.0, 0.0)","(0.0, 0.0, 0.0)","(0.0, 0.0, 0.0)","(0.0, 0.0, 0.0)","(0.0, 0.0, 0.0)","(0.0, 0.0, 0.0)",0,0,0,0,0,0,False,0,0,0,0,0,0,0,0,"(0.0, 6.0, 32.6)","(0.2, 0.0, 0.0, 1.0)"
0,815011.3,0,0,0,0,0,0,0,0,0,"(0.0, 0.0)","(0.0, 0.0)","(0.0, 0.0)","(0.0, 0.0, 0.0)","(0.0, 0.0, 0.0)","(0.0, 0.0, 0.0)","(0.0, 0.0, 0.0)","(0.0, 0.0, 0.0)","(0.0, 0.0, 0.0)",0,0,0,0,0,0,False,0,0,0,0,0,0,0,0,"(0.0, 6.0, 32.8)","(0.2, 0.0, 0.0, 1.0)"
0,815027.8,0,0,0,0,0,0,0,0,0,"(0.0, 0.0)","(0.0, 0.0)","(0.0, 0.0)","(0.0, 0.0, 0.0)","(0.0, 0.0, 0.0)","(0.0, 0.0, 0.0)","(0.0, 0.0, 0.0)","(0.0, 0.0, 0.0)","(0.0, 0.0, 0.0)",0,0,0,0,0,0,False,0,0,0,0,0,0,0,0,"(0.0, 6.0, 32.9)","(0.2, 0.0, 0.0, 1.0)"
0,815043.1,0,0,0,0,0,0,0,0,0,"(0.0, 0.0)","(0.0, 0.0)","(0.0, 0.0)","(0.0, 0.0, 0.0)","(0.0, 0.0, 0.0)","(0.0, 0.0, 0.0)","(0.0, 0.0, 0.0)","(0.0, 0.0, 0.0)","(0.0, 0.0, 0.0)",0,0,0,0,0,0,False,0,0,0,0,0,0,0,0,"(0.0, 6.0, 33.1)","(0.2, 0.0, 0.0, 1.0)"
0,815062.6,0,0,0,0,0,0,0,0,0,"(0.0, 0.0)","(0.0, 0.0)","(0.0, 0.0)","(0.0, 0.0, 0.0)","(0.0, 0.0, 0.0)","(0.0, 0.0, 0.0)","(0.0, 0.0, 0.0)","(0.0, 0.0, 0.0)","(0.0, 0.0, 0.0)",0,0,0,0,0,0,False,0,0,0,0,0,0,0,0,"(0.0, 6.0, 33.3)","(0.2, 0.0, 0.0, 1.0)"
0,815076.6,0,0,0,0,0,0,0,0,0,"(0.0, 0.0)","(0.0, 0.0)","(0.0, 0.0)","(0.0, 0.0, 0.0)","(0.0, 0.0, 0.0)","(0.0, 0.0, 0.0)","(0.0, 0.0, 0.0)","(0.0, 0.0, 0.0)","(0.0, 0.0, 0.0)",0,0,0,0,0,0,False,0,0,0,0,0,0,0,0,"(0.0, 6.0, 33.4)","(0.2, 0.0, 0.0, 1.0)"
0,815090.1,0,0,0,0,0,0,0,0,0,"(0.0, 0.0)","(0.0, 0.0)","(0.0, 0.0)","(0.0, 0.0, 0.0)","(0.0, 0.0, 0.0)","(0.0, 0.0, 0.0)","(0.0, 0.0, 0.0)","(0.0, 0.0, 0.0)","(0.0, 0.0, 0.0)",0,0,0,0,0,0,False,0,0,0,0,0,0,0,0,"(0.0, 6.0, 33.6)","(0.2, 0.0, 0.0, 1.0)"
0,815104.5,0,0,0,0,0,0,0,0,0,"(0.0, 0.0)","(0.0, 0.0)","(0.0, 0.0)","(0.0, 0.0, 0.0)","(0.0, 0.0, 0.0)","(0.0, 0.0, 0.0)","(0.0, 0.0, 0.0)","(0.0, 0.0, 0.0)","(0.0, 0.0, 0.0)",0,0,0,0,0,0,False,0,0,0,0,0,0,0,0,"(0.0, 6.0, 33.7)","(0.2, 0.0, 0.0, 1.0)"
0,815120.1,0,0,0,0,0,0,0,0,0,"(0.0, 0.0)","(0.0, 0.0)","(0.0, 0.0)","(0.0, 0.0, 0.0)","(0.0, 0.0, 0.0)","(0.0, 0.0, 0.0)","(0.0, 0.0, 0.0)","(0.0, 0.0, 0.0)","(0.0, 0.0, 0.0)",0,0,0,0,0,0,False,0,0,0,0,0,0,0,0,"(0.0, 6.0, 33.9)","(0.2, 0.0, 0.0, 1.0)"
0,815135.4,0,0,0,0,0,0,0,0,0,"(0.0, 0.0)","(0.0, 0.0)","(0.0, 0.0)","(0.0, 0.0, 0.0)","(0.0, 0.0, 0.0)","(0.0, 0.0, 0.0)","(0.0, 0.0, 0.0)","(0.0, 0.0, 0.0)","(0.0, 0.0, 0.0)",0,0,0,0,0,0,False,0,0,0,0,0,0,0,0,"(0.0, 6.0, 34.0)","(0.2, 0.0, 0.0, 1.0)"
0,815150.6,0,0,0,0,0,0,0,0,0,"(0.0, 0.0)","(0.0, 0.0)","(0.0, 0.0)","(0.0, 0.0, 0.0)","(0.0, 0.0, 0.0)","(0.0, 0.0, 0.0)","(0.0, 0.0, 0.0)","(0.0, 0.0, 0.0)","(0.0, 0.0, 0.0)",0,0,0,0,0,0,False,0,0,0,0,0,0,0,0,"(0.0, 6.0, 34.2)","(0.2, 0.0, 0.0, 1.0)"
0,815165.3,0,0,0,0,0,0,0,0,0,"(0.0, 0.0)","(0.0, 0.0)","(0.0, 0.0)","(0.0, 0.0, 0.0)","(0.0, 0.0, 0.0)","(0.0, 0.0, 0.0)","(0.0, 0.0, 0.0)","(0.0, 0.0, 0.0)","(0.0, 0.0, 0.0)",0,0,0,0,0,0,False,0,0,0,0,0,0,0,0,"(0.0, 6.0, 34.3)","(0.2, 0.0, 0.0, 1.0)"
0,815178.8,0,0,0,0,0,0,0,0,0,"(0.0, 0.0)","(0.0, 0.0)","(0.0, 0.0)","(0.0, 0.0, 0.0)","(0.0, 0.0, 0.0)","(0.0, 0.0, 0.0)","(0.0, 0.0, 0.0)","(0.0, 0.0, 0.0)","(0.0, 0.0, 0.0)",0,0,0,0,0,0,False,0,0,0,0,0,0,0,0,"(0.0, 6.0, 34.5)","(0.2, 0.0, 0.0, 1.0)"
0,815193.1,0,0,0,0,0,0,0,0,0,"(0.0, 0.0)","(0.0, 0.0)","(0.0, 0.0)","(0.0, 0.0, 0.0)","(0.0, 0.0, 0.0)","(0.0, 0.0, 0.0)","(0.0, 0.0, 0.0)","(0.0, 0.0, 0.0)","(0.0, 0.0, 0.0)",0,0,0,0,0,0,False,0,0,0,0,0,0,0,0,"(0.0, 6.0, 34.6)","(0.2, 0.0, 0.0, 1.0)"
0,815206.6,0,0,0,0,0,0,0,0,0,"(0.0, 0.0)","(0.0, 0.0)","(0.0, 0.0)","(0.0, 0.0, 0.0)","(0.0, 0.0, 0.0)","(0.0, 0.0, 0.0)","(0.0, 0.0, 0.0)","(0.0, 0.0, 0.0)","(0.0, 0.0, 0.0)",0,0,0,0,0,0,False,0,0,0,0,0,0,0,0,"(0.0, 6.0, 34.8)","(0.2, 0.0, 0.0, 1.0)"
0,815221.4,0,0,0,0,0,0,0,0,0,"(0.0, 0.0)","(0.0, 0.0)","(0.0, 0.0)","(0.0, 0.0, 0.0)","(0.0, 0.0, 0.0)","(0.0, 0.0, 0.0)","(0.0, 0.0, 0.0)","(0.0, 0.0, 0.0)","(0.0, 0.0, 0.0)",0,0,0,0,0,0,False,0,0,0,0,0,0,0,0,"(0.0, 6.0, 34.9)","(0.2, 0.0, 0.0, 1.0)"
0,815236.8,0,0,0,0,0,0,0,0,0,"(0.0, 0.0)","(0.0, 0.0)","(0.0, 0.0)","(0.0, 0.0, 0.0)","(0.0, 0.0, 0.0)","(0.0, 0.0, 0.0)","(0.0, 0.0, 0.0)","(0.0, 0.0, 0.0)","(0.0, 0.0, 0.0)",0,0,0,0,0,0,False,0,0,0,0,0,0,0,0,"(0.0, 6.0, 35.1)","(0.2, 0.0, 0.0, 1.0)"
0,815254,0,0,0,0,0,0,0,0,0,"(0.0, 0.0)","(0.0, 0.0)","(0.0, 0.0)","(0.0, 0.0, 0.0)","(0.0, 0.0, 0.0)","(0.0, 0.0, 0.0)","(0.0, 0.0, 0.0)","(0.0, 0.0, 0.0)","(0.0, 0.0, 0.0)",0,0,0,0,0,0,False,0,0,0,0,0,0,0,0,"(0.0, 6.0, 35.2)","(0.2, 0.0, 0.0, 1.0)"
0,815269.5,0,0,0,0,0,0,0,0,0,"(0.0, 0.0)","(0.0, 0.0)","(0.0, 0.0)","(0.0, 0.0, 0.0)","(0.0, 0.0, 0.0)","(0.0, 0.0, 0.0)","(0.0, 0.0, 0.0)","(0.0, 0.0, 0.0)","(0.0, 0.0, 0.0)",0,0,0,0,0,0,False,0,0,0,0,0,0,0,0,"(0.0, 6.0, 35.4)","(0.2, 0.0, 0.0, 1.0)"
0,815284.9,0,0,0,0,0,0,0,0,0,"(0.0, 0.0)","(0.0, 0.0)","(0.0, 0.0)","(0.0, 0.0, 0.0)","(0.0, 0.0, 0.0)","(0.0, 0.0, 0.0)","(0.0, 0.0, 0.0)","(0.0, 0.0, 0.0)","(0.0, 0.0, 0.0)",0,0,0,0,0,0,False,0,0,0,0,0,0,0,0,"(0.0, 6.0, 35.5)","(0.2, 0.0, 0.0, 1.0)"
0,815301.2,0,0,0,0,0,0,0,0,0,"(0.0, 0.0)","(0.0, 0.0)","(0.0, 0.0)","(0.0, 0.0, 0.0)","(0.0, 0.0, 0.0)","(0.0, 0.0, 0.0)","(0.0, 0.0, 0.0)","(0.0, 0.0, 0.0)","(0.0, 0.0, 0.0)",0,0,0,0,0,0,False,0,0,0,0,0,0,0,0,"(0.0, 6.0, 35.7)","(0.2, 0.0, 0.0, 1.0)"
0,815317.1,0,0,0,0,0,0,0,0,0,"(0.0, 0.0)","(0.0, 0.0)","(0.0, 0.0)","(0.0, 0.0, 0.0)","(0.0, 0.0, 0.0)","(0.0, 0.0, 0.0)","(0.0, 0.0, 0.0)","(0.0, 0.0, 0.0)","(0.0, 0.0, 0.0)",0,0,0,0,0,0,False,0,0,0,0,0,0,0,0,"(0.0, 6.0, 35.8)","(0.2, 0.0, 0.0, 1.0)"
0,815333.3,0,0,0,0,0,0,0,0,0,"(0.0, 0.0)","(0.0, 0.0)","(0.0, 0.0)","(0.0, 0.0, 0.0)","(0.0, 0.0, 0.0)","(0.0, 0.0, 0.0)","(0.0, 0.0, 0.0)","(0.0, 0.0, 0.0)","(0.0, 0.0, 0.0)",0,0,0,0,0,0,False,0,0,0,0,0,0,0,0,"(0.0, 6.0, 36.0)","(0.2, 0.0, 0.0, 1.0)"
0,815349.1,0,0,0,0,0,0,0,0,0,"(0.0, 0.0)","(0.0, 0.0)","(0.0, 0.0)","(0.0, 0.0, 0.0)","(0.0, 0.0, 0.0)","(0.0, 0.0, 0.0)","(0.0, 0.0, 0.0)","(0.0, 0.0, 0.0)","(0.0, 0.0, 0.0)",0,0,0,0,0,0,False,0,0,0,0,0,0,0,0,"(0.0, 6.0, 36.2)","(0.2, 0.0, 0.0, 1.0)"
0,815364.7,0,0,0,0,0,0,0,0,0,"(0.0, 0.0)","(0.0, 0.0)","(0.0, 0.0)","(0.0, 0.0, 0.0)","(0.0, 0.0, 0.0)","(0.0, 0.0, 0.0)","(0.0, 0.0, 0.0)","(0.0, 0.0, 0.0)","(0.0, 0.0, 0.0)",0,0,0,0,0,0,False,0,0,0,0,0,0,0,0,"(0.0, 6.0, 36.3)","(0.2, 0.0, 0.0, 1.0)"
0,815378.9,0,0,0,0,0,0,0,0,0,"(0.0, 0.0)","(0.0, 0.0)","(0.0, 0.0)","(0.0, 0.0, 0.0)","(0.0, 0.0, 0.0)","(0.0, 0.0, 0.0)","(0.0, 0.0, 0.0)","(0.0, 0.0, 0.0)","(0.0, 0.0, 0.0)",0,0,0,0,0,0,False,0,0,0,0,0,0,0,0,"(0.0, 6.0, 36.5)","(0.2, 0.0, 0.0, 1.0)"
0,815394.4,0,0,0,0,0,0,0,0,0,"(0.0, 0.0)","(0.0, 0.0)","(0.0, 0.0)","(0.0, 0.0, 0.0)","(0.0, 0.0, 0.0)","(0.0, 0.0, 0.0)","(0.0, 0.0, 0.0)","(0.0, 0.0, 0.0)","(0.0, 0.0, 0.0)",0,0,0,0,0,0,False,0,0,0,0,0,0,0,0,"(0.0, 6.0, 36.6)","(0.2, 0.0, 0.0, 1.0)"
0,815408.9,0,0,0,0,0,0,0,0,0,"(0.0, 0.0)","(0.0, 0.0)","(0.0, 0.0)","(0.0, 0.0, 0.0)","(0.0, 0.0, 0.0)","(0.0, 0.0, 0.0)","(0.0, 0.0, 0.0)","(0.0, 0.0, 0.0)","(0.0, 0.0, 0.0)",0,0,0,0,0,0,False,0,0,0,0,0,0,0,0,"(0.0, 6.0, 36.8)","(0.2, 0.0, 0.0, 1.0)"
0,815422.9,0,0,0,0,0,0,0,0,0,"(0.0, 0.0)","(0.0, 0.0)","(0.0, 0.0)","(0.0, 0.0, 0.0)","(0.0, 0.0, 0.0)","(0.0, 0.0, 0.0)","(0.0, 0.0, 0.0)","(0.0, 0.0, 0.0)","(0.0, 0.0, 0.0)",0,0,0,0,0,0,False,0,0,0,0,0,0,0,0,"(0.0, 6.0, 36.9)","(0.2, 0.0, 0.0, 1.0)"
0,815439.8,0,0,0,0,0,0,0,0,0,"(0.0, 0.0)","(0.0, 0.0)","(0.0, 0.0)","(0.0, 0.0, 0.0)","(0.0, 0.0, 0.0)","(0.0, 0.0, 0.0)","(0.0, 0.0, 0.0)","(0.0, 0.0, 0.0)","(0.0, 0.0, 0.0)",0,0,0,0,0,0,False,0,0,0,0,0,0,0,0,"(0.0, 6.0, 37.1)","(0.2, 0.0, 0.0, 1.0)"
0,815455.8,0,0,0,0,0,0,0,0,0,"(0.0, 0.0)","(0.0, 0.0)","(0.0, 0.0)","(0.0, 0.0, 0.0)","(0.0, 0.0, 0.0)","(0.0, 0.0, 0.0)","(0.0, 0.0, 0.0)","(0.0, 0.0, 0.0)","(0.0, 0.0, 0.0)",0,0,0,0,0,0,False,0,0,0,0,0,0,0,0,"(0.0, 6.0, 37.2)","(0.2, 0.0, 0.0, 1.0)"
0,815470.8,0,0,0,0,0,0,0,0,0,"(0.0, 0.0)","(0.0, 0.0)","(0.0, 0.0)","(0.0, 0.0, 0.0)","(0.0, 0.0, 0.0)","(0.0, 0.0, 0.0)","(0.0, 0.0, 0.0)","(0.0, 0.0, 0.0)","(0.0, 0.0, 0.0)",0,0,0,0,0,0,False,0,0,0,0,0,0,0,0,"(0.0, 6.0, 37.4)","(0.2, 0.0, 0.0, 1.0)"
0,815486.8,0,0,0,0,0,0,0,0,0,"(0.0, 0.0)","(0.0, 0.0)","(0.0, 0.0)","(0.0, 0.0, 0.0)","(0.0, 0.0, 0.0)","(0.0, 0.0, 0.0)","(0.0, 0.0, 0.0)","(0.0, 0.0, 0.0)","(0.0, 0.0, 0.0)",0,0,0,0,0,0,False,0,0,0,0,0,0,0,0,"(0.0, 6.0, 37.5)","(0.2, 0.0, 0.0, 1.0)"
0,815502,0,0,0,0,0,0,0,0,0,"(0.0, 0.0)","(0.0, 0.0)","(0.0, 0.0)","(0.0, 0.0, 0.0)","(0.0, 0.0, 0.0)","(0.0, 0.0, 0.0)","(0.0, 0.0, 0.0)","(0.0, 0.0, 0.0)","(0.0, 0.0, 0.0)",0,0,0,0,0,0,False,0,0,0,0,0,0,0,0,"(0.0, 6.0, 37.7)","(0.2, 0.0, 0.0, 1.0)"
0,815517.8,0,0,0,0,0,0,0,0,0,"(0.0, 0.0)","(0.0, 0.0)","(0.0, 0.0)","(0.0, 0.0, 0.0)","(0.0, 0.0, 0.0)","(0.0, 0.0, 0.0)","(0.0, 0.0, 0.0)","(0.0, 0.0, 0.0)","(0.0, 0.0, 0.0)",0,0,0,0,0,0,False,0,0,0,0,0,0,0,0,"(0.0, 6.0, 37.8)","(0.2, 0.0, 0.0, 1.0)"
0,815535.1,0,0,0,0,0,0,0,0,0,"(0.0, 0.0)","(0.0, 0.0)","(0.0, 0.0)","(0.0, 0.0, 0.0)","(0.0, 0.0, 0.0)","(0.0, 0.0, 0.0)","(0.0, 0.0, 0.0)","(0.0, 0.0, 0.0)","(0.0, 0.0, 0.0)",0,0,0,0,0,0,False,0,0,0,0,0,0,0,0,"(0.0, 6.0, 38.0)","(0.2, 0.0, 0.0, 1.0)"
0,815549.9,0,0,0,0,0,0,0,0,0,"(0.0, 0.0)","(0.0, 0.0)","(0.0, 0.0)","(0.0, 0.0, 0.0)","(0.0, 0.0, 0.0)","(0.0, 0.0, 0.0)","(0.0, 0.0, 0.0)","(0.0, 0.0, 0.0)","(0.0, 0.0, 0.0)",0,0,0,0,0,0,False,0,0,0,0,0,0,0,0,"(0.0, 6.0, 38.2)","(0.2, 0.0, 0.0, 1.0)"
0,815565.1,0,0,0,0,0,0,0,0,0,"(0.0, 0.0)","(0.0, 0.0)","(0.0, 0.0)","(0.0, 0.0, 0.0)","(0.0, 0.0, 0.0)","(0.0, 0.0, 0.0)","(0.0, 0.0, 0.0)","(0.0, 0.0, 0.0)","(0.0, 0.0, 0.0)",0,0,0,0,0,0,False,0,0,0,0,0,0,0,0,"(0.0, 6.0, 38.3)","(0.2, 0.0, 0.0, 1.0)"
0,815580.1,0,0,0,0,0,0,0,0,0,"(0.0, 0.0)","(0.0, 0.0)","(0.0, 0.0)","(0.0, 0.0, 0.0)","(0.0, 0.0, 0.0)","(0.0, 0.0, 0.0)","(0.0, 0.0, 0.0)","(0.0, 0.0, 0.0)","(0.0, 0.0, 0.0)",0,0,0,0,0,0,False,0,0,0,0,0,0,0,0,"(0.0, 6.0, 38.5)","(0.2, 0.0, 0.0, 1.0)"
0,815594.8,0,0,0,0,0,0,0,0,0,"(0.0, 0.0)","(0.0, 0.0)","(0.0, 0.0)","(0.0, 0.0, 0.0)","(0.0, 0.0, 0.0)","(0.0, 0.0, 0.0)","(0.0, 0.0, 0.0)","(0.0, 0.0, 0.0)","(0.0, 0.0, 0.0)",0,0,0,0,0,0,False,0,0,0,0,0,0,0,0,"(0.0, 6.0, 38.6)","(0.2, 0.0, 0.0, 1.0)"
0,815610.7,0,0,0,0,0,0,0,0,0,"(0.0, 0.0)","(0.0, 0.0)","(0.0, 0.0)","(0.0, 0.0, 0.0)","(0.0, 0.0, 0.0)","(0.0, 0.0, 0.0)","(0.0, 0.0, 0.0)","(0.0, 0.0, 0.0)","(0.0, 0.0, 0.0)",0,0,0,0,0,0,False,0,0,0,0,0,0,0,0,"(0.0, 6.0, 38.8)","(0.2, 0.0, 0.0, 1.0)"
0,815627.4,0,0,0,0,0,0,0,0,0,"(0.0, 0.0)","(0.0, 0.0)","(0.0, 0.0)","(0.0, 0.0, 0.0)","(0.0, 0.0, 0.0)","(0.0, 0.0, 0.0)","(0.0, 0.0, 0.0)","(0.0, 0.0, 0.0)","(0.0, 0.0, 0.0)",0,0,0,0,0,0,False,0,0,0,0,0,0,0,0,"(0.0, 6.0, 38.9)","(0.2, 0.0, 0.0, 1.0)"
0,815642.6,0,0,0,0,0,0,0,0,0,"(0.0, 0.0)","(0.0, 0.0)","(0.0, 0.0)","(0.0, 0.0, 0.0)","(0.0, 0.0, 0.0)","(0.0, 0.0, 0.0)","(0.0, 0.0, 0.0)","(0.0, 0.0, 0.0)","(0.0, 0.0, 0.0)",0,0,0,0,0,0,False,0,0,0,0,0,0,0,0,"(0.0, 6.0, 39.1)","(0.2, 0.0, 0.0, 1.0)"
0,815657,0,0,0,0,0,0,0,0,0,"(0.0, 0.0)","(0.0, 0.0)","(0.0, 0.0)","(0.0, 0.0, 0.0)","(0.0, 0.0, 0.0)","(0.0, 0.0, 0.0)","(0.0, 0.0, 0.0)","(0.0, 0.0, 0.0)","(0.0, 0.0, 0.0)",0,0,0,0,0,0,False,0,0,0,0,0,0,0,0,"(0.0, 6.0, 39.2)","(0.2, 0.0, 0.0, 1.0)"
0,815671.8,0,0,0,0,0,0,0,0,0,"(0.0, 0.0)","(0.0, 0.0)","(0.0, 0.0)","(0.0, 0.0, 0.0)","(0.0, 0.0, 0.0)","(0.0, 0.0, 0.0)","(0.0, 0.0, 0.0)","(0.0, 0.0, 0.0)","(0.0, 0.0, 0.0)",0,0,0,0,0,0,False,0,0,0,0,0,0,0,0,"(0.0, 6.0, 39.4)","(0.2, 0.0, 0.0, 1.0)"
0,815686.8,0,0,0,0,0,0,0,0,0,"(0.0, 0.0)","(0.0, 0.0)","(0.0, 0.0)","(0.0, 0.0, 0.0)","(0.0, 0.0, 0.0)","(0.0, 0.0, 0.0)","(0.0, 0.0, 0.0)","(0.0, 0.0, 0.0)","(0.0, 0.0, 0.0)",0,0,0,0,0,0,False,0,0,0,0,0,0,0,0,"(0.0, 6.0, 39.5)","(0.2, 0.0, 0.0, 1.0)"
0,815701.6,0,0,0,0,0,0,0,0,0,"(0.0, 0.0)","(0.0, 0.0)","(0.0, 0.0)","(0.0, 0.0, 0.0)","(0.0, 0.0, 0.0)","(0.0, 0.0, 0.0)","(0.0, 0.0, 0.0)","(0.0, 0.0, 0.0)","(0.0, 0.0, 0.0)",0,0,0,0,0,0,False,0,0,0,0,0,0,0,0,"(0.0, 6.0, 39.7)","(0.2, 0.0, 0.0, 1.0)"
0,815715.6,0,0,0,0,0,0,0,0,0,"(0.0, 0.0)","(0.0, 0.0)","(0.0, 0.0)","(0.0, 0.0, 0.0)","(0.0, 0.0, 0.0)","(0.0, 0.0, 0.0)","(0.0, 0.0, 0.0)","(0.0, 0.0, 0.0)","(0.0, 0.0, 0.0)",0,0,0,0,0,0,False,0,0,0,0,0,0,0,0,"(0.0, 6.0, 39.8)","(0.2, 0.0, 0.0, 1.0)"
0,815730.9,0,0,0,0,0,0,0,0,0,"(0.0, 0.0)","(0.0, 0.0)","(0.0, 0.0)","(0.0, 0.0, 0.0)","(0.0, 0.0, 0.0)","(0.0, 0.0, 0.0)","(0.0, 0.0, 0.0)","(0.0, 0.0, 0.0)","(0.0, 0.0, 0.0)",0,0,0,0,0,0,False,0,0,0,0,0,0,0,0,"(0.0, 6.0, 40.0)","(0.2, 0.0, 0.0, 1.0)"
0,815745.3,0,0,0,0,0,0,0,0,0,"(0.0, 0.0)","(0.0, 0.0)","(0.0, 0.0)","(0.0, 0.0, 0.0)","(0.0, 0.0, 0.0)","(0.0, 0.0, 0.0)","(0.0, 0.0, 0.0)","(0.0, 0.0, 0.0)","(0.0, 0.0, 0.0)",0,0,0,0,0,0,False,0,0,0,0,0,0,0,0,"(0.0, 6.0, 40.1)","(0.2, 0.0, 0.0, 1.0)"
0,815758.5,0,0,0,0,0,0,0,0,0,"(0.0, 0.0)","(0.0, 0.0)","(0.0, 0.0)","(0.0, 0.0, 0.0)","(0.0, 0.0, 0.0)","(0.0, 0.0, 0.0)","(0.0, 0.0, 0.0)","(0.0, 0.0, 0.0)","(0.0, 0.0, 0.0)",0,0,0,0,0,0,False,0,0,0,0,0,0,0,0,"(0.0, 6.0, 40.3)","(0.2, 0.0, 0.0, 1.0)"
0,815773.2,0,0,0,0,0,0,0,0,0,"(0.0, 0.0)","(0.0, 0.0)","(0.0, 0.0)","(0.0, 0.0, 0.0)","(0.0, 0.0, 0.0)","(0.0, 0.0, 0.0)","(0.0, 0.0, 0.0)","(0.0, 0.0, 0.0)","(0.0, 0.0, 0.0)",0,0,0,0,0,0,False,0,0,0,0,0,0,0,0,"(0.0, 6.0, 40.4)","(0.2, 0.0, 0.0, 1.0)"
0,815788.4,0,0,0,0,0,0,0,0,0,"(0.0, 0.0)","(0.0, 0.0)","(0.0, 0.0)","(0.0, 0.0, 0.0)","(0.0, 0.0, 0.0)","(0.0, 0.0, 0.0)","(0.0, 0.0, 0.0)","(0.0, 0.0, 0.0)","(0.0, 0.0, 0.0)",0,0,0,0,0,0,False,0,0,0,0,0,0,0,0,"(0.0, 6.0, 40.6)","(0.2, 0.0, 0.0, 1.0)"
0,815804.3,0,0,0,0,0,0,0,0,0,"(0.0, 0.0)","(0.0, 0.0)","(0.0, 0.0)","(0.0, 0.0, 0.0)","(0.0, 0.0, 0.0)","(0.0, 0.0, 0.0)","(0.0, 0.0, 0.0)","(0.0, 0.0, 0.0)","(0.0, 0.0, 0.0)",0,0,0,0,0,0,False,0,0,0,0,0,0,0,0,"(0.0, 6.0, 40.7)","(0.2, 0.0, 0.0, 1.0)"
0,815819.6,0,0,0,0,0,0,0,0,0,"(0.0, 0.0)","(0.0, 0.0)","(0.0, 0.0)","(0.0, 0.0, 0.0)","(0.0, 0.0, 0.0)","(0.0, 0.0, 0.0)","(0.0, 0.0, 0.0)","(0.0, 0.0, 0.0)","(0.0, 0.0, 0.0)",0,0,0,0,0,0,False,0,0,0,0,0,0,0,0,"(0.0, 6.0, 40.9)","(0.2, 0.0, 0.0, 1.0)"
0,815835.4,0,0,0,0,0,0,0,0,0,"(0.0, 0.0)","(0.0, 0.0)","(0.0, 0.0)","(0.0, 0.0, 0.0)","(0.0, 0.0, 0.0)","(0.0, 0.0, 0.0)","(0.0, 0.0, 0.0)","(0.0, 0.0, 0.0)","(0.0, 0.0, 0.0)",0,0,0,0,0,0,False,0,0,0,0,0,0,0,0,"(0.0, 6.0, 41.0)","(0.2, 0.0, 0.0, 1.0)"
0,815852.4,0,0,0,0,0,0,0,0,0,"(0.0, 0.0)","(0.0, 0.0)","(0.0, 0.0)","(0.0, 0.0, 0.0)","(0.0, 0.0, 0.0)","(0.0, 0.0, 0.0)","(0.0, 0.0, 0.0)","(0.0, 0.0, 0.0)","(0.0, 0.0, 0.0)",0,0,0,0,0,0,False,0,0,0,0,0,0,0,0,"(0.0, 6.0, 41.2)","(0.2, 0.0, 0.0, 1.0)"
0,815868.5,0,0,0,0,0,0,0,0,0,"(0.0, 0.0)","(0.0, 0.0)","(0.0, 0.0)","(0.0, 0.0, 0.0)","(0.0, 0.0, 0.0)","(0.0, 0.0, 0.0)","(0.0, 0.0, 0.0)","(0.0, 0.0, 0.0)","(0.0, 0.0, 0.0)",0,0,0,0,0,0,False,0,0,0,0,0,0,0,0,"(0.0, 6.0, 41.4)","(0.2, 0.0, 0.0, 1.0)"
0,815885.6,0,0,0,0,0,0,0,0,0,"(0.0, 0.0)","(0.0, 0.0)","(0.0, 0.0)","(0.0, 0.0, 0.0)","(0.0, 0.0, 0.0)","(0.0, 0.0, 0.0)","(0.0, 0.0, 0.0)","(0.0, 0.0, 0.0)","(0.0, 0.0, 0.0)",0,0,0,0,0,0,False,0,0,0,0,0,0,0,0,"(0.0, 6.0, 41.5)","(0.2, 0.0, 0.0, 1.0)"
0,815901.5,0,0,0,0,0,0,0,0,0,"(0.0, 0.0)","(0.0, 0.0)","(0.0, 0.0)","(0.0, 0.0, 0.0)","(0.0, 0.0, 0.0)","(0.0, 0.0, 0.0)","(0.0, 0.0, 0.0)","(0.0, 0.0, 0.0)","(0.0, 0.0, 0.0)",0,0,0,0,0,0,False,0,0,0,0,0,0,0,0,"(0.0, 6.0, 41.7)","(0.2, 0.0, 0.0, 1.0)"
0,815917.9,0,0,0,0,0,0,0,0,0,"(0.0, 0.0)","(0.0, 0.0)","(0.0, 0.0)","(0.0, 0.0, 0.0)","(0.0, 0.0, 0.0)","(0.0, 0.0, 0.0)","(0.0, 0.0, 0.0)","(0.0, 0.0, 0.0)","(0.0, 0.0, 0.0)",0,0,0,0,0,0,False,0,0,0,0,0,0,0,0,"(0.0, 6.0, 41.8)","(0.2, 0.0, 0.0, 1.0)"
0,815934.1,0,0,0,0,0,0,0,0,0,"(0.0, 0.0)","(0.0, 0.0)","(0.0, 0.0)","(0.0, 0.0, 0.0)","(0.0, 0.0, 0.0)","(0.0, 0.0, 0.0)","(0.0, 0.0, 0.0)","(0.0, 0.0, 0.0)","(0.0, 0.0, 0.0)",0,0,0,0,0,0,False,0,0,0,0,0,0,0,0,"(0.0, 6.0, 42.0)","(0.2, 0.0, 0.0, 1.0)"
0,815950.2,0,0,0,0,0,0,0,0,0,"(0.0, 0.0)","(0.0, 0.0)","(0.0, 0.0)","(0.0, 0.0, 0.0)","(0.0, 0.0, 0.0)","(0.0, 0.0, 0.0)","(0.0, 0.0, 0.0)","(0.0, 0.0, 0.0)","(0.0, 0.0, 0.0)",0,0,0,0,0,0,False,0,0,0,0,0,0,0,0,"(0.0, 6.0, 42.1)","(0.2, 0.0, 0.0, 1.0)"
0,815966.9,0,0,0,0,0,0,0,0,0,"(0.0, 0.0)","(0.0, 0.0)","(0.0, 0.0)","(0.0, 0.0, 0.0)","(0.0, 0.0, 0.0)","(0.0, 0.0, 0.0)","(0.0, 0.0, 0.0)","(0.0, 0.0, 0.0)","(0.0, 0.0, 0.0)",0,0,0,0,0,0,False,0,0,0,0,0,0,0,0,"(0.0, 6.0, 42.3)","(0.2, 0.0, 0.0, 1.0)"
0,815981.8,0,0,0,0,0,0,0,0,0,"(0.0, 0.0)","(0.0, 0.0)","(0.0, 0.0)","(0.0, 0.0, 0.0)","(0.0, 0.0, 0.0)","(0.0, 0.0, 0.0)","(0.0, 0.0, 0.0)","(0.0, 0.0, 0.0)","(0.0, 0.0, 0.0)",0,0,0,0,0,0,False,0,0,0,0,0,0,0,0,"(0.0, 6.0, 42.5)","(0.2, 0.0, 0.0, 1.0)"
0,815996.6,0,0,0,0,0,0,0,0,0,"(0.0, 0.0)","(0.0, 0.0)","(0.0, 0.0)","(0.0, 0.0, 0.0)","(0.0, 0.0, 0.0)","(0.0, 0.0, 0.0)","(0.0, 0.0, 0.0)","(0.0, 0.0, 0.0)","(0.0, 0.0, 0.0)",0,0,0,0,0,0,False,0,0,0,0,0,0,0,0,"(0.0, 6.0, 42.6)","(0.2, 0.0, 0.0, 1.0)"
0,816011.9,0,0,0,0,0,0,0,0,0,"(0.0, 0.0)","(0.0, 0.0)","(0.0, 0.0)","(0.0, 0.0, 0.0)","(0.0, 0.0, 0.0)","(0.0, 0.0, 0.0)","(0.0, 0.0, 0.0)","(0.0, 0.0, 0.0)","(0.0, 0.0, 0.0)",0,0,0,0,0,0,False,0,0,0,0,0,0,0,0,"(0.0, 6.0, 42.8)","(0.2, 0.0, 0.0, 1.0)"
0,816027.4,0,0,0,0,0,0,0,0,0,"(0.0, 0.0)","(0.0, 0.0)","(0.0, 0.0)","(0.0, 0.0, 0.0)","(0.0, 0.0, 0.0)","(0.0, 0.0, 0.0)","(0.0, 0.0, 0.0)","(0.0, 0.0, 0.0)","(0.0, 0.0, 0.0)",0,0,0,0,0,0,False,0,0,0,0,0,0,0,0,"(0.0, 6.0, 42.9)","(0.2, 0.0, 0.0, 1.0)"
0,816042.4,0,0,0,0,0,0,0,0,0,"(0.0, 0.0)","(0.0, 0.0)","(0.0, 0.0)","(0.0, 0.0, 0.0)","(0.0, 0.0, 0.0)","(0.0, 0.0, 0.0)","(0.0, 0.0, 0.0)","(0.0, 0.0, 0.0)","(0.0, 0.0, 0.0)",0,0,0,0,0,0,False,0,0,0,0,0,0,0,0,"(0.0, 6.0, 43.1)","(0.2, 0.0, 0.0, 1.0)"
0,816057.5,0,0,0,0,0,0,0,0,0,"(0.0, 0.0)","(0.0, 0.0)","(0.0, 0.0)","(0.0, 0.0, 0.0)","(0.0, 0.0, 0.0)","(0.0, 0.0, 0.0)","(0.0, 0.0, 0.0)","(0.0, 0.0, 0.0)","(0.0, 0.0, 0.0)",0,0,0,0,0,0,False,0,0,0,0,0,0,0,0,"(0.0, 6.0, 43.2)","(0.2, 0.0, 0.0, 1.0)"
0,816072.4,0,0,0,0,0,0,0,0,0,"(0.0, 0.0)","(0.0, 0.0)","(0.0, 0.0)","(0.0, 0.0, 0.0)","(0.0, 0.0, 0.0)","(0.0, 0.0, 0.0)","(0.0, 0.0, 0.0)","(0.0, 0.0, 0.0)","(0.0, 0.0, 0.0)",0,0,0,0,0,0,False,0,0,0,0,0,0,0,0,"(0.0, 6.0, 43.4)","(0.2, 0.0, 0.0, 1.0)"
0,816088.3,0,0,0,0,0,0,0,0,0,"(0.0, 0.0)","(0.0, 0.0)","(0.0, 0.0)","(0.0, 0.0, 0.0)","(0.0, 0.0, 0.0)","(0.0, 0.0, 0.0)","(0.0, 0.0, 0.0)","(0.0, 0.0, 0.0)","(0.0, 0.0, 0.0)",0,0,0,0,0,0,False,0,0,0,0,0,0,0,0,"(0.0, 6.0, 43.5)","(0.2, 0.0, 0.0, 1.0)"
0,816103.5,0,0,0,0,0,0,0,0,0,"(0.0, 0.0)","(0.0, 0.0)","(0.0, 0.0)","(0.0, 0.0, 0.0)","(0.0, 0.0, 0.0)","(0.0, 0.0, 0.0)","(0.0, 0.0, 0.0)","(0.0, 0.0, 0.0)","(0.0, 0.0, 0.0)",0,0,0,0,0,0,False,0,0,0,0,0,0,0,0,"(0.0, 6.0, 43.7)","(0.2, 0.0, 0.0, 1.0)"
0,816119,0,0,0,0,0,0,0,0,0,"(0.0, 0.0)","(0.0, 0.0)","(0.0, 0.0)","(0.0, 0.0, 0.0)","(0.0, 0.0, 0.0)","(0.0, 0.0, 0.0)","(0.0, 0.0, 0.0)","(0.0, 0.0, 0.0)","(0.0, 0.0, 0.0)",0,0,0,0,0,0,False,0,0,0,0,0,0,0,0,"(0.0, 6.0, 43.9)","(0.2, 0.0, 0.0, 1.0)"
0,816135.6,0,0,0,0,0,0,0,0,0,"(0.0, 0.0)","(0.0, 0.0)","(0.0, 0.0)","(0.0, 0.0, 0.0)","(0.0, 0.0, 0.0)","(0.0, 0.0, 0.0)","(0.0, 0.0, 0.0)","(0.0, 0.0, 0.0)","(0.0, 0.0, 0.0)",0,0,0,0,0,0,False,0,0,0,0,0,0,0,0,"(0.0, 6.0, 44.0)","(0.2, 0.0, 0.0, 1.0)"
0,816151,0,0,0,0,0,0,0,0,0,"(0.0, 0.0)","(0.0, 0.0)","(0.0, 0.0)","(0.0, 0.0, 0.0)","(0.0, 0.0, 0.0)","(0.0, 0.0, 0.0)","(0.0, 0.0, 0.0)","(0.0, 0.0, 0.0)","(0.0, 0.0, 0.0)",0,0,0,0,0,0,False,0,0,0,0,0,0,0,0,"(0.0, 6.0, 44.2)","(0.2, 0.0, 0.0, 1.0)"
0,816167.5,0,0,0,0,0,0,0,0,0,"(0.0, 0.0)","(0.0, 0.0)","(0.0, 0.0)","(0.0, 0.0, 0.0)","(0.0, 0.0, 0.0)","(0.0, 0.0, 0.0)","(0.0, 0.0, 0.0)","(0.0, 0.0, 0.0)","(0.0, 0.0, 0.0)",0,0,0,0,0,0,False,0,0,0,0,0,0,0,0,"(0.0, 6.0, 44.3)","(0.2, 0.0, 0.0, 1.0)"
0,816181.1,0,0,0,0,0,0,0,0,0,"(0.0, 0.0)","(0.0, 0.0)","(0.0, 0.0)","(0.0, 0.0, 0.0)","(0.0, 0.0, 0.0)","(0.0, 0.0, 0.0)","(0.0, 0.0, 0.0)","(0.0, 0.0, 0.0)","(0.0, 0.0, 0.0)",0,0,0,0,0,0,False,0,0,0,0,0,0,0,0,"(0.0, 6.0, 44.5)","(0.2, 0.0, 0.0, 1.0)"
0,816195.1,0,0,0,0,0,0,0,0,0,"(0.0, 0.0)","(0.0, 0.0)","(0.0, 0.0)","(0.0, 0.0, 0.0)","(0.0, 0.0, 0.0)","(0.0, 0.0, 0.0)","(0.0, 0.0, 0.0)","(0.0, 0.0, 0.0)","(0.0, 0.0, 0.0)",0,0,0,0,0,0,False,0,0,0,0,0,0,0,0,"(0.0, 6.0, 44.6)","(0.2, 0.0, 0.0, 1.0)"
0,816209.8,0,0,0,0,0,0,0,0,0,"(0.0, 0.0)","(0.0, 0.0)","(0.0, 0.0)","(0.0, 0.0, 0.0)","(0.0, 0.0, 0.0)","(0.0, 0.0, 0.0)","(0.0, 0.0, 0.0)","(0.0, 0.0, 0.0)","(0.0, 0.0, 0.0)",0,0,0,0,0,0,False,0,0,0,0,0,0,0,0,"(0.0, 6.0, 44.8)","(0.2, 0.0, 0.0, 1.0)"
0,816225.9,0,0,0,0,0,0,0,0,0,"(0.0, 0.0)","(0.0, 0.0)","(0.0, 0.0)","(0.0, 0.0, 0.0)","(0.0, 0.0, 0.0)","(0.0, 0.0, 0.0)","(0.0, 0.0, 0.0)","(0.0, 0.0, 0.0)","(0.0, 0.0, 0.0)",0,0,0,0,0,0,False,0,0,0,0,0,0,0,0,"(0.0, 6.0, 44.9)","(0.2, 0.0, 0.0, 1.0)"
0,816239.7,0,0,0,0,0,0,0,0,0,"(0.0, 0.0)","(0.0, 0.0)","(0.0, 0.0)","(0.0, 0.0, 0.0)","(0.0, 0.0, 0.0)","(0.0, 0.0, 0.0)","(0.0, 0.0, 0.0)","(0.0, 0.0, 0.0)","(0.0, 0.0, 0.0)",0,0,0,0,0,0,False,0,0,0,0,0,0,0,0,"(0.0, 6.0, 45.1)","(0.2, 0.0, 0.0, 1.0)"
0,816255.6,0,0,0,0,0,0,0,0,0,"(0.0, 0.0)","(0.0, 0.0)","(0.0, 0.0)","(0.0, 0.0, 0.0)","(0.0, 0.0, 0.0)","(0.0, 0.0, 0.0)","(0.0, 0.0, 0.0)","(0.0, 0.0, 0.0)","(0.0, 0.0, 0.0)",0,0,0,0,0,0,False,0,0,0,0,0,0,0,0,"(0.0, 6.0, 45.2)","(0.2, 0.0, 0.0, 1.0)"
0,816270.8,0,0,0,0,0,0,0,0,0,"(0.0, 0.0)","(0.0, 0.0)","(0.0, 0.0)","(0.0, 0.0, 0.0)","(0.0, 0.0, 0.0)","(0.0, 0.0, 0.0)","(0.0, 0.0, 0.0)","(0.0, 0.0, 0.0)","(0.0, 0.0, 0.0)",0,0,0,0,0,0,False,0,0,0,0,0,0,0,0,"(0.0, 6.0, 45.4)","(0.2, 0.0, 0.0, 1.0)"
0,816286.4,0,0,0,0,0,0,0,0,0,"(0.0, 0.0)","(0.0, 0.0)","(0.0, 0.0)","(0.0, 0.0, 0.0)","(0.0, 0.0, 0.0)","(0.0, 0.0, 0.0)","(0.0, 0.0, 0.0)","(0.0, 0.0, 0.0)","(0.0, 0.0, 0.0)",0,0,0,0,0,0,False,0,0,0,0,0,0,0,0,"(0.0, 6.0, 45.5)","(0.2, 0.0, 0.0, 1.0)"
0,816303.4,0,0,0,0,0,0,0,0,0,"(0.0, 0.0)","(0.0, 0.0)","(0.0, 0.0)","(0.0, 0.0, 0.0)","(0.0, 0.0, 0.0)","(0.0, 0.0, 0.0)","(0.0, 0.0, 0.0)","(0.0, 0.0, 0.0)","(0.0, 0.0, 0.0)",0,0,0,0,0,0,False,0,0,0,0,0,0,0,0,"(0.0, 6.0, 45.7)","(0.2, 0.0, 0.0, 1.0)"
0,816320.4,0,0,0,0,0,0,0,0,0,"(0.0, 0.0)","(0.0, 0.0)","(0.0, 0.0)","(0.0, 0.0, 0.0)","(0.0, 0.0, 0.0)","(0.0, 0.0, 0.0)","(0.0, 0.0, 0.0)","(0.0, 0.0, 0.0)","(0.0, 0.0, 0.0)",0,0,0,0,0,0,False,0,0,0,0,0,0,0,0,"(0.0, 6.0, 45.9)","(0.2, 0.0, 0.0, 1.0)"
0,816336.6,0,0,0,0,0,0,0,0,0,"(0.0, 0.0)","(0.0, 0.0)","(0.0, 0.0)","(0.0, 0.0, 0.0)","(0.0, 0.0, 0.0)","(0.0, 0.0, 0.0)","(0.0, 0.0, 0.0)","(0.0, 0.0, 0.0)","(0.0, 0.0, 0.0)",0,0,0,0,0,0,False,0,0,0,0,0,0,0,0,"(0.0, 6.0, 46.0)","(0.2, 0.0, 0.0, 1.0)"
0,816352.2,0,0,0,0,0,0,0,0,0,"(0.0, 0.0)","(0.0, 0.0)","(0.0, 0.0)","(0.0, 0.0, 0.0)","(0.0, 0.0, 0.0)","(0.0, 0.0, 0.0)","(0.0, 0.0, 0.0)","(0.0, 0.0, 0.0)","(0.0, 0.0, 0.0)",0,0,0,0,0,0,False,0,0,0,0,0,0,0,0,"(0.0, 6.0, 46.2)","(0.2, 0.0, 0.0, 1.0)"
0,816371.8,0,0,0,0,0,0,0,0,0,"(0.0, 0.0)","(0.0, 0.0)","(0.0, 0.0)","(0.0, 0.0, 0.0)","(0.0, 0.0, 0.0)","(0.0, 0.0, 0.0)","(0.0, 0.0, 0.0)","(0.0, 0.0, 0.0)","(0.0, 0.0, 0.0)",0,0,0,0,0,0,False,0,0,0,0,0,0,0,0,"(0.0, 6.0, 46.3)","(0.2, 0.0, 0.0, 1.0)"
0,816386.4,0,0,0,0,0,0,0,0,0,"(0.0, 0.0)","(0.0, 0.0)","(0.0, 0.0)","(0.0, 0.0, 0.0)","(0.0, 0.0, 0.0)","(0.0, 0.0, 0.0)","(0.0, 0.0, 0.0)","(0.0, 0.0, 0.0)","(0.0, 0.0, 0.0)",0,0,0,0,0,0,False,0,0,0,0,0,0,0,0,"(0.0, 6.0, 46.5)","(0.2, 0.0, 0.0, 1.0)"
0,816401.5,0,0,0,0,0,0,0,0,0,"(0.0, 0.0)","(0.0, 0.0)","(0.0, 0.0)","(0.0, 0.0, 0.0)","(0.0, 0.0, 0.0)","(0.0, 0.0, 0.0)","(0.0, 0.0, 0.0)","(0.0, 0.0, 0.0)","(0.0, 0.0, 0.0)",0,0,0,0,0,0,False,0,0,0,0,0,0,0,0,"(0.0, 6.0, 46.6)","(0.2, 0.0, 0.0, 1.0)"
0,816417.1,0,0,0,0,0,0,0,0,0,"(0.0, 0.0)","(0.0, 0.0)","(0.0, 0.0)","(0.0, 0.0, 0.0)","(0.0, 0.0, 0.0)","(0.0, 0.0, 0.0)","(0.0, 0.0, 0.0)","(0.0, 0.0, 0.0)","(0.0, 0.0, 0.0)",0,0,0,0,0,0,False,0,0,0,0,0,0,0,0,"(0.0, 6.0, 46.8)","(0.2, 0.0, 0.0, 1.0)"
0,816433.6,0,0,0,0,0,0,0,0,0,"(0.0, 0.0)","(0.0, 0.0)","(0.0, 0.0)","(0.0, 0.0, 0.0)","(0.0, 0.0, 0.0)","(0.0, 0.0, 0.0)","(0.0, 0.0, 0.0)","(0.0, 0.0, 0.0)","(0.0, 0.0, 0.0)",0,0,0,0,0,0,False,0,0,0,0,0,0,0,0,"(0.0, 6.0, 47.0)","(0.2, 0.0, 0.0, 1.0)"
0,816450,0,0,0,0,0,0,0,0,0,"(0.0, 0.0)","(0.0, 0.0)","(0.0, 0.0)","(0.0, 0.0, 0.0)","(0.0, 0.0, 0.0)","(0.0, 0.0, 0.0)","(0.0, 0.0, 0.0)","(0.0, 0.0, 0.0)","(0.0, 0.0, 0.0)",0,0,0,0,0,0,False,0,0,0,0,0,0,0,0,"(0.0, 6.0, 47.1)","(0.2, 0.0, 0.0, 1.0)"
0,816465,0,0,0,0,0,0,0,0,0,"(0.0, 0.0)","(0.0, 0.0)","(0.0, 0.0)","(0.0, 0.0, 0.0)","(0.0, 0.0, 0.0)","(0.0, 0.0, 0.0)","(0.0, 0.0, 0.0)","(0.0, 0.0, 0.0)","(0.0, 0.0, 0.0)",0,0,0,0,0,0,False,0,0,0,0,0,0,0,0,"(0.0, 6.0, 47.3)","(0.2, 0.0, 0.0, 1.0)"
0,816481.1,0,0,0,0,0,0,0,0,0,"(0.0, 0.0)","(0.0, 0.0)","(0.0, 0.0)","(0.0, 0.0, 0.0)","(0.0, 0.0, 0.0)","(0.0, 0.0, 0.0)","(0.0, 0.0, 0.0)","(0.0, 0.0, 0.0)","(0.0, 0.0, 0.0)",0,0,0,0,0,0,False,0,0,0,0,0,0,0,0,"(0.0, 6.0, 47.4)","(0.2, 0.0, 0.0, 1.0)"
0,816496.2,0,0,0,0,0,0,0,0,0,"(0.0, 0.0)","(0.0, 0.0)","(0.0, 0.0)","(0.0, 0.0, 0.0)","(0.0, 0.0, 0.0)","(0.0, 0.0, 0.0)","(0.0, 0.0, 0.0)","(0.0, 0.0, 0.0)","(0.0, 0.0, 0.0)",0,0,0,0,0,0,False,0,0,0,0,0,0,0,0,"(0.0, 6.0, 47.6)","(0.2, 0.0, 0.0, 1.0)"
0,816510.1,0,0,0,0,0,0,0,0,0,"(0.0, 0.0)","(0.0, 0.0)","(0.0, 0.0)","(0.0, 0.0, 0.0)","(0.0, 0.0, 0.0)","(0.0, 0.0, 0.0)","(0.0, 0.0, 0.0)","(0.0, 0.0, 0.0)","(0.0, 0.0, 0.0)",0,0,0,0,0,0,False,0,0,0,0,0,0,0,0,"(0.0, 6.0, 47.7)","(0.2, 0.0, 0.0, 1.0)"
0,816525,0,0,0,0,0,0,0,0,0,"(0.0, 0.0)","(0.0, 0.0)","(0.0, 0.0)","(0.0, 0.0, 0.0)","(0.0, 0.0, 0.0)","(0.0, 0.0, 0.0)","(0.0, 0.0, 0.0)","(0.0, 0.0, 0.0)","(0.0, 0.0, 0.0)",0,0,0,0,0,0,False,0,0,0,0,0,0,0,0,"(0.0, 6.0, 47.9)","(0.2, 0.0, 0.0, 1.0)"
0,816540.1,0,0,0,0,0,0,0,0,0,"(0.0, 0.0)","(0.0, 0.0)","(0.0, 0.0)","(0.0, 0.0, 0.0)","(0.0, 0.0, 0.0)","(0.0, 0.0, 0.0)","(0.0, 0.0, 0.0)","(0.0, 0.0, 0.0)","(0.0, 0.0, 0.0)",0,0,0,0,0,0,False,0,0,0,0,0,0,0,0,"(0.0, 6.0, 48.1)","(0.2, 0.0, 0.0, 1.0)"
0,816555.3,0,0,0,0,0,0,0,0,0,"(0.0, 0.0)","(0.0, 0.0)","(0.0, 0.0)","(0.0, 0.0, 0.0)","(0.0, 0.0, 0.0)","(0.0, 0.0, 0.0)","(0.0, 0.0, 0.0)","(0.0, 0.0, 0.0)","(0.0, 0.0, 0.0)",0,0,0,0,0,0,False,0,0,0,0,0,0,0,0,"(0.0, 6.0, 48.2)","(0.2, 0.0, 0.0, 1.0)"
0,816571.1,0,0,0,0,0,0,0,0,0,"(0.0, 0.0)","(0.0, 0.0)","(0.0, 0.0)","(0.0, 0.0, 0.0)","(0.0, 0.0, 0.0)","(0.0, 0.0, 0.0)","(0.0, 0.0, 0.0)","(0.0, 0.0, 0.0)","(0.0, 0.0, 0.0)",0,0,0,0,0,0,False,0,0,0,0,0,0,0,0,"(0.0, 6.0, 48.4)","(0.2, 0.0, 0.0, 1.0)"
0,816586.1,0,0,0,0,0,0,0,0,0,"(0.0, 0.0)","(0.0, 0.0)","(0.0, 0.0)","(0.0, 0.0, 0.0)","(0.0, 0.0, 0.0)","(0.0, 0.0, 0.0)","(0.0, 0.0, 0.0)","(0.0, 0.0, 0.0)","(0.0, 0.0, 0.0)",0,0,0,0,0,0,False,0,0,0,0,0,0,0,0,"(0.0, 6.0, 48.5)","(0.2, 0.0, 0.0, 1.0)"
0,816601.7,0,0,0,0,0,0,0,0,0,"(0.0, 0.0)","(0.0, 0.0)","(0.0, 0.0)","(0.0, 0.0, 0.0)","(0.0, 0.0, 0.0)","(0.0, 0.0, 0.0)","(0.0, 0.0, 0.0)","(0.0, 0.0, 0.0)","(0.0, 0.0, 0.0)",0,0,0,0,0,0,False,0,0,0,0,0,0,0,0,"(0.0, 6.0, 48.7)","(0.2, 0.0, 0.0, 1.0)"
0,816621,0,0,0,0,0,0,0,0,0,"(0.0, 0.0)","(0.0, 0.0)","(0.0, 0.0)","(0.0, 0.0, 0.0)","(0.0, 0.0, 0.0)","(0.0, 0.0, 0.0)","(0.0, 0.0, 0.0)","(0.0, 0.0, 0.0)","(0.0, 0.0, 0.0)",0,0,0,0,0,0,False,0,0,0,0,0,0,0,0,"(0.0, 6.0, 48.8)","(0.2, 0.0, 0.0, 1.0)"
0,816640,0,0,0,0,0,0,0,0,0,"(0.0, 0.0)","(0.0, 0.0)","(0.0, 0.0)","(0.0, 0.0, 0.0)","(0.0, 0.0, 0.0)","(0.0, 0.0, 0.0)","(0.0, 0.0, 0.0)","(0.0, 0.0, 0.0)","(0.0, 0.0, 0.0)",0,0,0,0,0,0,False,0,0,0,0,0,0,0,0,"(0.0, 6.0, 49.0)","(0.2, 0.0, 0.0, 1.0)"
0,816655.8,0,0,0,0,0,0,0,0,0,"(0.0, 0.0)","(0.0, 0.0)","(0.0, 0.0)","(0.0, 0.0, 0.0)","(0.0, 0.0, 0.0)","(0.0, 0.0, 0.0)","(0.0, 0.0, 0.0)","(0.0, 0.0, 0.0)","(0.0, 0.0, 0.0)",0,0,0,0,0,0,False,0,0,0,0,0,0,0,0,"(0.0, 6.0, 49.2)","(0.2, 0.0, 0.0, 1.0)"
0,816671.8,0,0,0,0,0,0,0,0,0,"(0.0, 0.0)","(0.0, 0.0)","(0.0, 0.0)","(0.0, 0.0, 0.0)","(0.0, 0.0, 0.0)","(0.0, 0.0, 0.0)","(0.0, 0.0, 0.0)","(0.0, 0.0, 0.0)","(0.0, 0.0, 0.0)",0,0,0,0,0,0,False,0,0,0,0,0,0,0,0,"(0.0, 6.0, 49.3)","(0.2, 0.0, 0.0, 1.0)"
0,816688.1,0,0,0,0,0,0,0,0,0,"(0.0, 0.0)","(0.0, 0.0)","(0.0, 0.0)","(0.0, 0.0, 0.0)","(0.0, 0.0, 0.0)","(0.0, 0.0, 0.0)","(0.0, 0.0, 0.0)","(0.0, 0.0, 0.0)","(0.0, 0.0, 0.0)",0,0,0,0,0,0,False,0,0,0,0,0,0,0,0,"(0.0, 6.0, 49.5)","(0.2, 0.0, 0.0, 1.0)"
0,816705.6,0,0,0,0,0,0,0,0,0,"(0.0, 0.0)","(0.0, 0.0)","(0.0, 0.0)","(0.0, 0.0, 0.0)","(0.0, 0.0, 0.0)","(0.0, 0.0, 0.0)","(0.0, 0.0, 0.0)","(0.0, 0.0, 0.0)","(0.0, 0.0, 0.0)",0,0,0,0,0,0,False,0,0,0,0,0,0,0,0,"(0.0, 6.0, 49.6)","(0.2, 0.0, 0.0, 1.0)"
0,816721.8,0,0,0,0,0,0,0,0,0,"(0.0, 0.0)","(0.0, 0.0)","(0.0, 0.0)","(0.0, 0.0, 0.0)","(0.0, 0.0, 0.0)","(0.0, 0.0, 0.0)","(0.0, 0.0, 0.0)","(0.0, 0.0, 0.0)","(0.0, 0.0, 0.0)",0,0,0,0,0,0,False,0,0,0,0,0,0,0,0,"(0.0, 6.0, 49.8)","(0.2, 0.0, 0.0, 1.0)"
0,816747.6,0,0,0,0,0,0,0,0,0,"(0.0, 0.0)","(0.0, 0.0)","(0.0, 0.0)","(0.0, 0.0, 0.0)","(0.0, 0.0, 0.0)","(0.0, 0.0, 0.0)","(0.0, 0.0, 0.0)","(0.0, 0.0, 0.0)","(0.0, 0.0, 0.0)",0,0,0,0,0,0,False,0,0,0,0,0,0,0,0,"(0.0, 6.0, 50.0)","(0.2, 0.0, 0.0, 1.0)"
0,816763.8,0,0,0,0,0,0,0,0,0,"(0.0, 0.0)","(0.0, 0.0)","(0.0, 0.0)","(0.0, 0.0, 0.0)","(0.0, 0.0, 0.0)","(0.0, 0.0, 0.0)","(0.0, 0.0, 0.0)","(0.0, 0.0, 0.0)","(0.0, 0.0, 0.0)",0,0,0,0,0,0,False,0,0,0,0,0,0,0,0,"(0.0, 6.0, 50.2)","(0.2, 0.0, 0.0, 1.0)"
0,816779.4,0,0,0,0,0,0,0,0,0,"(0.0, 0.0)","(0.0, 0.0)","(0.0, 0.0)","(0.0, 0.0, 0.0)","(0.0, 0.0, 0.0)","(0.0, 0.0, 0.0)","(0.0, 0.0, 0.0)","(0.0, 0.0, 0.0)","(0.0, 0.0, 0.0)",0,0,0,0,0,0,False,0,0,0,0,0,0,0,0,"(0.0, 6.0, 50.3)","(0.2, 0.0, 0.0, 1.0)"
0,816796.4,0,0,0,0,0,0,0,0,0,"(0.0, 0.0)","(0.0, 0.0)","(0.0, 0.0)","(0.0, 0.0, 0.0)","(0.0, 0.0, 0.0)","(0.0, 0.0, 0.0)","(0.0, 0.0, 0.0)","(0.0, 0.0, 0.0)","(0.0, 0.0, 0.0)",0,0,0,0,0,0,False,0,0,0,0,0,0,0,0,"(0.0, 6.0, 50.5)","(0.2, 0.0, 0.0, 1.0)"
0,816812.4,0,0,0,0,0,0,0,0,0,"(0.0, 0.0)","(0.0, 0.0)","(0.0, 0.0)","(0.0, 0.0, 0.0)","(0.0, 0.0, 0.0)","(0.0, 0.0, 0.0)","(0.0, 0.0, 0.0)","(0.0, 0.0, 0.0)","(0.0, 0.0, 0.0)",0,0,0,0,0,0,False,0,0,0,0,0,0,0,0,"(0.0, 6.0, 50.7)","(0.2, 0.0, 0.0, 1.0)"
0,816829.9,0,0,0,0,0,0,0,0,0,"(0.0, 0.0)","(0.0, 0.0)","(0.0, 0.0)","(0.0, 0.0, 0.0)","(0.0, 0.0, 0.0)","(0.0, 0.0, 0.0)","(0.0, 0.0, 0.0)","(0.0, 0.0, 0.0)","(0.0, 0.0, 0.0)",0,0,0,0,0,0,False,0,0,0,0,0,0,0,0,"(0.0, 6.0, 50.8)","(0.2, 0.0, 0.0, 1.0)"
0,816847.1,0,0,0,0,0,0,0,0,0,"(0.0, 0.0)","(0.0, 0.0)","(0.0, 0.0)","(0.0, 0.0, 0.0)","(0.0, 0.0, 0.0)","(0.0, 0.0, 0.0)","(0.0, 0.0, 0.0)","(0.0, 0.0, 0.0)","(0.0, 0.0, 0.0)",0,0,0,0,0,0,False,0,0,0,0,0,0,0,0,"(0.0, 6.0, 51.0)","(0.2, 0.0, 0.0, 1.0)"
0,816867,0,0,0,0,0,0,0,0,0,"(0.0, 0.0)","(0.0, 0.0)","(0.0, 0.0)","(0.0, 0.0, 0.0)","(0.0, 0.0, 0.0)","(0.0, 0.0, 0.0)","(0.0, 0.0, 0.0)","(0.0, 0.0, 0.0)","(0.0, 0.0, 0.0)",0,0,0,0,0,0,False,0,0,0,0,0,0,0,0,"(0.0, 6.0, 51.2)","(0.2, 0.0, 0.0, 1.0)"
0,816885.1,0,0,0,0,0,0,0,0,0,"(0.0, 0.0)","(0.0, 0.0)","(0.0, 0.0)","(0.0, 0.0, 0.0)","(0.0, 0.0, 0.0)","(0.0, 0.0, 0.0)","(0.0, 0.0, 0.0)","(0.0, 0.0, 0.0)","(0.0, 0.0, 0.0)",0,0,0,0,0,0,False,0,0,0,0,0,0,0,0,"(0.0, 6.0, 51.3)","(0.2, 0.0, 0.0, 1.0)"
0,816901.8,0,0,0,0,0,0,0,0,0,"(0.0, 0.0)","(0.0, 0.0)","(0.0, 0.0)","(0.0, 0.0, 0.0)","(0.0, 0.0, 0.0)","(0.0, 0.0, 0.0)","(0.0, 0.0, 0.0)","(0.0, 0.0, 0.0)","(0.0, 0.0, 0.0)",0,0,0,0,0,0,False,0,0,0,0,0,0,0,0,"(0.0, 6.0, 51.5)","(0.2, 0.0, 0.0, 1.0)"
0,816918.2,0,0,0,0,0,0,0,0,0,"(0.0, 0.0)","(0.0, 0.0)","(0.0, 0.0)","(0.0, 0.0, 0.0)","(0.0, 0.0, 0.0)","(0.0, 0.0, 0.0)","(0.0, 0.0, 0.0)","(0.0, 0.0, 0.0)","(0.0, 0.0, 0.0)",0,0,0,0,0,0,False,0,0,0,0,0,0,0,0,"(0.0, 6.0, 51.7)","(0.2, 0.0, 0.0, 1.0)"
0,816934.1,0,0,0,0,0,0,0,0,0,"(0.0, 0.0)","(0.0, 0.0)","(0.0, 0.0)","(0.0, 0.0, 0.0)","(0.0, 0.0, 0.0)","(0.0, 0.0, 0.0)","(0.0, 0.0, 0.0)","(0.0, 0.0, 0.0)","(0.0, 0.0, 0.0)",0,0,0,0,0,0,False,0,0,0,0,0,0,0,0,"(0.0, 6.0, 51.9)","(0.2, 0.0, 0.0, 1.0)"
0,816950.8,0,0,0,0,0,0,0,0,0,"(0.0, 0.0)","(0.0, 0.0)","(0.0, 0.0)","(0.0, 0.0, 0.0)","(0.0, 0.0, 0.0)","(0.0, 0.0, 0.0)","(0.0, 0.0, 0.0)","(0.0, 0.0, 0.0)","(0.0, 0.0, 0.0)",0,0,0,0,0,0,False,0,0,0,0,0,0,0,0,"(0.0, 6.0, 52.0)","(0.2, 0.0, 0.0, 1.0)"
0,816968.1,0,0,0,0,0,0,0,0,0,"(0.0, 0.0)","(0.0, 0.0)","(0.0, 0.0)","(0.0, 0.0, 0.0)","(0.0, 0.0, 0.0)","(0.0, 0.0, 0.0)","(0.0, 0.0, 0.0)","(0.0, 0.0, 0.0)","(0.0, 0.0, 0.0)",0,0,0,0,0,0,False,0,0,0,0,0,0,0,0,"(0.0, 6.0, 52.2)","(0.2, 0.0, 0.0, 1.0)"
0,816984.8,0,0,0,0,0,0,0,0,0,"(0.0, 0.0)","(0.0, 0.0)","(0.0, 0.0)","(0.0, 0.0, 0.0)","(0.0, 0.0, 0.0)","(0.0, 0.0, 0.0)","(0.0, 0.0, 0.0)","(0.0, 0.0, 0.0)","(0.0, 0.0, 0.0)",0,0,0,0,0,0,False,0,0,0,0,0,0,0,0,"(0.0, 6.0, 52.4)","(0.2, 0.0, 0.0, 1.0)"
0,817001,0,0,0,0,0,0,0,0,0,"(0.0, 0.0)","(0.0, 0.0)","(0.0, 0.0)","(0.0, 0.0, 0.0)","(0.0, 0.0, 0.0)","(0.0, 0.0, 0.0)","(0.0, 0.0, 0.0)","(0.0, 0.0, 0.0)","(0.0, 0.0, 0.0)",0,0,0,0,0,0,False,0,0,0,0,0,0,0,0,"(0.0, 6.0, 52.5)","(0.2, 0.0, 0.0, 1.0)"
0,817017.9,0,0,0,0,0,0,0,0,0,"(0.0, 0.0)","(0.0, 0.0)","(0.0, 0.0)","(0.0, 0.0, 0.0)","(0.0, 0.0, 0.0)","(0.0, 0.0, 0.0)","(0.0, 0.0, 0.0)","(0.0, 0.0, 0.0)","(0.0, 0.0, 0.0)",0,0,0,0,0,0,False,0,0,0,0,0,0,0,0,"(0.0, 6.0, 52.7)","(0.2, 0.0, 0.0, 1.0)"
0,817034,0,0,0,0,0,0,0,0,0,"(0.0, 0.0)","(0.0, 0.0)","(0.0, 0.0)","(0.0, 0.0, 0.0)","(0.0, 0.0, 0.0)","(0.0, 0.0, 0.0)","(0.0, 0.0, 0.0)","(0.0, 0.0, 0.0)","(0.0, 0.0, 0.0)",0,0,0,0,0,0,False,0,0,0,0,0,0,0,0,"(0.0, 6.0, 52.9)","(0.2, 0.0, 0.0, 1.0)"
0,817048.9,0,0,0,0,0,0,0,0,0,"(0.0, 0.0)","(0.0, 0.0)","(0.0, 0.0)","(0.0, 0.0, 0.0)","(0.0, 0.0, 0.0)","(0.0, 0.0, 0.0)","(0.0, 0.0, 0.0)","(0.0, 0.0, 0.0)","(0.0, 0.0, 0.0)",0,0,0,0,0,0,False,0,0,0,0,0,0,0,0,"(0.0, 6.0, 53.0)","(0.2, 0.0, 0.0, 1.0)"
0,817066.6,0,0,0,0,0,0,0,0,0,"(0.0, 0.0)","(0.0, 0.0)","(0.0, 0.0)","(0.0, 0.0, 0.0)","(0.0, 0.0, 0.0)","(0.0, 0.0, 0.0)","(0.0, 0.0, 0.0)","(0.0, 0.0, 0.0)","(0.0, 0.0, 0.0)",0,0,0,0,0,0,False,0,0,0,0,0,0,0,0,"(0.0, 6.0, 53.2)","(0.2, 0.0, 0.0, 1.0)"
0,817082.3,0,0,0,0,0,0,0,0,0,"(0.0, 0.0)","(0.0, 0.0)","(0.0, 0.0)","(0.0, 0.0, 0.0)","(0.0, 0.0, 0.0)","(0.0, 0.0, 0.0)","(0.0, 0.0, 0.0)","(0.0, 0.0, 0.0)","(0.0, 0.0, 0.0)",0,0,0,0,0,0,False,0,0,0,0,0,0,0,0,"(0.0, 6.0, 53.4)","(0.2, 0.0, 0.0, 1.0)"
0,817097.7,0,0,0,0,0,0,0,0,0,"(0.0, 0.0)","(0.0, 0.0)","(0.0, 0.0)","(0.0, 0.0, 0.0)","(0.0, 0.0, 0.0)","(0.0, 0.0, 0.0)","(0.0, 0.0, 0.0)","(0.0, 0.0, 0.0)","(0.0, 0.0, 0.0)",0,0,0,0,0,0,False,0,0,0,0,0,0,0,0,"(0.0, 6.0, 53.5)","(0.2, 0.0, 0.0, 1.0)"
0,817113.9,0,0,0,0,0,0,0,0,0,"(0.0, 0.0)","(0.0, 0.0)","(0.0, 0.0)","(0.0, 0.0, 0.0)","(0.0, 0.0, 0.0)","(0.0, 0.0, 0.0)","(0.0, 0.0, 0.0)","(0.0, 0.0, 0.0)","(0.0, 0.0, 0.0)",0,0,0,0,0,0,False,0,0,0,0,0,0,0,0,"(0.0, 6.0, 53.7)","(0.2, 0.0, 0.0, 1.0)"
0,817129.6,0,0,0,0,0,0,0,0,0,"(0.0, 0.0)","(0.0, 0.0)","(0.0, 0.0)","(0.0, 0.0, 0.0)","(0.0, 0.0, 0.0)","(0.0, 0.0, 0.0)","(0.0, 0.0, 0.0)","(0.0, 0.0, 0.0)","(0.0, 0.0, 0.0)",0,0,0,0,0,0,False,0,0,0,0,0,0,0,0,"(0.0, 6.0, 53.9)","(0.2, 0.0, 0.0, 1.0)"
0,817144.1,0,0,0,0,0,0,0,0,0,"(0.0, 0.0)","(0.0, 0.0)","(0.0, 0.0)","(0.0, 0.0, 0.0)","(0.0, 0.0, 0.0)","(0.0, 0.0, 0.0)","(0.0, 0.0, 0.0)","(0.0, 0.0, 0.0)","(0.0, 0.0, 0.0)",0,0,0,0,0,0,False,0,0,0,0,0,0,0,0,"(0.0, 6.0, 54.0)","(0.2, 0.0, 0.0, 1.0)"
0,817159,0,0,0,0,0,0,0,0,0,"(0.0, 0.0)","(0.0, 0.0)","(0.0, 0.0)","(0.0, 0.0, 0.0)","(0.0, 0.0, 0.0)","(0.0, 0.0, 0.0)","(0.0, 0.0, 0.0)","(0.0, 0.0, 0.0)","(0.0, 0.0, 0.0)",0,0,0,0,0,0,False,0,0,0,0,0,0,0,0,"(0.0, 6.0, 54.2)","(0.2, 0.0, 0.0, 1.0)"
0,817174.3,0,0,0,0,0,0,0,0,0,"(0.0, 0.0)","(0.0, 0.0)","(0.0, 0.0)","(0.0, 0.0, 0.0)","(0.0, 0.0, 0.0)","(0.0, 0.0, 0.0)","(0.0, 0.0, 0.0)","(0.0, 0.0, 0.0)","(0.0, 0.0, 0.0)",0,0,0,0,0,0,False,0,0,0,0,0,0,0,0,"(0.0, 6.0, 54.4)","(0.2, 0.0, 0.0, 1.0)"
0,817193.3,0,0,0,0,0,0,0,0,0,"(0.0, 0.0)","(0.0, 0.0)","(0.0, 0.0)","(0.0, 0.0, 0.0)","(0.0, 0.0, 0.0)","(0.0, 0.0, 0.0)","(0.0, 0.0, 0.0)","(0.0, 0.0, 0.0)","(0.0, 0.0, 0.0)",0,0,0,0,0,0,False,0,0,0,0,0,0,0,0,"(0.0, 6.0, 54.5)","(0.2, 0.0, 0.0, 1.0)"
0,817207.7,0,0,0,0,0,0,0,0,0,"(0.0, 0.0)","(0.0, 0.0)","(0.0, 0.0)","(0.0, 0.0, 0.0)","(0.0, 0.0, 0.0)","(0.0, 0.0, 0.0)","(0.0, 0.0, 0.0)","(0.0, 0.0, 0.0)","(0.0, 0.0, 0.0)",0,0,0,0,0,0,False,0,0,0,0,0,0,0,0,"(0.0, 6.0, 54.7)","(0.2, 0.0, 0.0, 1.0)"
0,817223,0,0,0,0,0,0,0,0,0,"(0.0, 0.0)","(0.0, 0.0)","(0.0, 0.0)","(0.0, 0.0, 0.0)","(0.0, 0.0, 0.0)","(0.0, 0.0, 0.0)","(0.0, 0.0, 0.0)","(0.0, 0.0, 0.0)","(0.0, 0.0, 0.0)",0,0,0,0,0,0,False,0,0,0,0,0,0,0,0,"(0.0, 6.0, 54.8)","(0.2, 0.0, 0.0, 1.0)"
0,817237.8,0,0,0,0,0,0,0,0,0,"(0.0, 0.0)","(0.0, 0.0)","(0.0, 0.0)","(0.0, 0.0, 0.0)","(0.0, 0.0, 0.0)","(0.0, 0.0, 0.0)","(0.0, 0.0, 0.0)","(0.0, 0.0, 0.0)","(0.0, 0.0, 0.0)",0,0,0,0,0,0,False,0,0,0,0,0,0,0,0,"(0.0, 6.0, 55.0)","(0.2, 0.0, 0.0, 1.0)"
0,817254.2,0,0,0,0,0,0,0,0,0,"(0.0, 0.0)","(0.0, 0.0)","(0.0, 0.0)","(0.0, 0.0, 0.0)","(0.0, 0.0, 0.0)","(0.0, 0.0, 0.0)","(0.0, 0.0, 0.0)","(0.0, 0.0, 0.0)","(0.0, 0.0, 0.0)",0,0,0,0,0,0,False,0,0,0,0,0,0,0,0,"(0.0, 6.0, 55.2)","(0.2, 0.0, 0.0, 1.0)"
0,817270.4,0,0,0,0,0,0,0,0,0,"(0.0, 0.0)","(0.0, 0.0)","(0.0, 0.0)","(0.0, 0.0, 0.0)","(0.0, 0.0, 0.0)","(0.0, 0.0, 0.0)","(0.0, 0.0, 0.0)","(0.0, 0.0, 0.0)","(0.0, 0.0, 0.0)",0,0,0,0,0,0,False,0,0,0,0,0,0,0,0,"(0.0, 6.0, 55.3)","(0.2, 0.0, 0.0, 1.0)"
0,817285.3,0,0,0,0,0,0,0,0,0,"(0.0, 0.0)","(0.0, 0.0)","(0.0, 0.0)","(0.0, 0.0, 0.0)","(0.0, 0.0, 0.0)","(0.0, 0.0, 0.0)","(0.0, 0.0, 0.0)","(0.0, 0.0, 0.0)","(0.0, 0.0, 0.0)",0,0,0,0,0,0,False,0,0,0,0,0,0,0,0,"(0.0, 6.0, 55.5)","(0.2, 0.0, 0.0, 1.0)"
0,817301.3,0,0,0,0,0,0,0,0,0,"(0.0, 0.0)","(0.0, 0.0)","(0.0, 0.0)","(0.0, 0.0, 0.0)","(0.0, 0.0, 0.0)","(0.0, 0.0, 0.0)","(0.0, 0.0, 0.0)","(0.0, 0.0, 0.0)","(0.0, 0.0, 0.0)",0,0,0,0,0,0,False,0,0,0,0,0,0,0,0,"(0.0, 6.0, 55.6)","(0.2, 0.0, 0.0, 1.0)"
0,817318.1,0,0,0,0,0,0,0,0,0,"(0.0, 0.0)","(0.0, 0.0)","(0.0, 0.0)","(0.0, 0.0, 0.0)","(0.0, 0.0, 0.0)","(0.0, 0.0, 0.0)","(0.0, 0.0, 0.0)","(0.0, 0.0, 0.0)","(0.0, 0.0, 0.0)",0,0,0,0,0,0,False,0,0,0,0,0,0,0,0,"(0.0, 6.0, 55.8)","(0.2, 0.0, 0.0, 1.0)"
0,817338.3,0,0,0,0,0,0,0,0,0,"(0.0, 0.0)","(0.0, 0.0)","(0.0, 0.0)","(0.0, 0.0, 0.0)","(0.0, 0.0, 0.0)","(0.0, 0.0, 0.0)","(0.0, 0.0, 0.0)","(0.0, 0.0, 0.0)","(0.0, 0.0, 0.0)",0,0,0,0,0,0,False,0,0,0,0,0,0,0,0,"(0.0, 6.0, 56.0)","(0.2, 0.0, 0.0, 1.0)"
0,817354.4,0,0,0,0,0,0,0,0,0,"(0.0, 0.0)","(0.0, 0.0)","(0.0, 0.0)","(0.0, 0.0, 0.0)","(0.0, 0.0, 0.0)","(0.0, 0.0, 0.0)","(0.0, 0.0, 0.0)","(0.0, 0.0, 0.0)","(0.0, 0.0, 0.0)",0,0,0,0,0,0,False,0,0,0,0,0,0,0,0,"(0.0, 6.0, 56.1)","(0.2, 0.0, 0.0, 1.0)"
0,817369.4,0,0,0,0,0,0,0,0,0,"(0.0, 0.0)","(0.0, 0.0)","(0.0, 0.0)","(0.0, 0.0, 0.0)","(0.0, 0.0, 0.0)","(0.0, 0.0, 0.0)","(0.0, 0.0, 0.0)","(0.0, 0.0, 0.0)","(0.0, 0.0, 0.0)",0,0,0,0,0,0,False,0,0,0,0,0,0,0,0,"(0.0, 6.0, 56.3)","(0.2, 0.0, 0.0, 1.0)"
0,817385.9,0,0,0,0,0,0,0,0,0,"(0.0, 0.0)","(0.0, 0.0)","(0.0, 0.0)","(0.0, 0.0, 0.0)","(0.0, 0.0, 0.0)","(0.0, 0.0, 0.0)","(0.0, 0.0, 0.0)","(0.0, 0.0, 0.0)","(0.0, 0.0, 0.0)",0,0,0,0,0,0,False,0,0,0,0,0,0,0,0,"(0.0, 6.0, 56.4)","(0.2, 0.0, 0.0, 1.0)"
0,817402.4,0,0,0,0,0,0,0,0,0,"(0.0, 0.0)","(0.0, 0.0)","(0.0, 0.0)","(0.0, 0.0, 0.0)","(0.0, 0.0, 0.0)","(0.0, 0.0, 0.0)","(0.0, 0.0, 0.0)","(0.0, 0.0, 0.0)","(0.0, 0.0, 0.0)",0,0,0,0,0,0,False,0,0,0,0,0,0,0,0,"(0.0, 6.0, 56.6)","(0.2, 0.0, 0.0, 1.0)"
0,817418.4,0,0,0,0,0,0,0,0,0,"(0.0, 0.0)","(0.0, 0.0)","(0.0, 0.0)","(0.0, 0.0, 0.0)","(0.0, 0.0, 0.0)","(0.0, 0.0, 0.0)","(0.0, 0.0, 0.0)","(0.0, 0.0, 0.0)","(0.0, 0.0, 0.0)",0,0,0,0,0,0,False,0,0,0,0,0,0,0,0,"(0.0, 6.0, 56.8)","(0.2, 0.0, 0.0, 1.0)"
0,817435.3,0,0,0,0,0,0,0,0,0,"(0.0, 0.0)","(0.0, 0.0)","(0.0, 0.0)","(0.0, 0.0, 0.0)","(0.0, 0.0, 0.0)","(0.0, 0.0, 0.0)","(0.0, 0.0, 0.0)","(0.0, 0.0, 0.0)","(0.0, 0.0, 0.0)",0,0,0,0,0,0,False,0,0,0,0,0,0,0,0,"(0.0, 6.0, 56.9)","(0.2, 0.0, 0.0, 1.0)"
0,817451.4,0,0,0,0,0,0,0,0,0,"(0.0, 0.0)","(0.0, 0.0)","(0.0, 0.0)","(0.0, 0.0, 0.0)","(0.0, 0.0, 0.0)","(0.0, 0.0, 0.0)","(0.0, 0.0, 0.0)","(0.0, 0.0, 0.0)","(0.0, 0.0, 0.0)",0,0,0,0,0,0,False,0,0,0,0,0,0,0,0,"(0.0, 6.0, 57.1)","(0.2, 0.0, 0.0, 1.0)"
0,817467.6,0,0,0,0,0,0,0,0,0,"(0.0, 0.0)","(0.0, 0.0)","(0.0, 0.0)","(0.0, 0.0, 0.0)","(0.0, 0.0, 0.0)","(0.0, 0.0, 0.0)","(0.0, 0.0, 0.0)","(0.0, 0.0, 0.0)","(0.0, 0.0, 0.0)",0,0,0,0,0,0,False,0,0,0,0,0,0,0,0,"(0.0, 6.0, 57.3)","(0.2, 0.0, 0.0, 1.0)"
0,817484,0,0,0,0,0,0,0,0,0,"(0.0, 0.0)","(0.0, 0.0)","(0.0, 0.0)","(0.0, 0.0, 0.0)","(0.0, 0.0, 0.0)","(0.0, 0.0, 0.0)","(0.0, 0.0, 0.0)","(0.0, 0.0, 0.0)","(0.0, 0.0, 0.0)",0,0,0,0,0,0,False,0,0,0,0,0,0,0,0,"(0.0, 6.0, 57.4)","(0.2, 0.0, 0.0, 1.0)"
0,817500.6,0,0,0,0,0,0,0,0,0,"(0.0, 0.0)","(0.0, 0.0)","(0.0, 0.0)","(0.0, 0.0, 0.0)","(0.0, 0.0, 0.0)","(0.0, 0.0, 0.0)","(0.0, 0.0, 0.0)","(0.0, 0.0, 0.0)","(0.0, 0.0, 0.0)",0,0,0,0,0,0,False,0,0,0,0,0,0,0,0,"(0.0, 6.0, 57.6)","(0.2, 0.0, 0.0, 1.0)"
0,817516.1,0,0,0,0,0,0,0,0,0,"(0.0, 0.0)","(0.0, 0.0)","(0.0, 0.0)","(0.0, 0.0, 0.0)","(0.0, 0.0, 0.0)","(0.0, 0.0, 0.0)","(0.0, 0.0, 0.0)","(0.0, 0.0, 0.0)","(0.0, 0.0, 0.0)",0,0,0,0,0,0,False,0,0,0,0,0,0,0,0,"(0.0, 6.0, 57.8)","(0.2, 0.0, 0.0, 1.0)"
0,817531.4,0,0,0,0,0,0,0,0,0,"(0.0, 0.0)","(0.0, 0.0)","(0.0, 0.0)","(0.0, 0.0, 0.0)","(0.0, 0.0, 0.0)","(0.0, 0.0, 0.0)","(0.0, 0.0, 0.0)","(0.0, 0.0, 0.0)","(0.0, 0.0, 0.0)",0,0,0,0,0,0,False,0,0,0,0,0,0,0,0,"(0.0, 6.0, 57.9)","(0.2, 0.0, 0.0, 1.0)"
0,817546.8,0,0,0,0,0,0,0,0,0,"(0.0, 0.0)","(0.0, 0.0)","(0.0, 0.0)","(0.0, 0.0, 0.0)","(0.0, 0.0, 0.0)","(0.0, 0.0, 0.0)","(0.0, 0.0, 0.0)","(0.0, 0.0, 0.0)","(0.0, 0.0, 0.0)",0,0,0,0,0,0,False,0,0,0,0,0,0,0,0,"(0.0, 6.0, 58.1)","(0.2, 0.0, 0.0, 1.0)"
0,817563.8,0,0,0,0,0,0,0,0,0,"(0.0, 0.0)","(0.0, 0.0)","(0.0, 0.0)","(0.0, 0.0, 0.0)","(0.0, 0.0, 0.0)","(0.0, 0.0, 0.0)","(0.0, 0.0, 0.0)","(0.0, 0.0, 0.0)","(0.0, 0.0, 0.0)",0,0,0,0,0,0,False,0,0,0,0,0,0,0,0,"(0.0, 6.0, 58.2)","(0.2, 0.0, 0.0, 1.0)"
0,817580.4,0,0,0,0,0,0,0,0,0,"(0.0, 0.0)","(0.0, 0.0)","(0.0, 0.0)","(0.0, 0.0, 0.0)","(0.0, 0.0, 0.0)","(0.0, 0.0, 0.0)","(0.0, 0.0, 0.0)","(0.0, 0.0, 0.0)","(0.0, 0.0, 0.0)",0,0,0,0,0,0,False,0,0,0,0,0,0,0,0,"(0.0, 6.0, 58.4)","(0.2, 0.0, 0.0, 1.0)"
0,817594.9,0,0,0,0,0,0,0,0,0,"(0.0, 0.0)","(0.0, 0.0)","(0.0, 0.0)","(0.0, 0.0, 0.0)","(0.0, 0.0, 0.0)","(0.0, 0.0, 0.0)","(0.0, 0.0, 0.0)","(0.0, 0.0, 0.0)","(0.0, 0.0, 0.0)",0,0,0,0,0,0,False,0,0,0,0,0,0,0,0,"(0.0, 6.0, 58.6)","(0.2, 0.0, 0.0, 1.0)"
0,817615.8,0,0,0,0,0,0,0,0,0,"(0.0, 0.0)","(0.0, 0.0)","(0.0, 0.0)","(0.0, 0.0, 0.0)","(0.0, 0.0, 0.0)","(0.0, 0.0, 0.0)","(0.0, 0.0, 0.0)","(0.0, 0.0, 0.0)","(0.0, 0.0, 0.0)",0,0,0,0,0,0,False,0,0,0,0,0,0,0,0,"(0.0, 6.0, 58.7)","(0.2, 0.0, 0.0, 1.0)"
0,817631.2,0,0,0,0,0,0,0,0,0,"(0.0, 0.0)","(0.0, 0.0)","(0.0, 0.0)","(0.0, 0.0, 0.0)","(0.0, 0.0, 0.0)","(0.0, 0.0, 0.0)","(0.0, 0.0, 0.0)","(0.0, 0.0, 0.0)","(0.0, 0.0, 0.0)",0,0,0,0,0,0,False,0,0,0,0,0,0,0,0,"(0.0, 6.0, 58.9)","(0.2, 0.0, 0.0, 1.0)"
0,817652.8,0,0,0,0,0,0,0,0,0,"(0.0, 0.0)","(0.0, 0.0)","(0.0, 0.0)","(0.0, 0.0, 0.0)","(0.0, 0.0, 0.0)","(0.0, 0.0, 0.0)","(0.0, 0.0, 0.0)","(0.0, 0.0, 0.0)","(0.0, 0.0, 0.0)",0,0,0,0,0,0,False,0,0,0,0,0,0,0,0,"(0.0, 6.0, 59.1)","(0.2, 0.0, 0.0, 1.0)"
0,817667.9,0,0,0,0,0,0,0,0,0,"(0.0, 0.0)","(0.0, 0.0)","(0.0, 0.0)","(0.0, 0.0, 0.0)","(0.0, 0.0, 0.0)","(0.0, 0.0, 0.0)","(0.0, 0.0, 0.0)","(0.0, 0.0, 0.0)","(0.0, 0.0, 0.0)",0,0,0,0,0,0,False,0,0,0,0,0,0,0,0,"(0.0, 6.0, 59.2)","(0.2, 0.0, 0.0, 1.0)"
0,817683.9,0,0,0,0,0,0,0,0,0,"(0.0, 0.0)","(0.0, 0.0)","(0.0, 0.0)","(0.0, 0.0, 0.0)","(0.0, 0.0, 0.0)","(0.0, 0.0, 0.0)","(0.0, 0.0, 0.0)","(0.0, 0.0, 0.0)","(0.0, 0.0, 0.0)",0,0,0,0,0,0,False,0,0,0,0,0,0,0,0,"(0.0, 6.0, 59.4)","(0.2, 0.0, 0.0, 1.0)"
0,817699.9,0,0,0,0,0,0,0,0,0,"(0.0, 0.0)","(0.0, 0.0)","(0.0, 0.0)","(0.0, 0.0, 0.0)","(0.0, 0.0, 0.0)","(0.0, 0.0, 0.0)","(0.0, 0.0, 0.0)","(0.0, 0.0, 0.0)","(0.0, 0.0, 0.0)",0,0,0,0,0,0,False,0,0,0,0,0,0,0,0,"(0.0, 6.0, 59.6)","(0.2, 0.0, 0.0, 1.0)"
0,817715.4,0,0,0,0,0,0,0,0,0,"(0.0, 0.0)","(0.0, 0.0)","(0.0, 0.0)","(0.0, 0.0, 0.0)","(0.0, 0.0, 0.0)","(0.0, 0.0, 0.0)","(0.0, 0.0, 0.0)","(0.0, 0.0, 0.0)","(0.0, 0.0, 0.0)",0,0,0,0,0,0,False,0,0,0,0,0,0,0,0,"(0.0, 6.0, 59.7)","(0.2, 0.0, 0.0, 1.0)"
0,817730.9,0,0,0,0,0,0,0,0,0,"(0.0, 0.0)","(0.0, 0.0)","(0.0, 0.0)","(0.0, 0.0, 0.0)","(0.0, 0.0, 0.0)","(0.0, 0.0, 0.0)","(0.0, 0.0, 0.0)","(0.0, 0.0, 0.0)","(0.0, 0.0, 0.0)",0,0,0,0,0,0,False,0,0,0,0,0,0,0,0,"(0.0, 6.0, 59.9)","(0.2, 0.0, 0.0, 1.0)"
0,817747.9,0,0,0,0,0,0,0,0,0,"(0.0, 0.0)","(0.0, 0.0)","(0.0, 0.0)","(0.0, 0.0, 0.0)","(0.0, 0.0, 0.0)","(0.0, 0.0, 0.0)","(0.0, 0.0, 0.0)","(0.0, 0.0, 0.0)","(0.0, 0.0, 0.0)",0,0,0,0,0,0,False,0,0,0,0,0,0,0,0,"(0.0, 6.0, 60.1)","(0.2, 0.0, 0.0, 1.0)"
0,817762.6,0,0,0,0,0,0,0,0,0,"(0.0, 0.0)","(0.0, 0.0)","(0.0, 0.0)","(0.0, 0.0, 0.0)","(0.0, 0.0, 0.0)","(0.0, 0.0, 0.0)","(0.0, 0.0, 0.0)","(0.0, 0.0, 0.0)","(0.0, 0.0, 0.0)",0,0,0,0,0,0,False,0,0,0,0,0,0,0,0,"(0.0, 6.0, 60.2)","(0.2, 0.0, 0.0, 1.0)"
0,817777.8,0,0,0,0,0,0,0,0,0,"(0.0, 0.0)","(0.0, 0.0)","(0.0, 0.0)","(0.0, 0.0, 0.0)","(0.0, 0.0, 0.0)","(0.0, 0.0, 0.0)","(0.0, 0.0, 0.0)","(0.0, 0.0, 0.0)","(0.0, 0.0, 0.0)",0,0,0,0,0,0,False,0,0,0,0,0,0,0,0,"(0.0, 6.0, 60.4)","(0.2, 0.0, 0.0, 1.0)"
0,817792.3,0,0,0,0,0,0,0,0,0,"(0.0, 0.0)","(0.0, 0.0)","(0.0, 0.0)","(0.0, 0.0, 0.0)","(0.0, 0.0, 0.0)","(0.0, 0.0, 0.0)","(0.0, 0.0, 0.0)","(0.0, 0.0, 0.0)","(0.0, 0.0, 0.0)",0,0,0,0,0,0,False,0,0,0,0,0,0,0,0,"(0.0, 6.0, 60.5)","(0.2, 0.0, 0.0, 1.0)"
0,817807.4,0,0,0,0,0,0,0,0,0,"(0.0, 0.0)","(0.0, 0.0)","(0.0, 0.0)","(0.0, 0.0, 0.0)","(0.0, 0.0, 0.0)","(0.0, 0.0, 0.0)","(0.0, 0.0, 0.0)","(0.0, 0.0, 0.0)","(0.0, 0.0, 0.0)",0,0,0,0,0,0,False,0,0,0,0,0,0,0,0,"(0.0, 6.0, 60.7)","(0.2, 0.0, 0.0, 1.0)"
0,817822.9,0,0,0,0,0,0,0,0,0,"(0.0, 0.0)","(0.0, 0.0)","(0.0, 0.0)","(0.0, 0.0, 0.0)","(0.0, 0.0, 0.0)","(0.0, 0.0, 0.0)","(0.0, 0.0, 0.0)","(0.0, 0.0, 0.0)","(0.0, 0.0, 0.0)",0,0,0,0,0,0,False,0,0,0,0,0,0,0,0,"(0.0, 6.0, 60.9)","(0.2, 0.0, 0.0, 1.0)"
0,817837.4,0,0,0,0,0,0,0,0,0,"(0.0, 0.0)","(0.0, 0.0)","(0.0, 0.0)","(0.0, 0.0, 0.0)","(0.0, 0.0, 0.0)","(0.0, 0.0, 0.0)","(0.0, 0.0, 0.0)","(0.0, 0.0, 0.0)","(0.0, 0.0, 0.0)",0,0,0,0,0,0,False,0,0,0,0,0,0,0,0,"(0.0, 6.0, 61.0)","(0.2, 0.0, 0.0, 1.0)"
0,817853.6,0,0,0,0,0,0,0,0,0,"(0.0, 0.0)","(0.0, 0.0)","(0.0, 0.0)","(0.0, 0.0, 0.0)","(0.0, 0.0, 0.0)","(0.0, 0.0, 0.0)","(0.0, 0.0, 0.0)","(0.0, 0.0, 0.0)","(0.0, 0.0, 0.0)",0,0,0,0,0,0,False,0,0,0,0,0,0,0,0,"(0.0, 6.0, 61.2)","(0.2, 0.0, 0.0, 1.0)"
0,817870.2,0,0,0,0,0,0,0,0,0,"(0.0, 0.0)","(0.0, 0.0)","(0.0, 0.0)","(0.0, 0.0, 0.0)","(0.0, 0.0, 0.0)","(0.0, 0.0, 0.0)","(0.0, 0.0, 0.0)","(0.0, 0.0, 0.0)","(0.0, 0.0, 0.0)",0,0,0,0,0,0,False,0,0,0,0,0,0,0,0,"(0.0, 6.0, 61.3)","(0.2, 0.0, 0.0, 1.0)"
0,817885.9,0,0,0,0,0,0,0,0,0,"(0.0, 0.0)","(0.0, 0.0)","(0.0, 0.0)","(0.0, 0.0, 0.0)","(0.0, 0.0, 0.0)","(0.0, 0.0, 0.0)","(0.0, 0.0, 0.0)","(0.0, 0.0, 0.0)","(0.0, 0.0, 0.0)",0,0,0,0,0,0,False,0,0,0,0,0,0,0,0,"(0.0, 6.0, 61.5)","(0.2, 0.0, 0.0, 1.0)"
0,817902.2,0,0,0,0,0,0,0,0,0,"(0.0, 0.0)","(0.0, 0.0)","(0.0, 0.0)","(0.0, 0.0, 0.0)","(0.0, 0.0, 0.0)","(0.0, 0.0, 0.0)","(0.0, 0.0, 0.0)","(0.0, 0.0, 0.0)","(0.0, 0.0, 0.0)",0,0,0,0,0,0,False,0,0,0,0,0,0,0,0,"(0.0, 6.0, 61.6)","(0.2, 0.0, 0.0, 1.0)"
0,817918.4,0,0,0,0,0,0,0,0,0,"(0.0, 0.0)","(0.0, 0.0)","(0.0, 0.0)","(0.0, 0.0, 0.0)","(0.0, 0.0, 0.0)","(0.0, 0.0, 0.0)","(0.0, 0.0, 0.0)","(0.0, 0.0, 0.0)","(0.0, 0.0, 0.0)",0,0,0,0,0,0,False,0,0,0,0,0,0,0,0,"(0.0, 6.0, 61.8)","(0.2, 0.0, 0.0, 1.0)"
0,817934.6,0,0,0,0,0,0,0,0,0,"(0.0, 0.0)","(0.0, 0.0)","(0.0, 0.0)","(0.0, 0.0, 0.0)","(0.0, 0.0, 0.0)","(0.0, 0.0, 0.0)","(0.0, 0.0, 0.0)","(0.0, 0.0, 0.0)","(0.0, 0.0, 0.0)",0,0,0,0,0,0,False,0,0,0,0,0,0,0,0,"(0.0, 6.0, 62.0)","(0.2, 0.0, 0.0, 1.0)"
0,817950.6,0,0,0,0,0,0,0,0,0,"(0.0, 0.0)","(0.0, 0.0)","(0.0, 0.0)","(0.0, 0.0, 0.0)","(0.0, 0.0, 0.0)","(0.0, 0.0, 0.0)","(0.0, 0.0, 0.0)","(0.0, 0.0, 0.0)","(0.0, 0.0, 0.0)",0,0,0,0,0,0,False,0,0,0,0,0,0,0,0,"(0.0, 6.0, 62.1)","(0.2, 0.0, 0.0, 1.0)"
0,817967.6,0,0,0,0,0,0,0,0,0,"(0.0, 0.0)","(0.0, 0.0)","(0.0, 0.0)","(0.0, 0.0, 0.0)","(0.0, 0.0, 0.0)","(0.0, 0.0, 0.0)","(0.0, 0.0, 0.0)","(0.0, 0.0, 0.0)","(0.0, 0.0, 0.0)",0,0,0,0,0,0,False,0,0,0,0,0,0,0,0,"(0.0, 6.0, 62.3)","(0.2, 0.0, 0.0, 1.0)"
0,817985,0,0,0,0,0,0,0,0,0,"(0.0, 0.0)","(0.0, 0.0)","(0.0, 0.0)","(0.0, 0.0, 0.0)","(0.0, 0.0, 0.0)","(0.0, 0.0, 0.0)","(0.0, 0.0, 0.0)","(0.0, 0.0, 0.0)","(0.0, 0.0, 0.0)",0,0,0,0,0,0,False,0,0,0,0,0,0,0,0,"(0.0, 6.0, 62.4)","(0.2, 0.0, 0.0, 1.0)"
0,817999.4,0,0,0,0,0,0,0,0,0,"(0.0, 0.0)","(0.0, 0.0)","(0.0, 0.0)","(0.0, 0.0, 0.0)","(0.0, 0.0, 0.0)","(0.0, 0.0, 0.0)","(0.0, 0.0, 0.0)","(0.0, 0.0, 0.0)","(0.0, 0.0, 0.0)",0,0,0,0,0,0,False,0,0,0,0,0,0,0,0,"(0.0, 6.0, 62.6)","(0.2, 0.0, 0.0, 1.0)"
0,818014.8,0,0,0,0,0,0,0,0,0,"(0.0, 0.0)","(0.0, 0.0)","(0.0, 0.0)","(0.0, 0.0, 0.0)","(0.0, 0.0, 0.0)","(0.0, 0.0, 0.0)","(0.0, 0.0, 0.0)","(0.0, 0.0, 0.0)","(0.0, 0.0, 0.0)",0,0,0,0,0,0,False,0,0,0,0,0,0,0,0,"(0.0, 6.0, 62.8)","(0.2, 0.0, 0.0, 1.0)"
0,818031.1,0,0,0,0,0,0,0,0,0,"(0.0, 0.0)","(0.0, 0.0)","(0.0, 0.0)","(0.0, 0.0, 0.0)","(0.0, 0.0, 0.0)","(0.0, 0.0, 0.0)","(0.0, 0.0, 0.0)","(0.0, 0.0, 0.0)","(0.0, 0.0, 0.0)",0,0,0,0,0,0,False,0,0,0,0,0,0,0,0,"(0.0, 6.0, 62.9)","(0.2, 0.0, 0.0, 1.0)"
0,818047.4,0,0,0,0,0,0,0,0,0,"(0.0, 0.0)","(0.0, 0.0)","(0.0, 0.0)","(0.0, 0.0, 0.0)","(0.0, 0.0, 0.0)","(0.0, 0.0, 0.0)","(0.0, 0.0, 0.0)","(0.0, 0.0, 0.0)","(0.0, 0.0, 0.0)",0,0,0,0,0,0,False,0,0,0,0,0,0,0,0,"(0.0, 6.0, 63.1)","(0.2, 0.0, 0.0, 1.0)"
0,818063.1,0,0,0,0,0,0,0,0,0,"(0.0, 0.0)","(0.0, 0.0)","(0.0, 0.0)","(0.0, 0.0, 0.0)","(0.0, 0.0, 0.0)","(0.0, 0.0, 0.0)","(0.0, 0.0, 0.0)","(0.0, 0.0, 0.0)","(0.0, 0.0, 0.0)",0,0,0,0,0,0,False,0,0,0,0,0,0,0,0,"(0.0, 6.0, 63.2)","(0.2, 0.0, 0.0, 1.0)"
0,818078.3,0,0,0,0,0,0,0,0,0,"(0.0, 0.0)","(0.0, 0.0)","(0.0, 0.0)","(0.0, 0.0, 0.0)","(0.0, 0.0, 0.0)","(0.0, 0.0, 0.0)","(0.0, 0.0, 0.0)","(0.0, 0.0, 0.0)","(0.0, 0.0, 0.0)",0,0,0,0,0,0,False,0,0,0,0,0,0,0,0,"(0.0, 6.0, 63.4)","(0.2, 0.0, 0.0, 1.0)"
0,818093.6,0,0,0,0,0,0,0,0,0,"(0.0, 0.0)","(0.0, 0.0)","(0.0, 0.0)","(0.0, 0.0, 0.0)","(0.0, 0.0, 0.0)","(0.0, 0.0, 0.0)","(0.0, 0.0, 0.0)","(0.0, 0.0, 0.0)","(0.0, 0.0, 0.0)",0,0,0,0,0,0,False,0,0,0,0,0,0,0,0,"(0.0, 6.0, 63.6)","(0.2, 0.0, 0.0, 1.0)"
0,818109.6,0,0,0,0,0,0,0,0,0,"(0.0, 0.0)","(0.0, 0.0)","(0.0, 0.0)","(0.0, 0.0, 0.0)","(0.0, 0.0, 0.0)","(0.0, 0.0, 0.0)","(0.0, 0.0, 0.0)","(0.0, 0.0, 0.0)","(0.0, 0.0, 0.0)",0,0,0,0,0,0,False,0,0,0,0,0,0,0,0,"(0.0, 6.0, 63.7)","(0.2, 0.0, 0.0, 1.0)"
0,818124.3,0,0,0,0,0,0,0,0,0,"(0.0, 0.0)","(0.0, 0.0)","(0.0, 0.0)","(0.0, 0.0, 0.0)","(0.0, 0.0, 0.0)","(0.0, 0.0, 0.0)","(0.0, 0.0, 0.0)","(0.0, 0.0, 0.0)","(0.0, 0.0, 0.0)",0,0,0,0,0,0,False,0,0,0,0,0,0,0,0,"(0.0, 6.0, 63.9)","(0.2, 0.0, 0.0, 1.0)"
0,818139.4,0,0,0,0,0,0,0,0,0,"(0.0, 0.0)","(0.0, 0.0)","(0.0, 0.0)","(0.0, 0.0, 0.0)","(0.0, 0.0, 0.0)","(0.0, 0.0, 0.0)","(0.0, 0.0, 0.0)","(0.0, 0.0, 0.0)","(0.0, 0.0, 0.0)",0,0,0,0,0,0,False,0,0,0,0,0,0,0,0,"(0.0, 6.0, 64.0)","(0.2, 0.0, 0.0, 1.0)"
0,818155.4,0,0,0,0,0,0,0,0,0,"(0.0, 0.0)","(0.0, 0.0)","(0.0, 0.0)","(0.0, 0.0, 0.0)","(0.0, 0.0, 0.0)","(0.0, 0.0, 0.0)","(0.0, 0.0, 0.0)","(0.0, 0.0, 0.0)","(0.0, 0.0, 0.0)",0,0,0,0,0,0,False,0,0,0,0,0,0,0,0,"(0.0, 6.0, 64.2)","(0.2, 0.0, 0.0, 1.0)"
0,818171.1,0,0,0,0,0,0,0,0,0,"(0.0, 0.0)","(0.0, 0.0)","(0.0, 0.0)","(0.0, 0.0, 0.0)","(0.0, 0.0, 0.0)","(0.0, 0.0, 0.0)","(0.0, 0.0, 0.0)","(0.0, 0.0, 0.0)","(0.0, 0.0, 0.0)",0,0,0,0,0,0,False,0,0,0,0,0,0,0,0,"(0.0, 6.0, 64.3)","(0.2, 0.0, 0.0, 1.0)"
0,818186.7,0,0,0,0,0,0,0,0,0,"(0.0, 0.0)","(0.0, 0.0)","(0.0, 0.0)","(0.0, 0.0, 0.0)","(0.0, 0.0, 0.0)","(0.0, 0.0, 0.0)","(0.0, 0.0, 0.0)","(0.0, 0.0, 0.0)","(0.0, 0.0, 0.0)",0,0,0,0,0,0,False,0,0,0,0,0,0,0,0,"(0.0, 6.0, 64.5)","(0.2, 0.0, 0.0, 1.0)"
0,818202.5,0,0,0,0,0,0,0,0,0,"(0.0, 0.0)","(0.0, 0.0)","(0.0, 0.0)","(0.0, 0.0, 0.0)","(0.0, 0.0, 0.0)","(0.0, 0.0, 0.0)","(0.0, 0.0, 0.0)","(0.0, 0.0, 0.0)","(0.0, 0.0, 0.0)",0,0,0,0,0,0,False,0,0,0,0,0,0,0,0,"(0.0, 6.0, 64.7)","(0.2, 0.0, 0.0, 1.0)"
0,818218.5,0,0,0,0,0,0,0,0,0,"(0.0, 0.0)","(0.0, 0.0)","(0.0, 0.0)","(0.0, 0.0, 0.0)","(0.0, 0.0, 0.0)","(0.0, 0.0, 0.0)","(0.0, 0.0, 0.0)","(0.0, 0.0, 0.0)","(0.0, 0.0, 0.0)",0,0,0,0,0,0,False,0,0,0,0,0,0,0,0,"(0.0, 6.0, 64.8)","(0.2, 0.0, 0.0, 1.0)"
0,818234.7,0,0,0,0,0,0,0,0,0,"(0.0, 0.0)","(0.0, 0.0)","(0.0, 0.0)","(0.0, 0.0, 0.0)","(0.0, 0.0, 0.0)","(0.0, 0.0, 0.0)","(0.0, 0.0, 0.0)","(0.0, 0.0, 0.0)","(0.0, 0.0, 0.0)",0,0,0,0,0,0,False,0,0,0,0,0,0,0,0,"(0.0, 6.0, 65.0)","(0.2, 0.0, 0.0, 1.0)"
0,818251,0,0,0,0,0,0,0,0,0,"(0.0, 0.0)","(0.0, 0.0)","(0.0, 0.0)","(0.0, 0.0, 0.0)","(0.0, 0.0, 0.0)","(0.0, 0.0, 0.0)","(0.0, 0.0, 0.0)","(0.0, 0.0, 0.0)","(0.0, 0.0, 0.0)",0,0,0,0,0,0,False,0,0,0,0,0,0,0,0,"(0.0, 6.0, 65.1)","(0.2, 0.0, 0.0, 1.0)"
0,818271.3,0,0,0,0,0,0,0,0,0,"(0.0, 0.0)","(0.0, 0.0)","(0.0, 0.0)","(0.0, 0.0, 0.0)","(0.0, 0.0, 0.0)","(0.0, 0.0, 0.0)","(0.0, 0.0, 0.0)","(0.0, 0.0, 0.0)","(0.0, 0.0, 0.0)",0,0,0,0,0,0,False,0,0,0,0,0,0,0,0,"(0.0, 6.0, 65.3)","(0.2, 0.0, 0.0, 1.0)"
0,818287.8,0,0,0,0,0,0,0,0,0,"(0.0, 0.0)","(0.0, 0.0)","(0.0, 0.0)","(0.0, 0.0, 0.0)","(0.0, 0.0, 0.0)","(0.0, 0.0, 0.0)","(0.0, 0.0, 0.0)","(0.0, 0.0, 0.0)","(0.0, 0.0, 0.0)",0,0,0,0,0,0,False,0,0,0,0,0,0,0,0,"(0.0, 6.0, 65.5)","(0.2, 0.0, 0.0, 1.0)"
0,818303.2,0,0,0,0,0,0,0,0,0,"(0.0, 0.0)","(0.0, 0.0)","(0.0, 0.0)","(0.0, 0.0, 0.0)","(0.0, 0.0, 0.0)","(0.0, 0.0, 0.0)","(0.0, 0.0, 0.0)","(0.0, 0.0, 0.0)","(0.0, 0.0, 0.0)",0,0,0,0,0,0,False,0,0,0,0,0,0,0,0,"(0.0, 6.0, 65.6)","(0.2, 0.0, 0.0, 1.0)"
0,818318.7,0,0,0,0,0,0,0,0,0,"(0.0, 0.0)","(0.0, 0.0)","(0.0, 0.0)","(0.0, 0.0, 0.0)","(0.0, 0.0, 0.0)","(0.0, 0.0, 0.0)","(0.0, 0.0, 0.0)","(0.0, 0.0, 0.0)","(0.0, 0.0, 0.0)",0,0,0,0,0,0,False,0,0,0,0,0,0,0,0,"(0.0, 6.0, 65.8)","(0.2, 0.0, 0.0, 1.0)"
0,818334.6,0,0,0,0,0,0,0,0,0,"(0.0, 0.0)","(0.0, 0.0)","(0.0, 0.0)","(0.0, 0.0, 0.0)","(0.0, 0.0, 0.0)","(0.0, 0.0, 0.0)","(0.0, 0.0, 0.0)","(0.0, 0.0, 0.0)","(0.0, 0.0, 0.0)",0,0,0,0,0,0,False,0,0,0,0,0,0,0,0,"(0.0, 6.0, 65.9)","(0.2, 0.0, 0.0, 1.0)"
0,818351.2,0,0,0,0,0,0,0,0,0,"(0.0, 0.0)","(0.0, 0.0)","(0.0, 0.0)","(0.0, 0.0, 0.0)","(0.0, 0.0, 0.0)","(0.0, 0.0, 0.0)","(0.0, 0.0, 0.0)","(0.0, 0.0, 0.0)","(0.0, 0.0, 0.0)",0,0,0,0,0,0,False,0,0,0,0,0,0,0,0,"(0.0, 6.0, 66.1)","(0.2, 0.0, 0.0, 1.0)"
0,818367.1,0,0,0,0,0,0,0,0,0,"(0.0, 0.0)","(0.0, 0.0)","(0.0, 0.0)","(0.0, 0.0, 0.0)","(0.0, 0.0, 0.0)","(0.0, 0.0, 0.0)","(0.0, 0.0, 0.0)","(0.0, 0.0, 0.0)","(0.0, 0.0, 0.0)",0,0,0,0,0,0,False,0,0,0,0,0,0,0,0,"(0.0, 6.0, 66.3)","(0.2, 0.0, 0.0, 1.0)"
0,818383.2,0,0,0,0,0,0,0,0,0,"(0.0, 0.0)","(0.0, 0.0)","(0.0, 0.0)","(0.0, 0.0, 0.0)","(0.0, 0.0, 0.0)","(0.0, 0.0, 0.0)","(0.0, 0.0, 0.0)","(0.0, 0.0, 0.0)","(0.0, 0.0, 0.0)",0,0,0,0,0,0,False,0,0,0,0,0,0,0,0,"(0.0, 6.0, 66.4)","(0.2, 0.0, 0.0, 1.0)"
0,818399.3,0,0,0,0,0,0,0,0,0,"(0.0, 0.0)","(0.0, 0.0)","(0.0, 0.0)","(0.0, 0.0, 0.0)","(0.0, 0.0, 0.0)","(0.0, 0.0, 0.0)","(0.0, 0.0, 0.0)","(0.0, 0.0, 0.0)","(0.0, 0.0, 0.0)",0,0,0,0,0,0,False,0,0,0,0,0,0,0,0,"(0.0, 6.0, 66.6)","(0.2, 0.0, 0.0, 1.0)"
0,818415.4,0,0,0,0,0,0,0,0,0,"(0.0, 0.0)","(0.0, 0.0)","(0.0, 0.0)","(0.0, 0.0, 0.0)","(0.0, 0.0, 0.0)","(0.0, 0.0, 0.0)","(0.0, 0.0, 0.0)","(0.0, 0.0, 0.0)","(0.0, 0.0, 0.0)",0,0,0,0,0,0,False,0,0,0,0,0,0,0,0,"(0.0, 6.0, 66.8)","(0.2, 0.0, 0.0, 1.0)"
0,818430.8,0,0,0,0,0,0,0,0,0,"(0.0, 0.0)","(0.0, 0.0)","(0.0, 0.0)","(0.0, 0.0, 0.0)","(0.0, 0.0, 0.0)","(0.0, 0.0, 0.0)","(0.0, 0.0, 0.0)","(0.0, 0.0, 0.0)","(0.0, 0.0, 0.0)",0,0,0,0,0,0,False,0,0,0,0,0,0,0,0,"(0.0, 6.0, 66.9)","(0.2, 0.0, 0.0, 1.0)"
0,818449.1,0,0,0,0,0,0,0,0,0,"(0.0, 0.0)","(0.0, 0.0)","(0.0, 0.0)","(0.0, 0.0, 0.0)","(0.0, 0.0, 0.0)","(0.0, 0.0, 0.0)","(0.0, 0.0, 0.0)","(0.0, 0.0, 0.0)","(0.0, 0.0, 0.0)",0,0,0,0,0,0,False,0,0,0,0,0,0,0,0,"(0.0, 6.0, 67.1)","(0.2, 0.0, 0.0, 1.0)"
0,818464.3,0,0,0,0,0,0,0,0,0,"(0.0, 0.0)","(0.0, 0.0)","(0.0, 0.0)","(0.0, 0.0, 0.0)","(0.0, 0.0, 0.0)","(0.0, 0.0, 0.0)","(0.0, 0.0, 0.0)","(0.0, 0.0, 0.0)","(0.0, 0.0, 0.0)",0,0,0,0,0,0,False,0,0,0,0,0,0,0,0,"(0.0, 6.0, 67.2)","(0.2, 0.0, 0.0, 1.0)"
0,818480.3,0,0,0,0,0,0,0,0,0,"(0.0, 0.0)","(0.0, 0.0)","(0.0, 0.0)","(0.0, 0.0, 0.0)","(0.0, 0.0, 0.0)","(0.0, 0.0, 0.0)","(0.0, 0.0, 0.0)","(0.0, 0.0, 0.0)","(0.0, 0.0, 0.0)",0,0,0,0,0,0,False,0,0,0,0,0,0,0,0,"(0.0, 6.0, 67.4)","(0.2, 0.0, 0.0, 1.0)"
0,818494.7,0,0,0,0,0,0,0,0,0,"(0.0, 0.0)","(0.0, 0.0)","(0.0, 0.0)","(0.0, 0.0, 0.0)","(0.0, 0.0, 0.0)","(0.0, 0.0, 0.0)","(0.0, 0.0, 0.0)","(0.0, 0.0, 0.0)","(0.0, 0.0, 0.0)",0,0,0,0,0,0,False,0,0,0,0,0,0,0,0,"(0.0, 6.0, 67.6)","(0.2, 0.0, 0.0, 1.0)"
0,818509.8,0,0,0,0,0,0,0,0,0,"(0.0, 0.0)","(0.0, 0.0)","(0.0, 0.0)","(0.0, 0.0, 0.0)","(0.0, 0.0, 0.0)","(0.0, 0.0, 0.0)","(0.0, 0.0, 0.0)","(0.0, 0.0, 0.0)","(0.0, 0.0, 0.0)",0,0,0,0,0,0,False,0,0,0,0,0,0,0,0,"(0.0, 6.0, 67.7)","(0.2, 0.0, 0.0, 1.0)"
0,818524.8,0,0,0,0,0,0,0,0,0,"(0.0, 0.0)","(0.0, 0.0)","(0.0, 0.0)","(0.0, 0.0, 0.0)","(0.0, 0.0, 0.0)","(0.0, 0.0, 0.0)","(0.0, 0.0, 0.0)","(0.0, 0.0, 0.0)","(0.0, 0.0, 0.0)",0,0,0,0,0,0,False,0,0,0,0,0,0,0,0,"(0.0, 6.0, 67.9)","(0.2, 0.0, 0.0, 1.0)"
0,818540.4,0,0,0,0,0,0,0,0,0,"(0.0, 0.0)","(0.0, 0.0)","(0.0, 0.0)","(0.0, 0.0, 0.0)","(0.0, 0.0, 0.0)","(0.0, 0.0, 0.0)","(0.0, 0.0, 0.0)","(0.0, 0.0, 0.0)","(0.0, 0.0, 0.0)",0,0,0,0,0,0,False,0,0,0,0,0,0,0,0,"(0.0, 6.0, 68.0)","(0.2, 0.0, 0.0, 1.0)"
0,818555.4,0,0,0,0,0,0,0,0,0,"(0.0, 0.0)","(0.0, 0.0)","(0.0, 0.0)","(0.0, 0.0, 0.0)","(0.0, 0.0, 0.0)","(0.0, 0.0, 0.0)","(0.0, 0.0, 0.0)","(0.0, 0.0, 0.0)","(0.0, 0.0, 0.0)",0,0,0,0,0,0,False,0,0,0,0,0,0,0,0,"(0.0, 6.0, 68.2)","(0.2, 0.0, 0.0, 1.0)"
0,818571.9,0,0,0,0,0,0,0,0,0,"(0.0, 0.0)","(0.0, 0.0)","(0.0, 0.0)","(0.0, 0.0, 0.0)","(0.0, 0.0, 0.0)","(0.0, 0.0, 0.0)","(0.0, 0.0, 0.0)","(0.0, 0.0, 0.0)","(0.0, 0.0, 0.0)",0,0,0,0,0,0,False,0,0,0,0,0,0,0,0,"(0.0, 6.0, 68.4)","(0.2, 0.0, 0.0, 1.0)"
0,818591.4,0,0,0,0,0,0,0,0,0,"(0.0, 0.0)","(0.0, 0.0)","(0.0, 0.0)","(0.0, 0.0, 0.0)","(0.0, 0.0, 0.0)","(0.0, 0.0, 0.0)","(0.0, 0.0, 0.0)","(0.0, 0.0, 0.0)","(0.0, 0.0, 0.0)",0,0,0,0,0,0,False,0,0,0,0,0,0,0,0,"(0.0, 6.0, 68.5)","(0.2, 0.0, 0.0, 1.0)"
0,818606.3,0,0,0,0,0,0,0,0,0,"(0.0, 0.0)","(0.0, 0.0)","(0.0, 0.0)","(0.0, 0.0, 0.0)","(0.0, 0.0, 0.0)","(0.0, 0.0, 0.0)","(0.0, 0.0, 0.0)","(0.0, 0.0, 0.0)","(0.0, 0.0, 0.0)",0,0,0,0,0,0,False,0,0,0,0,0,0,0,0,"(0.0, 6.0, 68.7)","(0.2, 0.0, 0.0, 1.0)"
0,818622.9,0,0,0,0,0,0,0,0,0,"(0.0, 0.0)","(0.0, 0.0)","(0.0, 0.0)","(0.0, 0.0, 0.0)","(0.0, 0.0, 0.0)","(0.0, 0.0, 0.0)","(0.0, 0.0, 0.0)","(0.0, 0.0, 0.0)","(0.0, 0.0, 0.0)",0,0,0,0,0,0,False,0,0,0,0,0,0,0,0,"(0.0, 6.0, 68.8)","(0.2, 0.0, 0.0, 1.0)"
0,818640,0,0,0,0,0,0,0,0,0,"(0.0, 0.0)","(0.0, 0.0)","(0.0, 0.0)","(0.0, 0.0, 0.0)","(0.0, 0.0, 0.0)","(0.0, 0.0, 0.0)","(0.0, 0.0, 0.0)","(0.0, 0.0, 0.0)","(0.0, 0.0, 0.0)",0,0,0,0,0,0,False,0,0,0,0,0,0,0,0,"(0.0, 6.0, 69.0)","(0.2, 0.0, 0.0, 1.0)"
0,818655.5,0,0,0,0,0,0,0,0,0,"(0.0, 0.0)","(0.0, 0.0)","(0.0, 0.0)","(0.0, 0.0, 0.0)","(0.0, 0.0, 0.0)","(0.0, 0.0, 0.0)","(0.0, 0.0, 0.0)","(0.0, 0.0, 0.0)","(0.0, 0.0, 0.0)",0,0,0,0,0,0,False,0,0,0,0,0,0,0,0,"(0.0, 6.0, 69.2)","(0.2, 0.0, 0.0, 1.0)"
0,818671.1,0,0,0,0,0,0,0,0,0,"(0.0, 0.0)","(0.0, 0.0)","(0.0, 0.0)","(0.0, 0.0, 0.0)","(0.0, 0.0, 0.0)","(0.0, 0.0, 0.0)","(0.0, 0.0, 0.0)","(0.0, 0.0, 0.0)","(0.0, 0.0, 0.0)",0,0,0,0,0,0,False,0,0,0,0,0,0,0,0,"(0.0, 6.0, 69.3)","(0.2, 0.0, 0.0, 1.0)"
0,818687.3,0,0,0,0,0,0,0,0,0,"(0.0, 0.0)","(0.0, 0.0)","(0.0, 0.0)","(0.0, 0.0, 0.0)","(0.0, 0.0, 0.0)","(0.0, 0.0, 0.0)","(0.0, 0.0, 0.0)","(0.0, 0.0, 0.0)","(0.0, 0.0, 0.0)",0,0,0,0,0,0,False,0,0,0,0,0,0,0,0,"(0.0, 6.0, 69.5)","(0.2, 0.0, 0.0, 1.0)"
0,818704.6,0,0,0,0,0,0,0,0,0,"(0.0, 0.0)","(0.0, 0.0)","(0.0, 0.0)","(0.0, 0.0, 0.0)","(0.0, 0.0, 0.0)","(0.0, 0.0, 0.0)","(0.0, 0.0, 0.0)","(0.0, 0.0, 0.0)","(0.0, 0.0, 0.0)",0,0,0,0,0,0,False,0,0,0,0,0,0,0,0,"(0.0, 6.0, 69.6)","(0.2, 0.0, 0.0, 1.0)"
0,818721,0,0,0,0,0,0,0,0,0,"(0.0, 0.0)","(0.0, 0.0)","(0.0, 0.0)","(0.0, 0.0, 0.0)","(0.0, 0.0, 0.0)","(0.0, 0.0, 0.0)","(0.0, 0.0, 0.0)","(0.0, 0.0, 0.0)","(0.0, 0.0, 0.0)",0,0,0,0,0,0,False,0,0,0,0,0,0,0,0,"(0.0, 6.0, 69.8)","(0.2, 0.0, 0.0, 1.0)"
0,818737.8,0,0,0,0,0,0,0,0,0,"(0.0, 0.0)","(0.0, 0.0)","(0.0, 0.0)","(0.0, 0.0, 0.0)","(0.0, 0.0, 0.0)","(0.0, 0.0, 0.0)","(0.0, 0.0, 0.0)","(0.0, 0.0, 0.0)","(0.0, 0.0, 0.0)",0,0,0,0,0,0,False,0,0,0,0,0,0,0,0,"(0.0, 6.0, 70.0)","(0.2, 0.0, 0.0, 1.0)"
0,818754.1,0,0,0,0,0,0,0,0,0,"(0.0, 0.0)","(0.0, 0.0)","(0.0, 0.0)","(0.0, 0.0, 0.0)","(0.0, 0.0, 0.0)","(0.0, 0.0, 0.0)","(0.0, 0.0, 0.0)","(0.0, 0.0, 0.0)","(0.0, 0.0, 0.0)",0,0,0,0,0,0,False,0,0,0,0,0,0,0,0,"(0.0, 6.0, 70.1)","(0.2, 0.0, 0.0, 1.0)"
0,818774.4,0,0,0,0,0,0,0,0,0,"(0.0, 0.0)","(0.0, 0.0)","(0.0, 0.0)","(0.0, 0.0, 0.0)","(0.0, 0.0, 0.0)","(0.0, 0.0, 0.0)","(0.0, 0.0, 0.0)","(0.0, 0.0, 0.0)","(0.0, 0.0, 0.0)",0,0,0,0,0,0,False,0,0,0,0,0,0,0,0,"(0.0, 6.0, 70.3)","(0.2, 0.0, 0.0, 1.0)"
0,818789.8,0,0,0,0,0,0,0,0,0,"(0.0, 0.0)","(0.0, 0.0)","(0.0, 0.0)","(0.0, 0.0, 0.0)","(0.0, 0.0, 0.0)","(0.0, 0.0, 0.0)","(0.0, 0.0, 0.0)","(0.0, 0.0, 0.0)","(0.0, 0.0, 0.0)",0,0,0,0,0,0,False,0,0,0,0,0,0,0,0,"(0.0, 6.0, 70.5)","(0.2, 0.0, 0.0, 1.0)"
0,818805,0,0,0,0,0,0,0,0,0,"(0.0, 0.0)","(0.0, 0.0)","(0.0, 0.0)","(0.0, 0.0, 0.0)","(0.0, 0.0, 0.0)","(0.0, 0.0, 0.0)","(0.0, 0.0, 0.0)","(0.0, 0.0, 0.0)","(0.0, 0.0, 0.0)",0,0,0,0,0,0,False,0,0,0,0,0,0,0,0,"(0.0, 6.0, 70.6)","(0.2, 0.0, 0.0, 1.0)"
0,818821.6,0,0,0,0,0,0,0,0,0,"(0.0, 0.0)","(0.0, 0.0)","(0.0, 0.0)","(0.0, 0.0, 0.0)","(0.0, 0.0, 0.0)","(0.0, 0.0, 0.0)","(0.0, 0.0, 0.0)","(0.0, 0.0, 0.0)","(0.0, 0.0, 0.0)",0,0,0,0,0,0,False,0,0,0,0,0,0,0,0,"(0.0, 6.0, 70.8)","(0.2, 0.0, 0.0, 1.0)"
0,818838.8,0,0,0,0,0,0,0,0,0,"(0.0, 0.0)","(0.0, 0.0)","(0.0, 0.0)","(0.0, 0.0, 0.0)","(0.0, 0.0, 0.0)","(0.0, 0.0, 0.0)","(0.0, 0.0, 0.0)","(0.0, 0.0, 0.0)","(0.0, 0.0, 0.0)",0,0,0,0,0,0,False,0,0,0,0,0,0,0,0,"(0.0, 6.0, 71.0)","(0.2, 0.0, 0.0, 1.0)"
0,818854.1,0,0,0,0,0,0,0,0,0,"(0.0, 0.0)","(0.0, 0.0)","(0.0, 0.0)","(0.0, 0.0, 0.0)","(0.0, 0.0, 0.0)","(0.0, 0.0, 0.0)","(0.0, 0.0, 0.0)","(0.0, 0.0, 0.0)","(0.0, 0.0, 0.0)",0,0,0,0,0,0,False,0,0,0,0,0,0,0,0,"(0.0, 6.0, 71.1)","(0.2, 0.0, 0.0, 1.0)"
0,818871.6,0,0,0,0,0,0,0,0,0,"(0.0, 0.0)","(0.0, 0.0)","(0.0, 0.0)","(0.0, 0.0, 0.0)","(0.0, 0.0, 0.0)","(0.0, 0.0, 0.0)","(0.0, 0.0, 0.0)","(0.0, 0.0, 0.0)","(0.0, 0.0, 0.0)",0,0,0,0,0,0,False,0,0,0,0,0,0,0,0,"(0.0, 6.0, 71.3)","(0.2, 0.0, 0.0, 1.0)"
0,818887.4,0,0,0,0,0,0,0,0,0,"(0.0, 0.0)","(0.0, 0.0)","(0.0, 0.0)","(0.0, 0.0, 0.0)","(0.0, 0.0, 0.0)","(0.0, 0.0, 0.0)","(0.0, 0.0, 0.0)","(0.0, 0.0, 0.0)","(0.0, 0.0, 0.0)",0,0,0,0,0,0,False,0,0,0,0,0,0,0,0,"(0.0, 6.0, 71.4)","(0.2, 0.0, 0.0, 1.0)"
0,818903.8,0,0,0,0,0,0,0,0,0,"(0.0, 0.0)","(0.0, 0.0)","(0.0, 0.0)","(0.0, 0.0, 0.0)","(0.0, 0.0, 0.0)","(0.0, 0.0, 0.0)","(0.0, 0.0, 0.0)","(0.0, 0.0, 0.0)","(0.0, 0.0, 0.0)",0,0,0,0,0,0,False,0,0,0,0,0,0,0,0,"(0.0, 6.0, 71.6)","(0.2, 0.0, 0.0, 1.0)"
0,818920,0,0,0,0,0,0,0,0,0,"(0.0, 0.0)","(0.0, 0.0)","(0.0, 0.0)","(0.0, 0.0, 0.0)","(0.0, 0.0, 0.0)","(0.0, 0.0, 0.0)","(0.0, 0.0, 0.0)","(0.0, 0.0, 0.0)","(0.0, 0.0, 0.0)",0,0,0,0,0,0,False,0,0,0,0,0,0,0,0,"(0.0, 6.0, 71.8)","(0.2, 0.0, 0.0, 1.0)"
0,818936.9,0,0,0,0,0,0,0,0,0,"(0.0, 0.0)","(0.0, 0.0)","(0.0, 0.0)","(0.0, 0.0, 0.0)","(0.0, 0.0, 0.0)","(0.0, 0.0, 0.0)","(0.0, 0.0, 0.0)","(0.0, 0.0, 0.0)","(0.0, 0.0, 0.0)",0,0,0,0,0,0,False,0,0,0,0,0,0,0,0,"(0.0, 6.0, 71.9)","(0.2, 0.0, 0.0, 1.0)"
0,818952.1,0,0,0,0,0,0,0,0,0,"(0.0, 0.0)","(0.0, 0.0)","(0.0, 0.0)","(0.0, 0.0, 0.0)","(0.0, 0.0, 0.0)","(0.0, 0.0, 0.0)","(0.0, 0.0, 0.0)","(0.0, 0.0, 0.0)","(0.0, 0.0, 0.0)",0,0,0,0,0,0,False,0,0,0,0,0,0,0,0,"(0.0, 6.0, 72.1)","(0.2, 0.0, 0.0, 1.0)"
0,818969,0,0,0,0,0,0,0,0,0,"(0.0, 0.0)","(0.0, 0.0)","(0.0, 0.0)","(0.0, 0.0, 0.0)","(0.0, 0.0, 0.0)","(0.0, 0.0, 0.0)","(0.0, 0.0, 0.0)","(0.0, 0.0, 0.0)","(0.0, 0.0, 0.0)",0,0,0,0,0,0,False,0,0,0,0,0,0,0,0,"(0.0, 6.0, 72.3)","(0.2, 0.0, 0.0, 1.0)"
0,818985.5,0,0,0,0,0,0,0,0,0,"(0.0, 0.0)","(0.0, 0.0)","(0.0, 0.0)","(0.0, 0.0, 0.0)","(0.0, 0.0, 0.0)","(0.0, 0.0, 0.0)","(0.0, 0.0, 0.0)","(0.0, 0.0, 0.0)","(0.0, 0.0, 0.0)",0,0,0,0,0,0,False,0,0,0,0,0,0,0,0,"(0.0, 6.0, 72.4)","(0.2, 0.0, 0.0, 1.0)"
0,819001.3,0,0,0,0,0,0,0,0,0,"(0.0, 0.0)","(0.0, 0.0)","(0.0, 0.0)","(0.0, 0.0, 0.0)","(0.0, 0.0, 0.0)","(0.0, 0.0, 0.0)","(0.0, 0.0, 0.0)","(0.0, 0.0, 0.0)","(0.0, 0.0, 0.0)",0,0,0,0,0,0,False,0,0,0,0,0,0,0,0,"(0.0, 6.0, 72.6)","(0.2, 0.0, 0.0, 1.0)"
0,819017.9,0,0,0,0,0,0,0,0,0,"(0.0, 0.0)","(0.0, 0.0)","(0.0, 0.0)","(0.0, 0.0, 0.0)","(0.0, 0.0, 0.0)","(0.0, 0.0, 0.0)","(0.0, 0.0, 0.0)","(0.0, 0.0, 0.0)","(0.0, 0.0, 0.0)",0,0,0,0,0,0,False,0,0,0,0,0,0,0,0,"(0.0, 6.0, 72.8)","(0.2, 0.0, 0.0, 1.0)"
0,819035.2,0,0,0,0,0,0,0,0,0,"(0.0, 0.0)","(0.0, 0.0)","(0.0, 0.0)","(0.0, 0.0, 0.0)","(0.0, 0.0, 0.0)","(0.0, 0.0, 0.0)","(0.0, 0.0, 0.0)","(0.0, 0.0, 0.0)","(0.0, 0.0, 0.0)",0,0,0,0,0,0,False,0,0,0,0,0,0,0,0,"(0.0, 6.0, 72.9)","(0.2, 0.0, 0.0, 1.0)"
0,819053.1,0,0,0,0,0,0,0,0,0,"(0.0, 0.0)","(0.0, 0.0)","(0.0, 0.0)","(0.0, 0.0, 0.0)","(0.0, 0.0, 0.0)","(0.0, 0.0, 0.0)","(0.0, 0.0, 0.0)","(0.0, 0.0, 0.0)","(0.0, 0.0, 0.0)",0,0,0,0,0,0,False,0,0,0,0,0,0,0,0,"(0.0, 6.0, 73.1)","(0.2, 0.0, 0.0, 1.0)"
0,819070.2,0,0,0,0,0,0,0,0,0,"(0.0, 0.0)","(0.0, 0.0)","(0.0, 0.0)","(0.0, 0.0, 0.0)","(0.0, 0.0, 0.0)","(0.0, 0.0, 0.0)","(0.0, 0.0, 0.0)","(0.0, 0.0, 0.0)","(0.0, 0.0, 0.0)",0,0,0,0,0,0,False,0,0,0,0,0,0,0,0,"(0.0, 6.0, 73.3)","(0.2, 0.0, 0.0, 1.0)"
0,819086.3,0,0,0,0,0,0,0,0,0,"(0.0, 0.0)","(0.0, 0.0)","(0.0, 0.0)","(0.0, 0.0, 0.0)","(0.0, 0.0, 0.0)","(0.0, 0.0, 0.0)","(0.0, 0.0, 0.0)","(0.0, 0.0, 0.0)","(0.0, 0.0, 0.0)",0,0,0,0,0,0,False,0,0,0,0,0,0,0,0,"(0.0, 6.0, 73.4)","(0.2, 0.0, 0.0, 1.0)"
0,819103.2,0,0,0,0,0,0,0,0,0,"(0.0, 0.0)","(0.0, 0.0)","(0.0, 0.0)","(0.0, 0.0, 0.0)","(0.0, 0.0, 0.0)","(0.0, 0.0, 0.0)","(0.0, 0.0, 0.0)","(0.0, 0.0, 0.0)","(0.0, 0.0, 0.0)",0,0,0,0,0,0,False,0,0,0,0,0,0,0,0,"(0.0, 6.0, 73.6)","(0.2, 0.0, 0.0, 1.0)"
0,819119.6,0,0,0,0,0,0,0,0,0,"(0.0, 0.0)","(0.0, 0.0)","(0.0, 0.0)","(0.0, 0.0, 0.0)","(0.0, 0.0, 0.0)","(0.0, 0.0, 0.0)","(0.0, 0.0, 0.0)","(0.0, 0.0, 0.0)","(0.0, 0.0, 0.0)",0,0,0,0,0,0,False,0,0,0,0,0,0,0,0,"(0.0, 6.0, 73.8)","(0.2, 0.0, 0.0, 1.0)"
0,819137.7,0,0,0,0,0,0,0,0,0,"(0.0, 0.0)","(0.0, 0.0)","(0.0, 0.0)","(0.0, 0.0, 0.0)","(0.0, 0.0, 0.0)","(0.0, 0.0, 0.0)","(0.0, 0.0, 0.0)","(0.0, 0.0, 0.0)","(0.0, 0.0, 0.0)",0,0,0,0,0,0,False,0,0,0,0,0,0,0,0,"(0.0, 6.0, 73.9)","(0.2, 0.0, 0.0, 1.0)"
0,819154.3,0,0,0,0,0,0,0,0,0,"(0.0, 0.0)","(0.0, 0.0)","(0.0, 0.0)","(0.0, 0.0, 0.0)","(0.0, 0.0, 0.0)","(0.0, 0.0, 0.0)","(0.0, 0.0, 0.0)","(0.0, 0.0, 0.0)","(0.0, 0.0, 0.0)",0,0,0,0,0,0,False,0,0,0,0,0,0,0,0,"(0.0, 6.0, 74.1)","(0.2, 0.0, 0.0, 1.0)"
0,819170.8,0,0,0,0,0,0,0,0,0,"(0.0, 0.0)","(0.0, 0.0)","(0.0, 0.0)","(0.0, 0.0, 0.0)","(0.0, 0.0, 0.0)","(0.0, 0.0, 0.0)","(0.0, 0.0, 0.0)","(0.0, 0.0, 0.0)","(0.0, 0.0, 0.0)",0,0,0,0,0,0,False,0,0,0,0,0,0,0,0,"(0.0, 6.0, 74.3)","(0.2, 0.0, 0.0, 1.0)"
0,819187.6,0,0,0,0,0,0,0,0,0,"(0.0, 0.0)","(0.0, 0.0)","(0.0, 0.0)","(0.0, 0.0, 0.0)","(0.0, 0.0, 0.0)","(0.0, 0.0, 0.0)","(0.0, 0.0, 0.0)","(0.0, 0.0, 0.0)","(0.0, 0.0, 0.0)",0,0,0,0,0,0,False,0,0,0,0,0,0,0,0,"(0.0, 6.0, 74.4)","(0.2, 0.0, 0.0, 1.0)"
0,819204.9,0,0,0,0,0,0,0,0,0,"(0.0, 0.0)","(0.0, 0.0)","(0.0, 0.0)","(0.0, 0.0, 0.0)","(0.0, 0.0, 0.0)","(0.0, 0.0, 0.0)","(0.0, 0.0, 0.0)","(0.0, 0.0, 0.0)","(0.0, 0.0, 0.0)",0,0,0,0,0,0,False,0,0,0,0,0,0,0,0,"(0.0, 6.0, 74.6)","(0.2, 0.0, 0.0, 1.0)"
0,819220.8,0,0,0,0,0,0,0,0,0,"(0.0, 0.0)","(0.0, 0.0)","(0.0, 0.0)","(0.0, 0.0, 0.0)","(0.0, 0.0, 0.0)","(0.0, 0.0, 0.0)","(0.0, 0.0, 0.0)","(0.0, 0.0, 0.0)","(0.0, 0.0, 0.0)",0,0,0,0,0,0,False,0,0,0,0,0,0,0,0,"(0.0, 6.0, 74.8)","(0.2, 0.0, 0.0, 1.0)"
0,819237.3,0,0,0,0,0,0,0,0,0,"(0.0, 0.0)","(0.0, 0.0)","(0.0, 0.0)","(0.0, 0.0, 0.0)","(0.0, 0.0, 0.0)","(0.0, 0.0, 0.0)","(0.0, 0.0, 0.0)","(0.0, 0.0, 0.0)","(0.0, 0.0, 0.0)",0,0,0,0,0,0,False,0,0,0,0,0,0,0,0,"(0.0, 6.0, 74.9)","(0.2, 0.0, 0.0, 1.0)"
0,819252.2,0,0,0,0,0,0,0,0,0,"(0.0, 0.0)","(0.0, 0.0)","(0.0, 0.0)","(0.0, 0.0, 0.0)","(0.0, 0.0, 0.0)","(0.0, 0.0, 0.0)","(0.0, 0.0, 0.0)","(0.0, 0.0, 0.0)","(0.0, 0.0, 0.0)",0,0,0,0,0,0,False,0,0,0,0,0,0,0,0,"(0.0, 6.0, 75.1)","(0.2, 0.0, 0.0, 1.0)"
0,819272.6,0,0,0,0,0,0,0,0,0,"(0.0, 0.0)","(0.0, 0.0)","(0.0, 0.0)","(0.0, 0.0, 0.0)","(0.0, 0.0, 0.0)","(0.0, 0.0, 0.0)","(0.0, 0.0, 0.0)","(0.0, 0.0, 0.0)","(0.0, 0.0, 0.0)",0,0,0,0,0,0,False,0,0,0,0,0,0,0,0,"(0.0, 6.0, 75.3)","(0.2, 0.0, 0.0, 1.0)"
0,819288.2,0,0,0,0,0,0,0,0,0,"(0.0, 0.0)","(0.0, 0.0)","(0.0, 0.0)","(0.0, 0.0, 0.0)","(0.0, 0.0, 0.0)","(0.0, 0.0, 0.0)","(0.0, 0.0, 0.0)","(0.0, 0.0, 0.0)","(0.0, 0.0, 0.0)",0,0,0,0,0,0,False,0,0,0,0,0,0,0,0,"(0.0, 6.0, 75.4)","(0.2, 0.0, 0.0, 1.0)"
0,819304.9,0,0,0,0,0,0,0,0,0,"(0.0, 0.0)","(0.0, 0.0)","(0.0, 0.0)","(0.0, 0.0, 0.0)","(0.0, 0.0, 0.0)","(0.0, 0.0, 0.0)","(0.0, 0.0, 0.0)","(0.0, 0.0, 0.0)","(0.0, 0.0, 0.0)",0,0,0,0,0,0,False,0,0,0,0,0,0,0,0,"(0.0, 6.0, 75.6)","(0.2, 0.0, 0.0, 1.0)"
0,819320.7,0,0,0,0,0,0,0,0,0,"(0.0, 0.0)","(0.0, 0.0)","(0.0, 0.0)","(0.0, 0.0, 0.0)","(0.0, 0.0, 0.0)","(0.0, 0.0, 0.0)","(0.0, 0.0, 0.0)","(0.0, 0.0, 0.0)","(0.0, 0.0, 0.0)",0,0,0,0,0,0,False,0,0,0,0,0,0,0,0,"(0.0, 6.0, 75.8)","(0.2, 0.0, 0.0, 1.0)"
0,819338,0,0,0,0,0,0,0,0,0,"(0.0, 0.0)","(0.0, 0.0)","(0.0, 0.0)","(0.0, 0.0, 0.0)","(0.0, 0.0, 0.0)","(0.0, 0.0, 0.0)","(0.0, 0.0, 0.0)","(0.0, 0.0, 0.0)","(0.0, 0.0, 0.0)",0,0,0,0,0,0,False,0,0,0,0,0,0,0,0,"(0.0, 6.0, 75.9)","(0.2, 0.0, 0.0, 1.0)"
0,819353.3,0,0,0,0,0,0,0,0,0,"(0.0, 0.0)","(0.0, 0.0)","(0.0, 0.0)","(0.0, 0.0, 0.0)","(0.0, 0.0, 0.0)","(0.0, 0.0, 0.0)","(0.0, 0.0, 0.0)","(0.0, 0.0, 0.0)","(0.0, 0.0, 0.0)",0,0,0,0,0,0,False,0,0,0,0,0,0,0,0,"(0.0, 6.0, 76.1)","(0.2, 0.0, 0.0, 1.0)"
0,819369.5,0,0,0,0,0,0,0,0,0,"(0.0, 0.0)","(0.0, 0.0)","(0.0, 0.0)","(0.0, 0.0, 0.0)","(0.0, 0.0, 0.0)","(0.0, 0.0, 0.0)","(0.0, 0.0, 0.0)","(0.0, 0.0, 0.0)","(0.0, 0.0, 0.0)",0,0,0,0,0,0,False,0,0,0,0,0,0,0,0,"(0.0, 6.0, 76.3)","(0.2, 0.0, 0.0, 1.0)"
0,819388.8,0,0,0,0,0,0,0,0,0,"(0.0, 0.0)","(0.0, 0.0)","(0.0, 0.0)","(0.0, 0.0, 0.0)","(0.0, 0.0, 0.0)","(0.0, 0.0, 0.0)","(0.0, 0.0, 0.0)","(0.0, 0.0, 0.0)","(0.0, 0.0, 0.0)",0,0,0,0,0,0,False,0,0,0,0,0,0,0,0,"(0.0, 6.0, 76.4)","(0.2, 0.0, 0.0, 1.0)"
0,819405.2,0,0,0,0,0,0,0,0,0,"(0.0, 0.0)","(0.0, 0.0)","(0.0, 0.0)","(0.0, 0.0, 0.0)","(0.0, 0.0, 0.0)","(0.0, 0.0, 0.0)","(0.0, 0.0, 0.0)","(0.0, 0.0, 0.0)","(0.0, 0.0, 0.0)",0,0,0,0,0,0,False,0,0,0,0,0,0,0,0,"(0.0, 6.0, 76.6)","(0.2, 0.0, 0.0, 1.0)"
0,819420.8,0,0,0,0,0,0,0,0,0,"(0.0, 0.0)","(0.0, 0.0)","(0.0, 0.0)","(0.0, 0.0, 0.0)","(0.0, 0.0, 0.0)","(0.0, 0.0, 0.0)","(0.0, 0.0, 0.0)","(0.0, 0.0, 0.0)","(0.0, 0.0, 0.0)",0,0,0,0,0,0,False,0,0,0,0,0,0,0,0,"(0.0, 6.0, 76.8)","(0.2, 0.0, 0.0, 1.0)"
0,819441.9,0,0,0,0,0,0,0,0,0,"(0.0, 0.0)","(0.0, 0.0)","(0.0, 0.0)","(0.0, 0.0, 0.0)","(0.0, 0.0, 0.0)","(0.0, 0.0, 0.0)","(0.0, 0.0, 0.0)","(0.0, 0.0, 0.0)","(0.0, 0.0, 0.0)",0,0,0,0,0,0,False,0,0,0,0,0,0,0,0,"(0.0, 6.0, 76.9)","(0.2, 0.0, 0.0, 1.0)"
0,819458.2,0,0,0,0,0,0,0,0,0,"(0.0, 0.0)","(0.0, 0.0)","(0.0, 0.0)","(0.0, 0.0, 0.0)","(0.0, 0.0, 0.0)","(0.0, 0.0, 0.0)","(0.0, 0.0, 0.0)","(0.0, 0.0, 0.0)","(0.0, 0.0, 0.0)",0,0,0,0,0,0,False,0,0,0,0,0,0,0,0,"(0.0, 6.0, 77.1)","(0.2, 0.0, 0.0, 1.0)"
0,819474.7,0,0,0,0,0,0,0,0,0,"(0.0, 0.0)","(0.0, 0.0)","(0.0, 0.0)","(0.0, 0.0, 0.0)","(0.0, 0.0, 0.0)","(0.0, 0.0, 0.0)","(0.0, 0.0, 0.0)","(0.0, 0.0, 0.0)","(0.0, 0.0, 0.0)",0,0,0,0,0,0,False,0,0,0,0,0,0,0,0,"(0.0, 6.0, 77.3)","(0.2, 0.0, 0.0, 1.0)"
0,819490.9,0,0,0,0,0,0,0,0,0,"(0.0, 0.0)","(0.0, 0.0)","(0.0, 0.0)","(0.0, 0.0, 0.0)","(0.0, 0.0, 0.0)","(0.0, 0.0, 0.0)","(0.0, 0.0, 0.0)","(0.0, 0.0, 0.0)","(0.0, 0.0, 0.0)",0,0,0,0,0,0,False,0,0,0,0,0,0,0,0,"(0.0, 6.0, 77.4)","(0.2, 0.0, 0.0, 1.0)"
0,819506.6,0,0,0,0,0,0,0,0,0,"(0.0, 0.0)","(0.0, 0.0)","(0.0, 0.0)","(0.0, 0.0, 0.0)","(0.0, 0.0, 0.0)","(0.0, 0.0, 0.0)","(0.0, 0.0, 0.0)","(0.0, 0.0, 0.0)","(0.0, 0.0, 0.0)",0,0,0,0,0,0,False,0,0,0,0,0,0,0,0,"(0.0, 6.0, 77.6)","(0.2, 0.0, 0.0, 1.0)"
0,819523.9,0,0,0,0,0,0,0,0,0,"(0.0, 0.0)","(0.0, 0.0)","(0.0, 0.0)","(0.0, 0.0, 0.0)","(0.0, 0.0, 0.0)","(0.0, 0.0, 0.0)","(0.0, 0.0, 0.0)","(0.0, 0.0, 0.0)","(0.0, 0.0, 0.0)",0,0,0,0,0,0,False,0,0,0,0,0,0,0,0,"(0.0, 6.0, 77.8)","(0.2, 0.0, 0.0, 1.0)"
0,819540.2,0,0,0,0,0,0,0,0,0,"(0.0, 0.0)","(0.0, 0.0)","(0.0, 0.0)","(0.0, 0.0, 0.0)","(0.0, 0.0, 0.0)","(0.0, 0.0, 0.0)","(0.0, 0.0, 0.0)","(0.0, 0.0, 0.0)","(0.0, 0.0, 0.0)",0,0,0,0,0,0,False,0,0,0,0,0,0,0,0,"(0.0, 6.0, 77.9)","(0.2, 0.0, 0.0, 1.0)"
0,819555.9,0,0,0,0,0,0,0,0,0,"(0.0, 0.0)","(0.0, 0.0)","(0.0, 0.0)","(0.0, 0.0, 0.0)","(0.0, 0.0, 0.0)","(0.0, 0.0, 0.0)","(0.0, 0.0, 0.0)","(0.0, 0.0, 0.0)","(0.0, 0.0, 0.0)",0,0,0,0,0,0,False,0,0,0,0,0,0,0,0,"(0.0, 6.0, 78.1)","(0.2, 0.0, 0.0, 1.0)"
0,819572.4,0,0,0,0,0,0,0,0,0,"(0.0, 0.0)","(0.0, 0.0)","(0.0, 0.0)","(0.0, 0.0, 0.0)","(0.0, 0.0, 0.0)","(0.0, 0.0, 0.0)","(0.0, 0.0, 0.0)","(0.0, 0.0, 0.0)","(0.0, 0.0, 0.0)",0,0,0,0,0,0,False,0,0,0,0,0,0,0,0,"(0.0, 6.0, 78.3)","(0.2, 0.0, 0.0, 1.0)"
0,819589.1,0,0,0,0,0,0,0,0,0,"(0.0, 0.0)","(0.0, 0.0)","(0.0, 0.0)","(0.0, 0.0, 0.0)","(0.0, 0.0, 0.0)","(0.0, 0.0, 0.0)","(0.0, 0.0, 0.0)","(0.0, 0.0, 0.0)","(0.0, 0.0, 0.0)",0,0,0,0,0,0,False,0,0,0,0,0,0,0,0,"(0.0, 6.0, 78.4)","(0.2, 0.0, 0.0, 1.0)"
0,819609,0,0,0,0,0,0,0,0,0,"(0.0, 0.0)","(0.0, 0.0)","(0.0, 0.0)","(0.0, 0.0, 0.0)","(0.0, 0.0, 0.0)","(0.0, 0.0, 0.0)","(0.0, 0.0, 0.0)","(0.0, 0.0, 0.0)","(0.0, 0.0, 0.0)",0,0,0,0,0,0,False,0,0,0,0,0,0,0,0,"(0.0, 6.0, 78.6)","(0.2, 0.0, 0.0, 1.0)"
0,819625.1,0,0,0,0,0,0,0,0,0,"(0.0, 0.0)","(0.0, 0.0)","(0.0, 0.0)","(0.0, 0.0, 0.0)","(0.0, 0.0, 0.0)","(0.0, 0.0, 0.0)","(0.0, 0.0, 0.0)","(0.0, 0.0, 0.0)","(0.0, 0.0, 0.0)",0,0,0,0,0,0,False,0,0,0,0,0,0,0,0,"(0.0, 6.0, 78.8)","(0.2, 0.0, 0.0, 1.0)"
0,819642.6,0,0,0,0,0,0,0,0,0,"(0.0, 0.0)","(0.0, 0.0)","(0.0, 0.0)","(0.0, 0.0, 0.0)","(0.0, 0.0, 0.0)","(0.0, 0.0, 0.0)","(0.0, 0.0, 0.0)","(0.0, 0.0, 0.0)","(0.0, 0.0, 0.0)",0,0,0,0,0,0,False,0,0,0,0,0,0,0,0,"(0.0, 6.0, 79.0)","(0.2, 0.0, 0.0, 1.0)"
0,819659.6,0,0,0,0,0,0,0,0,0,"(0.0, 0.0)","(0.0, 0.0)","(0.0, 0.0)","(0.0, 0.0, 0.0)","(0.0, 0.0, 0.0)","(0.0, 0.0, 0.0)","(0.0, 0.0, 0.0)","(0.0, 0.0, 0.0)","(0.0, 0.0, 0.0)",0,0,0,0,0,0,False,0,0,0,0,0,0,0,0,"(0.0, 6.0, 79.1)","(0.2, 0.0, 0.0, 1.0)"
0,819675.8,0,0,0,0,0,0,0,0,0,"(0.0, 0.0)","(0.0, 0.0)","(0.0, 0.0)","(0.0, 0.0, 0.0)","(0.0, 0.0, 0.0)","(0.0, 0.0, 0.0)","(0.0, 0.0, 0.0)","(0.0, 0.0, 0.0)","(0.0, 0.0, 0.0)",0,0,0,0,0,0,False,0,0,0,0,0,0,0,0,"(0.0, 6.0, 79.3)","(0.2, 0.0, 0.0, 1.0)"
0,819691,0,0,0,0,0,0,0,0,0,"(0.0, 0.0)","(0.0, 0.0)","(0.0, 0.0)","(0.0, 0.0, 0.0)","(0.0, 0.0, 0.0)","(0.0, 0.0, 0.0)","(0.0, 0.0, 0.0)","(0.0, 0.0, 0.0)","(0.0, 0.0, 0.0)",0,0,0,0,0,0,False,0,0,0,0,0,0,0,0,"(0.0, 6.0, 79.5)","(0.2, 0.0, 0.0, 1.0)"
0,819706.6,0,0,0,0,0,0,0,0,0,"(0.0, 0.0)","(0.0, 0.0)","(0.0, 0.0)","(0.0, 0.0, 0.0)","(0.0, 0.0, 0.0)","(0.0, 0.0, 0.0)","(0.0, 0.0, 0.0)","(0.0, 0.0, 0.0)","(0.0, 0.0, 0.0)",0,0,0,0,0,0,False,0,0,0,0,0,0,0,0,"(0.0, 6.0, 79.6)","(0.2, 0.0, 0.0, 1.0)"
0,819722.1,0,0,0,0,0,0,0,0,0,"(0.0, 0.0)","(0.0, 0.0)","(0.0, 0.0)","(0.0, 0.0, 0.0)","(0.0, 0.0, 0.0)","(0.0, 0.0, 0.0)","(0.0, 0.0, 0.0)","(0.0, 0.0, 0.0)","(0.0, 0.0, 0.0)",0,0,0,0,0,0,False,0,0,0,0,0,0,0,0,"(0.0, 6.0, 79.8)","(0.2, 0.0, 0.0, 1.0)"
0,819740.9,0,0,0,0,0,0,0,0,0,"(0.0, 0.0)","(0.0, 0.0)","(0.0, 0.0)","(0.0, 0.0, 0.0)","(0.0, 0.0, 0.0)","(0.0, 0.0, 0.0)","(0.0, 0.0, 0.0)","(0.0, 0.0, 0.0)","(0.0, 0.0, 0.0)",0,0,0,0,0,0,False,0,0,0,0,0,0,0,0,"(0.0, 6.0, 80.0)","(0.2, 0.0, 0.0, 1.0)"
0,819756.3,0,0,0,0,0,0,0,0,0,"(0.0, 0.0)","(0.0, 0.0)","(0.0, 0.0)","(0.0, 0.0, 0.0)","(0.0, 0.0, 0.0)","(0.0, 0.0, 0.0)","(0.0, 0.0, 0.0)","(0.0, 0.0, 0.0)","(0.0, 0.0, 0.0)",0,0,0,0,0,0,False,0,0,0,0,0,0,0,0,"(0.0, 6.0, 80.1)","(0.2, 0.0, 0.0, 1.0)"
0,819772.6,0,0,0,0,0,0,0,0,0,"(0.0, 0.0)","(0.0, 0.0)","(0.0, 0.0)","(0.0, 0.0, 0.0)","(0.0, 0.0, 0.0)","(0.0, 0.0, 0.0)","(0.0, 0.0, 0.0)","(0.0, 0.0, 0.0)","(0.0, 0.0, 0.0)",0,0,0,0,0,0,False,0,0,0,0,0,0,0,0,"(0.0, 6.0, 80.3)","(0.2, 0.0, 0.0, 1.0)"
0,819788.7,0,0,0,0,0,0,0,0,0,"(0.0, 0.0)","(0.0, 0.0)","(0.0, 0.0)","(0.0, 0.0, 0.0)","(0.0, 0.0, 0.0)","(0.0, 0.0, 0.0)","(0.0, 0.0, 0.0)","(0.0, 0.0, 0.0)","(0.0, 0.0, 0.0)",0,0,0,0,0,0,False,0,0,0,0,0,0,0,0,"(0.0, 6.0, 80.5)","(0.2, 0.0, 0.0, 1.0)"
0,819804.9,0,0,0,0,0,0,0,0,0,"(0.0, 0.0)","(0.0, 0.0)","(0.0, 0.0)","(0.0, 0.0, 0.0)","(0.0, 0.0, 0.0)","(0.0, 0.0, 0.0)","(0.0, 0.0, 0.0)","(0.0, 0.0, 0.0)","(0.0, 0.0, 0.0)",0,0,0,0,0,0,False,0,0,0,0,0,0,0,0,"(0.0, 6.0, 80.6)","(0.2, 0.0, 0.0, 1.0)"
0,819820.8,0,0,0,0,0,0,0,0,0,"(0.0, 0.0)","(0.0, 0.0)","(0.0, 0.0)","(0.0, 0.0, 0.0)","(0.0, 0.0, 0.0)","(0.0, 0.0, 0.0)","(0.0, 0.0, 0.0)","(0.0, 0.0, 0.0)","(0.0, 0.0, 0.0)",0,0,0,0,0,0,False,0,0,0,0,0,0,0,0,"(0.0, 6.0, 80.8)","(0.2, 0.0, 0.0, 1.0)"
0,819837.4,0,0,0,0,0,0,0,0,0,"(0.0, 0.0)","(0.0, 0.0)","(0.0, 0.0)","(0.0, 0.0, 0.0)","(0.0, 0.0, 0.0)","(0.0, 0.0, 0.0)","(0.0, 0.0, 0.0)","(0.0, 0.0, 0.0)","(0.0, 0.0, 0.0)",0,0,0,0,0,0,False,0,0,0,0,0,0,0,0,"(0.0, 6.0, 80.9)","(0.2, 0.0, 0.0, 1.0)"
0,819856.4,0,0,0,0,0,0,0,0,0,"(0.0, 0.0)","(0.0, 0.0)","(0.0, 0.0)","(0.0, 0.0, 0.0)","(0.0, 0.0, 0.0)","(0.0, 0.0, 0.0)","(0.0, 0.0, 0.0)","(0.0, 0.0, 0.0)","(0.0, 0.0, 0.0)",0,0,0,0,0,0,False,0,0,0,0,0,0,0,0,"(0.0, 6.0, 81.1)","(0.2, 0.0, 0.0, 1.0)"
0,819871.9,0,0,0,0,0,0,0,0,0,"(0.0, 0.0)","(0.0, 0.0)","(0.0, 0.0)","(0.0, 0.0, 0.0)","(0.0, 0.0, 0.0)","(0.0, 0.0, 0.0)","(0.0, 0.0, 0.0)","(0.0, 0.0, 0.0)","(0.0, 0.0, 0.0)",0,0,0,0,0,0,False,0,0,0,0,0,0,0,0,"(0.0, 6.0, 81.3)","(0.2, 0.0, 0.0, 1.0)"
0,819895.1,0,0,0,0,0,0,0,0,0,"(0.0, 0.0)","(0.0, 0.0)","(0.0, 0.0)","(0.0, 0.0, 0.0)","(0.0, 0.0, 0.0)","(0.0, 0.0, 0.0)","(0.0, 0.0, 0.0)","(0.0, 0.0, 0.0)","(0.0, 0.0, 0.0)",0,0,0,0,0,0,False,0,0,0,0,0,0,0,0,"(0.0, 6.0, 81.5)","(0.2, 0.0, 0.0, 1.0)"
0,819910.8,0,0,0,0,0,0,0,0,0,"(0.0, 0.0)","(0.0, 0.0)","(0.0, 0.0)","(0.0, 0.0, 0.0)","(0.0, 0.0, 0.0)","(0.0, 0.0, 0.0)","(0.0, 0.0, 0.0)","(0.0, 0.0, 0.0)","(0.0, 0.0, 0.0)",0,0,0,0,0,0,False,0,0,0,0,0,0,0,0,"(0.0, 6.0, 81.6)","(0.2, 0.0, 0.0, 1.0)"
0,819926,0,0,0,0,0,0,0,0,0,"(0.0, 0.0)","(0.0, 0.0)","(0.0, 0.0)","(0.0, 0.0, 0.0)","(0.0, 0.0, 0.0)","(0.0, 0.0, 0.0)","(0.0, 0.0, 0.0)","(0.0, 0.0, 0.0)","(0.0, 0.0, 0.0)",0,0,0,0,0,0,False,0,0,0,0,0,0,0,0,"(0.0, 6.0, 81.8)","(0.2, 0.0, 0.0, 1.0)"
0,819940.7,0,0,0,0,0,0,0,0,0,"(0.0, 0.0)","(0.0, 0.0)","(0.0, 0.0)","(0.0, 0.0, 0.0)","(0.0, 0.0, 0.0)","(0.0, 0.0, 0.0)","(0.0, 0.0, 0.0)","(0.0, 0.0, 0.0)","(0.0, 0.0, 0.0)",0,0,0,0,0,0,False,0,0,0,0,0,0,0,0,"(0.0, 6.0, 82.0)","(0.2, 0.0, 0.0, 1.0)"
0,819956.4,0,0,0,0,0,0,0,0,0,"(0.0, 0.0)","(0.0, 0.0)","(0.0, 0.0)","(0.0, 0.0, 0.0)","(0.0, 0.0, 0.0)","(0.0, 0.0, 0.0)","(0.0, 0.0, 0.0)","(0.0, 0.0, 0.0)","(0.0, 0.0, 0.0)",0,0,0,0,0,0,False,0,0,0,0,0,0,0,0,"(0.0, 6.0, 82.1)","(0.2, 0.0, 0.0, 1.0)"
0,819972.3,0,0,0,0,0,0,0,0,0,"(0.0, 0.0)","(0.0, 0.0)","(0.0, 0.0)","(0.0, 0.0, 0.0)","(0.0, 0.0, 0.0)","(0.0, 0.0, 0.0)","(0.0, 0.0, 0.0)","(0.0, 0.0, 0.0)","(0.0, 0.0, 0.0)",0,0,0,0,0,0,False,0,0,0,0,0,0,0,0,"(0.0, 6.0, 82.3)","(0.2, 0.0, 0.0, 1.0)"
0,819988.3,0,0,0,0,0,0,0,0,0,"(0.0, 0.0)","(0.0, 0.0)","(0.0, 0.0)","(0.0, 0.0, 0.0)","(0.0, 0.0, 0.0)","(0.0, 0.0, 0.0)","(0.0, 0.0, 0.0)","(0.0, 0.0, 0.0)","(0.0, 0.0, 0.0)",0,0,0,0,0,0,False,0,0,0,0,0,0,0,0,"(0.0, 6.0, 82.5)","(0.2, 0.0, 0.0, 1.0)"
0,820003.8,0,0,0,0,0,0,0,0,0,"(0.0, 0.0)","(0.0, 0.0)","(0.0, 0.0)","(0.0, 0.0, 0.0)","(0.0, 0.0, 0.0)","(0.0, 0.0, 0.0)","(0.0, 0.0, 0.0)","(0.0, 0.0, 0.0)","(0.0, 0.0, 0.0)",0,0,0,0,0,0,False,0,0,0,0,0,0,0,0,"(0.0, 6.0, 82.6)","(0.2, 0.0, 0.0, 1.0)"
0,820019.6,0,0,0,0,0,0,0,0,0,"(0.0, 0.0)","(0.0, 0.0)","(0.0, 0.0)","(0.0, 0.0, 0.0)","(0.0, 0.0, 0.0)","(0.0, 0.0, 0.0)","(0.0, 0.0, 0.0)","(0.0, 0.0, 0.0)","(0.0, 0.0, 0.0)",0,0,0,0,0,0,False,0,0,0,0,0,0,0,0,"(0.0, 6.0, 82.8)","(0.2, 0.0, 0.0, 1.0)"
0,820039.4,0,0,0,0,0,0,0,0,0,"(0.0, 0.0)","(0.0, 0.0)","(0.0, 0.0)","(0.0, 0.0, 0.0)","(0.0, 0.0, 0.0)","(0.0, 0.0, 0.0)","(0.0, 0.0, 0.0)","(0.0, 0.0, 0.0)","(0.0, 0.0, 0.0)",0,0,0,0,0,0,False,0,0,0,0,0,0,0,0,"(0.0, 6.0, 82.9)","(0.2, 0.0, 0.0, 1.0)"
0,820055.6,0,0,0,0,0,0,0,0,0,"(0.0, 0.0)","(0.0, 0.0)","(0.0, 0.0)","(0.0, 0.0, 0.0)","(0.0, 0.0, 0.0)","(0.0, 0.0, 0.0)","(0.0, 0.0, 0.0)","(0.0, 0.0, 0.0)","(0.0, 0.0, 0.0)",0,0,0,0,0,0,False,0,0,0,0,0,0,0,0,"(0.0, 6.0, 83.1)","(0.2, 0.0, 0.0, 1.0)"
0,820071.6,0,0,0,0,0,0,0,0,0,"(0.0, 0.0)","(0.0, 0.0)","(0.0, 0.0)","(0.0, 0.0, 0.0)","(0.0, 0.0, 0.0)","(0.0, 0.0, 0.0)","(0.0, 0.0, 0.0)","(0.0, 0.0, 0.0)","(0.0, 0.0, 0.0)",0,0,0,0,0,0,False,0,0,0,0,0,0,0,0,"(0.0, 6.0, 83.3)","(0.2, 0.0, 0.0, 1.0)"
0,820087.6,0,0,0,0,0,0,0,0,0,"(0.0, 0.0)","(0.0, 0.0)","(0.0, 0.0)","(0.0, 0.0, 0.0)","(0.0, 0.0, 0.0)","(0.0, 0.0, 0.0)","(0.0, 0.0, 0.0)","(0.0, 0.0, 0.0)","(0.0, 0.0, 0.0)",0,0,0,0,0,0,False,0,0,0,0,0,0,0,0,"(0.0, 6.0, 83.4)","(0.2, 0.0, 0.0, 1.0)"
0,820103.2,0,0,0,0,0,0,0,0,0,"(0.0, 0.0)","(0.0, 0.0)","(0.0, 0.0)","(0.0, 0.0, 0.0)","(0.0, 0.0, 0.0)","(0.0, 0.0, 0.0)","(0.0, 0.0, 0.0)","(0.0, 0.0, 0.0)","(0.0, 0.0, 0.0)",0,0,0,0,0,0,False,0,0,0,0,0,0,0,0,"(0.0, 6.0, 83.6)","(0.2, 0.0, 0.0, 1.0)"
0,820119.4,0,0,0,0,0,0,0,0,0,"(0.0, 0.0)","(0.0, 0.0)","(0.0, 0.0)","(0.0, 0.0, 0.0)","(0.0, 0.0, 0.0)","(0.0, 0.0, 0.0)","(0.0, 0.0, 0.0)","(0.0, 0.0, 0.0)","(0.0, 0.0, 0.0)",0,0,0,0,0,0,False,0,0,0,0,0,0,0,0,"(0.0, 6.0, 83.8)","(0.2, 0.0, 0.0, 1.0)"
0,820139.6,0,0,0,0,0,0,0,0,0,"(0.0, 0.0)","(0.0, 0.0)","(0.0, 0.0)","(0.0, 0.0, 0.0)","(0.0, 0.0, 0.0)","(0.0, 0.0, 0.0)","(0.0, 0.0, 0.0)","(0.0, 0.0, 0.0)","(0.0, 0.0, 0.0)",0,0,0,0,0,0,False,0,0,0,0,0,0,0,0,"(0.0, 6.0, 83.9)","(0.2, 0.0, 0.0, 1.0)"
0,820156.3,0,0,0,0,0,0,0,0,0,"(0.0, 0.0)","(0.0, 0.0)","(0.0, 0.0)","(0.0, 0.0, 0.0)","(0.0, 0.0, 0.0)","(0.0, 0.0, 0.0)","(0.0, 0.0, 0.0)","(0.0, 0.0, 0.0)","(0.0, 0.0, 0.0)",0,0,0,0,0,0,False,0,0,0,0,0,0,0,0,"(0.0, 6.0, 84.1)","(0.2, 0.0, 0.0, 1.0)"
0,820172.6,0,0,0,0,0,0,0,0,0,"(0.0, 0.0)","(0.0, 0.0)","(0.0, 0.0)","(0.0, 0.0, 0.0)","(0.0, 0.0, 0.0)","(0.0, 0.0, 0.0)","(0.0, 0.0, 0.0)","(0.0, 0.0, 0.0)","(0.0, 0.0, 0.0)",0,0,0,0,0,0,False,0,0,0,0,0,0,0,0,"(0.0, 6.0, 84.3)","(0.2, 0.0, 0.0, 1.0)"
0,820188,0,0,0,0,0,0,0,0,0,"(0.0, 0.0)","(0.0, 0.0)","(0.0, 0.0)","(0.0, 0.0, 0.0)","(0.0, 0.0, 0.0)","(0.0, 0.0, 0.0)","(0.0, 0.0, 0.0)","(0.0, 0.0, 0.0)","(0.0, 0.0, 0.0)",0,0,0,0,0,0,False,0,0,0,0,0,0,0,0,"(0.0, 6.0, 84.4)","(0.2, 0.0, 0.0, 1.0)"
0,820204.4,0,0,0,0,0,0,0,0,0,"(0.0, 0.0)","(0.0, 0.0)","(0.0, 0.0)","(0.0, 0.0, 0.0)","(0.0, 0.0, 0.0)","(0.0, 0.0, 0.0)","(0.0, 0.0, 0.0)","(0.0, 0.0, 0.0)","(0.0, 0.0, 0.0)",0,0,0,0,0,0,False,0,0,0,0,0,0,0,0,"(0.0, 6.0, 84.6)","(0.2, 0.0, 0.0, 1.0)"
0,820220.6,0,0,0,0,0,0,0,0,0,"(0.0, 0.0)","(0.0, 0.0)","(0.0, 0.0)","(0.0, 0.0, 0.0)","(0.0, 0.0, 0.0)","(0.0, 0.0, 0.0)","(0.0, 0.0, 0.0)","(0.0, 0.0, 0.0)","(0.0, 0.0, 0.0)",0,0,0,0,0,0,False,0,0,0,0,0,0,0,0,"(0.0, 6.0, 84.8)","(0.2, 0.0, 0.0, 1.0)"
0,820237.9,0,0,0,0,0,0,0,0,0,"(0.0, 0.0)","(0.0, 0.0)","(0.0, 0.0)","(0.0, 0.0, 0.0)","(0.0, 0.0, 0.0)","(0.0, 0.0, 0.0)","(0.0, 0.0, 0.0)","(0.0, 0.0, 0.0)","(0.0, 0.0, 0.0)",0,0,0,0,0,0,False,0,0,0,0,0,0,0,0,"(0.0, 6.0, 84.9)","(0.2, 0.0, 0.0, 1.0)"
0,820260.3,0,0,0,0,0,0,0,0,0,"(0.0, 0.0)","(0.0, 0.0)","(0.0, 0.0)","(0.0, 0.0, 0.0)","(0.0, 0.0, 0.0)","(0.0, 0.0, 0.0)","(0.0, 0.0, 0.0)","(0.0, 0.0, 0.0)","(0.0, 0.0, 0.0)",0,0,0,0,0,0,False,0,0,0,0,0,0,0,0,"(0.0, 6.0, 85.1)","(0.2, 0.0, 0.0, 1.0)"
0,820276.8,0,0,0,0,0,0,0,0,0,"(0.0, 0.0)","(0.0, 0.0)","(0.0, 0.0)","(0.0, 0.0, 0.0)","(0.0, 0.0, 0.0)","(0.0, 0.0, 0.0)","(0.0, 0.0, 0.0)","(0.0, 0.0, 0.0)","(0.0, 0.0, 0.0)",0,0,0,0,0,0,False,0,0,0,0,0,0,0,0,"(0.0, 6.0, 85.3)","(0.2, 0.0, 0.0, 1.0)"
0,820291.4,0,0,0,0,0,0,0,0,0,"(0.0, 0.0)","(0.0, 0.0)","(0.0, 0.0)","(0.0, 0.0, 0.0)","(0.0, 0.0, 0.0)","(0.0, 0.0, 0.0)","(0.0, 0.0, 0.0)","(0.0, 0.0, 0.0)","(0.0, 0.0, 0.0)",0,0,0,0,0,0,False,0,0,0,0,0,0,0,0,"(0.0, 6.0, 85.4)","(0.2, 0.0, 0.0, 1.0)"
0,820312.4,0,0,0,0,0,0,0,0,0,"(0.0, 0.0)","(0.0, 0.0)","(0.0, 0.0)","(0.0, 0.0, 0.0)","(0.0, 0.0, 0.0)","(0.0, 0.0, 0.0)","(0.0, 0.0, 0.0)","(0.0, 0.0, 0.0)","(0.0, 0.0, 0.0)",0,0,0,0,0,0,False,0,0,0,0,0,0,0,0,"(0.0, 6.0, 85.6)","(0.2, 0.0, 0.0, 1.0)"
0,820327.9,0,0,0,0,0,0,0,0,0,"(0.0, 0.0)","(0.0, 0.0)","(0.0, 0.0)","(0.0, 0.0, 0.0)","(0.0, 0.0, 0.0)","(0.0, 0.0, 0.0)","(0.0, 0.0, 0.0)","(0.0, 0.0, 0.0)","(0.0, 0.0, 0.0)",0,0,0,0,0,0,False,0,0,0,0,0,0,0,0,"(0.0, 6.0, 85.8)","(0.2, 0.0, 0.0, 1.0)"
0,820345.3,0,0,0,0,0,0,0,0,0,"(0.0, 0.0)","(0.0, 0.0)","(0.0, 0.0)","(0.0, 0.0, 0.0)","(0.0, 0.0, 0.0)","(0.0, 0.0, 0.0)","(0.0, 0.0, 0.0)","(0.0, 0.0, 0.0)","(0.0, 0.0, 0.0)",0,0,0,0,0,0,False,0,0,0,0,0,0,0,0,"(0.0, 6.0, 86.0)","(0.2, 0.0, 0.0, 1.0)"
0,820361.3,0,0,0,0,0,0,0,0,0,"(0.0, 0.0)","(0.0, 0.0)","(0.0, 0.0)","(0.0, 0.0, 0.0)","(0.0, 0.0, 0.0)","(0.0, 0.0, 0.0)","(0.0, 0.0, 0.0)","(0.0, 0.0, 0.0)","(0.0, 0.0, 0.0)",0,0,0,0,0,0,False,0,0,0,0,0,0,0,0,"(0.0, 6.0, 86.1)","(0.2, 0.0, 0.0, 1.0)"
0,820378.9,0,0,0,0,0,0,0,0,0,"(0.0, 0.0)","(0.0, 0.0)","(0.0, 0.0)","(0.0, 0.0, 0.0)","(0.0, 0.0, 0.0)","(0.0, 0.0, 0.0)","(0.0, 0.0, 0.0)","(0.0, 0.0, 0.0)","(0.0, 0.0, 0.0)",0,0,0,0,0,0,False,0,0,0,0,0,0,0,0,"(0.0, 6.0, 86.3)","(0.2, 0.0, 0.0, 1.0)"
0,820394.9,0,0,0,0,0,0,0,0,0,"(0.0, 0.0)","(0.0, 0.0)","(0.0, 0.0)","(0.0, 0.0, 0.0)","(0.0, 0.0, 0.0)","(0.0, 0.0, 0.0)","(0.0, 0.0, 0.0)","(0.0, 0.0, 0.0)","(0.0, 0.0, 0.0)",0,0,0,0,0,0,False,0,0,0,0,0,0,0,0,"(0.0, 6.0, 86.5)","(0.2, 0.0, 0.0, 1.0)"
0,820410.8,0,0,0,0,0,0,0,0,0,"(0.0, 0.0)","(0.0, 0.0)","(0.0, 0.0)","(0.0, 0.0, 0.0)","(0.0, 0.0, 0.0)","(0.0, 0.0, 0.0)","(0.0, 0.0, 0.0)","(0.0, 0.0, 0.0)","(0.0, 0.0, 0.0)",0,0,0,0,0,0,False,0,0,0,0,0,0,0,0,"(0.0, 6.0, 86.6)","(0.2, 0.0, 0.0, 1.0)"
0,820426,0,0,0,0,0,0,0,0,0,"(0.0, 0.0)","(0.0, 0.0)","(0.0, 0.0)","(0.0, 0.0, 0.0)","(0.0, 0.0, 0.0)","(0.0, 0.0, 0.0)","(0.0, 0.0, 0.0)","(0.0, 0.0, 0.0)","(0.0, 0.0, 0.0)",0,0,0,0,0,0,False,0,0,0,0,0,0,0,0,"(0.0, 6.0, 86.8)","(0.2, 0.0, 0.0, 1.0)"
0,820441.1,0,0,0,0,0,0,0,0,0,"(0.0, 0.0)","(0.0, 0.0)","(0.0, 0.0)","(0.0, 0.0, 0.0)","(0.0, 0.0, 0.0)","(0.0, 0.0, 0.0)","(0.0, 0.0, 0.0)","(0.0, 0.0, 0.0)","(0.0, 0.0, 0.0)",0,0,0,0,0,0,False,0,0,0,0,0,0,0,0,"(0.0, 6.0, 87.0)","(0.2, 0.0, 0.0, 1.0)"
0,820456.8,0,0,0,0,0,0,0,0,0,"(0.0, 0.0)","(0.0, 0.0)","(0.0, 0.0)","(0.0, 0.0, 0.0)","(0.0, 0.0, 0.0)","(0.0, 0.0, 0.0)","(0.0, 0.0, 0.0)","(0.0, 0.0, 0.0)","(0.0, 0.0, 0.0)",0,0,0,0,0,0,False,0,0,0,0,0,0,0,0,"(0.0, 6.0, 87.1)","(0.2, 0.0, 0.0, 1.0)"
0,820472.1,0,0,0,0,0,0,0,0,0,"(0.0, 0.0)","(0.0, 0.0)","(0.0, 0.0)","(0.0, 0.0, 0.0)","(0.0, 0.0, 0.0)","(0.0, 0.0, 0.0)","(0.0, 0.0, 0.0)","(0.0, 0.0, 0.0)","(0.0, 0.0, 0.0)",0,0,0,0,0,0,False,0,0,0,0,0,0,0,0,"(0.0, 6.0, 87.3)","(0.2, 0.0, 0.0, 1.0)"
0,820488.6,0,0,0,0,0,0,0,0,0,"(0.0, 0.0)","(0.0, 0.0)","(0.0, 0.0)","(0.0, 0.0, 0.0)","(0.0, 0.0, 0.0)","(0.0, 0.0, 0.0)","(0.0, 0.0, 0.0)","(0.0, 0.0, 0.0)","(0.0, 0.0, 0.0)",0,0,0,0,0,0,False,0,0,0,0,0,0,0,0,"(0.0, 6.0, 87.5)","(0.2, 0.0, 0.0, 1.0)"
0,820503.8,0,0,0,0,0,0,0,0,0,"(0.0, 0.0)","(0.0, 0.0)","(0.0, 0.0)","(0.0, 0.0, 0.0)","(0.0, 0.0, 0.0)","(0.0, 0.0, 0.0)","(0.0, 0.0, 0.0)","(0.0, 0.0, 0.0)","(0.0, 0.0, 0.0)",0,0,0,0,0,0,False,0,0,0,0,0,0,0,0,"(0.0, 6.0, 87.6)","(0.2, 0.0, 0.0, 1.0)"
0,820521.1,0,0,0,0,0,0,0,0,0,"(0.0, 0.0)","(0.0, 0.0)","(0.0, 0.0)","(0.0, 0.0, 0.0)","(0.0, 0.0, 0.0)","(0.0, 0.0, 0.0)","(0.0, 0.0, 0.0)","(0.0, 0.0, 0.0)","(0.0, 0.0, 0.0)",0,0,0,0,0,0,False,0,0,0,0,0,0,0,0,"(0.0, 6.0, 87.8)","(0.2, 0.0, 0.0, 1.0)"
0,820537.5,0,0,0,0,0,0,0,0,0,"(0.0, 0.0)","(0.0, 0.0)","(0.0, 0.0)","(0.0, 0.0, 0.0)","(0.0, 0.0, 0.0)","(0.0, 0.0, 0.0)","(0.0, 0.0, 0.0)","(0.0, 0.0, 0.0)","(0.0, 0.0, 0.0)",0,0,0,0,0,0,False,0,0,0,0,0,0,0,0,"(0.0, 6.0, 88.0)","(0.2, 0.0, 0.0, 1.0)"
0,820552.8,0,0,0,0,0,0,0,0,0,"(0.0, 0.0)","(0.0, 0.0)","(0.0, 0.0)","(0.0, 0.0, 0.0)","(0.0, 0.0, 0.0)","(0.0, 0.0, 0.0)","(0.0, 0.0, 0.0)","(0.0, 0.0, 0.0)","(0.0, 0.0, 0.0)",0,0,0,0,0,0,False,0,0,0,0,0,0,0,0,"(0.0, 6.0, 88.1)","(0.2, 0.0, 0.0, 1.0)"
0,820569,0,0,0,0,0,0,0,0,0,"(0.0, 0.0)","(0.0, 0.0)","(0.0, 0.0)","(0.0, 0.0, 0.0)","(0.0, 0.0, 0.0)","(0.0, 0.0, 0.0)","(0.0, 0.0, 0.0)","(0.0, 0.0, 0.0)","(0.0, 0.0, 0.0)",0,0,0,0,0,0,False,0,0,0,0,0,0,0,0,"(0.0, 6.0, 88.3)","(0.2, 0.0, 0.0, 1.0)"
0,820585.3,0,0,0,0,0,0,0,0,0,"(0.0, 0.0)","(0.0, 0.0)","(0.0, 0.0)","(0.0, 0.0, 0.0)","(0.0, 0.0, 0.0)","(0.0, 0.0, 0.0)","(0.0, 0.0, 0.0)","(0.0, 0.0, 0.0)","(0.0, 0.0, 0.0)",0,0,0,0,0,0,False,0,0,0,0,0,0,0,0,"(0.0, 6.0, 88.4)","(0.2, 0.0, 0.0, 1.0)"
0,820601.9,0,0,0,0,0,0,0,0,0,"(0.0, 0.0)","(0.0, 0.0)","(0.0, 0.0)","(0.0, 0.0, 0.0)","(0.0, 0.0, 0.0)","(0.0, 0.0, 0.0)","(0.0, 0.0, 0.0)","(0.0, 0.0, 0.0)","(0.0, 0.0, 0.0)",0,0,0,0,0,0,False,0,0,0,0,0,0,0,0,"(0.0, 6.0, 88.6)","(0.2, 0.0, 0.0, 1.0)"
0,820619.8,0,0,0,0,0,0,0,0,0,"(0.0, 0.0)","(0.0, 0.0)","(0.0, 0.0)","(0.0, 0.0, 0.0)","(0.0, 0.0, 0.0)","(0.0, 0.0, 0.0)","(0.0, 0.0, 0.0)","(0.0, 0.0, 0.0)","(0.0, 0.0, 0.0)",0,0,0,0,0,0,False,0,0,0,0,0,0,0,0,"(0.0, 6.0, 88.8)","(0.2, 0.0, 0.0, 1.0)"
0,820637.1,0,0,0,0,0,0,0,0,0,"(0.0, 0.0)","(0.0, 0.0)","(0.0, 0.0)","(0.0, 0.0, 0.0)","(0.0, 0.0, 0.0)","(0.0, 0.0, 0.0)","(0.0, 0.0, 0.0)","(0.0, 0.0, 0.0)","(0.0, 0.0, 0.0)",0,0,0,0,0,0,False,0,0,0,0,0,0,0,0,"(0.0, 6.0, 88.9)","(0.2, 0.0, 0.0, 1.0)"
0,820653.2,0,0,0,0,0,0,0,0,0,"(0.0, 0.0)","(0.0, 0.0)","(0.0, 0.0)","(0.0, 0.0, 0.0)","(0.0, 0.0, 0.0)","(0.0, 0.0, 0.0)","(0.0, 0.0, 0.0)","(0.0, 0.0, 0.0)","(0.0, 0.0, 0.0)",0,0,0,0,0,0,False,0,0,0,0,0,0,0,0,"(0.0, 6.0, 89.1)","(0.2, 0.0, 0.0, 1.0)"
0,820671.4,0,0,0,0,0,0,0,0,0,"(0.0, 0.0)","(0.0, 0.0)","(0.0, 0.0)","(0.0, 0.0, 0.0)","(0.0, 0.0, 0.0)","(0.0, 0.0, 0.0)","(0.0, 0.0, 0.0)","(0.0, 0.0, 0.0)","(0.0, 0.0, 0.0)",0,0,0,0,0,0,False,0,0,0,0,0,0,0,0,"(0.0, 6.0, 89.3)","(0.2, 0.0, 0.0, 1.0)"
0,820688.7,0,0,0,0,0,0,0,0,0,"(0.0, 0.0)","(0.0, 0.0)","(0.0, 0.0)","(0.0, 0.0, 0.0)","(0.0, 0.0, 0.0)","(0.0, 0.0, 0.0)","(0.0, 0.0, 0.0)","(0.0, 0.0, 0.0)","(0.0, 0.0, 0.0)",0,0,0,0,0,0,False,0,0,0,0,0,0,0,0,"(0.0, 6.0, 89.4)","(0.2, 0.0, 0.0, 1.0)"
0,820705.3,0,0,0,0,0,0,0,0,0,"(0.0, 0.0)","(0.0, 0.0)","(0.0, 0.0)","(0.0, 0.0, 0.0)","(0.0, 0.0, 0.0)","(0.0, 0.0, 0.0)","(0.0, 0.0, 0.0)","(0.0, 0.0, 0.0)","(0.0, 0.0, 0.0)",0,0,0,0,0,0,False,0,0,0,0,0,0,0,0,"(0.0, 6.0, 89.6)","(0.2, 0.0, 0.0, 1.0)"
0,820721.4,0,0,0,0,0,0,0,0,0,"(0.0, 0.0)","(0.0, 0.0)","(0.0, 0.0)","(0.0, 0.0, 0.0)","(0.0, 0.0, 0.0)","(0.0, 0.0, 0.0)","(0.0, 0.0, 0.0)","(0.0, 0.0, 0.0)","(0.0, 0.0, 0.0)",0,0,0,0,0,0,False,0,0,0,0,0,0,0,0,"(0.0, 6.0, 89.8)","(0.2, 0.0, 0.0, 1.0)"
0,820738.6,0,0,0,0,0,0,0,0,0,"(0.0, 0.0)","(0.0, 0.0)","(0.0, 0.0)","(0.0, 0.0, 0.0)","(0.0, 0.0, 0.0)","(0.0, 0.0, 0.0)","(0.0, 0.0, 0.0)","(0.0, 0.0, 0.0)","(0.0, 0.0, 0.0)",0,0,0,0,0,0,False,0,0,0,0,0,0,0,0,"(0.0, 6.0, 89.9)","(0.2, 0.0, 0.0, 1.0)"
0,820755.4,0,0,0,0,0,0,0,0,0,"(0.0, 0.0)","(0.0, 0.0)","(0.0, 0.0)","(0.0, 0.0, 0.0)","(0.0, 0.0, 0.0)","(0.0, 0.0, 0.0)","(0.0, 0.0, 0.0)","(0.0, 0.0, 0.0)","(0.0, 0.0, 0.0)",0,0,0,0,0,0,False,0,0,0,0,0,0,0,0,"(0.0, 6.0, 90.1)","(0.2, 0.0, 0.0, 1.0)"
0,820771.1,0,0,0,0,0,0,0,0,0,"(0.0, 0.0)","(0.0, 0.0)","(0.0, 0.0)","(0.0, 0.0, 0.0)","(0.0, 0.0, 0.0)","(0.0, 0.0, 0.0)","(0.0, 0.0, 0.0)","(0.0, 0.0, 0.0)","(0.0, 0.0, 0.0)",0,0,0,0,0,0,False,0,0,0,0,0,0,0,0,"(0.0, 6.0, 90.3)","(0.2, 0.0, 0.0, 1.0)"
0,820788.1,0,0,0,0,0,0,0,0,0,"(0.0, 0.0)","(0.0, 0.0)","(0.0, 0.0)","(0.0, 0.0, 0.0)","(0.0, 0.0, 0.0)","(0.0, 0.0, 0.0)","(0.0, 0.0, 0.0)","(0.0, 0.0, 0.0)","(0.0, 0.0, 0.0)",0,0,0,0,0,0,False,0,0,0,0,0,0,0,0,"(0.0, 6.0, 90.4)","(0.2, 0.0, 0.0, 1.0)"
0,820808.2,0,0,0,0,0,0,0,0,0,"(0.0, 0.0)","(0.0, 0.0)","(0.0, 0.0)","(0.0, 0.0, 0.0)","(0.0, 0.0, 0.0)","(0.0, 0.0, 0.0)","(0.0, 0.0, 0.0)","(0.0, 0.0, 0.0)","(0.0, 0.0, 0.0)",0,0,0,0,0,0,False,0,0,0,0,0,0,0,0,"(0.0, 6.0, 90.6)","(0.2, 0.0, 0.0, 1.0)"
0,820824.1,0,0,0,0,0,0,0,0,0,"(0.0, 0.0)","(0.0, 0.0)","(0.0, 0.0)","(0.0, 0.0, 0.0)","(0.0, 0.0, 0.0)","(0.0, 0.0, 0.0)","(0.0, 0.0, 0.0)","(0.0, 0.0, 0.0)","(0.0, 0.0, 0.0)",0,0,0,0,0,0,False,0,0,0,0,0,0,0,0,"(0.0, 6.0, 90.8)","(0.2, 0.0, 0.0, 1.0)"
0,820839.8,0,0,0,0,0,0,0,0,0,"(0.0, 0.0)","(0.0, 0.0)","(0.0, 0.0)","(0.0, 0.0, 0.0)","(0.0, 0.0, 0.0)","(0.0, 0.0, 0.0)","(0.0, 0.0, 0.0)","(0.0, 0.0, 0.0)","(0.0, 0.0, 0.0)",0,0,0,0,0,0,False,0,0,0,0,0,0,0,0,"(0.0, 6.0, 90.9)","(0.2, 0.0, 0.0, 1.0)"
0,820858.2,0,0,0,0,0,0,0,0,0,"(0.0, 0.0)","(0.0, 0.0)","(0.0, 0.0)","(0.0, 0.0, 0.0)","(0.0, 0.0, 0.0)","(0.0, 0.0, 0.0)","(0.0, 0.0, 0.0)","(0.0, 0.0, 0.0)","(0.0, 0.0, 0.0)",0,0,0,0,0,0,False,0,0,0,0,0,0,0,0,"(0.0, 6.0, 91.1)","(0.2, 0.0, 0.0, 1.0)"
0,820873.1,0,0,0,0,0,0,0,0,0,"(0.0, 0.0)","(0.0, 0.0)","(0.0, 0.0)","(0.0, 0.0, 0.0)","(0.0, 0.0, 0.0)","(0.0, 0.0, 0.0)","(0.0, 0.0, 0.0)","(0.0, 0.0, 0.0)","(0.0, 0.0, 0.0)",0,0,0,0,0,0,False,0,0,0,0,0,0,0,0,"(0.0, 6.0, 91.3)","(0.2, 0.0, 0.0, 1.0)"
0,820888.9,0,0,0,0,0,0,0,0,0,"(0.0, 0.0)","(0.0, 0.0)","(0.0, 0.0)","(0.0, 0.0, 0.0)","(0.0, 0.0, 0.0)","(0.0, 0.0, 0.0)","(0.0, 0.0, 0.0)","(0.0, 0.0, 0.0)","(0.0, 0.0, 0.0)",0,0,0,0,0,0,False,0,0,0,0,0,0,0,0,"(0.0, 6.0, 91.4)","(0.2, 0.0, 0.0, 1.0)"
0,820905.6,0,0,0,0,0,0,0,0,0,"(0.0, 0.0)","(0.0, 0.0)","(0.0, 0.0)","(0.0, 0.0, 0.0)","(0.0, 0.0, 0.0)","(0.0, 0.0, 0.0)","(0.0, 0.0, 0.0)","(0.0, 0.0, 0.0)","(0.0, 0.0, 0.0)",0,0,0,0,0,0,False,0,0,0,0,0,0,0,0,"(0.0, 6.0, 91.6)","(0.2, 0.0, 0.0, 1.0)"
0,820922.4,0,0,0,0,0,0,0,0,0,"(0.0, 0.0)","(0.0, 0.0)","(0.0, 0.0)","(0.0, 0.0, 0.0)","(0.0, 0.0, 0.0)","(0.0, 0.0, 0.0)","(0.0, 0.0, 0.0)","(0.0, 0.0, 0.0)","(0.0, 0.0, 0.0)",0,0,0,0,0,0,False,0,0,0,0,0,0,0,0,"(0.0, 6.0, 91.8)","(0.2, 0.0, 0.0, 1.0)"
0,820937.8,0,0,0,0,0,0,0,0,0,"(0.0, 0.0)","(0.0, 0.0)","(0.0, 0.0)","(0.0, 0.0, 0.0)","(0.0, 0.0, 0.0)","(0.0, 0.0, 0.0)","(0.0, 0.0, 0.0)","(0.0, 0.0, 0.0)","(0.0, 0.0, 0.0)",0,0,0,0,0,0,False,0,0,0,0,0,0,0,0,"(0.0, 6.0, 91.9)","(0.2, 0.0, 0.0, 1.0)"
0,820955,0,0,0,0,0,0,0,0,0,"(0.0, 0.0)","(0.0, 0.0)","(0.0, 0.0)","(0.0, 0.0, 0.0)","(0.0, 0.0, 0.0)","(0.0, 0.0, 0.0)","(0.0, 0.0, 0.0)","(0.0, 0.0, 0.0)","(0.0, 0.0, 0.0)",0,0,0,0,0,0,False,0,0,0,0,0,0,0,0,"(0.0, 6.0, 92.1)","(0.2, 0.0, 0.0, 1.0)"
0,820974.7,0,0,0,0,0,0,0,0,0,"(0.0, 0.0)","(0.0, 0.0)","(0.0, 0.0)","(0.0, 0.0, 0.0)","(0.0, 0.0, 0.0)","(0.0, 0.0, 0.0)","(0.0, 0.0, 0.0)","(0.0, 0.0, 0.0)","(0.0, 0.0, 0.0)",0,0,0,0,0,0,False,0,0,0,0,0,0,0,0,"(0.0, 6.0, 92.3)","(0.2, 0.0, 0.0, 1.0)"
0,820990.8,0,0,0,0,0,0,0,0,0,"(0.0, 0.0)","(0.0, 0.0)","(0.0, 0.0)","(0.0, 0.0, 0.0)","(0.0, 0.0, 0.0)","(0.0, 0.0, 0.0)","(0.0, 0.0, 0.0)","(0.0, 0.0, 0.0)","(0.0, 0.0, 0.0)",0,0,0,0,0,0,False,0,0,0,0,0,0,0,0,"(0.0, 6.0, 92.4)","(0.2, 0.0, 0.0, 1.0)"
0,821006.6,0,0,0,0,0,0,0,0,0,"(0.0, 0.0)","(0.0, 0.0)","(0.0, 0.0)","(0.0, 0.0, 0.0)","(0.0, 0.0, 0.0)","(0.0, 0.0, 0.0)","(0.0, 0.0, 0.0)","(0.0, 0.0, 0.0)","(0.0, 0.0, 0.0)",0,0,0,0,0,0,False,0,0,0,0,0,0,0,0,"(0.0, 6.0, 92.6)","(0.2, 0.0, 0.0, 1.0)"
0,821022.6,0,0,0,0,0,0,0,0,0,"(0.0, 0.0)","(0.0, 0.0)","(0.0, 0.0)","(0.0, 0.0, 0.0)","(0.0, 0.0, 0.0)","(0.0, 0.0, 0.0)","(0.0, 0.0, 0.0)","(0.0, 0.0, 0.0)","(0.0, 0.0, 0.0)",0,0,0,0,0,0,False,0,0,0,0,0,0,0,0,"(0.0, 6.0, 92.8)","(0.2, 0.0, 0.0, 1.0)"
0,821040.1,0,0,0,0,0,0,0,0,0,"(0.0, 0.0)","(0.0, 0.0)","(0.0, 0.0)","(0.0, 0.0, 0.0)","(0.0, 0.0, 0.0)","(0.0, 0.0, 0.0)","(0.0, 0.0, 0.0)","(0.0, 0.0, 0.0)","(0.0, 0.0, 0.0)",0,0,0,0,0,0,False,0,0,0,0,0,0,0,0,"(0.0, 6.0, 92.9)","(0.2, 0.0, 0.0, 1.0)"
0,821056.3,0,0,0,0,0,0,0,0,0,"(0.0, 0.0)","(0.0, 0.0)","(0.0, 0.0)","(0.0, 0.0, 0.0)","(0.0, 0.0, 0.0)","(0.0, 0.0, 0.0)","(0.0, 0.0, 0.0)","(0.0, 0.0, 0.0)","(0.0, 0.0, 0.0)",0,0,0,0,0,0,False,0,0,0,0,0,0,0,0,"(0.0, 6.0, 93.1)","(0.2, 0.0, 0.0, 1.0)"
0,821072.7,0,0,0,0,0,0,0,0,0,"(0.0, 0.0)","(0.0, 0.0)","(0.0, 0.0)","(0.0, 0.0, 0.0)","(0.0, 0.0, 0.0)","(0.0, 0.0, 0.0)","(0.0, 0.0, 0.0)","(0.0, 0.0, 0.0)","(0.0, 0.0, 0.0)",0,0,0,0,0,0,False,0,0,0,0,0,0,0,0,"(0.0, 6.0, 93.3)","(0.2, 0.0, 0.0, 1.0)"
0,821089.8,0,0,0,0,0,0,0,0,0,"(0.0, 0.0)","(0.0, 0.0)","(0.0, 0.0)","(0.0, 0.0, 0.0)","(0.0, 0.0, 0.0)","(0.0, 0.0, 0.0)","(0.0, 0.0, 0.0)","(0.0, 0.0, 0.0)","(0.0, 0.0, 0.0)",0,0,0,0,0,0,False,0,0,0,0,0,0,0,0,"(0.0, 6.0, 93.4)","(0.2, 0.0, 0.0, 1.0)"
0,821105.3,0,0,0,0,0,0,0,0,0,"(0.0, 0.0)","(0.0, 0.0)","(0.0, 0.0)","(0.0, 0.0, 0.0)","(0.0, 0.0, 0.0)","(0.0, 0.0, 0.0)","(0.0, 0.0, 0.0)","(0.0, 0.0, 0.0)","(0.0, 0.0, 0.0)",0,0,0,0,0,0,False,0,0,0,0,0,0,0,0,"(0.0, 6.0, 93.6)","(0.2, 0.0, 0.0, 1.0)"
0,821122,0,0,0,0,0,0,0,0,0,"(0.0, 0.0)","(0.0, 0.0)","(0.0, 0.0)","(0.0, 0.0, 0.0)","(0.0, 0.0, 0.0)","(0.0, 0.0, 0.0)","(0.0, 0.0, 0.0)","(0.0, 0.0, 0.0)","(0.0, 0.0, 0.0)",0,0,0,0,0,0,False,0,0,0,0,0,0,0,0,"(0.0, 6.0, 93.8)","(0.2, 0.0, 0.0, 1.0)"
0,821137.9,0,0,0,0,0,0,0,0,0,"(0.0, 0.0)","(0.0, 0.0)","(0.0, 0.0)","(0.0, 0.0, 0.0)","(0.0, 0.0, 0.0)","(0.0, 0.0, 0.0)","(0.0, 0.0, 0.0)","(0.0, 0.0, 0.0)","(0.0, 0.0, 0.0)",0,0,0,0,0,0,False,0,0,0,0,0,0,0,0,"(0.0, 6.0, 93.9)","(0.2, 0.0, 0.0, 1.0)"
0,821154.6,0,0,0,0,0,0,0,0,0,"(0.0, 0.0)","(0.0, 0.0)","(0.0, 0.0)","(0.0, 0.0, 0.0)","(0.0, 0.0, 0.0)","(0.0, 0.0, 0.0)","(0.0, 0.0, 0.0)","(0.0, 0.0, 0.0)","(0.0, 0.0, 0.0)",0,0,0,0,0,0,False,0,0,0,0,0,0,0,0,"(0.0, 6.0, 94.1)","(0.2, 0.0, 0.0, 1.0)"
0,821170.8,0,0,0,0,0,0,0,0,0,"(0.0, 0.0)","(0.0, 0.0)","(0.0, 0.0)","(0.0, 0.0, 0.0)","(0.0, 0.0, 0.0)","(0.0, 0.0, 0.0)","(0.0, 0.0, 0.0)","(0.0, 0.0, 0.0)","(0.0, 0.0, 0.0)",0,0,0,0,0,0,False,0,0,0,0,0,0,0,0,"(0.0, 6.0, 94.3)","(0.2, 0.0, 0.0, 1.0)"
0,821188.1,0,0,0,0,0,0,0,0,0,"(0.0, 0.0)","(0.0, 0.0)","(0.0, 0.0)","(0.0, 0.0, 0.0)","(0.0, 0.0, 0.0)","(0.0, 0.0, 0.0)","(0.0, 0.0, 0.0)","(0.0, 0.0, 0.0)","(0.0, 0.0, 0.0)",0,0,0,0,0,0,False,0,0,0,0,0,0,0,0,"(0.0, 6.0, 94.4)","(0.2, 0.0, 0.0, 1.0)"
0,821203.7,0,0,0,0,0,0,0,0,0,"(0.0, 0.0)","(0.0, 0.0)","(0.0, 0.0)","(0.0, 0.0, 0.0)","(0.0, 0.0, 0.0)","(0.0, 0.0, 0.0)","(0.0, 0.0, 0.0)","(0.0, 0.0, 0.0)","(0.0, 0.0, 0.0)",0,0,0,0,0,0,False,0,0,0,0,0,0,0,0,"(0.0, 6.0, 94.6)","(0.2, 0.0, 0.0, 1.0)"
0,821219.8,0,0,0,0,0,0,0,0,0,"(0.0, 0.0)","(0.0, 0.0)","(0.0, 0.0)","(0.0, 0.0, 0.0)","(0.0, 0.0, 0.0)","(0.0, 0.0, 0.0)","(0.0, 0.0, 0.0)","(0.0, 0.0, 0.0)","(0.0, 0.0, 0.0)",0,0,0,0,0,0,False,0,0,0,0,0,0,0,0,"(0.0, 6.0, 94.8)","(0.2, 0.0, 0.0, 1.0)"
0,821236.7,0,0,0,0,0,0,0,0,0,"(0.0, 0.0)","(0.0, 0.0)","(0.0, 0.0)","(0.0, 0.0, 0.0)","(0.0, 0.0, 0.0)","(0.0, 0.0, 0.0)","(0.0, 0.0, 0.0)","(0.0, 0.0, 0.0)","(0.0, 0.0, 0.0)",0,0,0,0,0,0,False,0,0,0,0,0,0,0,0,"(0.0, 6.0, 94.9)","(0.2, 0.0, 0.0, 1.0)"
0,821253.3,0,0,0,0,0,0,0,0,0,"(0.0, 0.0)","(0.0, 0.0)","(0.0, 0.0)","(0.0, 0.0, 0.0)","(0.0, 0.0, 0.0)","(0.0, 0.0, 0.0)","(0.0, 0.0, 0.0)","(0.0, 0.0, 0.0)","(0.0, 0.0, 0.0)",0,0,0,0,0,0,False,0,0,0,0,0,0,0,0,"(0.0, 6.0, 95.1)","(0.2, 0.0, 0.0, 1.0)"
0,821274,0,0,0,0,0,0,0,0,0,"(0.0, 0.0)","(0.0, 0.0)","(0.0, 0.0)","(0.0, 0.0, 0.0)","(0.0, 0.0, 0.0)","(0.0, 0.0, 0.0)","(0.0, 0.0, 0.0)","(0.0, 0.0, 0.0)","(0.0, 0.0, 0.0)",0,0,0,0,0,0,False,0,0,0,0,0,0,0,0,"(0.0, 6.0, 95.3)","(0.2, 0.0, 0.0, 1.0)"
0,821289.8,0,0,0,0,0,0,0,0,0,"(0.0, 0.0)","(0.0, 0.0)","(0.0, 0.0)","(0.0, 0.0, 0.0)","(0.0, 0.0, 0.0)","(0.0, 0.0, 0.0)","(0.0, 0.0, 0.0)","(0.0, 0.0, 0.0)","(0.0, 0.0, 0.0)",0,0,0,0,0,0,False,0,0,0,0,0,0,0,0,"(0.0, 6.0, 95.4)","(0.2, 0.0, 0.0, 1.0)"
0,821306.3,0,0,0,0,0,0,0,0,0,"(0.0, 0.0)","(0.0, 0.0)","(0.0, 0.0)","(0.0, 0.0, 0.0)","(0.0, 0.0, 0.0)","(0.0, 0.0, 0.0)","(0.0, 0.0, 0.0)","(0.0, 0.0, 0.0)","(0.0, 0.0, 0.0)",0,0,0,0,0,0,False,0,0,0,0,0,0,0,0,"(0.0, 6.0, 95.6)","(0.2, 0.0, 0.0, 1.0)"
0,821322.5,0,0,0,0,0,0,0,0,0,"(0.0, 0.0)","(0.0, 0.0)","(0.0, 0.0)","(0.0, 0.0, 0.0)","(0.0, 0.0, 0.0)","(0.0, 0.0, 0.0)","(0.0, 0.0, 0.0)","(0.0, 0.0, 0.0)","(0.0, 0.0, 0.0)",0,0,0,0,0,0,False,0,0,0,0,0,0,0,0,"(0.0, 6.0, 95.8)","(0.2, 0.0, 0.0, 1.0)"
0,821339.6,0,0,0,0,0,0,0,0,0,"(0.0, 0.0)","(0.0, 0.0)","(0.0, 0.0)","(0.0, 0.0, 0.0)","(0.0, 0.0, 0.0)","(0.0, 0.0, 0.0)","(0.0, 0.0, 0.0)","(0.0, 0.0, 0.0)","(0.0, 0.0, 0.0)",0,0,0,0,0,0,False,0,0,0,0,0,0,0,0,"(0.0, 6.0, 95.9)","(0.2, 0.0, 0.0, 1.0)"
0,821355.4,0,0,0,0,0,0,0,0,0,"(0.0, 0.0)","(0.0, 0.0)","(0.0, 0.0)","(0.0, 0.0, 0.0)","(0.0, 0.0, 0.0)","(0.0, 0.0, 0.0)","(0.0, 0.0, 0.0)","(0.0, 0.0, 0.0)","(0.0, 0.0, 0.0)",0,0,0,0,0,0,False,0,0,0,0,0,0,0,0,"(0.0, 6.0, 96.1)","(0.2, 0.0, 0.0, 1.0)"
0,821372.6,0,0,0,0,0,0,0,0,0,"(0.0, 0.0)","(0.0, 0.0)","(0.0, 0.0)","(0.0, 0.0, 0.0)","(0.0, 0.0, 0.0)","(0.0, 0.0, 0.0)","(0.0, 0.0, 0.0)","(0.0, 0.0, 0.0)","(0.0, 0.0, 0.0)",0,0,0,0,0,0,False,0,0,0,0,0,0,0,0,"(0.0, 6.0, 96.3)","(0.2, 0.0, 0.0, 1.0)"
0,821389.6,0,0,0,0,0,0,0,0,0,"(0.0, 0.0)","(0.0, 0.0)","(0.0, 0.0)","(0.0, 0.0, 0.0)","(0.0, 0.0, 0.0)","(0.0, 0.0, 0.0)","(0.0, 0.0, 0.0)","(0.0, 0.0, 0.0)","(0.0, 0.0, 0.0)",0,0,0,0,0,0,False,0,0,0,0,0,0,0,0,"(0.0, 6.0, 96.4)","(0.2, 0.0, 0.0, 1.0)"
0,821405.6,0,0,0,0,0,0,0,0,0,"(0.0, 0.0)","(0.0, 0.0)","(0.0, 0.0)","(0.0, 0.0, 0.0)","(0.0, 0.0, 0.0)","(0.0, 0.0, 0.0)","(0.0, 0.0, 0.0)","(0.0, 0.0, 0.0)","(0.0, 0.0, 0.0)",0,0,0,0,0,0,False,0,0,0,0,0,0,0,0,"(0.0, 6.0, 96.6)","(0.2, 0.0, 0.0, 1.0)"
0,821421.6,0,0,0,0,0,0,0,0,0,"(0.0, 0.0)","(0.0, 0.0)","(0.0, 0.0)","(0.0, 0.0, 0.0)","(0.0, 0.0, 0.0)","(0.0, 0.0, 0.0)","(0.0, 0.0, 0.0)","(0.0, 0.0, 0.0)","(0.0, 0.0, 0.0)",0,0,0,0,0,0,False,0,0,0,0,0,0,0,0,"(0.0, 6.0, 96.8)","(0.2, 0.0, 0.0, 1.0)"
0,821437.5,0,0,0,0,0,0,0,0,0,"(0.0, 0.0)","(0.0, 0.0)","(0.0, 0.0)","(0.0, 0.0, 0.0)","(0.0, 0.0, 0.0)","(0.0, 0.0, 0.0)","(0.0, 0.0, 0.0)","(0.0, 0.0, 0.0)","(0.0, 0.0, 0.0)",0,0,0,0,0,0,False,0,0,0,0,0,0,0,0,"(0.0, 6.0, 96.9)","(0.2, 0.0, 0.0, 1.0)"
0,821456.6,0,0,0,0,0,0,0,0,0,"(0.0, 0.0)","(0.0, 0.0)","(0.0, 0.0)","(0.0, 0.0, 0.0)","(0.0, 0.0, 0.0)","(0.0, 0.0, 0.0)","(0.0, 0.0, 0.0)","(0.0, 0.0, 0.0)","(0.0, 0.0, 0.0)",0,0,0,0,0,0,False,0,0,0,0,0,0,0,0,"(0.0, 6.0, 97.1)","(0.2, 0.0, 0.0, 1.0)"
0,821473.1,0,0,0,0,0,0,0,0,0,"(0.0, 0.0)","(0.0, 0.0)","(0.0, 0.0)","(0.0, 0.0, 0.0)","(0.0, 0.0, 0.0)","(0.0, 0.0, 0.0)","(0.0, 0.0, 0.0)","(0.0, 0.0, 0.0)","(0.0, 0.0, 0.0)",0,0,0,0,0,0,False,0,0,0,0,0,0,0,0,"(0.0, 6.0, 97.3)","(0.2, 0.0, 0.0, 1.0)"
0,821492.1,0,0,0,0,0,0,0,0,0,"(0.0, 0.0)","(0.0, 0.0)","(0.0, 0.0)","(0.0, 0.0, 0.0)","(0.0, 0.0, 0.0)","(0.0, 0.0, 0.0)","(0.0, 0.0, 0.0)","(0.0, 0.0, 0.0)","(0.0, 0.0, 0.0)",0,0,0,0,0,0,False,0,0,0,0,0,0,0,0,"(0.0, 6.0, 97.4)","(0.2, 0.0, 0.0, 1.0)"
0,821507.5,0,0,0,0,0,0,0,0,0,"(0.0, 0.0)","(0.0, 0.0)","(0.0, 0.0)","(0.0, 0.0, 0.0)","(0.0, 0.0, 0.0)","(0.0, 0.0, 0.0)","(0.0, 0.0, 0.0)","(0.0, 0.0, 0.0)","(0.0, 0.0, 0.0)",0,0,0,0,0,0,False,0,0,0,0,0,0,0,0,"(0.0, 6.0, 97.6)","(0.2, 0.0, 0.0, 1.0)"
0,821523.6,0,0,0,0,0,0,0,0,0,"(0.0, 0.0)","(0.0, 0.0)","(0.0, 0.0)","(0.0, 0.0, 0.0)","(0.0, 0.0, 0.0)","(0.0, 0.0, 0.0)","(0.0, 0.0, 0.0)","(0.0, 0.0, 0.0)","(0.0, 0.0, 0.0)",0,0,0,0,0,0,False,0,0,0,0,0,0,0,0,"(0.0, 6.0, 97.8)","(0.2, 0.0, 0.0, 1.0)"
0,821539.3,0,0,0,0,0,0,0,0,0,"(0.0, 0.0)","(0.0, 0.0)","(0.0, 0.0)","(0.0, 0.0, 0.0)","(0.0, 0.0, 0.0)","(0.0, 0.0, 0.0)","(0.0, 0.0, 0.0)","(0.0, 0.0, 0.0)","(0.0, 0.0, 0.0)",0,0,0,0,0,0,False,0,0,0,0,0,0,0,0,"(0.0, 6.0, 97.9)","(0.2, 0.0, 0.0, 1.0)"
0,821558.6,0,0,0,0,0,0,0,0,0,"(0.0, 0.0)","(0.0, 0.0)","(0.0, 0.0)","(0.0, 0.0, 0.0)","(0.0, 0.0, 0.0)","(0.0, 0.0, 0.0)","(0.0, 0.0, 0.0)","(0.0, 0.0, 0.0)","(0.0, 0.0, 0.0)",0,0,0,0,0,0,False,0,0,0,0,0,0,0,0,"(0.0, 6.0, 98.1)","(0.2, 0.0, 0.0, 1.0)"
0,821573.9,0,0,0,0,0,0,0,0,0,"(0.0, 0.0)","(0.0, 0.0)","(0.0, 0.0)","(0.0, 0.0, 0.0)","(0.0, 0.0, 0.0)","(0.0, 0.0, 0.0)","(0.0, 0.0, 0.0)","(0.0, 0.0, 0.0)","(0.0, 0.0, 0.0)",0,0,0,0,0,0,False,0,0,0,0,0,0,0,0,"(0.0, 6.0, 98.3)","(0.2, 0.0, 0.0, 1.0)"
0,821589.3,0,0,0,0,0,0,0,0,0,"(0.0, 0.0)","(0.0, 0.0)","(0.0, 0.0)","(0.0, 0.0, 0.0)","(0.0, 0.0, 0.0)","(0.0, 0.0, 0.0)","(0.0, 0.0, 0.0)","(0.0, 0.0, 0.0)","(0.0, 0.0, 0.0)",0,0,0,0,0,0,False,0,0,0,0,0,0,0,0,"(0.0, 6.0, 98.5)","(0.2, 0.0, 0.0, 1.0)"
0,821605.7,0,0,0,0,0,0,0,0,0,"(0.0, 0.0)","(0.0, 0.0)","(0.0, 0.0)","(0.0, 0.0, 0.0)","(0.0, 0.0, 0.0)","(0.0, 0.0, 0.0)","(0.0, 0.0, 0.0)","(0.0, 0.0, 0.0)","(0.0, 0.0, 0.0)",0,0,0,0,0,0,False,0,0,0,0,0,0,0,0,"(0.0, 6.0, 98.6)","(0.2, 0.0, 0.0, 1.0)"
0,821622.9,0,0,0,0,0,0,0,0,0,"(0.0, 0.0)","(0.0, 0.0)","(0.0, 0.0)","(0.0, 0.0, 0.0)","(0.0, 0.0, 0.0)","(0.0, 0.0, 0.0)","(0.0, 0.0, 0.0)","(0.0, 0.0, 0.0)","(0.0, 0.0, 0.0)",0,0,0,0,0,0,False,0,0,0,0,0,0,0,0,"(0.0, 6.0, 98.8)","(0.2, 0.0, 0.0, 1.0)"
0,821639.7,0,0,0,0,0,0,0,0,0,"(0.0, 0.0)","(0.0, 0.0)","(0.0, 0.0)","(0.0, 0.0, 0.0)","(0.0, 0.0, 0.0)","(0.0, 0.0, 0.0)","(0.0, 0.0, 0.0)","(0.0, 0.0, 0.0)","(0.0, 0.0, 0.0)",0,0,0,0,0,0,False,0,0,0,0,0,0,0,0,"(0.0, 6.0, 98.9)","(0.2, 0.0, 0.0, 1.0)"
0,821655.1,0,0,0,0,0,0,0,0,0,"(0.0, 0.0)","(0.0, 0.0)","(0.0, 0.0)","(0.0, 0.0, 0.0)","(0.0, 0.0, 0.0)","(0.0, 0.0, 0.0)","(0.0, 0.0, 0.0)","(0.0, 0.0, 0.0)","(0.0, 0.0, 0.0)",0,0,0,0,0,0,False,0,0,0,0,0,0,0,0,"(0.0, 6.0, 99.1)","(0.2, 0.0, 0.0, 1.0)"
0,821671,0,0,0,0,0,0,0,0,0,"(0.0, 0.0)","(0.0, 0.0)","(0.0, 0.0)","(0.0, 0.0, 0.0)","(0.0, 0.0, 0.0)","(0.0, 0.0, 0.0)","(0.0, 0.0, 0.0)","(0.0, 0.0, 0.0)","(0.0, 0.0, 0.0)",0,0,0,0,0,0,False,0,0,0,0,0,0,0,0,"(0.0, 6.0, 99.3)","(0.2, 0.0, 0.0, 1.0)"
0,821686.7,0,0,0,0,0,0,0,0,0,"(0.0, 0.0)","(0.0, 0.0)","(0.0, 0.0)","(0.0, 0.0, 0.0)","(0.0, 0.0, 0.0)","(0.0, 0.0, 0.0)","(0.0, 0.0, 0.0)","(0.0, 0.0, 0.0)","(0.0, 0.0, 0.0)",0,0,0,0,0,0,False,0,0,0,0,0,0,0,0,"(0.0, 6.0, 99.4)","(0.2, 0.0, 0.0, 1.0)"
0,821703.6,0,0,0,0,0,0,0,0,0,"(0.0, 0.0)","(0.0, 0.0)","(0.0, 0.0)","(0.0, 0.0, 0.0)","(0.0, 0.0, 0.0)","(0.0, 0.0, 0.0)","(0.0, 0.0, 0.0)","(0.0, 0.0, 0.0)","(0.0, 0.0, 0.0)",0,0,0,0,0,0,False,0,0,0,0,0,0,0,0,"(0.0, 6.0, 99.6)","(0.2, 0.0, 0.0, 1.0)"
0,821723.1,0,0,0,0,0,0,0,0,0,"(0.0, 0.0)","(0.0, 0.0)","(0.0, 0.0)","(0.0, 0.0, 0.0)","(0.0, 0.0, 0.0)","(0.0, 0.0, 0.0)","(0.0, 0.0, 0.0)","(0.0, 0.0, 0.0)","(0.0, 0.0, 0.0)",0,0,0,0,0,0,False,0,0,0,0,0,0,0,0,"(0.0, 6.0, 99.8)","(0.2, 0.0, 0.0, 1.0)"
0,821739.6,0,0,0,0,0,0,0,0,0,"(0.0, 0.0)","(0.0, 0.0)","(0.0, 0.0)","(0.0, 0.0, 0.0)","(0.0, 0.0, 0.0)","(0.0, 0.0, 0.0)","(0.0, 0.0, 0.0)","(0.0, 0.0, 0.0)","(0.0, 0.0, 0.0)",0,0,0,0,0,0,False,0,0,0,0,0,0,0,0,"(0.0, 6.0, 99.9)","(0.2, 0.0, 0.0, 1.0)"
0,821756.5,0,0,0,0,0,0,0,0,0,"(0.0, 0.0)","(0.0, 0.0)","(0.0, 0.0)","(0.0, 0.0, 0.0)","(0.0, 0.0, 0.0)","(0.0, 0.0, 0.0)","(0.0, 0.0, 0.0)","(0.0, 0.0, 0.0)","(0.0, 0.0, 0.0)",0,0,0,0,0,0,False,0,0,0,0,0,0,0,0,"(0.0, 6.0, 100.1)","(0.2, 0.0, 0.0, 1.0)"
0,821771.6,0,0,0,0,0,0,0,0,0,"(0.0, 0.0)","(0.0, 0.0)","(0.0, 0.0)","(0.0, 0.0, 0.0)","(0.0, 0.0, 0.0)","(0.0, 0.0, 0.0)","(0.0, 0.0, 0.0)","(0.0, 0.0, 0.0)","(0.0, 0.0, 0.0)",0,0,0,0,0,0,False,0,0,0,0,0,0,0,0,"(0.0, 6.0, 100.3)","(0.2, 0.0, 0.0, 1.0)"
0,821788.4,0,0,0,0,0,0,0,0,0,"(0.0, 0.0)","(0.0, 0.0)","(0.0, 0.0)","(0.0, 0.0, 0.0)","(0.0, 0.0, 0.0)","(0.0, 0.0, 0.0)","(0.0, 0.0, 0.0)","(0.0, 0.0, 0.0)","(0.0, 0.0, 0.0)",0,0,0,0,0,0,False,0,0,0,0,0,0,0,0,"(0.0, 6.0, 100.4)","(0.2, 0.0, 0.0, 1.0)"
0,821804.6,0,0,0,0,0,0,0,0,0,"(0.0, 0.0)","(0.0, 0.0)","(0.0, 0.0)","(0.0, 0.0, 0.0)","(0.0, 0.0, 0.0)","(0.0, 0.0, 0.0)","(0.0, 0.0, 0.0)","(0.0, 0.0, 0.0)","(0.0, 0.0, 0.0)",0,0,0,0,0,0,False,0,0,0,0,0,0,0,0,"(0.0, 6.0, 100.6)","(0.2, 0.0, 0.0, 1.0)"
0,821821.4,0,0,0,0,0,0,0,0,0,"(0.0, 0.0)","(0.0, 0.0)","(0.0, 0.0)","(0.0, 0.0, 0.0)","(0.0, 0.0, 0.0)","(0.0, 0.0, 0.0)","(0.0, 0.0, 0.0)","(0.0, 0.0, 0.0)","(0.0, 0.0, 0.0)",0,0,0,0,0,0,False,0,0,0,0,0,0,0,0,"(0.0, 6.0, 100.8)","(0.2, 0.0, 0.0, 1.0)"
0,821839.3,0,0,0,0,0,0,0,0,0,"(0.0, 0.0)","(0.0, 0.0)","(0.0, 0.0)","(0.0, 0.0, 0.0)","(0.0, 0.0, 0.0)","(0.0, 0.0, 0.0)","(0.0, 0.0, 0.0)","(0.0, 0.0, 0.0)","(0.0, 0.0, 0.0)",0,0,0,0,0,0,False,0,0,0,0,0,0,0,0,"(0.0, 6.0, 100.9)","(0.2, 0.0, 0.0, 1.0)"
0,821855.4,0,0,0,0,0,0,0,0,0,"(0.0, 0.0)","(0.0, 0.0)","(0.0, 0.0)","(0.0, 0.0, 0.0)","(0.0, 0.0, 0.0)","(0.0, 0.0, 0.0)","(0.0, 0.0, 0.0)","(0.0, 0.0, 0.0)","(0.0, 0.0, 0.0)",0,0,0,0,0,0,False,0,0,0,0,0,0,0,0,"(0.0, 6.0, 101.1)","(0.2, 0.0, 0.0, 1.0)"
0,821872.1,0,0,0,0,0,0,0,0,0,"(0.0, 0.0)","(0.0, 0.0)","(0.0, 0.0)","(0.0, 0.0, 0.0)","(0.0, 0.0, 0.0)","(0.0, 0.0, 0.0)","(0.0, 0.0, 0.0)","(0.0, 0.0, 0.0)","(0.0, 0.0, 0.0)",0,0,0,0,0,0,False,0,0,0,0,0,0,0,0,"(0.0, 6.0, 101.3)","(0.2, 0.0, 0.0, 1.0)"
0,821889.2,0,0,0,0,0,0,0,0,0,"(0.0, 0.0)","(0.0, 0.0)","(0.0, 0.0)","(0.0, 0.0, 0.0)","(0.0, 0.0, 0.0)","(0.0, 0.0, 0.0)","(0.0, 0.0, 0.0)","(0.0, 0.0, 0.0)","(0.0, 0.0, 0.0)",0,0,0,0,0,0,False,0,0,0,0,0,0,0,0,"(0.0, 6.0, 101.4)","(0.2, 0.0, 0.0, 1.0)"
0,821904.4,0,0,0,0,0,0,0,0,0,"(0.0, 0.0)","(0.0, 0.0)","(0.0, 0.0)","(0.0, 0.0, 0.0)","(0.0, 0.0, 0.0)","(0.0, 0.0, 0.0)","(0.0, 0.0, 0.0)","(0.0, 0.0, 0.0)","(0.0, 0.0, 0.0)",0,0,0,0,0,0,False,0,0,0,0,0,0,0,0,"(0.0, 6.0, 101.6)","(0.2, 0.0, 0.0, 1.0)"
0,821921.8,0,0,0,0,0,0,0,0,0,"(0.0, 0.0)","(0.0, 0.0)","(0.0, 0.0)","(0.0, 0.0, 0.0)","(0.0, 0.0, 0.0)","(0.0, 0.0, 0.0)","(0.0, 0.0, 0.0)","(0.0, 0.0, 0.0)","(0.0, 0.0, 0.0)",0,0,0,0,0,0,False,0,0,0,0,0,0,0,0,"(0.0, 6.0, 101.8)","(0.2, 0.0, 0.0, 1.0)"
0,821938.4,0,0,0,0,0,0,0,0,0,"(0.0, 0.0)","(0.0, 0.0)","(0.0, 0.0)","(0.0, 0.0, 0.0)","(0.0, 0.0, 0.0)","(0.0, 0.0, 0.0)","(0.0, 0.0, 0.0)","(0.0, 0.0, 0.0)","(0.0, 0.0, 0.0)",0,0,0,0,0,0,False,0,0,0,0,0,0,0,0,"(0.0, 6.0, 101.9)","(0.2, 0.0, 0.0, 1.0)"
0,821954.7,0,0,0,0,0,0,0,0,0,"(0.0, 0.0)","(0.0, 0.0)","(0.0, 0.0)","(0.0, 0.0, 0.0)","(0.0, 0.0, 0.0)","(0.0, 0.0, 0.0)","(0.0, 0.0, 0.0)","(0.0, 0.0, 0.0)","(0.0, 0.0, 0.0)",0,0,0,0,0,0,False,0,0,0,0,0,0,0,0,"(0.0, 6.0, 102.1)","(0.2, 0.0, 0.0, 1.0)"
0,821971.4,0,0,0,0,0,0,0,0,0,"(0.0, 0.0)","(0.0, 0.0)","(0.0, 0.0)","(0.0, 0.0, 0.0)","(0.0, 0.0, 0.0)","(0.0, 0.0, 0.0)","(0.0, 0.0, 0.0)","(0.0, 0.0, 0.0)","(0.0, 0.0, 0.0)",0,0,0,0,0,0,False,0,0,0,0,0,0,0,0,"(0.0, 6.0, 102.3)","(0.2, 0.0, 0.0, 1.0)"
0,821987.9,0,0,0,0,0,0,0,0,0,"(0.0, 0.0)","(0.0, 0.0)","(0.0, 0.0)","(0.0, 0.0, 0.0)","(0.0, 0.0, 0.0)","(0.0, 0.0, 0.0)","(0.0, 0.0, 0.0)","(0.0, 0.0, 0.0)","(0.0, 0.0, 0.0)",0,0,0,0,0,0,False,0,0,0,0,0,0,0,0,"(0.0, 6.0, 102.4)","(0.2, 0.0, 0.0, 1.0)"
0,822008.2,0,0,0,0,0,0,0,0,0,"(0.0, 0.0)","(0.0, 0.0)","(0.0, 0.0)","(0.0, 0.0, 0.0)","(0.0, 0.0, 0.0)","(0.0, 0.0, 0.0)","(0.0, 0.0, 0.0)","(0.0, 0.0, 0.0)","(0.0, 0.0, 0.0)",0,0,0,0,0,0,False,0,0,0,0,0,0,0,0,"(0.0, 6.0, 102.6)","(0.2, 0.0, 0.0, 1.0)"
0,822023.8,0,0,0,0,0,0,0,0,0,"(0.0, 0.0)","(0.0, 0.0)","(0.0, 0.0)","(0.0, 0.0, 0.0)","(0.0, 0.0, 0.0)","(0.0, 0.0, 0.0)","(0.0, 0.0, 0.0)","(0.0, 0.0, 0.0)","(0.0, 0.0, 0.0)",0,0,0,0,0,0,False,0,0,0,0,0,0,0,0,"(0.0, 6.0, 102.8)","(0.2, 0.0, 0.0, 1.0)"
0,822040.2,0,0,0,0,0,0,0,0,0,"(0.0, 0.0)","(0.0, 0.0)","(0.0, 0.0)","(0.0, 0.0, 0.0)","(0.0, 0.0, 0.0)","(0.0, 0.0, 0.0)","(0.0, 0.0, 0.0)","(0.0, 0.0, 0.0)","(0.0, 0.0, 0.0)",0,0,0,0,0,0,False,0,0,0,0,0,0,0,0,"(0.0, 6.0, 102.9)","(0.2, 0.0, 0.0, 1.0)"
0,822056,0,0,0,0,0,0,0,0,0,"(0.0, 0.0)","(0.0, 0.0)","(0.0, 0.0)","(0.0, 0.0, 0.0)","(0.0, 0.0, 0.0)","(0.0, 0.0, 0.0)","(0.0, 0.0, 0.0)","(0.0, 0.0, 0.0)","(0.0, 0.0, 0.0)",0,0,0,0,0,0,False,0,0,0,0,0,0,0,0,"(0.0, 6.0, 103.1)","(0.2, 0.0, 0.0, 1.0)"
0,822072.9,0,0,0,0,0,0,0,0,0,"(0.0, 0.0)","(0.0, 0.0)","(0.0, 0.0)","(0.0, 0.0, 0.0)","(0.0, 0.0, 0.0)","(0.0, 0.0, 0.0)","(0.0, 0.0, 0.0)","(0.0, 0.0, 0.0)","(0.0, 0.0, 0.0)",0,0,0,0,0,0,False,0,0,0,0,0,0,0,0,"(0.0, 6.0, 103.3)","(0.2, 0.0, 0.0, 1.0)"
0,822088.7,0,0,0,0,0,0,0,0,0,"(0.0, 0.0)","(0.0, 0.0)","(0.0, 0.0)","(0.0, 0.0, 0.0)","(0.0, 0.0, 0.0)","(0.0, 0.0, 0.0)","(0.0, 0.0, 0.0)","(0.0, 0.0, 0.0)","(0.0, 0.0, 0.0)",0,0,0,0,0,0,False,0,0,0,0,0,0,0,0,"(0.0, 6.0, 103.4)","(0.2, 0.0, 0.0, 1.0)"
0,822104.9,0,0,0,0,0,0,0,0,0,"(0.0, 0.0)","(0.0, 0.0)","(0.0, 0.0)","(0.0, 0.0, 0.0)","(0.0, 0.0, 0.0)","(0.0, 0.0, 0.0)","(0.0, 0.0, 0.0)","(0.0, 0.0, 0.0)","(0.0, 0.0, 0.0)",0,0,0,0,0,0,False,0,0,0,0,0,0,0,0,"(0.0, 6.0, 103.6)","(0.2, 0.0, 0.0, 1.0)"
0,822121.6,0,0,0,0,0,0,0,0,0,"(0.0, 0.0)","(0.0, 0.0)","(0.0, 0.0)","(0.0, 0.0, 0.0)","(0.0, 0.0, 0.0)","(0.0, 0.0, 0.0)","(0.0, 0.0, 0.0)","(0.0, 0.0, 0.0)","(0.0, 0.0, 0.0)",0,0,0,0,0,0,False,0,0,0,0,0,0,0,0,"(0.0, 6.0, 103.8)","(0.2, 0.0, 0.0, 1.0)"
0,822138.3,0,0,0,0,0,0,0,0,0,"(0.0, 0.0)","(0.0, 0.0)","(0.0, 0.0)","(0.0, 0.0, 0.0)","(0.0, 0.0, 0.0)","(0.0, 0.0, 0.0)","(0.0, 0.0, 0.0)","(0.0, 0.0, 0.0)","(0.0, 0.0, 0.0)",0,0,0,0,0,0,False,0,0,0,0,0,0,0,0,"(0.0, 6.0, 103.9)","(0.2, 0.0, 0.0, 1.0)"
0,822154.1,0,0,0,0,0,0,0,0,0,"(0.0, 0.0)","(0.0, 0.0)","(0.0, 0.0)","(0.0, 0.0, 0.0)","(0.0, 0.0, 0.0)","(0.0, 0.0, 0.0)","(0.0, 0.0, 0.0)","(0.0, 0.0, 0.0)","(0.0, 0.0, 0.0)",0,0,0,0,0,0,False,0,0,0,0,0,0,0,0,"(0.0, 6.0, 104.1)","(0.2, 0.0, 0.0, 1.0)"
0,822170.4,0,0,0,0,0,0,0,0,0,"(0.0, 0.0)","(0.0, 0.0)","(0.0, 0.0)","(0.0, 0.0, 0.0)","(0.0, 0.0, 0.0)","(0.0, 0.0, 0.0)","(0.0, 0.0, 0.0)","(0.0, 0.0, 0.0)","(0.0, 0.0, 0.0)",0,0,0,0,0,0,False,0,0,0,0,0,0,0,0,"(0.0, 6.0, 104.3)","(0.2, 0.0, 0.0, 1.0)"
0,822187.8,0,0,0,0,0,0,0,0,0,"(0.0, 0.0)","(0.0, 0.0)","(0.0, 0.0)","(0.0, 0.0, 0.0)","(0.0, 0.0, 0.0)","(0.0, 0.0, 0.0)","(0.0, 0.0, 0.0)","(0.0, 0.0, 0.0)","(0.0, 0.0, 0.0)",0,0,0,0,0,0,False,0,0,0,0,0,0,0,0,"(0.0, 6.0, 104.4)","(0.2, 0.0, 0.0, 1.0)"
0,822204.9,0,0,0,0,0,0,0,0,0,"(0.0, 0.0)","(0.0, 0.0)","(0.0, 0.0)","(0.0, 0.0, 0.0)","(0.0, 0.0, 0.0)","(0.0, 0.0, 0.0)","(0.0, 0.0, 0.0)","(0.0, 0.0, 0.0)","(0.0, 0.0, 0.0)",0,0,0,0,0,0,False,0,0,0,0,0,0,0,0,"(0.0, 6.0, 104.6)","(0.2, 0.0, 0.0, 1.0)"
0,822221.6,0,0,0,0,0,0,0,0,0,"(0.0, 0.0)","(0.0, 0.0)","(0.0, 0.0)","(0.0, 0.0, 0.0)","(0.0, 0.0, 0.0)","(0.0, 0.0, 0.0)","(0.0, 0.0, 0.0)","(0.0, 0.0, 0.0)","(0.0, 0.0, 0.0)",0,0,0,0,0,0,False,0,0,0,0,0,0,0,0,"(0.0, 6.0, 104.8)","(0.2, 0.0, 0.0, 1.0)"
0,822237.4,0,0,0,0,0,0,0,0,0,"(0.0, 0.0)","(0.0, 0.0)","(0.0, 0.0)","(0.0, 0.0, 0.0)","(0.0, 0.0, 0.0)","(0.0, 0.0, 0.0)","(0.0, 0.0, 0.0)","(0.0, 0.0, 0.0)","(0.0, 0.0, 0.0)",0,0,0,0,0,0,False,0,0,0,0,0,0,0,0,"(0.0, 6.0, 104.9)","(0.2, 0.0, 0.0, 1.0)"
0,822254.2,0,0,0,0,0,0,0,0,0,"(0.0, 0.0)","(0.0, 0.0)","(0.0, 0.0)","(0.0, 0.0, 0.0)","(0.0, 0.0, 0.0)","(0.0, 0.0, 0.0)","(0.0, 0.0, 0.0)","(0.0, 0.0, 0.0)","(0.0, 0.0, 0.0)",0,0,0,0,0,0,False,0,0,0,0,0,0,0,0,"(0.0, 6.0, 105.1)","(0.2, 0.0, 0.0, 1.0)"
0,822274.5,0,0,0,0,0,0,0,0,0,"(0.0, 0.0)","(0.0, 0.0)","(0.0, 0.0)","(0.0, 0.0, 0.0)","(0.0, 0.0, 0.0)","(0.0, 0.0, 0.0)","(0.0, 0.0, 0.0)","(0.0, 0.0, 0.0)","(0.0, 0.0, 0.0)",0,0,0,0,0,0,False,0,0,0,0,0,0,0,0,"(0.0, 6.0, 105.3)","(0.2, 0.0, 0.0, 1.0)"
0,822290.6,0,0,0,0,0,0,0,0,0,"(0.0, 0.0)","(0.0, 0.0)","(0.0, 0.0)","(0.0, 0.0, 0.0)","(0.0, 0.0, 0.0)","(0.0, 0.0, 0.0)","(0.0, 0.0, 0.0)","(0.0, 0.0, 0.0)","(0.0, 0.0, 0.0)",0,0,0,0,0,0,False,0,0,0,0,0,0,0,0,"(0.0, 6.0, 105.4)","(0.2, 0.0, 0.0, 1.0)"
0,822307.9,0,0,0,0,0,0,0,0,0,"(0.0, 0.0)","(0.0, 0.0)","(0.0, 0.0)","(0.0, 0.0, 0.0)","(0.0, 0.0, 0.0)","(0.0, 0.0, 0.0)","(0.0, 0.0, 0.0)","(0.0, 0.0, 0.0)","(0.0, 0.0, 0.0)",0,0,0,0,0,0,False,0,0,0,0,0,0,0,0,"(0.0, 6.0, 105.6)","(0.2, 0.0, 0.0, 1.0)"
0,822326.1,0,0,0,0,0,0,0,0,0,"(0.0, 0.0)","(0.0, 0.0)","(0.0, 0.0)","(0.0, 0.0, 0.0)","(0.0, 0.0, 0.0)","(0.0, 0.0, 0.0)","(0.0, 0.0, 0.0)","(0.0, 0.0, 0.0)","(0.0, 0.0, 0.0)",0,0,0,0,0,0,False,0,0,0,0,0,0,0,0,"(0.0, 6.0, 105.8)","(0.2, 0.0, 0.0, 1.0)"
0,822342.5,0,0,0,0,0,0,0,0,0,"(0.0, 0.0)","(0.0, 0.0)","(0.0, 0.0)","(0.0, 0.0, 0.0)","(0.0, 0.0, 0.0)","(0.0, 0.0, 0.0)","(0.0, 0.0, 0.0)","(0.0, 0.0, 0.0)","(0.0, 0.0, 0.0)",0,0,0,0,0,0,False,0,0,0,0,0,0,0,0,"(0.0, 6.0, 105.9)","(0.2, 0.0, 0.0, 1.0)"
0,822359.1,0,0,0,0,0,0,0,0,0,"(0.0, 0.0)","(0.0, 0.0)","(0.0, 0.0)","(0.0, 0.0, 0.0)","(0.0, 0.0, 0.0)","(0.0, 0.0, 0.0)","(0.0, 0.0, 0.0)","(0.0, 0.0, 0.0)","(0.0, 0.0, 0.0)",0,0,0,0,0,0,False,0,0,0,0,0,0,0,0,"(0.0, 6.0, 106.1)","(0.2, 0.0, 0.0, 1.0)"
0,822375.1,0,0,0,0,0,0,0,0,0,"(0.0, 0.0)","(0.0, 0.0)","(0.0, 0.0)","(0.0, 0.0, 0.0)","(0.0, 0.0, 0.0)","(0.0, 0.0, 0.0)","(0.0, 0.0, 0.0)","(0.0, 0.0, 0.0)","(0.0, 0.0, 0.0)",0,0,0,0,0,0,False,0,0,0,0,0,0,0,0,"(0.0, 6.0, 106.3)","(0.2, 0.0, 0.0, 1.0)"
0,822390.5,0,0,0,0,0,0,0,0,0,"(0.0, 0.0)","(0.0, 0.0)","(0.0, 0.0)","(0.0, 0.0, 0.0)","(0.0, 0.0, 0.0)","(0.0, 0.0, 0.0)","(0.0, 0.0, 0.0)","(0.0, 0.0, 0.0)","(0.0, 0.0, 0.0)",0,0,0,0,0,0,False,0,0,0,0,0,0,0,0,"(0.0, 6.0, 106.5)","(0.2, 0.0, 0.0, 1.0)"
0,822405.6,0,0,0,0,0,0,0,0,0,"(0.0, 0.0)","(0.0, 0.0)","(0.0, 0.0)","(0.0, 0.0, 0.0)","(0.0, 0.0, 0.0)","(0.0, 0.0, 0.0)","(0.0, 0.0, 0.0)","(0.0, 0.0, 0.0)","(0.0, 0.0, 0.0)",0,0,0,0,0,0,False,0,0,0,0,0,0,0,0,"(0.0, 6.0, 106.6)","(0.2, 0.0, 0.0, 1.0)"
0,822421.5,0,0,0,0,0,0,0,0,0,"(0.0, 0.0)","(0.0, 0.0)","(0.0, 0.0)","(0.0, 0.0, 0.0)","(0.0, 0.0, 0.0)","(0.0, 0.0, 0.0)","(0.0, 0.0, 0.0)","(0.0, 0.0, 0.0)","(0.0, 0.0, 0.0)",0,0,0,0,0,0,False,0,0,0,0,0,0,0,0,"(0.0, 6.0, 106.8)","(0.2, 0.0, 0.0, 1.0)"
0,822437.8,0,0,0,0,0,0,0,0,0,"(0.0, 0.0)","(0.0, 0.0)","(0.0, 0.0)","(0.0, 0.0, 0.0)","(0.0, 0.0, 0.0)","(0.0, 0.0, 0.0)","(0.0, 0.0, 0.0)","(0.0, 0.0, 0.0)","(0.0, 0.0, 0.0)",0,0,0,0,0,0,False,0,0,0,0,0,0,0,0,"(0.0, 6.0, 106.9)","(0.2, 0.0, 0.0, 1.0)"
0,822454.8,0,0,0,0,0,0,0,0,0,"(0.0, 0.0)","(0.0, 0.0)","(0.0, 0.0)","(0.0, 0.0, 0.0)","(0.0, 0.0, 0.0)","(0.0, 0.0, 0.0)","(0.0, 0.0, 0.0)","(0.0, 0.0, 0.0)","(0.0, 0.0, 0.0)",0,0,0,0,0,0,False,0,0,0,0,0,0,0,0,"(0.0, 6.0, 107.1)","(0.2, 0.0, 0.0, 1.0)"
0,822472,0,0,0,0,0,0,0,0,0,"(0.0, 0.0)","(0.0, 0.0)","(0.0, 0.0)","(0.0, 0.0, 0.0)","(0.0, 0.0, 0.0)","(0.0, 0.0, 0.0)","(0.0, 0.0, 0.0)","(0.0, 0.0, 0.0)","(0.0, 0.0, 0.0)",0,0,0,0,0,0,False,0,0,0,0,0,0,0,0,"(0.0, 6.0, 107.3)","(0.2, 0.0, 0.0, 1.0)"
0,822488.3,0,0,0,0,0,0,0,0,0,"(0.0, 0.0)","(0.0, 0.0)","(0.0, 0.0)","(0.0, 0.0, 0.0)","(0.0, 0.0, 0.0)","(0.0, 0.0, 0.0)","(0.0, 0.0, 0.0)","(0.0, 0.0, 0.0)","(0.0, 0.0, 0.0)",0,0,0,0,0,0,False,0,0,0,0,0,0,0,0,"(0.0, 6.0, 107.4)","(0.2, 0.0, 0.0, 1.0)"
0,822504.3,0,0,0,0,0,0,0,0,0,"(0.0, 0.0)","(0.0, 0.0)","(0.0, 0.0)","(0.0, 0.0, 0.0)","(0.0, 0.0, 0.0)","(0.0, 0.0, 0.0)","(0.0, 0.0, 0.0)","(0.0, 0.0, 0.0)","(0.0, 0.0, 0.0)",0,0,0,0,0,0,False,0,0,0,0,0,0,0,0,"(0.0, 6.0, 107.6)","(0.2, 0.0, 0.0, 1.0)"
0,822520.7,0,0,0,0,0,0,0,0,0,"(0.0, 0.0)","(0.0, 0.0)","(0.0, 0.0)","(0.0, 0.0, 0.0)","(0.0, 0.0, 0.0)","(0.0, 0.0, 0.0)","(0.0, 0.0, 0.0)","(0.0, 0.0, 0.0)","(0.0, 0.0, 0.0)",0,0,0,0,0,0,False,0,0,0,0,0,0,0,0,"(0.0, 6.0, 107.8)","(0.2, 0.0, 0.0, 1.0)"
0,822537.3,0,0,0,0,0,0,0,0,0,"(0.0, 0.0)","(0.0, 0.0)","(0.0, 0.0)","(0.0, 0.0, 0.0)","(0.0, 0.0, 0.0)","(0.0, 0.0, 0.0)","(0.0, 0.0, 0.0)","(0.0, 0.0, 0.0)","(0.0, 0.0, 0.0)",0,0,0,0,0,0,False,0,0,0,0,0,0,0,0,"(0.0, 6.0, 107.9)","(0.2, 0.0, 0.0, 1.0)"
0,822553.5,0,0,0,0,0,0,0,0,0,"(0.0, 0.0)","(0.0, 0.0)","(0.0, 0.0)","(0.0, 0.0, 0.0)","(0.0, 0.0, 0.0)","(0.0, 0.0, 0.0)","(0.0, 0.0, 0.0)","(0.0, 0.0, 0.0)","(0.0, 0.0, 0.0)",0,0,0,0,0,0,False,0,0,0,0,0,0,0,0,"(0.0, 6.0, 108.1)","(0.2, 0.0, 0.0, 1.0)"
0,822570.2,0,0,0,0,0,0,0,0,0,"(0.0, 0.0)","(0.0, 0.0)","(0.0, 0.0)","(0.0, 0.0, 0.0)","(0.0, 0.0, 0.0)","(0.0, 0.0, 0.0)","(0.0, 0.0, 0.0)","(0.0, 0.0, 0.0)","(0.0, 0.0, 0.0)",0,0,0,0,0,0,False,0,0,0,0,0,0,0,0,"(0.0, 6.0, 108.3)","(0.2, 0.0, 0.0, 1.0)"
0,822585.6,0,0,0,0,0,0,0,0,0,"(0.0, 0.0)","(0.0, 0.0)","(0.0, 0.0)","(0.0, 0.0, 0.0)","(0.0, 0.0, 0.0)","(0.0, 0.0, 0.0)","(0.0, 0.0, 0.0)","(0.0, 0.0, 0.0)","(0.0, 0.0, 0.0)",0,0,0,0,0,0,False,0,0,0,0,0,0,0,0,"(0.0, 6.0, 108.4)","(0.2, 0.0, 0.0, 1.0)"
0,822601.7,0,0,0,0,0,0,0,0,0,"(0.0, 0.0)","(0.0, 0.0)","(0.0, 0.0)","(0.0, 0.0, 0.0)","(0.0, 0.0, 0.0)","(0.0, 0.0, 0.0)","(0.0, 0.0, 0.0)","(0.0, 0.0, 0.0)","(0.0, 0.0, 0.0)",0,0,0,0,0,0,False,0,0,0,0,0,0,0,0,"(0.0, 6.0, 108.6)","(0.2, 0.0, 0.0, 1.0)"
0,822622.8,0,0,0,0,0,0,0,0,0,"(0.0, 0.0)","(0.0, 0.0)","(0.0, 0.0)","(0.0, 0.0, 0.0)","(0.0, 0.0, 0.0)","(0.0, 0.0, 0.0)","(0.0, 0.0, 0.0)","(0.0, 0.0, 0.0)","(0.0, 0.0, 0.0)",0,0,0,0,0,0,False,0,0,0,0,0,0,0,0,"(0.0, 6.0, 108.8)","(0.2, 0.0, 0.0, 1.0)"
0,822638.9,0,0,0,0,0,0,0,0,0,"(0.0, 0.0)","(0.0, 0.0)","(0.0, 0.0)","(0.0, 0.0, 0.0)","(0.0, 0.0, 0.0)","(0.0, 0.0, 0.0)","(0.0, 0.0, 0.0)","(0.0, 0.0, 0.0)","(0.0, 0.0, 0.0)",0,0,0,0,0,0,False,0,0,0,0,0,0,0,0,"(0.0, 6.0, 108.9)","(0.2, 0.0, 0.0, 1.0)"
0,822654.5,0,0,0,0,0,0,0,0,0,"(0.0, 0.0)","(0.0, 0.0)","(0.0, 0.0)","(0.0, 0.0, 0.0)","(0.0, 0.0, 0.0)","(0.0, 0.0, 0.0)","(0.0, 0.0, 0.0)","(0.0, 0.0, 0.0)","(0.0, 0.0, 0.0)",0,0,0,0,0,0,False,0,0,0,0,0,0,0,0,"(0.0, 6.0, 109.1)","(0.2, 0.0, 0.0, 1.0)"
0,822672.8,0,0,0,0,0,0,0,0,0,"(0.0, 0.0)","(0.0, 0.0)","(0.0, 0.0)","(0.0, 0.0, 0.0)","(0.0, 0.0, 0.0)","(0.0, 0.0, 0.0)","(0.0, 0.0, 0.0)","(0.0, 0.0, 0.0)","(0.0, 0.0, 0.0)",0,0,0,0,0,0,False,0,0,0,0,0,0,0,0,"(0.0, 6.0, 109.3)","(0.2, 0.0, 0.0, 1.0)"
0,822689,0,0,0,0,0,0,0,0,0,"(0.0, 0.0)","(0.0, 0.0)","(0.0, 0.0)","(0.0, 0.0, 0.0)","(0.0, 0.0, 0.0)","(0.0, 0.0, 0.0)","(0.0, 0.0, 0.0)","(0.0, 0.0, 0.0)","(0.0, 0.0, 0.0)",0,0,0,0,0,0,False,0,0,0,0,0,0,0,0,"(0.0, 6.0, 109.4)","(0.2, 0.0, 0.0, 1.0)"
0,822704.8,0,0,0,0,0,0,0,0,0,"(0.0, 0.0)","(0.0, 0.0)","(0.0, 0.0)","(0.0, 0.0, 0.0)","(0.0, 0.0, 0.0)","(0.0, 0.0, 0.0)","(0.0, 0.0, 0.0)","(0.0, 0.0, 0.0)","(0.0, 0.0, 0.0)",0,0,0,0,0,0,False,0,0,0,0,0,0,0,0,"(0.0, 6.0, 109.6)","(0.2, 0.0, 0.0, 1.0)"
0,822721.5,0,0,0,0,0,0,0,0,0,"(0.0, 0.0)","(0.0, 0.0)","(0.0, 0.0)","(0.0, 0.0, 0.0)","(0.0, 0.0, 0.0)","(0.0, 0.0, 0.0)","(0.0, 0.0, 0.0)","(0.0, 0.0, 0.0)","(0.0, 0.0, 0.0)",0,0,0,0,0,0,False,0,0,0,0,0,0,0,0,"(0.0, 6.0, 109.8)","(0.2, 0.0, 0.0, 1.0)"
0,822737.9,0,0,0,0,0,0,0,0,0,"(0.0, 0.0)","(0.0, 0.0)","(0.0, 0.0)","(0.0, 0.0, 0.0)","(0.0, 0.0, 0.0)","(0.0, 0.0, 0.0)","(0.0, 0.0, 0.0)","(0.0, 0.0, 0.0)","(0.0, 0.0, 0.0)",0,0,0,0,0,0,False,0,0,0,0,0,0,0,0,"(0.0, 6.0, 109.9)","(0.2, 0.0, 0.0, 1.0)"
0,822754.9,0,0,0,0,0,0,0,0,0,"(0.0, 0.0)","(0.0, 0.0)","(0.0, 0.0)","(0.0, 0.0, 0.0)","(0.0, 0.0, 0.0)","(0.0, 0.0, 0.0)","(0.0, 0.0, 0.0)","(0.0, 0.0, 0.0)","(0.0, 0.0, 0.0)",0,0,0,0,0,0,False,0,0,0,0,0,0,0,0,"(0.0, 6.0, 110.1)","(0.2, 0.0, 0.0, 1.0)"
0,822771.2,0,0,0,0,0,0,0,0,0,"(0.0, 0.0)","(0.0, 0.0)","(0.0, 0.0)","(0.0, 0.0, 0.0)","(0.0, 0.0, 0.0)","(0.0, 0.0, 0.0)","(0.0, 0.0, 0.0)","(0.0, 0.0, 0.0)","(0.0, 0.0, 0.0)",0,0,0,0,0,0,False,0,0,0,0,0,0,0,0,"(0.0, 6.0, 110.3)","(0.2, 0.0, 0.0, 1.0)"
0,822790.4,0,0,0,0,0,0,0,0,0,"(0.0, 0.0)","(0.0, 0.0)","(0.0, 0.0)","(0.0, 0.0, 0.0)","(0.0, 0.0, 0.0)","(0.0, 0.0, 0.0)","(0.0, 0.0, 0.0)","(0.0, 0.0, 0.0)","(0.0, 0.0, 0.0)",0,0,0,0,0,0,False,0,0,0,0,0,0,0,0,"(0.0, 6.0, 110.4)","(0.2, 0.0, 0.0, 1.0)"
0,822805.9,0,0,0,0,0,0,0,0,0,"(0.0, 0.0)","(0.0, 0.0)","(0.0, 0.0)","(0.0, 0.0, 0.0)","(0.0, 0.0, 0.0)","(0.0, 0.0, 0.0)","(0.0, 0.0, 0.0)","(0.0, 0.0, 0.0)","(0.0, 0.0, 0.0)",0,0,0,0,0,0,False,0,0,0,0,0,0,0,0,"(0.0, 6.0, 110.6)","(0.2, 0.0, 0.0, 1.0)"
0,822821.9,0,0,0,0,0,0,0,0,0,"(0.0, 0.0)","(0.0, 0.0)","(0.0, 0.0)","(0.0, 0.0, 0.0)","(0.0, 0.0, 0.0)","(0.0, 0.0, 0.0)","(0.0, 0.0, 0.0)","(0.0, 0.0, 0.0)","(0.0, 0.0, 0.0)",0,0,0,0,0,0,False,0,0,0,0,0,0,0,0,"(0.0, 6.0, 110.8)","(0.2, 0.0, 0.0, 1.0)"
0,822838.7,0,0,0,0,0,0,0,0,0,"(0.0, 0.0)","(0.0, 0.0)","(0.0, 0.0)","(0.0, 0.0, 0.0)","(0.0, 0.0, 0.0)","(0.0, 0.0, 0.0)","(0.0, 0.0, 0.0)","(0.0, 0.0, 0.0)","(0.0, 0.0, 0.0)",0,0,0,0,0,0,False,0,0,0,0,0,0,0,0,"(0.0, 6.0, 110.9)","(0.2, 0.0, 0.0, 1.0)"
0,822855.2,0,0,0,0,0,0,0,0,0,"(0.0, 0.0)","(0.0, 0.0)","(0.0, 0.0)","(0.0, 0.0, 0.0)","(0.0, 0.0, 0.0)","(0.0, 0.0, 0.0)","(0.0, 0.0, 0.0)","(0.0, 0.0, 0.0)","(0.0, 0.0, 0.0)",0,0,0,0,0,0,False,0,0,0,0,0,0,0,0,"(0.0, 6.0, 111.1)","(0.2, 0.0, 0.0, 1.0)"
0,822871.1,0,0,0,0,0,0,0,0,0,"(0.0, 0.0)","(0.0, 0.0)","(0.0, 0.0)","(0.0, 0.0, 0.0)","(0.0, 0.0, 0.0)","(0.0, 0.0, 0.0)","(0.0, 0.0, 0.0)","(0.0, 0.0, 0.0)","(0.0, 0.0, 0.0)",0,0,0,0,0,0,False,0,0,0,0,0,0,0,0,"(0.0, 6.0, 111.3)","(0.2, 0.0, 0.0, 1.0)"
0,822887.6,0,0,0,0,0,0,0,0,0,"(0.0, 0.0)","(0.0, 0.0)","(0.0, 0.0)","(0.0, 0.0, 0.0)","(0.0, 0.0, 0.0)","(0.0, 0.0, 0.0)","(0.0, 0.0, 0.0)","(0.0, 0.0, 0.0)","(0.0, 0.0, 0.0)",0,0,0,0,0,0,False,0,0,0,0,0,0,0,0,"(0.0, 6.0, 111.4)","(0.2, 0.0, 0.0, 1.0)"
0,822903.9,0,0,0,0,0,0,0,0,0,"(0.0, 0.0)","(0.0, 0.0)","(0.0, 0.0)","(0.0, 0.0, 0.0)","(0.0, 0.0, 0.0)","(0.0, 0.0, 0.0)","(0.0, 0.0, 0.0)","(0.0, 0.0, 0.0)","(0.0, 0.0, 0.0)",0,0,0,0,0,0,False,0,0,0,0,0,0,0,0,"(0.0, 6.0, 111.6)","(0.2, 0.0, 0.0, 1.0)"
0,822922.9,0,0,0,0,0,0,0,0,0,"(0.0, 0.0)","(0.0, 0.0)","(0.0, 0.0)","(0.0, 0.0, 0.0)","(0.0, 0.0, 0.0)","(0.0, 0.0, 0.0)","(0.0, 0.0, 0.0)","(0.0, 0.0, 0.0)","(0.0, 0.0, 0.0)",0,0,0,0,0,0,False,0,0,0,0,0,0,0,0,"(0.0, 6.0, 111.8)","(0.2, 0.0, 0.0, 1.0)"
0,822938.8,0,0,0,0,0,0,0,0,0,"(0.0, 0.0)","(0.0, 0.0)","(0.0, 0.0)","(0.0, 0.0, 0.0)","(0.0, 0.0, 0.0)","(0.0, 0.0, 0.0)","(0.0, 0.0, 0.0)","(0.0, 0.0, 0.0)","(0.0, 0.0, 0.0)",0,0,0,0,0,0,False,0,0,0,0,0,0,0,0,"(0.0, 6.0, 111.9)","(0.2, 0.0, 0.0, 1.0)"
0,822955.6,0,0,0,0,0,0,0,0,0,"(0.0, 0.0)","(0.0, 0.0)","(0.0, 0.0)","(0.0, 0.0, 0.0)","(0.0, 0.0, 0.0)","(0.0, 0.0, 0.0)","(0.0, 0.0, 0.0)","(0.0, 0.0, 0.0)","(0.0, 0.0, 0.0)",0,0,0,0,0,0,False,0,0,0,0,0,0,0,0,"(0.0, 6.0, 112.1)","(0.2, 0.0, 0.0, 1.0)"
0,822971.9,0,0,0,0,0,0,0,0,0,"(0.0, 0.0)","(0.0, 0.0)","(0.0, 0.0)","(0.0, 0.0, 0.0)","(0.0, 0.0, 0.0)","(0.0, 0.0, 0.0)","(0.0, 0.0, 0.0)","(0.0, 0.0, 0.0)","(0.0, 0.0, 0.0)",0,0,0,0,0,0,False,0,0,0,0,0,0,0,0,"(0.0, 6.0, 112.3)","(0.2, 0.0, 0.0, 1.0)"
0,822988.3,0,0,0,0,0,0,0,0,0,"(0.0, 0.0)","(0.0, 0.0)","(0.0, 0.0)","(0.0, 0.0, 0.0)","(0.0, 0.0, 0.0)","(0.0, 0.0, 0.0)","(0.0, 0.0, 0.0)","(0.0, 0.0, 0.0)","(0.0, 0.0, 0.0)",0,0,0,0,0,0,False,0,0,0,0,0,0,0,0,"(0.0, 6.0, 112.4)","(0.2, 0.0, 0.0, 1.0)"
0,823004.4,0,0,0,0,0,0,0,0,0,"(0.0, 0.0)","(0.0, 0.0)","(0.0, 0.0)","(0.0, 0.0, 0.0)","(0.0, 0.0, 0.0)","(0.0, 0.0, 0.0)","(0.0, 0.0, 0.0)","(0.0, 0.0, 0.0)","(0.0, 0.0, 0.0)",0,0,0,0,0,0,False,0,0,0,0,0,0,0,0,"(0.0, 6.0, 112.6)","(0.2, 0.0, 0.0, 1.0)"
0,823025.6,0,0,0,0,0,0,0,0,0,"(0.0, 0.0)","(0.0, 0.0)","(0.0, 0.0)","(0.0, 0.0, 0.0)","(0.0, 0.0, 0.0)","(0.0, 0.0, 0.0)","(0.0, 0.0, 0.0)","(0.0, 0.0, 0.0)","(0.0, 0.0, 0.0)",0,0,0,0,0,0,False,0,0,0,0,0,0,0,0,"(0.0, 6.0, 112.8)","(0.2, 0.0, 0.0, 1.0)"
0,823042.4,0,0,0,0,0,0,0,0,0,"(0.0, 0.0)","(0.0, 0.0)","(0.0, 0.0)","(0.0, 0.0, 0.0)","(0.0, 0.0, 0.0)","(0.0, 0.0, 0.0)","(0.0, 0.0, 0.0)","(0.0, 0.0, 0.0)","(0.0, 0.0, 0.0)",0,0,0,0,0,0,False,0,0,0,0,0,0,0,0,"(0.0, 6.0, 112.9)","(0.2, 0.0, 0.0, 1.0)"
0,823058.7,0,0,0,0,0,0,0,0,0,"(0.0, 0.0)","(0.0, 0.0)","(0.0, 0.0)","(0.0, 0.0, 0.0)","(0.0, 0.0, 0.0)","(0.0, 0.0, 0.0)","(0.0, 0.0, 0.0)","(0.0, 0.0, 0.0)","(0.0, 0.0, 0.0)",0,0,0,0,0,0,False,0,0,0,0,0,0,0,0,"(0.0, 6.0, 113.1)","(0.2, 0.0, 0.0, 1.0)"
0,823074.1,0,0,0,0,0,0,0,0,0,"(0.0, 0.0)","(0.0, 0.0)","(0.0, 0.0)","(0.0, 0.0, 0.0)","(0.0, 0.0, 0.0)","(0.0, 0.0, 0.0)","(0.0, 0.0, 0.0)","(0.0, 0.0, 0.0)","(0.0, 0.0, 0.0)",0,0,0,0,0,0,False,0,0,0,0,0,0,0,0,"(0.0, 6.0, 113.3)","(0.2, 0.0, 0.0, 1.0)"
0,823089.8,0,0,0,0,0,0,0,0,0,"(0.0, 0.0)","(0.0, 0.0)","(0.0, 0.0)","(0.0, 0.0, 0.0)","(0.0, 0.0, 0.0)","(0.0, 0.0, 0.0)","(0.0, 0.0, 0.0)","(0.0, 0.0, 0.0)","(0.0, 0.0, 0.0)",0,0,0,0,0,0,False,0,0,0,0,0,0,0,0,"(0.0, 6.0, 113.4)","(0.2, 0.0, 0.0, 1.0)"
0,823106.2,0,0,0,0,0,0,0,0,0,"(0.0, 0.0)","(0.0, 0.0)","(0.0, 0.0)","(0.0, 0.0, 0.0)","(0.0, 0.0, 0.0)","(0.0, 0.0, 0.0)","(0.0, 0.0, 0.0)","(0.0, 0.0, 0.0)","(0.0, 0.0, 0.0)",0,0,0,0,0,0,False,0,0,0,0,0,0,0,0,"(0.0, 6.0, 113.6)","(0.2, 0.0, 0.0, 1.0)"
0,823122.3,0,0,0,0,0,0,0,0,0,"(0.0, 0.0)","(0.0, 0.0)","(0.0, 0.0)","(0.0, 0.0, 0.0)","(0.0, 0.0, 0.0)","(0.0, 0.0, 0.0)","(0.0, 0.0, 0.0)","(0.0, 0.0, 0.0)","(0.0, 0.0, 0.0)",0,0,0,0,0,0,False,0,0,0,0,0,0,0,0,"(0.0, 6.0, 113.8)","(0.2, 0.0, 0.0, 1.0)"
0,823139.2,0,0,0,0,0,0,0,0,0,"(0.0, 0.0)","(0.0, 0.0)","(0.0, 0.0)","(0.0, 0.0, 0.0)","(0.0, 0.0, 0.0)","(0.0, 0.0, 0.0)","(0.0, 0.0, 0.0)","(0.0, 0.0, 0.0)","(0.0, 0.0, 0.0)",0,0,0,0,0,0,False,0,0,0,0,0,0,0,0,"(0.0, 6.0, 113.9)","(0.2, 0.0, 0.0, 1.0)"
0,823155.9,0,0,0,0,0,0,0,0,0,"(0.0, 0.0)","(0.0, 0.0)","(0.0, 0.0)","(0.0, 0.0, 0.0)","(0.0, 0.0, 0.0)","(0.0, 0.0, 0.0)","(0.0, 0.0, 0.0)","(0.0, 0.0, 0.0)","(0.0, 0.0, 0.0)",0,0,0,0,0,0,False,0,0,0,0,0,0,0,0,"(0.0, 6.0, 114.1)","(0.2, 0.0, 0.0, 1.0)"
0,823172,0,0,0,0,0,0,0,0,0,"(0.0, 0.0)","(0.0, 0.0)","(0.0, 0.0)","(0.0, 0.0, 0.0)","(0.0, 0.0, 0.0)","(0.0, 0.0, 0.0)","(0.0, 0.0, 0.0)","(0.0, 0.0, 0.0)","(0.0, 0.0, 0.0)",0,0,0,0,0,0,False,0,0,0,0,0,0,0,0,"(0.0, 6.0, 114.3)","(0.2, 0.0, 0.0, 1.0)"
0,823187.8,0,0,0,0,0,0,0,0,0,"(0.0, 0.0)","(0.0, 0.0)","(0.0, 0.0)","(0.0, 0.0, 0.0)","(0.0, 0.0, 0.0)","(0.0, 0.0, 0.0)","(0.0, 0.0, 0.0)","(0.0, 0.0, 0.0)","(0.0, 0.0, 0.0)",0,0,0,0,0,0,False,0,0,0,0,0,0,0,0,"(0.0, 6.0, 114.4)","(0.2, 0.0, 0.0, 1.0)"
0,823203.4,0,0,0,0,0,0,0,0,0,"(0.0, 0.0)","(0.0, 0.0)","(0.0, 0.0)","(0.0, 0.0, 0.0)","(0.0, 0.0, 0.0)","(0.0, 0.0, 0.0)","(0.0, 0.0, 0.0)","(0.0, 0.0, 0.0)","(0.0, 0.0, 0.0)",0,0,0,0,0,0,False,0,0,0,0,0,0,0,0,"(0.0, 6.0, 114.6)","(0.2, 0.0, 0.0, 1.0)"
0,823221.5,0,0,0,0,0,0,0,0,0,"(0.0, 0.0)","(0.0, 0.0)","(0.0, 0.0)","(0.0, 0.0, 0.0)","(0.0, 0.0, 0.0)","(0.0, 0.0, 0.0)","(0.0, 0.0, 0.0)","(0.0, 0.0, 0.0)","(0.0, 0.0, 0.0)",0,0,0,0,0,0,False,0,0,0,0,0,0,0,0,"(0.0, 6.0, 114.8)","(0.2, 0.0, 0.0, 1.0)"
0,823238.5,0,0,0,0,0,0,0,0,0,"(0.0, 0.0)","(0.0, 0.0)","(0.0, 0.0)","(0.0, 0.0, 0.0)","(0.0, 0.0, 0.0)","(0.0, 0.0, 0.0)","(0.0, 0.0, 0.0)","(0.0, 0.0, 0.0)","(0.0, 0.0, 0.0)",0,0,0,0,0,0,False,0,0,0,0,0,0,0,0,"(0.0, 6.0, 114.9)","(0.2, 0.0, 0.0, 1.0)"
0,823258.2,0,0,0,0,0,0,0,0,0,"(0.0, 0.0)","(0.0, 0.0)","(0.0, 0.0)","(0.0, 0.0, 0.0)","(0.0, 0.0, 0.0)","(0.0, 0.0, 0.0)","(0.0, 0.0, 0.0)","(0.0, 0.0, 0.0)","(0.0, 0.0, 0.0)",0,0,0,0,0,0,False,0,0,0,0,0,0,0,0,"(0.0, 6.0, 115.1)","(0.2, 0.0, 0.0, 1.0)"
0,823274.8,0,0,0,0,0,0,0,0,0,"(0.0, 0.0)","(0.0, 0.0)","(0.0, 0.0)","(0.0, 0.0, 0.0)","(0.0, 0.0, 0.0)","(0.0, 0.0, 0.0)","(0.0, 0.0, 0.0)","(0.0, 0.0, 0.0)","(0.0, 0.0, 0.0)",0,0,0,0,0,0,False,0,0,0,0,0,0,0,0,"(0.0, 6.0, 115.3)","(0.2, 0.0, 0.0, 1.0)"
0,823291.7,0,0,0,0,0,0,0,0,0,"(0.0, 0.0)","(0.0, 0.0)","(0.0, 0.0)","(0.0, 0.0, 0.0)","(0.0, 0.0, 0.0)","(0.0, 0.0, 0.0)","(0.0, 0.0, 0.0)","(0.0, 0.0, 0.0)","(0.0, 0.0, 0.0)",0,0,0,0,0,0,False,0,0,0,0,0,0,0,0,"(0.0, 6.0, 115.4)","(0.2, 0.0, 0.0, 1.0)"
0,823308.1,0,0,0,0,0,0,0,0,0,"(0.0, 0.0)","(0.0, 0.0)","(0.0, 0.0)","(0.0, 0.0, 0.0)","(0.0, 0.0, 0.0)","(0.0, 0.0, 0.0)","(0.0, 0.0, 0.0)","(0.0, 0.0, 0.0)","(0.0, 0.0, 0.0)",0,0,0,0,0,0,False,0,0,0,0,0,0,0,0,"(0.0, 6.0, 115.6)","(0.2, 0.0, 0.0, 1.0)"
0,823325,0,0,0,0,0,0,0,0,0,"(0.0, 0.0)","(0.0, 0.0)","(0.0, 0.0)","(0.0, 0.0, 0.0)","(0.0, 0.0, 0.0)","(0.0, 0.0, 0.0)","(0.0, 0.0, 0.0)","(0.0, 0.0, 0.0)","(0.0, 0.0, 0.0)",0,0,0,0,0,0,False,0,0,0,0,0,0,0,0,"(0.0, 6.0, 115.8)","(0.2, 0.0, 0.0, 1.0)"
0,823344.4,0,0,0,0,0,0,0,0,0,"(0.0, 0.0)","(0.0, 0.0)","(0.0, 0.0)","(0.0, 0.0, 0.0)","(0.0, 0.0, 0.0)","(0.0, 0.0, 0.0)","(0.0, 0.0, 0.0)","(0.0, 0.0, 0.0)","(0.0, 0.0, 0.0)",0,0,0,0,0,0,False,0,0,0,0,0,0,0,0,"(0.0, 6.0, 116.0)","(0.2, 0.0, 0.0, 1.0)"
0,823361.6,0,0,0,0,0,0,0,0,0,"(0.0, 0.0)","(0.0, 0.0)","(0.0, 0.0)","(0.0, 0.0, 0.0)","(0.0, 0.0, 0.0)","(0.0, 0.0, 0.0)","(0.0, 0.0, 0.0)","(0.0, 0.0, 0.0)","(0.0, 0.0, 0.0)",0,0,0,0,0,0,False,0,0,0,0,0,0,0,0,"(0.0, 6.0, 116.1)","(0.2, 0.0, 0.0, 1.0)"
0,823378.9,0,0,0,0,0,0,0,0,0,"(0.0, 0.0)","(0.0, 0.0)","(0.0, 0.0)","(0.0, 0.0, 0.0)","(0.0, 0.0, 0.0)","(0.0, 0.0, 0.0)","(0.0, 0.0, 0.0)","(0.0, 0.0, 0.0)","(0.0, 0.0, 0.0)",0,0,0,0,0,0,False,0,0,0,0,0,0,0,0,"(0.0, 6.0, 116.3)","(0.2, 0.0, 0.0, 1.0)"
0,823395.5,0,0,0,0,0,0,0,0,0,"(0.0, 0.0)","(0.0, 0.0)","(0.0, 0.0)","(0.0, 0.0, 0.0)","(0.0, 0.0, 0.0)","(0.0, 0.0, 0.0)","(0.0, 0.0, 0.0)","(0.0, 0.0, 0.0)","(0.0, 0.0, 0.0)",0,0,0,0,0,0,False,0,0,0,0,0,0,0,0,"(0.0, 6.0, 116.5)","(0.2, 0.0, 0.0, 1.0)"
0,823413.4,0,0,0,0,0,0,0,0,0,"(0.0, 0.0)","(0.0, 0.0)","(0.0, 0.0)","(0.0, 0.0, 0.0)","(0.0, 0.0, 0.0)","(0.0, 0.0, 0.0)","(0.0, 0.0, 0.0)","(0.0, 0.0, 0.0)","(0.0, 0.0, 0.0)",0,0,0,0,0,0,False,0,0,0,0,0,0,0,0,"(0.0, 6.0, 116.6)","(0.2, 0.0, 0.0, 1.0)"
0,823430.5,0,0,0,0,0,0,0,0,0,"(0.0, 0.0)","(0.0, 0.0)","(0.0, 0.0)","(0.0, 0.0, 0.0)","(0.0, 0.0, 0.0)","(0.0, 0.0, 0.0)","(0.0, 0.0, 0.0)","(0.0, 0.0, 0.0)","(0.0, 0.0, 0.0)",0,0,0,0,0,0,False,0,0,0,0,0,0,0,0,"(0.0, 6.0, 116.8)","(0.2, 0.0, 0.0, 1.0)"
0,823447.7,0,0,0,0,0,0,0,0,0,"(0.0, 0.0)","(0.0, 0.0)","(0.0, 0.0)","(0.0, 0.0, 0.0)","(0.0, 0.0, 0.0)","(0.0, 0.0, 0.0)","(0.0, 0.0, 0.0)","(0.0, 0.0, 0.0)","(0.0, 0.0, 0.0)",0,0,0,0,0,0,False,0,0,0,0,0,0,0,0,"(0.0, 6.0, 117.0)","(0.2, 0.0, 0.0, 1.0)"
0,823465.3,0,0,0,0,0,0,0,0,0,"(0.0, 0.0)","(0.0, 0.0)","(0.0, 0.0)","(0.0, 0.0, 0.0)","(0.0, 0.0, 0.0)","(0.0, 0.0, 0.0)","(0.0, 0.0, 0.0)","(0.0, 0.0, 0.0)","(0.0, 0.0, 0.0)",0,0,0,0,0,0,False,0,0,0,0,0,0,0,0,"(0.0, 6.0, 117.2)","(0.2, 0.0, 0.0, 1.0)"
0,823488.4,0,0,0,0,0,0,0,0,0,"(0.0, 0.0)","(0.0, 0.0)","(0.0, 0.0)","(0.0, 0.0, 0.0)","(0.0, 0.0, 0.0)","(0.0, 0.0, 0.0)","(0.0, 0.0, 0.0)","(0.0, 0.0, 0.0)","(0.0, 0.0, 0.0)",0,0,0,0,0,0,False,0,0,0,0,0,0,0,0,"(0.0, 6.0, 117.3)","(0.2, 0.0, 0.0, 1.0)"
0,823506.3,0,0,0,0,0,0,0,0,0,"(0.0, 0.0)","(0.0, 0.0)","(0.0, 0.0)","(0.0, 0.0, 0.0)","(0.0, 0.0, 0.0)","(0.0, 0.0, 0.0)","(0.0, 0.0, 0.0)","(0.0, 0.0, 0.0)","(0.0, 0.0, 0.0)",0,0,0,0,0,0,False,0,0,0,0,0,0,0,0,"(0.0, 6.0, 117.5)","(0.2, 0.0, 0.0, 1.0)"
0,823523.2,0,0,0,0,0,0,0,0,0,"(0.0, 0.0)","(0.0, 0.0)","(0.0, 0.0)","(0.0, 0.0, 0.0)","(0.0, 0.0, 0.0)","(0.0, 0.0, 0.0)","(0.0, 0.0, 0.0)","(0.0, 0.0, 0.0)","(0.0, 0.0, 0.0)",0,0,0,0,0,0,False,0,0,0,0,0,0,0,0,"(0.0, 6.0, 117.7)","(0.2, 0.0, 0.0, 1.0)"
0,823540.4,0,0,0,0,0,0,0,0,0,"(0.0, 0.0)","(0.0, 0.0)","(0.0, 0.0)","(0.0, 0.0, 0.0)","(0.0, 0.0, 0.0)","(0.0, 0.0, 0.0)","(0.0, 0.0, 0.0)","(0.0, 0.0, 0.0)","(0.0, 0.0, 0.0)",0,0,0,0,0,0,False,0,0,0,0,0,0,0,0,"(0.0, 6.0, 117.9)","(0.2, 0.0, 0.0, 1.0)"
0,823558.3,0,0,0,0,0,0,0,0,0,"(0.0, 0.0)","(0.0, 0.0)","(0.0, 0.0)","(0.0, 0.0, 0.0)","(0.0, 0.0, 0.0)","(0.0, 0.0, 0.0)","(0.0, 0.0, 0.0)","(0.0, 0.0, 0.0)","(0.0, 0.0, 0.0)",0,0,0,0,0,0,False,0,0,0,0,0,0,0,0,"(0.0, 6.0, 118.0)","(0.2, 0.0, 0.0, 1.0)"
0,823575.2,0,0,0,0,0,0,0,0,0,"(0.0, 0.0)","(0.0, 0.0)","(0.0, 0.0)","(0.0, 0.0, 0.0)","(0.0, 0.0, 0.0)","(0.0, 0.0, 0.0)","(0.0, 0.0, 0.0)","(0.0, 0.0, 0.0)","(0.0, 0.0, 0.0)",0,0,0,0,0,0,False,0,0,0,0,0,0,0,0,"(0.0, 6.0, 118.2)","(0.2, 0.0, 0.0, 1.0)"
0,823591.6,0,0,0,0,0,0,0,0,0,"(0.0, 0.0)","(0.0, 0.0)","(0.0, 0.0)","(0.0, 0.0, 0.0)","(0.0, 0.0, 0.0)","(0.0, 0.0, 0.0)","(0.0, 0.0, 0.0)","(0.0, 0.0, 0.0)","(0.0, 0.0, 0.0)",0,0,0,0,0,0,False,0,0,0,0,0,0,0,0,"(0.0, 6.0, 118.4)","(0.2, 0.0, 0.0, 1.0)"
0,823607.4,0,0,0,0,0,0,0,0,0,"(0.0, 0.0)","(0.0, 0.0)","(0.0, 0.0)","(0.0, 0.0, 0.0)","(0.0, 0.0, 0.0)","(0.0, 0.0, 0.0)","(0.0, 0.0, 0.0)","(0.0, 0.0, 0.0)","(0.0, 0.0, 0.0)",0,0,0,0,0,0,False,0,0,0,0,0,0,0,0,"(0.0, 6.0, 118.6)","(0.2, 0.0, 0.0, 1.0)"
0,823624.1,0,0,0,0,0,0,0,0,0,"(0.0, 0.0)","(0.0, 0.0)","(0.0, 0.0)","(0.0, 0.0, 0.0)","(0.0, 0.0, 0.0)","(0.0, 0.0, 0.0)","(0.0, 0.0, 0.0)","(0.0, 0.0, 0.0)","(0.0, 0.0, 0.0)",0,0,0,0,0,0,False,0,0,0,0,0,0,0,0,"(0.0, 6.0, 118.7)","(0.2, 0.0, 0.0, 1.0)"
0,823641.5,0,0,0,0,0,0,0,0,0,"(0.0, 0.0)","(0.0, 0.0)","(0.0, 0.0)","(0.0, 0.0, 0.0)","(0.0, 0.0, 0.0)","(0.0, 0.0, 0.0)","(0.0, 0.0, 0.0)","(0.0, 0.0, 0.0)","(0.0, 0.0, 0.0)",0,0,0,0,0,0,False,0,0,0,0,0,0,0,0,"(0.0, 6.0, 118.9)","(0.2, 0.0, 0.0, 1.0)"
0,823663.9,0,0,0,0,0,0,0,0,0,"(0.0, 0.0)","(0.0, 0.0)","(0.0, 0.0)","(0.0, 0.0, 0.0)","(0.0, 0.0, 0.0)","(0.0, 0.0, 0.0)","(0.0, 0.0, 0.0)","(0.0, 0.0, 0.0)","(0.0, 0.0, 0.0)",0,0,0,0,0,0,False,0,0,0,0,0,0,0,0,"(0.0, 6.0, 119.1)","(0.2, 0.0, 0.0, 1.0)"
0,823681.1,0,0,0,0,0,0,0,0,0,"(0.0, 0.0)","(0.0, 0.0)","(0.0, 0.0)","(0.0, 0.0, 0.0)","(0.0, 0.0, 0.0)","(0.0, 0.0, 0.0)","(0.0, 0.0, 0.0)","(0.0, 0.0, 0.0)","(0.0, 0.0, 0.0)",0,0,0,0,0,0,False,0,0,0,0,0,0,0,0,"(0.0, 6.0, 119.3)","(0.2, 0.0, 0.0, 1.0)"
0,823697.4,0,0,0,0,0,0,0,0,0,"(0.0, 0.0)","(0.0, 0.0)","(0.0, 0.0)","(0.0, 0.0, 0.0)","(0.0, 0.0, 0.0)","(0.0, 0.0, 0.0)","(0.0, 0.0, 0.0)","(0.0, 0.0, 0.0)","(0.0, 0.0, 0.0)",0,0,0,0,0,0,False,0,0,0,0,0,0,0,0,"(0.0, 6.0, 119.4)","(0.2, 0.0, 0.0, 1.0)"
0,823714.9,0,0,0,0,0,0,0,0,0,"(0.0, 0.0)","(0.0, 0.0)","(0.0, 0.0)","(0.0, 0.0, 0.0)","(0.0, 0.0, 0.0)","(0.0, 0.0, 0.0)","(0.0, 0.0, 0.0)","(0.0, 0.0, 0.0)","(0.0, 0.0, 0.0)",0,0,0,0,0,0,False,0,0,0,0,0,0,0,0,"(0.0, 6.0, 119.6)","(0.2, 0.0, 0.0, 1.0)"
0,823731.9,0,0,0,0,0,0,0,0,0,"(0.0, 0.0)","(0.0, 0.0)","(0.0, 0.0)","(0.0, 0.0, 0.0)","(0.0, 0.0, 0.0)","(0.0, 0.0, 0.0)","(0.0, 0.0, 0.0)","(0.0, 0.0, 0.0)","(0.0, 0.0, 0.0)",0,0,0,0,0,0,False,0,0,0,0,0,0,0,0,"(0.0, 6.0, 119.8)","(0.2, 0.0, 0.0, 1.0)"
0,823748.4,0,0,0,0,0,0,0,0,0,"(0.0, 0.0)","(0.0, 0.0)","(0.0, 0.0)","(0.0, 0.0, 0.0)","(0.0, 0.0, 0.0)","(0.0, 0.0, 0.0)","(0.0, 0.0, 0.0)","(0.0, 0.0, 0.0)","(0.0, 0.0, 0.0)",0,0,0,0,0,0,False,0,0,0,0,0,0,0,0,"(0.0, 6.0, 120.0)","(0.2, 0.0, 0.0, 1.0)"
0,823766.1,0,0,0,0,0,0,0,0,0,"(0.0, 0.0)","(0.0, 0.0)","(0.0, 0.0)","(0.0, 0.0, 0.0)","(0.0, 0.0, 0.0)","(0.0, 0.0, 0.0)","(0.0, 0.0, 0.0)","(0.0, 0.0, 0.0)","(0.0, 0.0, 0.0)",0,0,0,0,0,0,False,0,0,0,0,0,0,0,0,"(0.0, 6.0, 120.1)","(0.2, 0.0, 0.0, 1.0)"
0,823783.7,0,0,0,0,0,0,0,0,0,"(0.0, 0.0)","(0.0, 0.0)","(0.0, 0.0)","(0.0, 0.0, 0.0)","(0.0, 0.0, 0.0)","(0.0, 0.0, 0.0)","(0.0, 0.0, 0.0)","(0.0, 0.0, 0.0)","(0.0, 0.0, 0.0)",0,0,0,0,0,0,False,0,0,0,0,0,0,0,0,"(0.0, 6.0, 120.3)","(0.2, 0.0, 0.0, 1.0)"
0,823801.4,0,0,0,0,0,0,0,0,0,"(0.0, 0.0)","(0.0, 0.0)","(0.0, 0.0)","(0.0, 0.0, 0.0)","(0.0, 0.0, 0.0)","(0.0, 0.0, 0.0)","(0.0, 0.0, 0.0)","(0.0, 0.0, 0.0)","(0.0, 0.0, 0.0)",0,0,0,0,0,0,False,0,0,0,0,0,0,0,0,"(0.0, 6.0, 120.5)","(0.2, 0.0, 0.0, 1.0)"
0,823818.1,0,0,0,0,0,0,0,0,0,"(0.0, 0.0)","(0.0, 0.0)","(0.0, 0.0)","(0.0, 0.0, 0.0)","(0.0, 0.0, 0.0)","(0.0, 0.0, 0.0)","(0.0, 0.0, 0.0)","(0.0, 0.0, 0.0)","(0.0, 0.0, 0.0)",0,0,0,0,0,0,False,0,0,0,0,0,0,0,0,"(0.0, 6.0, 120.7)","(0.2, 0.0, 0.0, 1.0)"
0,823837.6,0,0,0,0,0,0,0,0,0,"(0.0, 0.0)","(0.0, 0.0)","(0.0, 0.0)","(0.0, 0.0, 0.0)","(0.0, 0.0, 0.0)","(0.0, 0.0, 0.0)","(0.0, 0.0, 0.0)","(0.0, 0.0, 0.0)","(0.0, 0.0, 0.0)",0,0,0,0,0,0,False,0,0,0,0,0,0,0,0,"(0.0, 6.0, 120.8)","(0.2, 0.0, 0.0, 1.0)"
0,823854.4,0,0,0,0,0,0,0,0,0,"(0.0, 0.0)","(0.0, 0.0)","(0.0, 0.0)","(0.0, 0.0, 0.0)","(0.0, 0.0, 0.0)","(0.0, 0.0, 0.0)","(0.0, 0.0, 0.0)","(0.0, 0.0, 0.0)","(0.0, 0.0, 0.0)",0,0,0,0,0,0,False,0,0,0,0,0,0,0,0,"(0.0, 6.0, 121.0)","(0.2, 0.0, 0.0, 1.0)"
0,823873,0,0,0,0,0,0,0,0,0,"(0.0, 0.0)","(0.0, 0.0)","(0.0, 0.0)","(0.0, 0.0, 0.0)","(0.0, 0.0, 0.0)","(0.0, 0.0, 0.0)","(0.0, 0.0, 0.0)","(0.0, 0.0, 0.0)","(0.0, 0.0, 0.0)",0,0,0,0,0,0,False,0,0,0,0,0,0,0,0,"(0.0, 6.0, 121.2)","(0.2, 0.0, 0.0, 1.0)"
0,823889.8,0,0,0,0,0,0,0,0,0,"(0.0, 0.0)","(0.0, 0.0)","(0.0, 0.0)","(0.0, 0.0, 0.0)","(0.0, 0.0, 0.0)","(0.0, 0.0, 0.0)","(0.0, 0.0, 0.0)","(0.0, 0.0, 0.0)","(0.0, 0.0, 0.0)",0,0,0,0,0,0,False,0,0,0,0,0,0,0,0,"(0.0, 6.0, 121.4)","(0.2, 0.0, 0.0, 1.0)"
0,823905.7,0,0,0,0,0,0,0,0,0,"(0.0, 0.0)","(0.0, 0.0)","(0.0, 0.0)","(0.0, 0.0, 0.0)","(0.0, 0.0, 0.0)","(0.0, 0.0, 0.0)","(0.0, 0.0, 0.0)","(0.0, 0.0, 0.0)","(0.0, 0.0, 0.0)",0,0,0,0,0,0,False,0,0,0,0,0,0,0,0,"(0.0, 6.0, 121.5)","(0.2, 0.0, 0.0, 1.0)"
0,823922.4,0,0,0,0,0,0,0,0,0,"(0.0, 0.0)","(0.0, 0.0)","(0.0, 0.0)","(0.0, 0.0, 0.0)","(0.0, 0.0, 0.0)","(0.0, 0.0, 0.0)","(0.0, 0.0, 0.0)","(0.0, 0.0, 0.0)","(0.0, 0.0, 0.0)",0,0,0,0,0,0,False,0,0,0,0,0,0,0,0,"(0.0, 6.0, 121.7)","(0.2, 0.0, 0.0, 1.0)"
0,823939,0,0,0,0,0,0,0,0,0,"(0.0, 0.0)","(0.0, 0.0)","(0.0, 0.0)","(0.0, 0.0, 0.0)","(0.0, 0.0, 0.0)","(0.0, 0.0, 0.0)","(0.0, 0.0, 0.0)","(0.0, 0.0, 0.0)","(0.0, 0.0, 0.0)",0,0,0,0,0,0,False,0,0,0,0,0,0,0,0,"(0.0, 6.0, 121.9)","(0.2, 0.0, 0.0, 1.0)"
0,823956.4,0,0,0,0,0,0,0,0,0,"(0.0, 0.0)","(0.0, 0.0)","(0.0, 0.0)","(0.0, 0.0, 0.0)","(0.0, 0.0, 0.0)","(0.0, 0.0, 0.0)","(0.0, 0.0, 0.0)","(0.0, 0.0, 0.0)","(0.0, 0.0, 0.0)",0,0,0,0,0,0,False,0,0,0,0,0,0,0,0,"(0.0, 6.0, 122.1)","(0.2, 0.0, 0.0, 1.0)"
0,823973.9,0,0,0,0,0,0,0,0,0,"(0.0, 0.0)","(0.0, 0.0)","(0.0, 0.0)","(0.0, 0.0, 0.0)","(0.0, 0.0, 0.0)","(0.0, 0.0, 0.0)","(0.0, 0.0, 0.0)","(0.0, 0.0, 0.0)","(0.0, 0.0, 0.0)",0,0,0,0,0,0,False,0,0,0,0,0,0,0,0,"(0.0, 6.0, 122.2)","(0.2, 0.0, 0.0, 1.0)"
0,823990.8,0,0,0,0,0,0,0,0,0,"(0.0, 0.0)","(0.0, 0.0)","(0.0, 0.0)","(0.0, 0.0, 0.0)","(0.0, 0.0, 0.0)","(0.0, 0.0, 0.0)","(0.0, 0.0, 0.0)","(0.0, 0.0, 0.0)","(0.0, 0.0, 0.0)",0,0,0,0,0,0,False,0,0,0,0,0,0,0,0,"(0.0, 6.0, 122.4)","(0.2, 0.0, 0.0, 1.0)"
0,824007.3,0,0,0,0,0,0,0,0,0,"(0.0, 0.0)","(0.0, 0.0)","(0.0, 0.0)","(0.0, 0.0, 0.0)","(0.0, 0.0, 0.0)","(0.0, 0.0, 0.0)","(0.0, 0.0, 0.0)","(0.0, 0.0, 0.0)","(0.0, 0.0, 0.0)",0,0,0,0,0,0,False,0,0,0,0,0,0,0,0,"(0.0, 6.0, 122.6)","(0.2, 0.0, 0.0, 1.0)"
0,824024.1,0,0,0,0,0,0,0,0,0,"(0.0, 0.0)","(0.0, 0.0)","(0.0, 0.0)","(0.0, 0.0, 0.0)","(0.0, 0.0, 0.0)","(0.0, 0.0, 0.0)","(0.0, 0.0, 0.0)","(0.0, 0.0, 0.0)","(0.0, 0.0, 0.0)",0,0,0,0,0,0,False,0,0,0,0,0,0,0,0,"(0.0, 6.0, 122.8)","(0.2, 0.0, 0.0, 1.0)"
0,824040.4,0,0,0,0,0,0,0,0,0,"(0.0, 0.0)","(0.0, 0.0)","(0.0, 0.0)","(0.0, 0.0, 0.0)","(0.0, 0.0, 0.0)","(0.0, 0.0, 0.0)","(0.0, 0.0, 0.0)","(0.0, 0.0, 0.0)","(0.0, 0.0, 0.0)",0,0,0,0,0,0,False,0,0,0,0,0,0,0,0,"(0.0, 6.0, 122.9)","(0.2, 0.0, 0.0, 1.0)"
0,824056.2,0,0,0,0,0,0,0,0,0,"(0.0, 0.0)","(0.0, 0.0)","(0.0, 0.0)","(0.0, 0.0, 0.0)","(0.0, 0.0, 0.0)","(0.0, 0.0, 0.0)","(0.0, 0.0, 0.0)","(0.0, 0.0, 0.0)","(0.0, 0.0, 0.0)",0,0,0,0,0,0,False,0,0,0,0,0,0,0,0,"(0.0, 6.0, 123.1)","(0.2, 0.0, 0.0, 1.0)"
0,824072.8,0,0,0,0,0,0,0,0,0,"(0.0, 0.0)","(0.0, 0.0)","(0.0, 0.0)","(0.0, 0.0, 0.0)","(0.0, 0.0, 0.0)","(0.0, 0.0, 0.0)","(0.0, 0.0, 0.0)","(0.0, 0.0, 0.0)","(0.0, 0.0, 0.0)",0,0,0,0,0,0,False,0,0,0,0,0,0,0,0,"(0.0, 6.0, 123.3)","(0.2, 0.0, 0.0, 1.0)"
0,824089.5,0,0,0,0,0,0,0,0,0,"(0.0, 0.0)","(0.0, 0.0)","(0.0, 0.0)","(0.0, 0.0, 0.0)","(0.0, 0.0, 0.0)","(0.0, 0.0, 0.0)","(0.0, 0.0, 0.0)","(0.0, 0.0, 0.0)","(0.0, 0.0, 0.0)",0,0,0,0,0,0,False,0,0,0,0,0,0,0,0,"(0.0, 6.0, 123.4)","(0.2, 0.0, 0.0, 1.0)"
0,824105.1,0,0,0,0,0,0,0,0,0,"(0.0, 0.0)","(0.0, 0.0)","(0.0, 0.0)","(0.0, 0.0, 0.0)","(0.0, 0.0, 0.0)","(0.0, 0.0, 0.0)","(0.0, 0.0, 0.0)","(0.0, 0.0, 0.0)","(0.0, 0.0, 0.0)",0,0,0,0,0,0,False,0,0,0,0,0,0,0,0,"(0.0, 6.0, 123.6)","(0.2, 0.0, 0.0, 1.0)"
0,824122.1,0,0,0,0,0,0,0,0,0,"(0.0, 0.0)","(0.0, 0.0)","(0.0, 0.0)","(0.0, 0.0, 0.0)","(0.0, 0.0, 0.0)","(0.0, 0.0, 0.0)","(0.0, 0.0, 0.0)","(0.0, 0.0, 0.0)","(0.0, 0.0, 0.0)",0,0,0,0,0,0,False,0,0,0,0,0,0,0,0,"(0.0, 6.0, 123.8)","(0.2, 0.0, 0.0, 1.0)"
0,824139.2,0,0,0,0,0,0,0,0,0,"(0.0, 0.0)","(0.0, 0.0)","(0.0, 0.0)","(0.0, 0.0, 0.0)","(0.0, 0.0, 0.0)","(0.0, 0.0, 0.0)","(0.0, 0.0, 0.0)","(0.0, 0.0, 0.0)","(0.0, 0.0, 0.0)",0,0,0,0,0,0,False,0,0,0,0,0,0,0,0,"(0.0, 6.0, 123.9)","(0.2, 0.0, 0.0, 1.0)"
0,824155.7,0,0,0,0,0,0,0,0,0,"(0.0, 0.0)","(0.0, 0.0)","(0.0, 0.0)","(0.0, 0.0, 0.0)","(0.0, 0.0, 0.0)","(0.0, 0.0, 0.0)","(0.0, 0.0, 0.0)","(0.0, 0.0, 0.0)","(0.0, 0.0, 0.0)",0,0,0,0,0,0,False,0,0,0,0,0,0,0,0,"(0.0, 6.0, 124.1)","(0.2, 0.0, 0.0, 1.0)"
0,824172.3,0,0,0,0,0,0,0,0,0,"(0.0, 0.0)","(0.0, 0.0)","(0.0, 0.0)","(0.0, 0.0, 0.0)","(0.0, 0.0, 0.0)","(0.0, 0.0, 0.0)","(0.0, 0.0, 0.0)","(0.0, 0.0, 0.0)","(0.0, 0.0, 0.0)",0,0,0,0,0,0,False,0,0,0,0,0,0,0,0,"(0.0, 6.0, 124.3)","(0.2, 0.0, 0.0, 1.0)"
0,824189.6,0,0,0,0,0,0,0,0,0,"(0.0, 0.0)","(0.0, 0.0)","(0.0, 0.0)","(0.0, 0.0, 0.0)","(0.0, 0.0, 0.0)","(0.0, 0.0, 0.0)","(0.0, 0.0, 0.0)","(0.0, 0.0, 0.0)","(0.0, 0.0, 0.0)",0,0,0,0,0,0,False,0,0,0,0,0,0,0,0,"(0.0, 6.0, 124.4)","(0.2, 0.0, 0.0, 1.0)"
0,824207.6,0,0,0,0,0,0,0,0,0,"(0.0, 0.0)","(0.0, 0.0)","(0.0, 0.0)","(0.0, 0.0, 0.0)","(0.0, 0.0, 0.0)","(0.0, 0.0, 0.0)","(0.0, 0.0, 0.0)","(0.0, 0.0, 0.0)","(0.0, 0.0, 0.0)",0,0,0,0,0,0,False,0,0,0,0,0,0,0,0,"(0.0, 6.0, 124.6)","(0.2, 0.0, 0.0, 1.0)"
0,824225.1,0,0,0,0,0,0,0,0,0,"(0.0, 0.0)","(0.0, 0.0)","(0.0, 0.0)","(0.0, 0.0, 0.0)","(0.0, 0.0, 0.0)","(0.0, 0.0, 0.0)","(0.0, 0.0, 0.0)","(0.0, 0.0, 0.0)","(0.0, 0.0, 0.0)",0,0,0,0,0,0,False,0,0,0,0,0,0,0,0,"(0.0, 6.0, 124.8)","(0.2, 0.0, 0.0, 1.0)"
0,824242.8,0,0,0,0,0,0,0,0,0,"(0.0, 0.0)","(0.0, 0.0)","(0.0, 0.0)","(0.0, 0.0, 0.0)","(0.0, 0.0, 0.0)","(0.0, 0.0, 0.0)","(0.0, 0.0, 0.0)","(0.0, 0.0, 0.0)","(0.0, 0.0, 0.0)",0,0,0,0,0,0,False,0,0,0,0,0,0,0,0,"(0.0, 6.0, 124.9)","(0.2, 0.0, 0.0, 1.0)"
0,824266.9,0,0,0,0,0,0,0,0,0,"(0.0, 0.0)","(0.0, 0.0)","(0.0, 0.0)","(0.0, 0.0, 0.0)","(0.0, 0.0, 0.0)","(0.0, 0.0, 0.0)","(0.0, 0.0, 0.0)","(0.0, 0.0, 0.0)","(0.0, 0.0, 0.0)",0,0,0,0,0,0,False,0,0,0,0,0,0,0,0,"(0.0, 6.0, 125.1)","(0.2, 0.0, 0.0, 1.0)"
0,824284.9,0,0,0,0,0,0,0,0,0,"(0.0, 0.0)","(0.0, 0.0)","(0.0, 0.0)","(0.0, 0.0, 0.0)","(0.0, 0.0, 0.0)","(0.0, 0.0, 0.0)","(0.0, 0.0, 0.0)","(0.0, 0.0, 0.0)","(0.0, 0.0, 0.0)",0,0,0,0,0,0,False,0,0,0,0,0,0,0,0,"(0.0, 6.0, 125.3)","(0.2, 0.0, 0.0, 1.0)"
0,824303.3,0,0,0,0,0,0,0,0,0,"(0.0, 0.0)","(0.0, 0.0)","(0.0, 0.0)","(0.0, 0.0, 0.0)","(0.0, 0.0, 0.0)","(0.0, 0.0, 0.0)","(0.0, 0.0, 0.0)","(0.0, 0.0, 0.0)","(0.0, 0.0, 0.0)",0,0,0,0,0,0,False,0,0,0,0,0,0,0,0,"(0.0, 6.0, 125.5)","(0.2, 0.0, 0.0, 1.0)"
0,824319.9,0,0,0,0,0,0,0,0,0,"(0.0, 0.0)","(0.0, 0.0)","(0.0, 0.0)","(0.0, 0.0, 0.0)","(0.0, 0.0, 0.0)","(0.0, 0.0, 0.0)","(0.0, 0.0, 0.0)","(0.0, 0.0, 0.0)","(0.0, 0.0, 0.0)",0,0,0,0,0,0,False,0,0,0,0,0,0,0,0,"(0.0, 6.0, 125.7)","(0.2, 0.0, 0.0, 1.0)"
0,824337.6,0,0,0,0,0,0,0,0,0,"(0.0, 0.0)","(0.0, 0.0)","(0.0, 0.0)","(0.0, 0.0, 0.0)","(0.0, 0.0, 0.0)","(0.0, 0.0, 0.0)","(0.0, 0.0, 0.0)","(0.0, 0.0, 0.0)","(0.0, 0.0, 0.0)",0,0,0,0,0,0,False,0,0,0,0,0,0,0,0,"(0.0, 6.0, 125.8)","(0.2, 0.0, 0.0, 1.0)"
0,824353.5,0,0,0,0,0,0,0,0,0,"(0.0, 0.0)","(0.0, 0.0)","(0.0, 0.0)","(0.0, 0.0, 0.0)","(0.0, 0.0, 0.0)","(0.0, 0.0, 0.0)","(0.0, 0.0, 0.0)","(0.0, 0.0, 0.0)","(0.0, 0.0, 0.0)",0,0,0,0,0,0,False,0,0,0,0,0,0,0,0,"(0.0, 6.0, 126.0)","(0.2, 0.0, 0.0, 1.0)"
0,824371.7,0,0,0,0,0,0,0,0,0,"(0.0, 0.0)","(0.0, 0.0)","(0.0, 0.0)","(0.0, 0.0, 0.0)","(0.0, 0.0, 0.0)","(0.0, 0.0, 0.0)","(0.0, 0.0, 0.0)","(0.0, 0.0, 0.0)","(0.0, 0.0, 0.0)",0,0,0,0,0,0,False,0,0,0,0,0,0,0,0,"(0.0, 6.0, 126.2)","(0.2, 0.0, 0.0, 1.0)"
0,824388.3,0,0,0,0,0,0,0,0,0,"(0.0, 0.0)","(0.0, 0.0)","(0.0, 0.0)","(0.0, 0.0, 0.0)","(0.0, 0.0, 0.0)","(0.0, 0.0, 0.0)","(0.0, 0.0, 0.0)","(0.0, 0.0, 0.0)","(0.0, 0.0, 0.0)",0,0,0,0,0,0,False,0,0,0,0,0,0,0,0,"(0.0, 6.0, 126.4)","(0.2, 0.0, 0.0, 1.0)"
0,824404.9,0,0,0,0,0,0,0,0,0,"(0.0, 0.0)","(0.0, 0.0)","(0.0, 0.0)","(0.0, 0.0, 0.0)","(0.0, 0.0, 0.0)","(0.0, 0.0, 0.0)","(0.0, 0.0, 0.0)","(0.0, 0.0, 0.0)","(0.0, 0.0, 0.0)",0,0,0,0,0,0,False,0,0,0,0,0,0,0,0,"(0.0, 6.0, 126.5)","(0.2, 0.0, 0.0, 1.0)"
0,824422.1,0,0,0,0,0,0,0,0,0,"(0.0, 0.0)","(0.0, 0.0)","(0.0, 0.0)","(0.0, 0.0, 0.0)","(0.0, 0.0, 0.0)","(0.0, 0.0, 0.0)","(0.0, 0.0, 0.0)","(0.0, 0.0, 0.0)","(0.0, 0.0, 0.0)",0,0,0,0,0,0,False,0,0,0,0,0,0,0,0,"(0.0, 6.0, 126.7)","(0.2, 0.0, 0.0, 1.0)"
0,824450,0,0,0,0,0,0,0,0,0,"(0.0, 0.0)","(0.0, 0.0)","(0.0, 0.0)","(0.0, 0.0, 0.0)","(0.0, 0.0, 0.0)","(0.0, 0.0, 0.0)","(0.0, 0.0, 0.0)","(0.0, 0.0, 0.0)","(0.0, 0.0, 0.0)",0,0,0,0,0,0,False,0,0,0,0,0,0,0,0,"(0.0, 6.0, 126.9)","(0.2, 0.0, 0.0, 1.0)"
0,824468.6,0,0,0,0,0,0,0,0,0,"(0.0, 0.0)","(0.0, 0.0)","(0.0, 0.0)","(0.0, 0.0, 0.0)","(0.0, 0.0, 0.0)","(0.0, 0.0, 0.0)","(0.0, 0.0, 0.0)","(0.0, 0.0, 0.0)","(0.0, 0.0, 0.0)",0,0,0,0,0,0,False,0,0,0,0,0,0,0,0,"(0.0, 6.0, 127.1)","(0.2, 0.0, 0.0, 1.0)"
0,824485.1,0,0,0,0,0,0,0,0,0,"(0.0, 0.0)","(0.0, 0.0)","(0.0, 0.0)","(0.0, 0.0, 0.0)","(0.0, 0.0, 0.0)","(0.0, 0.0, 0.0)","(0.0, 0.0, 0.0)","(0.0, 0.0, 0.0)","(0.0, 0.0, 0.0)",0,0,0,0,0,0,False,0,0,0,0,0,0,0,0,"(0.0, 6.0, 127.3)","(0.2, 0.0, 0.0, 1.0)"
0,824502.5,0,0,0,0,0,0,0,0,0,"(0.0, 0.0)","(0.0, 0.0)","(0.0, 0.0)","(0.0, 0.0, 0.0)","(0.0, 0.0, 0.0)","(0.0, 0.0, 0.0)","(0.0, 0.0, 0.0)","(0.0, 0.0, 0.0)","(0.0, 0.0, 0.0)",0,0,0,0,0,0,False,0,0,0,0,0,0,0,0,"(0.0, 6.0, 127.4)","(0.2, 0.0, 0.0, 1.0)"
0,824520.4,0,0,0,0,0,0,0,0,0,"(0.0, 0.0)","(0.0, 0.0)","(0.0, 0.0)","(0.0, 0.0, 0.0)","(0.0, 0.0, 0.0)","(0.0, 0.0, 0.0)","(0.0, 0.0, 0.0)","(0.0, 0.0, 0.0)","(0.0, 0.0, 0.0)",0,0,0,0,0,0,False,0,0,0,0,0,0,0,0,"(0.0, 6.0, 127.6)","(0.2, 0.0, 0.0, 1.0)"
0,824538.8,0,0,0,0,0,0,0,0,0,"(0.0, 0.0)","(0.0, 0.0)","(0.0, 0.0)","(0.0, 0.0, 0.0)","(0.0, 0.0, 0.0)","(0.0, 0.0, 0.0)","(0.0, 0.0, 0.0)","(0.0, 0.0, 0.0)","(0.0, 0.0, 0.0)",0,0,0,0,0,0,False,0,0,0,0,0,0,0,0,"(0.0, 6.0, 127.8)","(0.2, 0.0, 0.0, 1.0)"
0,824554.8,0,0,0,0,0,0,0,0,0,"(0.0, 0.0)","(0.0, 0.0)","(0.0, 0.0)","(0.0, 0.0, 0.0)","(0.0, 0.0, 0.0)","(0.0, 0.0, 0.0)","(0.0, 0.0, 0.0)","(0.0, 0.0, 0.0)","(0.0, 0.0, 0.0)",0,0,0,0,0,0,False,0,0,0,0,0,0,0,0,"(0.0, 6.0, 128.0)","(0.2, 0.0, 0.0, 1.0)"
0,824575.2,0,0,0,0,0,0,0,0,0,"(0.0, 0.0)","(0.0, 0.0)","(0.0, 0.0)","(0.0, 0.0, 0.0)","(0.0, 0.0, 0.0)","(0.0, 0.0, 0.0)","(0.0, 0.0, 0.0)","(0.0, 0.0, 0.0)","(0.0, 0.0, 0.0)",0,0,0,0,0,0,False,0,0,0,0,0,0,0,0,"(0.0, 6.0, 128.2)","(0.2, 0.0, 0.0, 1.0)"
0,824590.8,0,0,0,0,0,0,0,0,0,"(0.0, 0.0)","(0.0, 0.0)","(0.0, 0.0)","(0.0, 0.0, 0.0)","(0.0, 0.0, 0.0)","(0.0, 0.0, 0.0)","(0.0, 0.0, 0.0)","(0.0, 0.0, 0.0)","(0.0, 0.0, 0.0)",0,0,0,0,0,0,False,0,0,0,0,0,0,0,0,"(0.0, 6.0, 128.3)","(0.2, 0.0, 0.0, 1.0)"
0,824607.4,0,0,0,0,0,0,0,0,0,"(0.0, 0.0)","(0.0, 0.0)","(0.0, 0.0)","(0.0, 0.0, 0.0)","(0.0, 0.0, 0.0)","(0.0, 0.0, 0.0)","(0.0, 0.0, 0.0)","(0.0, 0.0, 0.0)","(0.0, 0.0, 0.0)",0,0,0,0,0,0,False,0,0,0,0,0,0,0,0,"(0.0, 6.0, 128.5)","(0.2, 0.0, 0.0, 1.0)"
0,824630.6,0,0,0,0,0,0,0,0,0,"(0.0, 0.0)","(0.0, 0.0)","(0.0, 0.0)","(0.0, 0.0, 0.0)","(0.0, 0.0, 0.0)","(0.0, 0.0, 0.0)","(0.0, 0.0, 0.0)","(0.0, 0.0, 0.0)","(0.0, 0.0, 0.0)",0,0,0,0,0,0,False,0,0,0,0,0,0,0,0,"(0.0, 6.0, 128.7)","(0.2, 0.0, 0.0, 1.0)"
0,824648.7,0,0,0,0,0,0,0,0,0,"(0.0, 0.0)","(0.0, 0.0)","(0.0, 0.0)","(0.0, 0.0, 0.0)","(0.0, 0.0, 0.0)","(0.0, 0.0, 0.0)","(0.0, 0.0, 0.0)","(0.0, 0.0, 0.0)","(0.0, 0.0, 0.0)",0,0,0,0,0,0,False,0,0,0,0,0,0,0,0,"(0.0, 6.0, 128.9)","(0.2, 0.0, 0.0, 1.0)"
0,824664.8,0,0,0,0,0,0,0,0,0,"(0.0, 0.0)","(0.0, 0.0)","(0.0, 0.0)","(0.0, 0.0, 0.0)","(0.0, 0.0, 0.0)","(0.0, 0.0, 0.0)","(0.0, 0.0, 0.0)","(0.0, 0.0, 0.0)","(0.0, 0.0, 0.0)",0,0,0,0,0,0,False,0,0,0,0,0,0,0,0,"(0.0, 6.0, 129.1)","(0.2, 0.0, 0.0, 1.0)"
0,824683.8,0,0,0,0,0,0,0,0,0,"(0.0, 0.0)","(0.0, 0.0)","(0.0, 0.0)","(0.0, 0.0, 0.0)","(0.0, 0.0, 0.0)","(0.0, 0.0, 0.0)","(0.0, 0.0, 0.0)","(0.0, 0.0, 0.0)","(0.0, 0.0, 0.0)",0,0,0,0,0,0,False,0,0,0,0,0,0,0,0,"(0.0, 6.0, 129.3)","(0.2, 0.0, 0.0, 1.0)"
0,824700.4,0,0,0,0,0,0,0,0,0,"(0.0, 0.0)","(0.0, 0.0)","(0.0, 0.0)","(0.0, 0.0, 0.0)","(0.0, 0.0, 0.0)","(0.0, 0.0, 0.0)","(0.0, 0.0, 0.0)","(0.0, 0.0, 0.0)","(0.0, 0.0, 0.0)",0,0,0,0,0,0,False,0,0,0,0,0,0,0,0,"(0.0, 6.0, 129.4)","(0.2, 0.0, 0.0, 1.0)"
0,824717.6,0,0,0,0,0,0,0,0,0,"(0.0, 0.0)","(0.0, 0.0)","(0.0, 0.0)","(0.0, 0.0, 0.0)","(0.0, 0.0, 0.0)","(0.0, 0.0, 0.0)","(0.0, 0.0, 0.0)","(0.0, 0.0, 0.0)","(0.0, 0.0, 0.0)",0,0,0,0,0,0,False,0,0,0,0,0,0,0,0,"(0.0, 6.0, 129.6)","(0.2, 0.0, 0.0, 1.0)"
0,824739.1,0,0,0,0,0,0,0,0,0,"(0.0, 0.0)","(0.0, 0.0)","(0.0, 0.0)","(0.0, 0.0, 0.0)","(0.0, 0.0, 0.0)","(0.0, 0.0, 0.0)","(0.0, 0.0, 0.0)","(0.0, 0.0, 0.0)","(0.0, 0.0, 0.0)",0,0,0,0,0,0,False,0,0,0,0,0,0,0,0,"(0.0, 6.0, 129.8)","(0.2, 0.0, 0.0, 1.0)"
0,824761.4,0,0,0,0,0,0,0,0,0,"(0.0, 0.0)","(0.0, 0.0)","(0.0, 0.0)","(0.0, 0.0, 0.0)","(0.0, 0.0, 0.0)","(0.0, 0.0, 0.0)","(0.0, 0.0, 0.0)","(0.0, 0.0, 0.0)","(0.0, 0.0, 0.0)",0,0,0,0,0,0,False,0,0,0,0,0,0,0,0,"(0.0, 6.0, 130.0)","(0.2, 0.0, 0.0, 1.0)"
0,824784.6,0,0,0,0,0,0,0,0,0,"(0.0, 0.0)","(0.0, 0.0)","(0.0, 0.0)","(0.0, 0.0, 0.0)","(0.0, 0.0, 0.0)","(0.0, 0.0, 0.0)","(0.0, 0.0, 0.0)","(0.0, 0.0, 0.0)","(0.0, 0.0, 0.0)",0,0,0,0,0,0,False,0,0,0,0,0,0,0,0,"(0.0, 6.0, 130.2)","(0.2, 0.0, 0.0, 1.0)"
0,824807.6,0,0,0,0,0,0,0,0,0,"(0.0, 0.0)","(0.0, 0.0)","(0.0, 0.0)","(0.0, 0.0, 0.0)","(0.0, 0.0, 0.0)","(0.0, 0.0, 0.0)","(0.0, 0.0, 0.0)","(0.0, 0.0, 0.0)","(0.0, 0.0, 0.0)",0,0,0,0,0,0,False,0,0,0,0,0,0,0,0,"(0.0, 6.0, 130.4)","(0.2, 0.0, 0.0, 1.0)"
0,824828.4,0,0,0,0,0,0,0,0,0,"(0.0, 0.0)","(0.0, 0.0)","(0.0, 0.0)","(0.0, 0.0, 0.0)","(0.0, 0.0, 0.0)","(0.0, 0.0, 0.0)","(0.0, 0.0, 0.0)","(0.0, 0.0, 0.0)","(0.0, 0.0, 0.0)",0,0,0,0,0,0,False,0,0,0,0,0,0,0,0,"(0.0, 6.0, 130.6)","(0.2, 0.0, 0.0, 1.0)"
0,824851.1,0,0,0,0,0,0,0,0,0,"(0.0, 0.0)","(0.0, 0.0)","(0.0, 0.0)","(0.0, 0.0, 0.0)","(0.0, 0.0, 0.0)","(0.0, 0.0, 0.0)","(0.0, 0.0, 0.0)","(0.0, 0.0, 0.0)","(0.0, 0.0, 0.0)",0,0,0,0,0,0,False,0,0,0,0,0,0,0,0,"(0.0, 6.0, 130.8)","(0.2, 0.0, 0.0, 1.0)"
0,824872.1,0,0,0,0,0,0,0,0,0,"(0.0, 0.0)","(0.0, 0.0)","(0.0, 0.0)","(0.0, 0.0, 0.0)","(0.0, 0.0, 0.0)","(0.0, 0.0, 0.0)","(0.0, 0.0, 0.0)","(0.0, 0.0, 0.0)","(0.0, 0.0, 0.0)",0,0,0,0,0,0,False,0,0,0,0,0,0,0,0,"(0.0, 6.0, 131.0)","(0.2, 0.0, 0.0, 1.0)"
0,824894.6,0,0,0,0,0,0,0,0,0,"(0.0, 0.0)","(0.0, 0.0)","(0.0, 0.0)","(0.0, 0.0, 0.0)","(0.0, 0.0, 0.0)","(0.0, 0.0, 0.0)","(0.0, 0.0, 0.0)","(0.0, 0.0, 0.0)","(0.0, 0.0, 0.0)",0,0,0,0,0,0,False,0,0,0,0,0,0,0,0,"(0.0, 6.0, 131.2)","(0.2, 0.0, 0.0, 1.0)"
0,824917.6,0,0,0,0,0,0,0,0,0,"(0.0, 0.0)","(0.0, 0.0)","(0.0, 0.0)","(0.0, 0.0, 0.0)","(0.0, 0.0, 0.0)","(0.0, 0.0, 0.0)","(0.0, 0.0, 0.0)","(0.0, 0.0, 0.0)","(0.0, 0.0, 0.0)",0,0,0,0,0,0,False,0,0,0,0,0,0,0,0,"(0.0, 6.0, 131.4)","(0.2, 0.0, 0.0, 1.0)"
0,824939.3,0,0,0,0,0,0,0,0,0,"(0.0, 0.0)","(0.0, 0.0)","(0.0, 0.0)","(0.0, 0.0, 0.0)","(0.0, 0.0, 0.0)","(0.0, 0.0, 0.0)","(0.0, 0.0, 0.0)","(0.0, 0.0, 0.0)","(0.0, 0.0, 0.0)",0,0,0,0,0,0,False,0,0,0,0,0,0,0,0,"(0.0, 6.0, 131.6)","(0.2, 0.0, 0.0, 1.0)"
0,824961.8,0,0,0,0,0,0,0,0,0,"(0.0, 0.0)","(0.0, 0.0)","(0.0, 0.0)","(0.0, 0.0, 0.0)","(0.0, 0.0, 0.0)","(0.0, 0.0, 0.0)","(0.0, 0.0, 0.0)","(0.0, 0.0, 0.0)","(0.0, 0.0, 0.0)",0,0,0,0,0,0,False,0,0,0,0,0,0,0,0,"(0.0, 6.0, 131.8)","(0.2, 0.0, 0.0, 1.0)"
0,824984.6,0,0,0,0,0,0,0,0,0,"(0.0, 0.0)","(0.0, 0.0)","(0.0, 0.0)","(0.0, 0.0, 0.0)","(0.0, 0.0, 0.0)","(0.0, 0.0, 0.0)","(0.0, 0.0, 0.0)","(0.0, 0.0, 0.0)","(0.0, 0.0, 0.0)",0,0,0,0,0,0,False,0,0,0,0,0,0,0,0,"(0.0, 6.0, 132.0)","(0.2, 0.0, 0.0, 1.0)"
0,825005.6,0,0,0,0,0,0,0,0,0,"(0.0, 0.0)","(0.0, 0.0)","(0.0, 0.0)","(0.0, 0.0, 0.0)","(0.0, 0.0, 0.0)","(0.0, 0.0, 0.0)","(0.0, 0.0, 0.0)","(0.0, 0.0, 0.0)","(0.0, 0.0, 0.0)",0,0,0,0,0,0,False,0,0,0,0,0,0,0,0,"(0.0, 6.0, 132.2)","(0.2, 0.0, 0.0, 1.0)"
0,825032.2,0,0,0,0,0,0,0,0,0,"(0.0, 0.0)","(0.0, 0.0)","(0.0, 0.0)","(0.0, 0.0, 0.0)","(0.0, 0.0, 0.0)","(0.0, 0.0, 0.0)","(0.0, 0.0, 0.0)","(0.0, 0.0, 0.0)","(0.0, 0.0, 0.0)",0,0,0,0,0,0,False,0,0,0,0,0,0,0,0,"(0.0, 6.0, 132.4)","(0.2, 0.0, 0.0, 1.0)"
0,825051.9,0,0,0,0,0,0,0,0,0,"(0.0, 0.0)","(0.0, 0.0)","(0.0, 0.0)","(0.0, 0.0, 0.0)","(0.0, 0.0, 0.0)","(0.0, 0.0, 0.0)","(0.0, 0.0, 0.0)","(0.0, 0.0, 0.0)","(0.0, 0.0, 0.0)",0,0,0,0,0,0,False,0,0,0,0,0,0,0,0,"(0.0, 6.0, 132.6)","(0.2, 0.0, 0.0, 1.0)"
0,825073.9,0,0,0,0,0,0,0,0,0,"(0.0, 0.0)","(0.0, 0.0)","(0.0, 0.0)","(0.0, 0.0, 0.0)","(0.0, 0.0, 0.0)","(0.0, 0.0, 0.0)","(0.0, 0.0, 0.0)","(0.0, 0.0, 0.0)","(0.0, 0.0, 0.0)",0,0,0,0,0,0,False,0,0,0,0,0,0,0,0,"(0.0, 6.0, 132.9)","(0.2, 0.0, 0.0, 1.0)"
0,825094.1,0,0,0,0,0,0,0,0,0,"(0.0, 0.0)","(0.0, 0.0)","(0.0, 0.0)","(0.0, 0.0, 0.0)","(0.0, 0.0, 0.0)","(0.0, 0.0, 0.0)","(0.0, 0.0, 0.0)","(0.0, 0.0, 0.0)","(0.0, 0.0, 0.0)",0,0,0,0,0,0,False,0,0,0,0,0,0,0,0,"(0.0, 6.0, 133.1)","(0.2, 0.0, 0.0, 1.0)"
0,825117.3,0,0,0,0,0,0,0,0,0,"(0.0, 0.0)","(0.0, 0.0)","(0.0, 0.0)","(0.0, 0.0, 0.0)","(0.0, 0.0, 0.0)","(0.0, 0.0, 0.0)","(0.0, 0.0, 0.0)","(0.0, 0.0, 0.0)","(0.0, 0.0, 0.0)",0,0,0,0,0,0,False,0,0,0,0,0,0,0,0,"(0.0, 6.0, 133.3)","(0.2, 0.0, 0.0, 1.0)"
0,825139.4,0,0,0,0,0,0,0,0,0,"(0.0, 0.0)","(0.0, 0.0)","(0.0, 0.0)","(0.0, 0.0, 0.0)","(0.0, 0.0, 0.0)","(0.0, 0.0, 0.0)","(0.0, 0.0, 0.0)","(0.0, 0.0, 0.0)","(0.0, 0.0, 0.0)",0,0,0,0,0,0,False,0,0,0,0,0,0,0,0,"(0.0, 6.0, 133.5)","(0.2, 0.0, 0.0, 1.0)"
0,825161.4,0,0,0,0,0,0,0,0,0,"(0.0, 0.0)","(0.0, 0.0)","(0.0, 0.0)","(0.0, 0.0, 0.0)","(0.0, 0.0, 0.0)","(0.0, 0.0, 0.0)","(0.0, 0.0, 0.0)","(0.0, 0.0, 0.0)","(0.0, 0.0, 0.0)",0,0,0,0,0,0,False,0,0,0,0,0,0,0,0,"(0.0, 6.0, 133.7)","(0.2, 0.0, 0.0, 1.0)"
0,825184.3,0,0,0,0,0,0,0,0,0,"(0.0, 0.0)","(0.0, 0.0)","(0.0, 0.0)","(0.0, 0.0, 0.0)","(0.0, 0.0, 0.0)","(0.0, 0.0, 0.0)","(0.0, 0.0, 0.0)","(0.0, 0.0, 0.0)","(0.0, 0.0, 0.0)",0,0,0,0,0,0,False,0,0,0,0,0,0,0,0,"(0.0, 6.0, 133.9)","(0.2, 0.0, 0.0, 1.0)"
0,825202.3,0,0,0,0,0,0,0,0,0,"(0.0, 0.0)","(0.0, 0.0)","(0.0, 0.0)","(0.0, 0.0, 0.0)","(0.0, 0.0, 0.0)","(0.0, 0.0, 0.0)","(0.0, 0.0, 0.0)","(0.0, 0.0, 0.0)","(0.0, 0.0, 0.0)",0,0,0,0,0,0,False,0,0,0,0,0,0,0,0,"(0.0, 6.0, 134.2)","(0.2, 0.0, 0.0, 1.0)"
0,825221.5,0,0,0,0,0,0,0,0,0,"(0.0, 0.0)","(0.0, 0.0)","(0.0, 0.0)","(0.0, 0.0, 0.0)","(0.0, 0.0, 0.0)","(0.0, 0.0, 0.0)","(0.0, 0.0, 0.0)","(0.0, 0.0, 0.0)","(0.0, 0.0, 0.0)",0,0,0,0,0,0,False,0,0,0,0,0,0,0,0,"(0.0, 6.0, 134.4)","(0.2, 0.0, 0.0, 1.0)"
0,825238.5,0,0,0,0,0,0,0,0,0,"(0.0, 0.0)","(0.0, 0.0)","(0.0, 0.0)","(0.0, 0.0, 0.0)","(0.0, 0.0, 0.0)","(0.0, 0.0, 0.0)","(0.0, 0.0, 0.0)","(0.0, 0.0, 0.0)","(0.0, 0.0, 0.0)",0,0,0,0,0,0,False,0,0,0,0,0,0,0,0,"(0.0, 6.0, 134.6)","(0.2, 0.0, 0.0, 1.0)"
0,825260.1,0,0,0,0,0,0,0,0,0,"(0.0, 0.0)","(0.0, 0.0)","(0.0, 0.0)","(0.0, 0.0, 0.0)","(0.0, 0.0, 0.0)","(0.0, 0.0, 0.0)","(0.0, 0.0, 0.0)","(0.0, 0.0, 0.0)","(0.0, 0.0, 0.0)",0,0,0,0,0,0,False,0,0,0,0,0,0,0,0,"(0.0, 6.0, 134.8)","(0.2, 0.0, 0.0, 1.0)"
0,825277.9,0,0,0,0,0,0,0,0,0,"(0.0, 0.0)","(0.0, 0.0)","(0.0, 0.0)","(0.0, 0.0, 0.0)","(0.0, 0.0, 0.0)","(0.0, 0.0, 0.0)","(0.0, 0.0, 0.0)","(0.0, 0.0, 0.0)","(0.0, 0.0, 0.0)",0,0,0,0,0,0,False,0,0,0,0,0,0,0,0,"(0.0, 6.0, 135.0)","(0.2, 0.0, 0.0, 1.0)"
0,825296.4,0,0,0,0,0,0,0,0,0,"(0.0, 0.0)","(0.0, 0.0)","(0.0, 0.0)","(0.0, 0.0, 0.0)","(0.0, 0.0, 0.0)","(0.0, 0.0, 0.0)","(0.0, 0.0, 0.0)","(0.0, 0.0, 0.0)","(0.0, 0.0, 0.0)",0,0,0,0,0,0,False,0,0,0,0,0,0,0,0,"(0.0, 6.0, 135.2)","(0.2, 0.0, 0.0, 1.0)"
0,825315.8,0,0,0,0,0,0,0,0,0,"(0.0, 0.0)","(0.0, 0.0)","(0.0, 0.0)","(0.0, 0.0, 0.0)","(0.0, 0.0, 0.0)","(0.0, 0.0, 0.0)","(0.0, 0.0, 0.0)","(0.0, 0.0, 0.0)","(0.0, 0.0, 0.0)",0,0,0,0,0,0,False,0,0,0,0,0,0,0,0,"(0.0, 6.0, 135.4)","(0.2, 0.0, 0.0, 1.0)"
0,825335.3,0,0,0,0,0,0,0,0,0,"(0.0, 0.0)","(0.0, 0.0)","(0.0, 0.0)","(0.0, 0.0, 0.0)","(0.0, 0.0, 0.0)","(0.0, 0.0, 0.0)","(0.0, 0.0, 0.0)","(0.0, 0.0, 0.0)","(0.0, 0.0, 0.0)",0,0,0,0,0,0,False,0,0,0,0,0,0,0,0,"(0.0, 6.0, 135.6)","(0.2, 0.0, 0.0, 1.0)"
0,825352.2,0,0,0,0,0,0,0,0,0,"(0.0, 0.0)","(0.0, 0.0)","(0.0, 0.0)","(0.0, 0.0, 0.0)","(0.0, 0.0, 0.0)","(0.0, 0.0, 0.0)","(0.0, 0.0, 0.0)","(0.0, 0.0, 0.0)","(0.0, 0.0, 0.0)",0,0,0,0,0,0,False,0,0,0,0,0,0,0,0,"(0.0, 6.0, 135.8)","(0.2, 0.0, 0.0, 1.0)"
0,825370.1,0,0,0,0,0,0,0,0,0,"(0.0, 0.0)","(0.0, 0.0)","(0.0, 0.0)","(0.0, 0.0, 0.0)","(0.0, 0.0, 0.0)","(0.0, 0.0, 0.0)","(0.0, 0.0, 0.0)","(0.0, 0.0, 0.0)","(0.0, 0.0, 0.0)",0,0,0,0,0,0,False,0,0,0,0,0,0,0,0,"(0.0, 6.0, 136.0)","(0.2, 0.0, 0.0, 1.0)"
0,825386.2,0,0,0,0,0,0,0,0,0,"(0.0, 0.0)","(0.0, 0.0)","(0.0, 0.0)","(0.0, 0.0, 0.0)","(0.0, 0.0, 0.0)","(0.0, 0.0, 0.0)","(0.0, 0.0, 0.0)","(0.0, 0.0, 0.0)","(0.0, 0.0, 0.0)",0,0,0,0,0,0,False,0,0,0,0,0,0,0,0,"(0.0, 6.0, 136.2)","(0.2, 0.0, 0.0, 1.0)"
0,825404.9,0,0,0,0,0,0,0,0,0,"(0.0, 0.0)","(0.0, 0.0)","(0.0, 0.0)","(0.0, 0.0, 0.0)","(0.0, 0.0, 0.0)","(0.0, 0.0, 0.0)","(0.0, 0.0, 0.0)","(0.0, 0.0, 0.0)","(0.0, 0.0, 0.0)",0,0,0,0,0,0,False,0,0,0,0,0,0,0,0,"(0.0, 6.0, 136.4)","(0.2, 0.0, 0.0, 1.0)"
0,825423.1,0,0,0,0,0,0,0,0,0,"(0.0, 0.0)","(0.0, 0.0)","(0.0, 0.0)","(0.0, 0.0, 0.0)","(0.0, 0.0, 0.0)","(0.0, 0.0, 0.0)","(0.0, 0.0, 0.0)","(0.0, 0.0, 0.0)","(0.0, 0.0, 0.0)",0,0,0,0,0,0,False,0,0,0,0,0,0,0,0,"(0.0, 6.0, 136.6)","(0.2, 0.0, 0.0, 1.0)"
0,825442.1,0,0,0,0,0,0,0,0,0,"(0.0, 0.0)","(0.0, 0.0)","(0.0, 0.0)","(0.0, 0.0, 0.0)","(0.0, 0.0, 0.0)","(0.0, 0.0, 0.0)","(0.0, 0.0, 0.0)","(0.0, 0.0, 0.0)","(0.0, 0.0, 0.0)",0,0,0,0,0,0,False,0,0,0,0,0,0,0,0,"(0.0, 6.0, 136.8)","(0.2, 0.0, 0.0, 1.0)"
0,825461.6,0,0,0,0,0,0,0,0,0,"(0.0, 0.0)","(0.0, 0.0)","(0.0, 0.0)","(0.0, 0.0, 0.0)","(0.0, 0.0, 0.0)","(0.0, 0.0, 0.0)","(0.0, 0.0, 0.0)","(0.0, 0.0, 0.0)","(0.0, 0.0, 0.0)",0,0,0,0,0,0,False,0,0,0,0,0,0,0,0,"(0.0, 6.0, 136.9)","(0.2, 0.0, 0.0, 1.0)"
0,825480.6,0,0,0,0,0,0,0,0,0,"(0.0, 0.0)","(0.0, 0.0)","(0.0, 0.0)","(0.0, 0.0, 0.0)","(0.0, 0.0, 0.0)","(0.0, 0.0, 0.0)","(0.0, 0.0, 0.0)","(0.0, 0.0, 0.0)","(0.0, 0.0, 0.0)",0,0,0,0,0,0,False,0,0,0,0,0,0,0,0,"(0.0, 6.0, 137.1)","(0.2, 0.0, 0.0, 1.0)"
0,825502.8,0,0,0,0,0,0,0,0,0,"(0.0, 0.0)","(0.0, 0.0)","(0.0, 0.0)","(0.0, 0.0, 0.0)","(0.0, 0.0, 0.0)","(0.0, 0.0, 0.0)","(0.0, 0.0, 0.0)","(0.0, 0.0, 0.0)","(0.0, 0.0, 0.0)",0,0,0,0,0,0,False,0,0,0,0,0,0,0,0,"(0.0, 6.0, 137.3)","(0.2, 0.0, 0.0, 1.0)"
0,825521.6,0,0,0,0,0,0,0,0,0,"(0.0, 0.0)","(0.0, 0.0)","(0.0, 0.0)","(0.0, 0.0, 0.0)","(0.0, 0.0, 0.0)","(0.0, 0.0, 0.0)","(0.0, 0.0, 0.0)","(0.0, 0.0, 0.0)","(0.0, 0.0, 0.0)",0,0,0,0,0,0,False,0,0,0,0,0,0,0,0,"(0.0, 6.0, 137.5)","(0.2, 0.0, 0.0, 1.0)"
0,825540.4,0,0,0,0,0,0,0,0,0,"(0.0, 0.0)","(0.0, 0.0)","(0.0, 0.0)","(0.0, 0.0, 0.0)","(0.0, 0.0, 0.0)","(0.0, 0.0, 0.0)","(0.0, 0.0, 0.0)","(0.0, 0.0, 0.0)","(0.0, 0.0, 0.0)",0,0,0,0,0,0,False,0,0,0,0,0,0,0,0,"(0.0, 6.0, 137.7)","(0.2, 0.0, 0.0, 1.0)"
0,825557.1,0,0,0,0,0,0,0,0,0,"(0.0, 0.0)","(0.0, 0.0)","(0.0, 0.0)","(0.0, 0.0, 0.0)","(0.0, 0.0, 0.0)","(0.0, 0.0, 0.0)","(0.0, 0.0, 0.0)","(0.0, 0.0, 0.0)","(0.0, 0.0, 0.0)",0,0,0,0,0,0,False,0,0,0,0,0,0,0,0,"(0.0, 6.0, 137.9)","(0.2, 0.0, 0.0, 1.0)"
0,825574.6,0,0,0,0,0,0,0,0,0,"(0.0, 0.0)","(0.0, 0.0)","(0.0, 0.0)","(0.0, 0.0, 0.0)","(0.0, 0.0, 0.0)","(0.0, 0.0, 0.0)","(0.0, 0.0, 0.0)","(0.0, 0.0, 0.0)","(0.0, 0.0, 0.0)",0,0,0,0,0,0,False,0,0,0,0,0,0,0,0,"(0.0, 6.0, 138.1)","(0.2, 0.0, 0.0, 1.0)"
0,825591.9,0,0,0,0,0,0,0,0,0,"(0.0, 0.0)","(0.0, 0.0)","(0.0, 0.0)","(0.0, 0.0, 0.0)","(0.0, 0.0, 0.0)","(0.0, 0.0, 0.0)","(0.0, 0.0, 0.0)","(0.0, 0.0, 0.0)","(0.0, 0.0, 0.0)",0,0,0,0,0,0,False,0,0,0,0,0,0,0,0,"(0.0, 6.0, 138.3)","(0.2, 0.0, 0.0, 1.0)"
0,825609.1,0,0,0,0,0,0,0,0,0,"(0.0, 0.0)","(0.0, 0.0)","(0.0, 0.0)","(0.0, 0.0, 0.0)","(0.0, 0.0, 0.0)","(0.0, 0.0, 0.0)","(0.0, 0.0, 0.0)","(0.0, 0.0, 0.0)","(0.0, 0.0, 0.0)",0,0,0,0,0,0,False,0,0,0,0,0,0,0,0,"(0.0, 6.0, 138.5)","(0.2, 0.0, 0.0, 1.0)"
0,825628,0,0,0,0,0,0,0,0,0,"(0.0, 0.0)","(0.0, 0.0)","(0.0, 0.0)","(0.0, 0.0, 0.0)","(0.0, 0.0, 0.0)","(0.0, 0.0, 0.0)","(0.0, 0.0, 0.0)","(0.0, 0.0, 0.0)","(0.0, 0.0, 0.0)",0,0,0,0,0,0,False,0,0,0,0,0,0,0,0,"(0.0, 6.0, 138.7)","(0.2, 0.0, 0.0, 1.0)"
0,825652.6,0,0,0,0,0,0,0,0,0,"(0.0, 0.0)","(0.0, 0.0)","(0.0, 0.0)","(0.0, 0.0, 0.0)","(0.0, 0.0, 0.0)","(0.0, 0.0, 0.0)","(0.0, 0.0, 0.0)","(0.0, 0.0, 0.0)","(0.0, 0.0, 0.0)",0,0,0,0,0,0,False,0,0,0,0,0,0,0,0,"(0.0, 6.0, 138.8)","(0.2, 0.0, 0.0, 1.0)"
0,825671.5,0,0,0,0,0,0,0,0,0,"(0.0, 0.0)","(0.0, 0.0)","(0.0, 0.0)","(0.0, 0.0, 0.0)","(0.0, 0.0, 0.0)","(0.0, 0.0, 0.0)","(0.0, 0.0, 0.0)","(0.0, 0.0, 0.0)","(0.0, 0.0, 0.0)",0,0,0,0,0,0,False,0,0,0,0,0,0,0,0,"(0.0, 6.0, 139.0)","(0.2, 0.0, 0.0, 1.0)"
0,825694.3,0,0,0,0,0,0,0,0,0,"(0.0, 0.0)","(0.0, 0.0)","(0.0, 0.0)","(0.0, 0.0, 0.0)","(0.0, 0.0, 0.0)","(0.0, 0.0, 0.0)","(0.0, 0.0, 0.0)","(0.0, 0.0, 0.0)","(0.0, 0.0, 0.0)",0,0,0,0,0,0,False,0,0,0,0,0,0,0,0,"(0.0, 6.0, 139.2)","(0.2, 0.0, 0.0, 1.0)"
0,825716.7,0,0,0,0,0,0,0,0,0,"(0.0, 0.0)","(0.0, 0.0)","(0.0, 0.0)","(0.0, 0.0, 0.0)","(0.0, 0.0, 0.0)","(0.0, 0.0, 0.0)","(0.0, 0.0, 0.0)","(0.0, 0.0, 0.0)","(0.0, 0.0, 0.0)",0,0,0,0,0,0,False,0,0,0,0,0,0,0,0,"(0.0, 6.0, 139.4)","(0.2, 0.0, 0.0, 1.0)"
0,825738.4,0,0,0,0,0,0,0,0,0,"(0.0, 0.0)","(0.0, 0.0)","(0.0, 0.0)","(0.0, 0.0, 0.0)","(0.0, 0.0, 0.0)","(0.0, 0.0, 0.0)","(0.0, 0.0, 0.0)","(0.0, 0.0, 0.0)","(0.0, 0.0, 0.0)",0,0,0,0,0,0,False,0,0,0,0,0,0,0,0,"(0.0, 6.0, 139.6)","(0.2, 0.0, 0.0, 1.0)"
0,825761.8,0,0,0,0,0,0,0,0,0,"(0.0, 0.0)","(0.0, 0.0)","(0.0, 0.0)","(0.0, 0.0, 0.0)","(0.0, 0.0, 0.0)","(0.0, 0.0, 0.0)","(0.0, 0.0, 0.0)","(0.0, 0.0, 0.0)","(0.0, 0.0, 0.0)",0,0,0,0,0,0,False,0,0,0,0,0,0,0,0,"(0.0, 6.0, 139.8)","(0.2, 0.0, 0.0, 1.0)"
0,825783.6,0,0,0,0,0,0,0,0,0,"(0.0, 0.0)","(0.0, 0.0)","(0.0, 0.0)","(0.0, 0.0, 0.0)","(0.0, 0.0, 0.0)","(0.0, 0.0, 0.0)","(0.0, 0.0, 0.0)","(0.0, 0.0, 0.0)","(0.0, 0.0, 0.0)",0,0,0,0,0,0,False,0,0,0,0,0,0,0,0,"(0.0, 6.0, 140.0)","(0.2, 0.0, 0.0, 1.0)"
0,825805.3,0,0,0,0,0,0,0,0,0,"(0.0, 0.0)","(0.0, 0.0)","(0.0, 0.0)","(0.0, 0.0, 0.0)","(0.0, 0.0, 0.0)","(0.0, 0.0, 0.0)","(0.0, 0.0, 0.0)","(0.0, 0.0, 0.0)","(0.0, 0.0, 0.0)",0,0,0,0,0,0,False,0,0,0,0,0,0,0,0,"(0.0, 6.0, 140.2)","(0.2, 0.0, 0.0, 1.0)"
0,825827.5,0,0,0,0,0,0,0,0,0,"(0.0, 0.0)","(0.0, 0.0)","(0.0, 0.0)","(0.0, 0.0, 0.0)","(0.0, 0.0, 0.0)","(0.0, 0.0, 0.0)","(0.0, 0.0, 0.0)","(0.0, 0.0, 0.0)","(0.0, 0.0, 0.0)",0,0,0,0,0,0,False,0,0,0,0,0,0,0,0,"(0.0, 6.0, 140.5)","(0.2, 0.0, 0.0, 1.0)"
0,825850.4,0,0,0,0,0,0,0,0,0,"(0.0, 0.0)","(0.0, 0.0)","(0.0, 0.0)","(0.0, 0.0, 0.0)","(0.0, 0.0, 0.0)","(0.0, 0.0, 0.0)","(0.0, 0.0, 0.0)","(0.0, 0.0, 0.0)","(0.0, 0.0, 0.0)",0,0,0,0,0,0,False,0,0,0,0,0,0,0,0,"(0.0, 6.0, 140.7)","(0.2, 0.0, 0.0, 1.0)"
0,825872,0,0,0,0,0,0,0,0,0,"(0.0, 0.0)","(0.0, 0.0)","(0.0, 0.0)","(0.0, 0.0, 0.0)","(0.0, 0.0, 0.0)","(0.0, 0.0, 0.0)","(0.0, 0.0, 0.0)","(0.0, 0.0, 0.0)","(0.0, 0.0, 0.0)",0,0,0,0,0,0,False,0,0,0,0,0,0,0,0,"(0.0, 6.0, 140.9)","(0.2, 0.0, 0.0, 1.0)"
0,825894.2,0,0,0,0,0,0,0,0,0,"(0.0, 0.0)","(0.0, 0.0)","(0.0, 0.0)","(0.0, 0.0, 0.0)","(0.0, 0.0, 0.0)","(0.0, 0.0, 0.0)","(0.0, 0.0, 0.0)","(0.0, 0.0, 0.0)","(0.0, 0.0, 0.0)",0,0,0,0,0,0,False,0,0,0,0,0,0,0,0,"(0.0, 6.0, 141.1)","(0.2, 0.0, 0.0, 1.0)"
0,825917.3,0,0,0,0,0,0,0,0,0,"(0.0, 0.0)","(0.0, 0.0)","(0.0, 0.0)","(0.0, 0.0, 0.0)","(0.0, 0.0, 0.0)","(0.0, 0.0, 0.0)","(0.0, 0.0, 0.0)","(0.0, 0.0, 0.0)","(0.0, 0.0, 0.0)",0,0,0,0,0,0,False,0,0,0,0,0,0,0,0,"(0.0, 6.0, 141.3)","(0.2, 0.0, 0.0, 1.0)"
0,825939,0,0,0,0,0,0,0,0,0,"(0.0, 0.0)","(0.0, 0.0)","(0.0, 0.0)","(0.0, 0.0, 0.0)","(0.0, 0.0, 0.0)","(0.0, 0.0, 0.0)","(0.0, 0.0, 0.0)","(0.0, 0.0, 0.0)","(0.0, 0.0, 0.0)",0,0,0,0,0,0,False,0,0,0,0,0,0,0,0,"(0.0, 6.0, 141.5)","(0.2, 0.0, 0.0, 1.0)"
0,825962.4,0,0,0,0,0,0,0,0,0,"(0.0, 0.0)","(0.0, 0.0)","(0.0, 0.0)","(0.0, 0.0, 0.0)","(0.0, 0.0, 0.0)","(0.0, 0.0, 0.0)","(0.0, 0.0, 0.0)","(0.0, 0.0, 0.0)","(0.0, 0.0, 0.0)",0,0,0,0,0,0,False,0,0,0,0,0,0,0,0,"(0.0, 6.0, 141.7)","(0.2, 0.0, 0.0, 1.0)"
0,825983.5,0,0,0,0,0,0,0,0,0,"(0.0, 0.0)","(0.0, 0.0)","(0.0, 0.0)","(0.0, 0.0, 0.0)","(0.0, 0.0, 0.0)","(0.0, 0.0, 0.0)","(0.0, 0.0, 0.0)","(0.0, 0.0, 0.0)","(0.0, 0.0, 0.0)",0,0,0,0,0,0,False,0,0,0,0,0,0,0,0,"(0.0, 6.0, 141.9)","(0.2, 0.0, 0.0, 1.0)"
0,826004.9,0,0,0,0,0,0,0,0,0,"(0.0, 0.0)","(0.0, 0.0)","(0.0, 0.0)","(0.0, 0.0, 0.0)","(0.0, 0.0, 0.0)","(0.0, 0.0, 0.0)","(0.0, 0.0, 0.0)","(0.0, 0.0, 0.0)","(0.0, 0.0, 0.0)",0,0,0,0,0,0,False,0,0,0,0,0,0,0,0,"(0.0, 6.0, 142.2)","(0.2, 0.0, 0.0, 1.0)"
0,826027.3,0,0,0,0,0,0,0,0,0,"(0.0, 0.0)","(0.0, 0.0)","(0.0, 0.0)","(0.0, 0.0, 0.0)","(0.0, 0.0, 0.0)","(0.0, 0.0, 0.0)","(0.0, 0.0, 0.0)","(0.0, 0.0, 0.0)","(0.0, 0.0, 0.0)",0,0,0,0,0,0,False,0,0,0,0,0,0,0,0,"(0.0, 6.0, 142.4)","(0.2, 0.0, 0.0, 1.0)"
0,826050.1,0,0,0,0,0,0,0,0,0,"(0.0, 0.0)","(0.0, 0.0)","(0.0, 0.0)","(0.0, 0.0, 0.0)","(0.0, 0.0, 0.0)","(0.0, 0.0, 0.0)","(0.0, 0.0, 0.0)","(0.0, 0.0, 0.0)","(0.0, 0.0, 0.0)",0,0,0,0,0,0,False,0,0,0,0,0,0,0,0,"(0.0, 6.0, 142.6)","(0.2, 0.0, 0.0, 1.0)"
0,826071.3,0,0,0,0,0,0,0,0,0,"(0.0, 0.0)","(0.0, 0.0)","(0.0, 0.0)","(0.0, 0.0, 0.0)","(0.0, 0.0, 0.0)","(0.0, 0.0, 0.0)","(0.0, 0.0, 0.0)","(0.0, 0.0, 0.0)","(0.0, 0.0, 0.0)",0,0,0,0,0,0,False,0,0,0,0,0,0,0,0,"(0.0, 6.0, 142.8)","(0.2, 0.0, 0.0, 1.0)"
0,826094.1,0,0,0,0,0,0,0,0,0,"(0.0, 0.0)","(0.0, 0.0)","(0.0, 0.0)","(0.0, 0.0, 0.0)","(0.0, 0.0, 0.0)","(0.0, 0.0, 0.0)","(0.0, 0.0, 0.0)","(0.0, 0.0, 0.0)","(0.0, 0.0, 0.0)",0,0,0,0,0,0,False,0,0,0,0,0,0,0,0,"(0.0, 6.0, 143.0)","(0.2, 0.0, 0.0, 1.0)"
0,826116.9,0,0,0,0,0,0,0,0,0,"(0.0, 0.0)","(0.0, 0.0)","(0.0, 0.0)","(0.0, 0.0, 0.0)","(0.0, 0.0, 0.0)","(0.0, 0.0, 0.0)","(0.0, 0.0, 0.0)","(0.0, 0.0, 0.0)","(0.0, 0.0, 0.0)",0,0,0,0,0,0,False,0,0,0,0,0,0,0,0,"(0.0, 6.0, 143.3)","(0.2, 0.0, 0.0, 1.0)"
0,826138.3,0,0,0,0,0,0,0,0,0,"(0.0, 0.0)","(0.0, 0.0)","(0.0, 0.0)","(0.0, 0.0, 0.0)","(0.0, 0.0, 0.0)","(0.0, 0.0, 0.0)","(0.0, 0.0, 0.0)","(0.0, 0.0, 0.0)","(0.0, 0.0, 0.0)",0,0,0,0,0,0,False,0,0,0,0,0,0,0,0,"(0.0, 6.0, 143.5)","(0.2, 0.0, 0.0, 1.0)"
0,826155.3,0,0,0,0,0,0,0,0,0,"(0.0, 0.0)","(0.0, 0.0)","(0.0, 0.0)","(0.0, 0.0, 0.0)","(0.0, 0.0, 0.0)","(0.0, 0.0, 0.0)","(0.0, 0.0, 0.0)","(0.0, 0.0, 0.0)","(0.0, 0.0, 0.0)",0,0,0,0,0,0,False,0,0,0,0,0,0,0,0,"(0.0, 6.0, 143.7)","(0.2, 0.0, 0.0, 1.0)"
0,826172.1,0,0,0,0,0,0,0,0,0,"(0.0, 0.0)","(0.0, 0.0)","(0.0, 0.0)","(0.0, 0.0, 0.0)","(0.0, 0.0, 0.0)","(0.0, 0.0, 0.0)","(0.0, 0.0, 0.0)","(0.0, 0.0, 0.0)","(0.0, 0.0, 0.0)",0,0,0,0,0,0,False,0,0,0,0,0,0,0,0,"(0.0, 6.0, 143.9)","(0.2, 0.0, 0.0, 1.0)"
0,826188.1,0,0,0,0,0,0,0,0,0,"(0.0, 0.0)","(0.0, 0.0)","(0.0, 0.0)","(0.0, 0.0, 0.0)","(0.0, 0.0, 0.0)","(0.0, 0.0, 0.0)","(0.0, 0.0, 0.0)","(0.0, 0.0, 0.0)","(0.0, 0.0, 0.0)",0,0,0,0,0,0,False,0,0,0,0,0,0,0,0,"(0.0, 6.0, 144.1)","(0.2, 0.0, 0.0, 1.0)"
0,826204.9,0,0,0,0,0,0,0,0,0,"(0.0, 0.0)","(0.0, 0.0)","(0.0, 0.0)","(0.0, 0.0, 0.0)","(0.0, 0.0, 0.0)","(0.0, 0.0, 0.0)","(0.0, 0.0, 0.0)","(0.0, 0.0, 0.0)","(0.0, 0.0, 0.0)",0,0,0,0,0,0,False,0,0,0,0,0,0,0,0,"(0.0, 6.0, 144.3)","(0.2, 0.0, 0.0, 1.0)"
0,826221.1,0,0,0,0,0,0,0,0,0,"(0.0, 0.0)","(0.0, 0.0)","(0.0, 0.0)","(0.0, 0.0, 0.0)","(0.0, 0.0, 0.0)","(0.0, 0.0, 0.0)","(0.0, 0.0, 0.0)","(0.0, 0.0, 0.0)","(0.0, 0.0, 0.0)",0,0,0,0,0,0,False,0,0,0,0,0,0,0,0,"(0.0, 6.0, 144.5)","(0.2, 0.0, 0.0, 1.0)"
0,826237.3,0,0,0,0,0,0,0,0,0,"(0.0, 0.0)","(0.0, 0.0)","(0.0, 0.0)","(0.0, 0.0, 0.0)","(0.0, 0.0, 0.0)","(0.0, 0.0, 0.0)","(0.0, 0.0, 0.0)","(0.0, 0.0, 0.0)","(0.0, 0.0, 0.0)",0,0,0,0,0,0,False,0,0,0,0,0,0,0,0,"(0.0, 6.0, 144.7)","(0.2, 0.0, 0.0, 1.0)"
0,826253.6,0,0,0,0,0,0,0,0,0,"(0.0, 0.0)","(0.0, 0.0)","(0.0, 0.0)","(0.0, 0.0, 0.0)","(0.0, 0.0, 0.0)","(0.0, 0.0, 0.0)","(0.0, 0.0, 0.0)","(0.0, 0.0, 0.0)","(0.0, 0.0, 0.0)",0,0,0,0,0,0,False,0,0,0,0,0,0,0,0,"(0.0, 6.0, 144.9)","(0.2, 0.0, 0.0, 1.0)"
0,826277.5,0,0,0,0,0,0,0,0,0,"(0.0, 0.0)","(0.0, 0.0)","(0.0, 0.0)","(0.0, 0.0, 0.0)","(0.0, 0.0, 0.0)","(0.0, 0.0, 0.0)","(0.0, 0.0, 0.0)","(0.0, 0.0, 0.0)","(0.0, 0.0, 0.0)",0,0,0,0,0,0,False,0,0,0,0,0,0,0,0,"(0.0, 6.0, 145.1)","(0.2, 0.0, 0.0, 1.0)"
0,826293.9,0,0,0,0,0,0,0,0,0,"(0.0, 0.0)","(0.0, 0.0)","(0.0, 0.0)","(0.0, 0.0, 0.0)","(0.0, 0.0, 0.0)","(0.0, 0.0, 0.0)","(0.0, 0.0, 0.0)","(0.0, 0.0, 0.0)","(0.0, 0.0, 0.0)",0,0,0,0,0,0,False,0,0,0,0,0,0,0,0,"(0.0, 6.0, 145.3)","(0.2, 0.0, 0.0, 1.0)"
0,826309.8,0,0,0,0,0,0,0,0,0,"(0.0, 0.0)","(0.0, 0.0)","(0.0, 0.0)","(0.0, 0.0, 0.0)","(0.0, 0.0, 0.0)","(0.0, 0.0, 0.0)","(0.0, 0.0, 0.0)","(0.0, 0.0, 0.0)","(0.0, 0.0, 0.0)",0,0,0,0,0,0,False,0,0,0,0,0,0,0,0,"(0.0, 6.0, 145.5)","(0.2, 0.0, 0.0, 1.0)"
0,826325.4,0,0,0,0,0,0,0,0,0,"(0.0, 0.0)","(0.0, 0.0)","(0.0, 0.0)","(0.0, 0.0, 0.0)","(0.0, 0.0, 0.0)","(0.0, 0.0, 0.0)","(0.0, 0.0, 0.0)","(0.0, 0.0, 0.0)","(0.0, 0.0, 0.0)",0,0,0,0,0,0,False,0,0,0,0,0,0,0,0,"(0.0, 6.0, 145.6)","(0.2, 0.0, 0.0, 1.0)"
0,826342.3,0,0,0,0,0,0,0,0,0,"(0.0, 0.0)","(0.0, 0.0)","(0.0, 0.0)","(0.0, 0.0, 0.0)","(0.0, 0.0, 0.0)","(0.0, 0.0, 0.0)","(0.0, 0.0, 0.0)","(0.0, 0.0, 0.0)","(0.0, 0.0, 0.0)",0,0,0,0,0,0,False,0,0,0,0,0,0,0,0,"(0.0, 6.0, 145.8)","(0.2, 0.0, 0.0, 1.0)"
0,826360.2,0,0,0,0,0,0,0,0,0,"(0.0, 0.0)","(0.0, 0.0)","(0.0, 0.0)","(0.0, 0.0, 0.0)","(0.0, 0.0, 0.0)","(0.0, 0.0, 0.0)","(0.0, 0.0, 0.0)","(0.0, 0.0, 0.0)","(0.0, 0.0, 0.0)",0,0,0,0,0,0,False,0,0,0,0,0,0,0,0,"(0.0, 6.0, 146.0)","(0.2, 0.0, 0.0, 1.0)"
0,826377.3,0,0,0,0,0,0,0,0,0,"(0.0, 0.0)","(0.0, 0.0)","(0.0, 0.0)","(0.0, 0.0, 0.0)","(0.0, 0.0, 0.0)","(0.0, 0.0, 0.0)","(0.0, 0.0, 0.0)","(0.0, 0.0, 0.0)","(0.0, 0.0, 0.0)",0,0,0,0,0,0,False,0,0,0,0,0,0,0,0,"(0.0, 6.0, 146.2)","(0.2, 0.0, 0.0, 1.0)"
0,826393.4,0,0,0,0,0,0,0,0,0,"(0.0, 0.0)","(0.0, 0.0)","(0.0, 0.0)","(0.0, 0.0, 0.0)","(0.0, 0.0, 0.0)","(0.0, 0.0, 0.0)","(0.0, 0.0, 0.0)","(0.0, 0.0, 0.0)","(0.0, 0.0, 0.0)",0,0,0,0,0,0,False,0,0,0,0,0,0,0,0,"(0.0, 6.0, 146.4)","(0.2, 0.0, 0.0, 1.0)"
0,826410.4,0,0,0,0,0,0,0,0,0,"(0.0, 0.0)","(0.0, 0.0)","(0.0, 0.0)","(0.0, 0.0, 0.0)","(0.0, 0.0, 0.0)","(0.0, 0.0, 0.0)","(0.0, 0.0, 0.0)","(0.0, 0.0, 0.0)","(0.0, 0.0, 0.0)",0,0,0,0,0,0,False,0,0,0,0,0,0,0,0,"(0.0, 6.0, 146.5)","(0.2, 0.0, 0.0, 1.0)"
0,826426.1,0,0,0,0,0,0,0,0,0,"(0.0, 0.0)","(0.0, 0.0)","(0.0, 0.0)","(0.0, 0.0, 0.0)","(0.0, 0.0, 0.0)","(0.0, 0.0, 0.0)","(0.0, 0.0, 0.0)","(0.0, 0.0, 0.0)","(0.0, 0.0, 0.0)",0,0,0,0,0,0,False,0,0,0,0,0,0,0,0,"(0.0, 6.0, 146.7)","(0.2, 0.0, 0.0, 1.0)"
0,826443.2,0,0,0,0,0,0,0,0,0,"(0.0, 0.0)","(0.0, 0.0)","(0.0, 0.0)","(0.0, 0.0, 0.0)","(0.0, 0.0, 0.0)","(0.0, 0.0, 0.0)","(0.0, 0.0, 0.0)","(0.0, 0.0, 0.0)","(0.0, 0.0, 0.0)",0,0,0,0,0,0,False,0,0,0,0,0,0,0,0,"(0.0, 6.0, 146.9)","(0.2, 0.0, 0.0, 1.0)"
0,826459.1,0,0,0,0,0,0,0,0,0,"(0.0, 0.0)","(0.0, 0.0)","(0.0, 0.0)","(0.0, 0.0, 0.0)","(0.0, 0.0, 0.0)","(0.0, 0.0, 0.0)","(0.0, 0.0, 0.0)","(0.0, 0.0, 0.0)","(0.0, 0.0, 0.0)",0,0,0,0,0,0,False,0,0,0,0,0,0,0,0,"(0.0, 6.0, 147.1)","(0.2, 0.0, 0.0, 1.0)"
0,826475.5,0,0,0,0,0,0,0,0,0,"(0.0, 0.0)","(0.0, 0.0)","(0.0, 0.0)","(0.0, 0.0, 0.0)","(0.0, 0.0, 0.0)","(0.0, 0.0, 0.0)","(0.0, 0.0, 0.0)","(0.0, 0.0, 0.0)","(0.0, 0.0, 0.0)",0,0,0,0,0,0,False,0,0,0,0,0,0,0,0,"(0.0, 6.0, 147.2)","(0.2, 0.0, 0.0, 1.0)"
0,826490.9,0,0,0,0,0,0,0,0,0,"(0.0, 0.0)","(0.0, 0.0)","(0.0, 0.0)","(0.0, 0.0, 0.0)","(0.0, 0.0, 0.0)","(0.0, 0.0, 0.0)","(0.0, 0.0, 0.0)","(0.0, 0.0, 0.0)","(0.0, 0.0, 0.0)",0,0,0,0,0,0,False,0,0,0,0,0,0,0,0,"(0.0, 6.0, 147.4)","(0.2, 0.0, 0.0, 1.0)"
0,826508.4,0,0,0,0,0,0,0,0,0,"(0.0, 0.0)","(0.0, 0.0)","(0.0, 0.0)","(0.0, 0.0, 0.0)","(0.0, 0.0, 0.0)","(0.0, 0.0, 0.0)","(0.0, 0.0, 0.0)","(0.0, 0.0, 0.0)","(0.0, 0.0, 0.0)",0,0,0,0,0,0,False,0,0,0,0,0,0,0,0,"(0.0, 6.0, 147.6)","(0.2, 0.0, 0.0, 1.0)"
0,826524.4,0,0,0,0,0,0,0,0,0,"(0.0, 0.0)","(0.0, 0.0)","(0.0, 0.0)","(0.0, 0.0, 0.0)","(0.0, 0.0, 0.0)","(0.0, 0.0, 0.0)","(0.0, 0.0, 0.0)","(0.0, 0.0, 0.0)","(0.0, 0.0, 0.0)",0,0,0,0,0,0,False,0,0,0,0,0,0,0,0,"(0.0, 6.0, 147.8)","(0.2, 0.0, 0.0, 1.0)"
0,826547.8,0,0,0,0,0,0,0,0,0,"(0.0, 0.0)","(0.0, 0.0)","(0.0, 0.0)","(0.0, 0.0, 0.0)","(0.0, 0.0, 0.0)","(0.0, 0.0, 0.0)","(0.0, 0.0, 0.0)","(0.0, 0.0, 0.0)","(0.0, 0.0, 0.0)",0,0,0,0,0,0,False,0,0,0,0,0,0,0,0,"(0.0, 6.0, 147.9)","(0.2, 0.0, 0.0, 1.0)"
0,826571.1,0,0,0,0,0,0,0,0,0,"(0.0, 0.0)","(0.0, 0.0)","(0.0, 0.0)","(0.0, 0.0, 0.0)","(0.0, 0.0, 0.0)","(0.0, 0.0, 0.0)","(0.0, 0.0, 0.0)","(0.0, 0.0, 0.0)","(0.0, 0.0, 0.0)",0,0,0,0,0,0,False,0,0,0,0,0,0,0,0,"(0.0, 6.0, 148.1)","(0.2, 0.0, 0.0, 1.0)"
0,826593.6,0,0,0,0,0,0,0,0,0,"(0.0, 0.0)","(0.0, 0.0)","(0.0, 0.0)","(0.0, 0.0, 0.0)","(0.0, 0.0, 0.0)","(0.0, 0.0, 0.0)","(0.0, 0.0, 0.0)","(0.0, 0.0, 0.0)","(0.0, 0.0, 0.0)",0,0,0,0,0,0,False,0,0,0,0,0,0,0,0,"(0.0, 6.0, 148.3)","(0.2, 0.0, 0.0, 1.0)"
0,826616.6,0,0,0,0,0,0,0,0,0,"(0.0, 0.0)","(0.0, 0.0)","(0.0, 0.0)","(0.0, 0.0, 0.0)","(0.0, 0.0, 0.0)","(0.0, 0.0, 0.0)","(0.0, 0.0, 0.0)","(0.0, 0.0, 0.0)","(0.0, 0.0, 0.0)",0,0,0,0,0,0,False,0,0,0,0,0,0,0,0,"(0.0, 6.0, 148.5)","(0.2, 0.0, 0.0, 1.0)"
0,826638.1,0,0,0,0,0,0,0,0,0,"(0.0, 0.0)","(0.0, 0.0)","(0.0, 0.0)","(0.0, 0.0, 0.0)","(0.0, 0.0, 0.0)","(0.0, 0.0, 0.0)","(0.0, 0.0, 0.0)","(0.0, 0.0, 0.0)","(0.0, 0.0, 0.0)",0,0,0,0,0,0,False,0,0,0,0,0,0,0,0,"(0.0, 6.0, 148.7)","(0.2, 0.0, 0.0, 1.0)"
0,826660,0,0,0,0,0,0,0,0,0,"(0.0, 0.0)","(0.0, 0.0)","(0.0, 0.0)","(0.0, 0.0, 0.0)","(0.0, 0.0, 0.0)","(0.0, 0.0, 0.0)","(0.0, 0.0, 0.0)","(0.0, 0.0, 0.0)","(0.0, 0.0, 0.0)",0,0,0,0,0,0,False,0,0,0,0,0,0,0,0,"(0.0, 6.0, 148.9)","(0.2, 0.0, 0.0, 1.0)"
0,826683.1,0,0,0,0,0,0,0,0,0,"(0.0, 0.0)","(0.0, 0.0)","(0.0, 0.0)","(0.0, 0.0, 0.0)","(0.0, 0.0, 0.0)","(0.0, 0.0, 0.0)","(0.0, 0.0, 0.0)","(0.0, 0.0, 0.0)","(0.0, 0.0, 0.0)",0,0,0,0,0,0,False,0,0,0,0,0,0,0,0,"(0.0, 6.0, 149.1)","(0.2, 0.0, 0.0, 1.0)"
0,826704.4,0,0,0,0,0,0,0,0,0,"(0.0, 0.0)","(0.0, 0.0)","(0.0, 0.0)","(0.0, 0.0, 0.0)","(0.0, 0.0, 0.0)","(0.0, 0.0, 0.0)","(0.0, 0.0, 0.0)","(0.0, 0.0, 0.0)","(0.0, 0.0, 0.0)",0,0,0,0,0,0,False,0,0,0,0,0,0,0,0,"(0.0, 6.0, 149.3)","(0.2, 0.0, 0.0, 1.0)"
0,826726.6,0,0,0,0,0,0,0,0,0,"(0.0, 0.0)","(0.0, 0.0)","(0.0, 0.0)","(0.0, 0.0, 0.0)","(0.0, 0.0, 0.0)","(0.0, 0.0, 0.0)","(0.0, 0.0, 0.0)","(0.0, 0.0, 0.0)","(0.0, 0.0, 0.0)",0,0,0,0,0,0,False,0,0,0,0,0,0,0,0,"(0.0, 6.0, 149.5)","(0.2, 0.0, 0.0, 1.0)"
0,826750.4,0,0,0,0,0,0,0,0,0,"(0.0, 0.0)","(0.0, 0.0)","(0.0, 0.0)","(0.0, 0.0, 0.0)","(0.0, 0.0, 0.0)","(0.0, 0.0, 0.0)","(0.0, 0.0, 0.0)","(0.0, 0.0, 0.0)","(0.0, 0.0, 0.0)",0,0,0,0,0,0,False,0,0,0,0,0,0,0,0,"(0.0, 6.0, 149.7)","(0.2, 0.0, 0.0, 1.0)"
0,826771.5,0,0,0,0,0,0,0,0,0,"(0.0, 0.0)","(0.0, 0.0)","(0.0, 0.0)","(0.0, 0.0, 0.0)","(0.0, 0.0, 0.0)","(0.0, 0.0, 0.0)","(0.0, 0.0, 0.0)","(0.0, 0.0, 0.0)","(0.0, 0.0, 0.0)",0,0,0,0,0,0,False,0,0,0,0,0,0,0,0,"(0.0, 6.0, 149.9)","(0.2, 0.0, 0.0, 1.0)"
0,826793.8,0,0,0,0,0,0,0,0,0,"(0.0, 0.0)","(0.0, 0.0)","(0.0, 0.0)","(0.0, 0.0, 0.0)","(0.0, 0.0, 0.0)","(0.0, 0.0, 0.0)","(0.0, 0.0, 0.0)","(0.0, 0.0, 0.0)","(0.0, 0.0, 0.0)",0,0,0,0,0,0,False,0,0,0,0,0,0,0,0,"(0.0, 6.0, 150.1)","(0.2, 0.0, 0.0, 1.0)"
0,826816.8,0,0,0,0,0,0,0,0,0,"(0.0, 0.0)","(0.0, 0.0)","(0.0, 0.0)","(0.0, 0.0, 0.0)","(0.0, 0.0, 0.0)","(0.0, 0.0, 0.0)","(0.0, 0.0, 0.0)","(0.0, 0.0, 0.0)","(0.0, 0.0, 0.0)",0,0,0,0,0,0,False,0,0,0,0,0,0,0,0,"(0.0, 6.0, 150.3)","(0.2, 0.0, 0.0, 1.0)"
0,826838.1,0,0,0,0,0,0,0,0,0,"(0.0, 0.0)","(0.0, 0.0)","(0.0, 0.0)","(0.0, 0.0, 0.0)","(0.0, 0.0, 0.0)","(0.0, 0.0, 0.0)","(0.0, 0.0, 0.0)","(0.0, 0.0, 0.0)","(0.0, 0.0, 0.0)",0,0,0,0,0,0,False,0,0,0,0,0,0,0,0,"(0.0, 6.0, 150.5)","(0.2, 0.0, 0.0, 1.0)"
0,826860.5,0,0,0,0,0,0,0,0,0,"(0.0, 0.0)","(0.0, 0.0)","(0.0, 0.0)","(0.0, 0.0, 0.0)","(0.0, 0.0, 0.0)","(0.0, 0.0, 0.0)","(0.0, 0.0, 0.0)","(0.0, 0.0, 0.0)","(0.0, 0.0, 0.0)",0,0,0,0,0,0,False,0,0,0,0,0,0,0,0,"(0.0, 6.0, 150.7)","(0.2, 0.0, 0.0, 1.0)"
0,826883.4,0,0,0,0,0,0,0,0,0,"(0.0, 0.0)","(0.0, 0.0)","(0.0, 0.0)","(0.0, 0.0, 0.0)","(0.0, 0.0, 0.0)","(0.0, 0.0, 0.0)","(0.0, 0.0, 0.0)","(0.0, 0.0, 0.0)","(0.0, 0.0, 0.0)",0,0,0,0,0,0,False,0,0,0,0,0,0,0,0,"(0.0, 6.0, 151.0)","(0.2, 0.0, 0.0, 1.0)"
0,826904.8,0,0,0,0,0,0,0,0,0,"(0.0, 0.0)","(0.0, 0.0)","(0.0, 0.0)","(0.0, 0.0, 0.0)","(0.0, 0.0, 0.0)","(0.0, 0.0, 0.0)","(0.0, 0.0, 0.0)","(0.0, 0.0, 0.0)","(0.0, 0.0, 0.0)",0,0,0,0,0,0,False,0,0,0,0,0,0,0,0,"(0.0, 6.0, 151.2)","(0.2, 0.0, 0.0, 1.0)"
0,826926.7,0,0,0,0,0,0,0,0,0,"(0.0, 0.0)","(0.0, 0.0)","(0.0, 0.0)","(0.0, 0.0, 0.0)","(0.0, 0.0, 0.0)","(0.0, 0.0, 0.0)","(0.0, 0.0, 0.0)","(0.0, 0.0, 0.0)","(0.0, 0.0, 0.0)",0,0,0,0,0,0,False,0,0,0,0,0,0,0,0,"(0.0, 6.0, 151.4)","(0.2, 0.0, 0.0, 1.0)"
0,826952.1,0,0,0,0,0,0,0,0,0,"(0.0, 0.0)","(0.0, 0.0)","(0.0, 0.0)","(0.0, 0.0, 0.0)","(0.0, 0.0, 0.0)","(0.0, 0.0, 0.0)","(0.0, 0.0, 0.0)","(0.0, 0.0, 0.0)","(0.0, 0.0, 0.0)",0,0,0,0,0,0,False,0,0,0,0,0,0,0,0,"(0.0, 6.0, 151.6)","(0.2, 0.0, 0.0, 1.0)"
0,826972.2,0,0,0,0,0,0,0,0,0,"(0.0, 0.0)","(0.0, 0.0)","(0.0, 0.0)","(0.0, 0.0, 0.0)","(0.0, 0.0, 0.0)","(0.0, 0.0, 0.0)","(0.0, 0.0, 0.0)","(0.0, 0.0, 0.0)","(0.0, 0.0, 0.0)",0,0,0,0,0,0,False,0,0,0,0,0,0,0,0,"(0.0, 6.0, 151.8)","(0.2, 0.0, 0.0, 1.0)"
0,826993.5,0,0,0,0,0,0,0,0,0,"(0.0, 0.0)","(0.0, 0.0)","(0.0, 0.0)","(0.0, 0.0, 0.0)","(0.0, 0.0, 0.0)","(0.0, 0.0, 0.0)","(0.0, 0.0, 0.0)","(0.0, 0.0, 0.0)","(0.0, 0.0, 0.0)",0,0,0,0,0,0,False,0,0,0,0,0,0,0,0,"(0.0, 6.0, 152.0)","(0.2, 0.0, 0.0, 1.0)"
0,827016.2,0,0,0,0,0,0,0,0,0,"(0.0, 0.0)","(0.0, 0.0)","(0.0, 0.0)","(0.0, 0.0, 0.0)","(0.0, 0.0, 0.0)","(0.0, 0.0, 0.0)","(0.0, 0.0, 0.0)","(0.0, 0.0, 0.0)","(0.0, 0.0, 0.0)",0,0,0,0,0,0,False,0,0,0,0,0,0,0,0,"(0.0, 6.0, 152.3)","(0.2, 0.0, 0.0, 1.0)"
0,827037.8,0,0,0,0,0,0,0,0,0,"(0.0, 0.0)","(0.0, 0.0)","(0.0, 0.0)","(0.0, 0.0, 0.0)","(0.0, 0.0, 0.0)","(0.0, 0.0, 0.0)","(0.0, 0.0, 0.0)","(0.0, 0.0, 0.0)","(0.0, 0.0, 0.0)",0,0,0,0,0,0,False,0,0,0,0,0,0,0,0,"(0.0, 6.0, 152.5)","(0.2, 0.0, 0.0, 1.0)"
0,827060.3,0,0,0,0,0,0,0,0,0,"(0.0, 0.0)","(0.0, 0.0)","(0.0, 0.0)","(0.0, 0.0, 0.0)","(0.0, 0.0, 0.0)","(0.0, 0.0, 0.0)","(0.0, 0.0, 0.0)","(0.0, 0.0, 0.0)","(0.0, 0.0, 0.0)",0,0,0,0,0,0,False,0,0,0,0,0,0,0,0,"(0.0, 6.0, 152.7)","(0.2, 0.0, 0.0, 1.0)"
0,827083.8,0,0,0,0,0,0,0,0,0,"(0.0, 0.0)","(0.0, 0.0)","(0.0, 0.0)","(0.0, 0.0, 0.0)","(0.0, 0.0, 0.0)","(0.0, 0.0, 0.0)","(0.0, 0.0, 0.0)","(0.0, 0.0, 0.0)","(0.0, 0.0, 0.0)",0,0,0,0,0,0,False,0,0,0,0,0,0,0,0,"(0.0, 6.0, 152.9)","(0.2, 0.0, 0.0, 1.0)"
0,827103,0,0,0,0,0,0,0,0,0,"(0.0, 0.0)","(0.0, 0.0)","(0.0, 0.0)","(0.0, 0.0, 0.0)","(0.0, 0.0, 0.0)","(0.0, 0.0, 0.0)","(0.0, 0.0, 0.0)","(0.0, 0.0, 0.0)","(0.0, 0.0, 0.0)",0,0,0,0,0,0,False,0,0,0,0,0,0,0,0,"(0.0, 6.0, 153.1)","(0.2, 0.0, 0.0, 1.0)"
0,827119.8,0,0,0,0,0,0,0,0,0,"(0.0, 0.0)","(0.0, 0.0)","(0.0, 0.0)","(0.0, 0.0, 0.0)","(0.0, 0.0, 0.0)","(0.0, 0.0, 0.0)","(0.0, 0.0, 0.0)","(0.0, 0.0, 0.0)","(0.0, 0.0, 0.0)",0,0,0,0,0,0,False,0,0,0,0,0,0,0,0,"(0.0, 6.0, 153.3)","(0.2, 0.0, 0.0, 1.0)"
0,827139.1,0,0,0,0,0,0,0,0,0,"(0.0, 0.0)","(0.0, 0.0)","(0.0, 0.0)","(0.0, 0.0, 0.0)","(0.0, 0.0, 0.0)","(0.0, 0.0, 0.0)","(0.0, 0.0, 0.0)","(0.0, 0.0, 0.0)","(0.0, 0.0, 0.0)",0,0,0,0,0,0,False,0,0,0,0,0,0,0,0,"(0.0, 6.0, 153.6)","(0.2, 0.0, 0.0, 1.0)"
0,827156.9,0,0,0,0,0,0,0,0,0,"(0.0, 0.0)","(0.0, 0.0)","(0.0, 0.0)","(0.0, 0.0, 0.0)","(0.0, 0.0, 0.0)","(0.0, 0.0, 0.0)","(0.0, 0.0, 0.0)","(0.0, 0.0, 0.0)","(0.0, 0.0, 0.0)",0,0,0,0,0,0,False,0,0,0,0,0,0,0,0,"(0.0, 6.0, 153.8)","(0.2, 0.0, 0.0, 1.0)"
0,827174.4,0,0,0,0,0,0,0,0,0,"(0.0, 0.0)","(0.0, 0.0)","(0.0, 0.0)","(0.0, 0.0, 0.0)","(0.0, 0.0, 0.0)","(0.0, 0.0, 0.0)","(0.0, 0.0, 0.0)","(0.0, 0.0, 0.0)","(0.0, 0.0, 0.0)",0,0,0,0,0,0,False,0,0,0,0,0,0,0,0,"(0.0, 6.0, 154.0)","(0.2, 0.0, 0.0, 1.0)"
0,827190.8,0,0,0,0,0,0,0,0,0,"(0.0, 0.0)","(0.0, 0.0)","(0.0, 0.0)","(0.0, 0.0, 0.0)","(0.0, 0.0, 0.0)","(0.0, 0.0, 0.0)","(0.0, 0.0, 0.0)","(0.0, 0.0, 0.0)","(0.0, 0.0, 0.0)",0,0,0,0,0,0,False,0,0,0,0,0,0,0,0,"(0.0, 6.0, 154.2)","(0.2, 0.0, 0.0, 1.0)"
0,827209.4,0,0,0,0,0,0,0,0,0,"(0.0, 0.0)","(0.0, 0.0)","(0.0, 0.0)","(0.0, 0.0, 0.0)","(0.0, 0.0, 0.0)","(0.0, 0.0, 0.0)","(0.0, 0.0, 0.0)","(0.0, 0.0, 0.0)","(0.0, 0.0, 0.0)",0,0,0,0,0,0,False,0,0,0,0,0,0,0,0,"(0.0, 6.0, 154.4)","(0.2, 0.0, 0.0, 1.0)"
0,827227.4,0,0,0,0,0,0,0,0,0,"(0.0, 0.0)","(0.0, 0.0)","(0.0, 0.0)","(0.0, 0.0, 0.0)","(0.0, 0.0, 0.0)","(0.0, 0.0, 0.0)","(0.0, 0.0, 0.0)","(0.0, 0.0, 0.0)","(0.0, 0.0, 0.0)",0,0,0,0,0,0,False,0,0,0,0,0,0,0,0,"(0.0, 6.0, 154.6)","(0.2, 0.0, 0.0, 1.0)"
0,827247.4,0,0,0,0,0,0,0,0,0,"(0.0, 0.0)","(0.0, 0.0)","(0.0, 0.0)","(0.0, 0.0, 0.0)","(0.0, 0.0, 0.0)","(0.0, 0.0, 0.0)","(0.0, 0.0, 0.0)","(0.0, 0.0, 0.0)","(0.0, 0.0, 0.0)",0,0,0,0,0,0,False,0,0,0,0,0,0,0,0,"(0.0, 6.0, 154.8)","(0.2, 0.0, 0.0, 1.0)"
0,827264.3,0,0,0,0,0,0,0,0,0,"(0.0, 0.0)","(0.0, 0.0)","(0.0, 0.0)","(0.0, 0.0, 0.0)","(0.0, 0.0, 0.0)","(0.0, 0.0, 0.0)","(0.0, 0.0, 0.0)","(0.0, 0.0, 0.0)","(0.0, 0.0, 0.0)",0,0,0,0,0,0,False,0,0,0,0,0,0,0,0,"(0.0, 6.0, 154.9)","(0.2, 0.0, 0.0, 1.0)"
0,827282.8,0,0,0,0,0,0,0,0,0,"(0.0, 0.0)","(0.0, 0.0)","(0.0, 0.0)","(0.0, 0.0, 0.0)","(0.0, 0.0, 0.0)","(0.0, 0.0, 0.0)","(0.0, 0.0, 0.0)","(0.0, 0.0, 0.0)","(0.0, 0.0, 0.0)",0,0,0,0,0,0,False,0,0,0,0,0,0,0,0,"(0.0, 6.0, 155.1)","(0.2, 0.0, 0.0, 1.0)"
0,827304.8,0,0,0,0,0,0,0,0,0,"(0.0, 0.0)","(0.0, 0.0)","(0.0, 0.0)","(0.0, 0.0, 0.0)","(0.0, 0.0, 0.0)","(0.0, 0.0, 0.0)","(0.0, 0.0, 0.0)","(0.0, 0.0, 0.0)","(0.0, 0.0, 0.0)",0,0,0,0,0,0,False,0,0,0,0,0,0,0,0,"(0.0, 6.0, 155.3)","(0.2, 0.0, 0.0, 1.0)"
0,827323,0,0,0,0,0,0,0,0,0,"(0.0, 0.0)","(0.0, 0.0)","(0.0, 0.0)","(0.0, 0.0, 0.0)","(0.0, 0.0, 0.0)","(0.0, 0.0, 0.0)","(0.0, 0.0, 0.0)","(0.0, 0.0, 0.0)","(0.0, 0.0, 0.0)",0,0,0,0,0,0,False,0,0,0,0,0,0,0,0,"(0.0, 6.0, 155.5)","(0.2, 0.0, 0.0, 1.0)"
0,827341.5,0,0,0,0,0,0,0,0,0,"(0.0, 0.0)","(0.0, 0.0)","(0.0, 0.0)","(0.0, 0.0, 0.0)","(0.0, 0.0, 0.0)","(0.0, 0.0, 0.0)","(0.0, 0.0, 0.0)","(0.0, 0.0, 0.0)","(0.0, 0.0, 0.0)",0,0,0,0,0,0,False,0,0,0,0,0,0,0,0,"(0.0, 6.0, 155.7)","(0.2, 0.0, 0.0, 1.0)"
0,827363.4,0,0,0,0,0,0,0,0,0,"(0.0, 0.0)","(0.0, 0.0)","(0.0, 0.0)","(0.0, 0.0, 0.0)","(0.0, 0.0, 0.0)","(0.0, 0.0, 0.0)","(0.0, 0.0, 0.0)","(0.0, 0.0, 0.0)","(0.0, 0.0, 0.0)",0,0,0,0,0,0,False,0,0,0,0,0,0,0,0,"(0.0, 6.0, 155.9)","(0.2, 0.0, 0.0, 1.0)"
0,827383,0,0,0,0,0,0,0,0,0,"(0.0, 0.0)","(0.0, 0.0)","(0.0, 0.0)","(0.0, 0.0, 0.0)","(0.0, 0.0, 0.0)","(0.0, 0.0, 0.0)","(0.0, 0.0, 0.0)","(0.0, 0.0, 0.0)","(0.0, 0.0, 0.0)",0,0,0,0,0,0,False,0,0,0,0,0,0,0,0,"(0.0, 6.0, 156.1)","(0.2, 0.0, 0.0, 1.0)"
0,827401.1,0,0,0,0,0,0,0,0,0,"(0.0, 0.0)","(0.0, 0.0)","(0.0, 0.0)","(0.0, 0.0, 0.0)","(0.0, 0.0, 0.0)","(0.0, 0.0, 0.0)","(0.0, 0.0, 0.0)","(0.0, 0.0, 0.0)","(0.0, 0.0, 0.0)",0,0,0,0,0,0,False,0,0,0,0,0,0,0,0,"(0.0, 6.0, 156.3)","(0.2, 0.0, 0.0, 1.0)"
0,827426,0,0,0,0,0,0,0,0,0,"(0.0, 0.0)","(0.0, 0.0)","(0.0, 0.0)","(0.0, 0.0, 0.0)","(0.0, 0.0, 0.0)","(0.0, 0.0, 0.0)","(0.0, 0.0, 0.0)","(0.0, 0.0, 0.0)","(0.0, 0.0, 0.0)",0,0,0,0,0,0,False,0,0,0,0,0,0,0,0,"(0.0, 6.0, 156.5)","(0.2, 0.0, 0.0, 1.0)"
0,827443.4,0,0,0,0,0,0,0,0,0,"(0.0, 0.0)","(0.0, 0.0)","(0.0, 0.0)","(0.0, 0.0, 0.0)","(0.0, 0.0, 0.0)","(0.0, 0.0, 0.0)","(0.0, 0.0, 0.0)","(0.0, 0.0, 0.0)","(0.0, 0.0, 0.0)",0,0,0,0,0,0,False,0,0,0,0,0,0,0,0,"(0.0, 6.0, 156.7)","(0.2, 0.0, 0.0, 1.0)"
0,827472.9,0,0,0,0,0,0,0,0,0,"(0.0, 0.0)","(0.0, 0.0)","(0.0, 0.0)","(0.0, 0.0, 0.0)","(0.0, 0.0, 0.0)","(0.0, 0.0, 0.0)","(0.0, 0.0, 0.0)","(0.0, 0.0, 0.0)","(0.0, 0.0, 0.0)",0,0,0,0,0,0,False,0,0,0,0,0,0,0,0,"(0.0, 6.0, 156.9)","(0.2, 0.0, 0.0, 1.0)"
0,827492.3,0,0,0,0,0,0,0,0,0,"(0.0, 0.0)","(0.0, 0.0)","(0.0, 0.0)","(0.0, 0.0, 0.0)","(0.0, 0.0, 0.0)","(0.0, 0.0, 0.0)","(0.0, 0.0, 0.0)","(0.0, 0.0, 0.0)","(0.0, 0.0, 0.0)",0,0,0,0,0,0,False,0,0,0,0,0,0,0,0,"(0.0, 6.0, 157.1)","(0.2, 0.0, 0.0, 1.0)"
0,827515.7,0,0,0,0,0,0,0,0,0,"(0.0, 0.0)","(0.0, 0.0)","(0.0, 0.0)","(0.0, 0.0, 0.0)","(0.0, 0.0, 0.0)","(0.0, 0.0, 0.0)","(0.0, 0.0, 0.0)","(0.0, 0.0, 0.0)","(0.0, 0.0, 0.0)",0,0,0,0,0,0,False,0,0,0,0,0,0,0,0,"(0.0, 6.0, 157.3)","(0.2, 0.0, 0.0, 1.0)"
0,827538.3,0,0,0,0,0,0,0,0,0,"(0.0, 0.0)","(0.0, 0.0)","(0.0, 0.0)","(0.0, 0.0, 0.0)","(0.0, 0.0, 0.0)","(0.0, 0.0, 0.0)","(0.0, 0.0, 0.0)","(0.0, 0.0, 0.0)","(0.0, 0.0, 0.0)",0,0,0,0,0,0,False,0,0,0,0,0,0,0,0,"(0.0, 6.0, 157.5)","(0.2, 0.0, 0.0, 1.0)"
0,827560.3,0,0,0,0,0,0,0,0,0,"(0.0, 0.0)","(0.0, 0.0)","(0.0, 0.0)","(0.0, 0.0, 0.0)","(0.0, 0.0, 0.0)","(0.0, 0.0, 0.0)","(0.0, 0.0, 0.0)","(0.0, 0.0, 0.0)","(0.0, 0.0, 0.0)",0,0,0,0,0,0,False,0,0,0,0,0,0,0,0,"(0.0, 6.0, 157.8)","(0.2, 0.0, 0.0, 1.0)"
0,827582.8,0,0,0,0,0,0,0,0,0,"(0.0, 0.0)","(0.0, 0.0)","(0.0, 0.0)","(0.0, 0.0, 0.0)","(0.0, 0.0, 0.0)","(0.0, 0.0, 0.0)","(0.0, 0.0, 0.0)","(0.0, 0.0, 0.0)","(0.0, 0.0, 0.0)",0,0,0,0,0,0,False,0,0,0,0,0,0,0,0,"(0.0, 6.0, 158.0)","(0.2, 0.0, 0.0, 1.0)"
0,827604.4,0,0,0,0,0,0,0,0,0,"(0.0, 0.0)","(0.0, 0.0)","(0.0, 0.0)","(0.0, 0.0, 0.0)","(0.0, 0.0, 0.0)","(0.0, 0.0, 0.0)","(0.0, 0.0, 0.0)","(0.0, 0.0, 0.0)","(0.0, 0.0, 0.0)",0,0,0,0,0,0,False,0,0,0,0,0,0,0,0,"(0.0, 6.0, 158.2)","(0.2, 0.0, 0.0, 1.0)"
0,827626.8,0,0,0,0,0,0,0,0,0,"(0.0, 0.0)","(0.0, 0.0)","(0.0, 0.0)","(0.0, 0.0, 0.0)","(0.0, 0.0, 0.0)","(0.0, 0.0, 0.0)","(0.0, 0.0, 0.0)","(0.0, 0.0, 0.0)","(0.0, 0.0, 0.0)",0,0,0,0,0,0,False,0,0,0,0,0,0,0,0,"(0.0, 6.0, 158.4)","(0.2, 0.0, 0.0, 1.0)"
0,827649.7,0,0,0,0,0,0,0,0,0,"(0.0, 0.0)","(0.0, 0.0)","(0.0, 0.0)","(0.0, 0.0, 0.0)","(0.0, 0.0, 0.0)","(0.0, 0.0, 0.0)","(0.0, 0.0, 0.0)","(0.0, 0.0, 0.0)","(0.0, 0.0, 0.0)",0,0,0,0,0,0,False,0,0,0,0,0,0,0,0,"(0.0, 6.0, 158.6)","(0.2, 0.0, 0.0, 1.0)"
0,827671,0,0,0,0,0,0,0,0,0,"(0.0, 0.0)","(0.0, 0.0)","(0.0, 0.0)","(0.0, 0.0, 0.0)","(0.0, 0.0, 0.0)","(0.0, 0.0, 0.0)","(0.0, 0.0, 0.0)","(0.0, 0.0, 0.0)","(0.0, 0.0, 0.0)",0,0,0,0,0,0,False,0,0,0,0,0,0,0,0,"(0.0, 6.0, 158.8)","(0.2, 0.0, 0.0, 1.0)"
0,827693.7,0,0,0,0,0,0,0,0,0,"(0.0, 0.0)","(0.0, 0.0)","(0.0, 0.0)","(0.0, 0.0, 0.0)","(0.0, 0.0, 0.0)","(0.0, 0.0, 0.0)","(0.0, 0.0, 0.0)","(0.0, 0.0, 0.0)","(0.0, 0.0, 0.0)",0,0,0,0,0,0,False,0,0,0,0,0,0,0,0,"(0.0, 6.0, 159.0)","(0.2, 0.0, 0.0, 1.0)"
0,827716.2,0,0,0,0,0,0,0,0,0,"(0.0, 0.0)","(0.0, 0.0)","(0.0, 0.0)","(0.0, 0.0, 0.0)","(0.0, 0.0, 0.0)","(0.0, 0.0, 0.0)","(0.0, 0.0, 0.0)","(0.0, 0.0, 0.0)","(0.0, 0.0, 0.0)",0,0,0,0,0,0,False,0,0,0,0,0,0,0,0,"(0.0, 6.0, 159.3)","(0.2, 0.0, 0.0, 1.0)"
0,827737.8,0,0,0,0,0,0,0,0,0,"(0.0, 0.0)","(0.0, 0.0)","(0.0, 0.0)","(0.0, 0.0, 0.0)","(0.0, 0.0, 0.0)","(0.0, 0.0, 0.0)","(0.0, 0.0, 0.0)","(0.0, 0.0, 0.0)","(0.0, 0.0, 0.0)",0,0,0,0,0,0,False,0,0,0,0,0,0,0,0,"(0.0, 6.0, 159.5)","(0.2, 0.0, 0.0, 1.0)"
0,827759.9,0,0,0,0,0,0,0,0,0,"(0.0, 0.0)","(0.0, 0.0)","(0.0, 0.0)","(0.0, 0.0, 0.0)","(0.0, 0.0, 0.0)","(0.0, 0.0, 0.0)","(0.0, 0.0, 0.0)","(0.0, 0.0, 0.0)","(0.0, 0.0, 0.0)",0,0,0,0,0,0,False,0,0,0,0,0,0,0,0,"(0.0, 6.0, 159.7)","(0.2, 0.0, 0.0, 1.0)"
0,827782.7,0,0,0,0,0,0,0,0,0,"(0.0, 0.0)","(0.0, 0.0)","(0.0, 0.0)","(0.0, 0.0, 0.0)","(0.0, 0.0, 0.0)","(0.0, 0.0, 0.0)","(0.0, 0.0, 0.0)","(0.0, 0.0, 0.0)","(0.0, 0.0, 0.0)",0,0,0,0,0,0,False,0,0,0,0,0,0,0,0,"(0.0, 6.0, 159.9)","(0.2, 0.0, 0.0, 1.0)"
0,827804.4,0,0,0,0,0,0,0,0,0,"(0.0, 0.0)","(0.0, 0.0)","(0.0, 0.0)","(0.0, 0.0, 0.0)","(0.0, 0.0, 0.0)","(0.0, 0.0, 0.0)","(0.0, 0.0, 0.0)","(0.0, 0.0, 0.0)","(0.0, 0.0, 0.0)",0,0,0,0,0,0,False,0,0,0,0,0,0,0,0,"(0.0, 6.0, 160.1)","(0.2, 0.0, 0.0, 1.0)"
0,827826.6,0,0,0,0,0,0,0,0,0,"(0.0, 0.0)","(0.0, 0.0)","(0.0, 0.0)","(0.0, 0.0, 0.0)","(0.0, 0.0, 0.0)","(0.0, 0.0, 0.0)","(0.0, 0.0, 0.0)","(0.0, 0.0, 0.0)","(0.0, 0.0, 0.0)",0,0,0,0,0,0,False,0,0,0,0,0,0,0,0,"(0.0, 6.0, 160.3)","(0.2, 0.0, 0.0, 1.0)"
0,827850.3,0,0,0,0,0,0,0,0,0,"(0.0, 0.0)","(0.0, 0.0)","(0.0, 0.0)","(0.0, 0.0, 0.0)","(0.0, 0.0, 0.0)","(0.0, 0.0, 0.0)","(0.0, 0.0, 0.0)","(0.0, 0.0, 0.0)","(0.0, 0.0, 0.0)",0,0,0,0,0,0,False,0,0,0,0,0,0,0,0,"(0.0, 6.0, 160.6)","(0.2, 0.0, 0.0, 1.0)"
0,827871.6,0,0,0,0,0,0,0,0,0,"(0.0, 0.0)","(0.0, 0.0)","(0.0, 0.0)","(0.0, 0.0, 0.0)","(0.0, 0.0, 0.0)","(0.0, 0.0, 0.0)","(0.0, 0.0, 0.0)","(0.0, 0.0, 0.0)","(0.0, 0.0, 0.0)",0,0,0,0,0,0,False,0,0,0,0,0,0,0,0,"(0.0, 6.0, 160.8)","(0.2, 0.0, 0.0, 1.0)"
0,827894,0,0,0,0,0,0,0,0,0,"(0.0, 0.0)","(0.0, 0.0)","(0.0, 0.0)","(0.0, 0.0, 0.0)","(0.0, 0.0, 0.0)","(0.0, 0.0, 0.0)","(0.0, 0.0, 0.0)","(0.0, 0.0, 0.0)","(0.0, 0.0, 0.0)",0,0,0,0,0,0,False,0,0,0,0,0,0,0,0,"(0.0, 6.0, 161.0)","(0.2, 0.0, 0.0, 1.0)"
0,827916.1,0,0,0,0,0,0,0,0,0,"(0.0, 0.0)","(0.0, 0.0)","(0.0, 0.0)","(0.0, 0.0, 0.0)","(0.0, 0.0, 0.0)","(0.0, 0.0, 0.0)","(0.0, 0.0, 0.0)","(0.0, 0.0, 0.0)","(0.0, 0.0, 0.0)",0,0,0,0,0,0,False,0,0,0,0,0,0,0,0,"(0.0, 6.0, 161.2)","(0.2, 0.0, 0.0, 1.0)"
0,827937.4,0,0,0,0,0,0,0,0,0,"(0.0, 0.0)","(0.0, 0.0)","(0.0, 0.0)","(0.0, 0.0, 0.0)","(0.0, 0.0, 0.0)","(0.0, 0.0, 0.0)","(0.0, 0.0, 0.0)","(0.0, 0.0, 0.0)","(0.0, 0.0, 0.0)",0,0,0,0,0,0,False,0,0,0,0,0,0,0,0,"(0.0, 6.0, 161.4)","(0.2, 0.0, 0.0, 1.0)"
0,827959.8,0,0,0,0,0,0,0,0,0,"(0.0, 0.0)","(0.0, 0.0)","(0.0, 0.0)","(0.0, 0.0, 0.0)","(0.0, 0.0, 0.0)","(0.0, 0.0, 0.0)","(0.0, 0.0, 0.0)","(0.0, 0.0, 0.0)","(0.0, 0.0, 0.0)",0,0,0,0,0,0,False,0,0,0,0,0,0,0,0,"(0.0, 6.0, 161.7)","(0.2, 0.0, 0.0, 1.0)"
0,827982.3,0,0,0,0,0,0,0,0,0,"(0.0, 0.0)","(0.0, 0.0)","(0.0, 0.0)","(0.0, 0.0, 0.0)","(0.0, 0.0, 0.0)","(0.0, 0.0, 0.0)","(0.0, 0.0, 0.0)","(0.0, 0.0, 0.0)","(0.0, 0.0, 0.0)",0,0,0,0,0,0,False,0,0,0,0,0,0,0,0,"(0.0, 6.0, 161.9)","(0.2, 0.0, 0.0, 1.0)"
0,828004,0,0,0,0,0,0,0,0,0,"(0.0, 0.0)","(0.0, 0.0)","(0.0, 0.0)","(0.0, 0.0, 0.0)","(0.0, 0.0, 0.0)","(0.0, 0.0, 0.0)","(0.0, 0.0, 0.0)","(0.0, 0.0, 0.0)","(0.0, 0.0, 0.0)",0,0,0,0,0,0,False,0,0,0,0,0,0,0,0,"(0.0, 6.0, 162.1)","(0.2, 0.0, 0.0, 1.0)"
0,828026.3,0,0,0,0,0,0,0,0,0,"(0.0, 0.0)","(0.0, 0.0)","(0.0, 0.0)","(0.0, 0.0, 0.0)","(0.0, 0.0, 0.0)","(0.0, 0.0, 0.0)","(0.0, 0.0, 0.0)","(0.0, 0.0, 0.0)","(0.0, 0.0, 0.0)",0,0,0,0,0,0,False,0,0,0,0,0,0,0,0,"(0.0, 6.0, 162.3)","(0.2, 0.0, 0.0, 1.0)"
0,828044.8,0,0,0,0,0,0,0,0,0,"(0.0, 0.0)","(0.0, 0.0)","(0.0, 0.0)","(0.0, 0.0, 0.0)","(0.0, 0.0, 0.0)","(0.0, 0.0, 0.0)","(0.0, 0.0, 0.0)","(0.0, 0.0, 0.0)","(0.0, 0.0, 0.0)",0,0,0,0,0,0,False,0,0,0,0,0,0,0,0,"(0.0, 6.0, 162.5)","(0.2, 0.0, 0.0, 1.0)"
0,828064.1,0,0,0,0,0,0,0,0,0,"(0.0, 0.0)","(0.0, 0.0)","(0.0, 0.0)","(0.0, 0.0, 0.0)","(0.0, 0.0, 0.0)","(0.0, 0.0, 0.0)","(0.0, 0.0, 0.0)","(0.0, 0.0, 0.0)","(0.0, 0.0, 0.0)",0,0,0,0,0,0,False,0,0,0,0,0,0,0,0,"(0.0, 6.0, 162.8)","(0.2, 0.0, 0.0, 1.0)"
0,828091.6,0,0,0,0,0,0,0,0,0,"(0.0, 0.0)","(0.0, 0.0)","(0.0, 0.0)","(0.0, 0.0, 0.0)","(0.0, 0.0, 0.0)","(0.0, 0.0, 0.0)","(0.0, 0.0, 0.0)","(0.0, 0.0, 0.0)","(0.0, 0.0, 0.0)",0,0,0,0,0,0,False,0,0,0,0,0,0,0,0,"(0.0, 6.0, 163.0)","(0.2, 0.0, 0.0, 1.0)"
0,828108.4,0,0,0,0,0,0,0,0,0,"(0.0, 0.0)","(0.0, 0.0)","(0.0, 0.0)","(0.0, 0.0, 0.0)","(0.0, 0.0, 0.0)","(0.0, 0.0, 0.0)","(0.0, 0.0, 0.0)","(0.0, 0.0, 0.0)","(0.0, 0.0, 0.0)",0,0,0,0,0,0,False,0,0,0,0,0,0,0,0,"(0.0, 6.0, 163.2)","(0.2, 0.0, 0.0, 1.0)"
0,828126.6,0,0,0,0,0,0,0,0,0,"(0.0, 0.0)","(0.0, 0.0)","(0.0, 0.0)","(0.0, 0.0, 0.0)","(0.0, 0.0, 0.0)","(0.0, 0.0, 0.0)","(0.0, 0.0, 0.0)","(0.0, 0.0, 0.0)","(0.0, 0.0, 0.0)",0,0,0,0,0,0,False,0,0,0,0,0,0,0,0,"(0.0, 6.0, 163.4)","(0.2, 0.0, 0.0, 1.0)"
0,828145.6,0,0,0,0,0,0,0,0,0,"(0.0, 0.0)","(0.0, 0.0)","(0.0, 0.0)","(0.0, 0.0, 0.0)","(0.0, 0.0, 0.0)","(0.0, 0.0, 0.0)","(0.0, 0.0, 0.0)","(0.0, 0.0, 0.0)","(0.0, 0.0, 0.0)",0,0,0,0,0,0,False,0,0,0,0,0,0,0,0,"(0.0, 6.0, 163.6)","(0.2, 0.0, 0.0, 1.0)"
0,828165.3,0,0,0,0,0,0,0,0,0,"(0.0, 0.0)","(0.0, 0.0)","(0.0, 0.0)","(0.0, 0.0, 0.0)","(0.0, 0.0, 0.0)","(0.0, 0.0, 0.0)","(0.0, 0.0, 0.0)","(0.0, 0.0, 0.0)","(0.0, 0.0, 0.0)",0,0,0,0,0,0,False,0,0,0,0,0,0,0,0,"(0.0, 6.0, 163.8)","(0.2, 0.0, 0.0, 1.0)"
0,828184.5,0,0,0,0,0,0,0,0,0,"(0.0, 0.0)","(0.0, 0.0)","(0.0, 0.0)","(0.0, 0.0, 0.0)","(0.0, 0.0, 0.0)","(0.0, 0.0, 0.0)","(0.0, 0.0, 0.0)","(0.0, 0.0, 0.0)","(0.0, 0.0, 0.0)",0,0,0,0,0,0,False,0,0,0,0,0,0,0,0,"(0.0, 6.0, 164.0)","(0.2, 0.0, 0.0, 1.0)"
0,828203.1,0,0,0,0,0,0,0,0,0,"(0.0, 0.0)","(0.0, 0.0)","(0.0, 0.0)","(0.0, 0.0, 0.0)","(0.0, 0.0, 0.0)","(0.0, 0.0, 0.0)","(0.0, 0.0, 0.0)","(0.0, 0.0, 0.0)","(0.0, 0.0, 0.0)",0,0,0,0,0,0,False,0,0,0,0,0,0,0,0,"(0.0, 6.0, 164.2)","(0.2, 0.0, 0.0, 1.0)"
0,828221.9,0,0,0,0,0,0,0,0,0,"(0.0, 0.0)","(0.0, 0.0)","(0.0, 0.0)","(0.0, 0.0, 0.0)","(0.0, 0.0, 0.0)","(0.0, 0.0, 0.0)","(0.0, 0.0, 0.0)","(0.0, 0.0, 0.0)","(0.0, 0.0, 0.0)",0,0,0,0,0,0,False,0,0,0,0,0,0,0,0,"(0.0, 6.0, 164.4)","(0.2, 0.0, 0.0, 1.0)"
0,828240.8,0,0,0,0,0,0,0,0,0,"(0.0, 0.0)","(0.0, 0.0)","(0.0, 0.0)","(0.0, 0.0, 0.0)","(0.0, 0.0, 0.0)","(0.0, 0.0, 0.0)","(0.0, 0.0, 0.0)","(0.0, 0.0, 0.0)","(0.0, 0.0, 0.0)",0,0,0,0,0,0,False,0,0,0,0,0,0,0,0,"(0.0, 6.0, 164.6)","(0.2, 0.0, 0.0, 1.0)"
0,828264.3,0,0,0,0,0,0,0,0,0,"(0.0, 0.0)","(0.0, 0.0)","(0.0, 0.0)","(0.0, 0.0, 0.0)","(0.0, 0.0, 0.0)","(0.0, 0.0, 0.0)","(0.0, 0.0, 0.0)","(0.0, 0.0, 0.0)","(0.0, 0.0, 0.0)",0,0,0,0,0,0,False,0,0,0,0,0,0,0,0,"(0.0, 6.0, 164.9)","(0.2, 0.0, 0.0, 1.0)"
0,828283.4,0,0,0,0,0,0,0,0,0,"(0.0, 0.0)","(0.0, 0.0)","(0.0, 0.0)","(0.0, 0.0, 0.0)","(0.0, 0.0, 0.0)","(0.0, 0.0, 0.0)","(0.0, 0.0, 0.0)","(0.0, 0.0, 0.0)","(0.0, 0.0, 0.0)",0,0,0,0,0,0,False,0,0,0,0,0,0,0,0,"(0.0, 6.0, 165.1)","(0.2, 0.0, 0.0, 1.0)"
0,828302.2,0,0,0,0,0,0,0,0,0,"(0.0, 0.0)","(0.0, 0.0)","(0.0, 0.0)","(0.0, 0.0, 0.0)","(0.0, 0.0, 0.0)","(0.0, 0.0, 0.0)","(0.0, 0.0, 0.0)","(0.0, 0.0, 0.0)","(0.0, 0.0, 0.0)",0,0,0,0,0,0,False,0,0,0,0,0,0,0,0,"(0.0, 6.0, 165.3)","(0.2, 0.0, 0.0, 1.0)"
0,828320,0,0,0,0,0,0,0,0,0,"(0.0, 0.0)","(0.0, 0.0)","(0.0, 0.0)","(0.0, 0.0, 0.0)","(0.0, 0.0, 0.0)","(0.0, 0.0, 0.0)","(0.0, 0.0, 0.0)","(0.0, 0.0, 0.0)","(0.0, 0.0, 0.0)",0,0,0,0,0,0,False,0,0,0,0,0,0,0,0,"(0.0, 6.0, 165.5)","(0.2, 0.0, 0.0, 1.0)"
0,828338.8,0,0,0,0,0,0,0,0,0,"(0.0, 0.0)","(0.0, 0.0)","(0.0, 0.0)","(0.0, 0.0, 0.0)","(0.0, 0.0, 0.0)","(0.0, 0.0, 0.0)","(0.0, 0.0, 0.0)","(0.0, 0.0, 0.0)","(0.0, 0.0, 0.0)",0,0,0,0,0,0,False,0,0,0,0,0,0,0,0,"(0.0, 6.0, 165.7)","(0.2, 0.0, 0.0, 1.0)"
0,828356.6,0,0,0,0,0,0,0,0,0,"(0.0, 0.0)","(0.0, 0.0)","(0.0, 0.0)","(0.0, 0.0, 0.0)","(0.0, 0.0, 0.0)","(0.0, 0.0, 0.0)","(0.0, 0.0, 0.0)","(0.0, 0.0, 0.0)","(0.0, 0.0, 0.0)",0,0,0,0,0,0,False,0,0,0,0,0,0,0,0,"(0.0, 6.0, 165.9)","(0.2, 0.0, 0.0, 1.0)"
0,828375.4,0,0,0,0,0,0,0,0,0,"(0.0, 0.0)","(0.0, 0.0)","(0.0, 0.0)","(0.0, 0.0, 0.0)","(0.0, 0.0, 0.0)","(0.0, 0.0, 0.0)","(0.0, 0.0, 0.0)","(0.0, 0.0, 0.0)","(0.0, 0.0, 0.0)",0,0,0,0,0,0,False,0,0,0,0,0,0,0,0,"(0.0, 6.0, 166.0)","(0.2, 0.0, 0.0, 1.0)"
0,828393.3,0,0,0,0,0,0,0,0,0,"(0.0, 0.0)","(0.0, 0.0)","(0.0, 0.0)","(0.0, 0.0, 0.0)","(0.0, 0.0, 0.0)","(0.0, 0.0, 0.0)","(0.0, 0.0, 0.0)","(0.0, 0.0, 0.0)","(0.0, 0.0, 0.0)",0,0,0,0,0,0,False,0,0,0,0,0,0,0,0,"(0.0, 6.0, 166.2)","(0.2, 0.0, 0.0, 1.0)"
0,828410.1,0,0,0,0,0,0,0,0,0,"(0.0, 0.0)","(0.0, 0.0)","(0.0, 0.0)","(0.0, 0.0, 0.0)","(0.0, 0.0, 0.0)","(0.0, 0.0, 0.0)","(0.0, 0.0, 0.0)","(0.0, 0.0, 0.0)","(0.0, 0.0, 0.0)",0,0,0,0,0,0,False,0,0,0,0,0,0,0,0,"(0.0, 6.0, 166.4)","(0.2, 0.0, 0.0, 1.0)"
0,828428.9,0,0,0,0,0,0,0,0,0,"(0.0, 0.0)","(0.0, 0.0)","(0.0, 0.0)","(0.0, 0.0, 0.0)","(0.0, 0.0, 0.0)","(0.0, 0.0, 0.0)","(0.0, 0.0, 0.0)","(0.0, 0.0, 0.0)","(0.0, 0.0, 0.0)",0,0,0,0,0,0,False,0,0,0,0,0,0,0,0,"(0.0, 6.0, 166.6)","(0.2, 0.0, 0.0, 1.0)"
0,828448.3,0,0,0,0,0,0,0,0,0,"(0.0, 0.0)","(0.0, 0.0)","(0.0, 0.0)","(0.0, 0.0, 0.0)","(0.0, 0.0, 0.0)","(0.0, 0.0, 0.0)","(0.0, 0.0, 0.0)","(0.0, 0.0, 0.0)","(0.0, 0.0, 0.0)",0,0,0,0,0,0,False,0,0,0,0,0,0,0,0,"(0.0, 6.0, 166.8)","(0.2, 0.0, 0.0, 1.0)"
0,828467,0,0,0,0,0,0,0,0,0,"(0.0, 0.0)","(0.0, 0.0)","(0.0, 0.0)","(0.0, 0.0, 0.0)","(0.0, 0.0, 0.0)","(0.0, 0.0, 0.0)","(0.0, 0.0, 0.0)","(0.0, 0.0, 0.0)","(0.0, 0.0, 0.0)",0,0,0,0,0,0,False,0,0,0,0,0,0,0,0,"(0.0, 6.0, 167.0)","(0.2, 0.0, 0.0, 1.0)"
0,828484.4,0,0,0,0,0,0,0,0,0,"(0.0, 0.0)","(0.0, 0.0)","(0.0, 0.0)","(0.0, 0.0, 0.0)","(0.0, 0.0, 0.0)","(0.0, 0.0, 0.0)","(0.0, 0.0, 0.0)","(0.0, 0.0, 0.0)","(0.0, 0.0, 0.0)",0,0,0,0,0,0,False,0,0,0,0,0,0,0,0,"(0.0, 6.0, 167.2)","(0.2, 0.0, 0.0, 1.0)"
0,828503.6,0,0,0,0,0,0,0,0,0,"(0.0, 0.0)","(0.0, 0.0)","(0.0, 0.0)","(0.0, 0.0, 0.0)","(0.0, 0.0, 0.0)","(0.0, 0.0, 0.0)","(0.0, 0.0, 0.0)","(0.0, 0.0, 0.0)","(0.0, 0.0, 0.0)",0,0,0,0,0,0,False,0,0,0,0,0,0,0,0,"(0.0, 6.0, 167.4)","(0.2, 0.0, 0.0, 1.0)"
0,828526.2,0,0,0,0,0,0,0,0,0,"(0.0, 0.0)","(0.0, 0.0)","(0.0, 0.0)","(0.0, 0.0, 0.0)","(0.0, 0.0, 0.0)","(0.0, 0.0, 0.0)","(0.0, 0.0, 0.0)","(0.0, 0.0, 0.0)","(0.0, 0.0, 0.0)",0,0,0,0,0,0,False,0,0,0,0,0,0,0,0,"(0.0, 6.0, 167.6)","(0.2, 0.0, 0.0, 1.0)"
0,828549.4,0,0,0,0,0,0,0,0,0,"(0.0, 0.0)","(0.0, 0.0)","(0.0, 0.0)","(0.0, 0.0, 0.0)","(0.0, 0.0, 0.0)","(0.0, 0.0, 0.0)","(0.0, 0.0, 0.0)","(0.0, 0.0, 0.0)","(0.0, 0.0, 0.0)",0,0,0,0,0,0,False,0,0,0,0,0,0,0,0,"(0.0, 6.0, 167.8)","(0.2, 0.0, 0.0, 1.0)"
0,828570.4,0,0,0,0,0,0,0,0,0,"(0.0, 0.0)","(0.0, 0.0)","(0.0, 0.0)","(0.0, 0.0, 0.0)","(0.0, 0.0, 0.0)","(0.0, 0.0, 0.0)","(0.0, 0.0, 0.0)","(0.0, 0.0, 0.0)","(0.0, 0.0, 0.0)",0,0,0,0,0,0,False,0,0,0,0,0,0,0,0,"(0.0, 6.0, 168.0)","(0.2, 0.0, 0.0, 1.0)"
0,828592.4,0,0,0,0,0,0,0,0,0,"(0.0, 0.0)","(0.0, 0.0)","(0.0, 0.0)","(0.0, 0.0, 0.0)","(0.0, 0.0, 0.0)","(0.0, 0.0, 0.0)","(0.0, 0.0, 0.0)","(0.0, 0.0, 0.0)","(0.0, 0.0, 0.0)",0,0,0,0,0,0,False,0,0,0,0,0,0,0,0,"(0.0, 6.0, 168.2)","(0.2, 0.0, 0.0, 1.0)"
0,828615.6,0,0,0,0,0,0,0,0,0,"(0.0, 0.0)","(0.0, 0.0)","(0.0, 0.0)","(0.0, 0.0, 0.0)","(0.0, 0.0, 0.0)","(0.0, 0.0, 0.0)","(0.0, 0.0, 0.0)","(0.0, 0.0, 0.0)","(0.0, 0.0, 0.0)",0,0,0,0,0,0,False,0,0,0,0,0,0,0,0,"(0.0, 6.0, 168.4)","(0.2, 0.0, 0.0, 1.0)"
0,828637.4,0,0,0,0,0,0,0,0,0,"(0.0, 0.0)","(0.0, 0.0)","(0.0, 0.0)","(0.0, 0.0, 0.0)","(0.0, 0.0, 0.0)","(0.0, 0.0, 0.0)","(0.0, 0.0, 0.0)","(0.0, 0.0, 0.0)","(0.0, 0.0, 0.0)",0,0,0,0,0,0,False,0,0,0,0,0,0,0,0,"(0.0, 6.0, 168.6)","(0.2, 0.0, 0.0, 1.0)"
0,828659.2,0,0,0,0,0,0,0,0,0,"(0.0, 0.0)","(0.0, 0.0)","(0.0, 0.0)","(0.0, 0.0, 0.0)","(0.0, 0.0, 0.0)","(0.0, 0.0, 0.0)","(0.0, 0.0, 0.0)","(0.0, 0.0, 0.0)","(0.0, 0.0, 0.0)",0,0,0,0,0,0,False,0,0,0,0,0,0,0,0,"(0.0, 6.0, 168.8)","(0.2, 0.0, 0.0, 1.0)"
0,828682.4,0,0,0,0,0,0,0,0,0,"(0.0, 0.0)","(0.0, 0.0)","(0.0, 0.0)","(0.0, 0.0, 0.0)","(0.0, 0.0, 0.0)","(0.0, 0.0, 0.0)","(0.0, 0.0, 0.0)","(0.0, 0.0, 0.0)","(0.0, 0.0, 0.0)",0,0,0,0,0,0,False,0,0,0,0,0,0,0,0,"(0.0, 6.0, 169.0)","(0.2, 0.0, 0.0, 1.0)"
0,828703.9,0,0,0,0,0,0,0,0,0,"(0.0, 0.0)","(0.0, 0.0)","(0.0, 0.0)","(0.0, 0.0, 0.0)","(0.0, 0.0, 0.0)","(0.0, 0.0, 0.0)","(0.0, 0.0, 0.0)","(0.0, 0.0, 0.0)","(0.0, 0.0, 0.0)",0,0,0,0,0,0,False,0,0,0,0,0,0,0,0,"(0.0, 6.0, 169.2)","(0.2, 0.0, 0.0, 1.0)"
0,828726,0,0,0,0,0,0,0,0,0,"(0.0, 0.0)","(0.0, 0.0)","(0.0, 0.0)","(0.0, 0.0, 0.0)","(0.0, 0.0, 0.0)","(0.0, 0.0, 0.0)","(0.0, 0.0, 0.0)","(0.0, 0.0, 0.0)","(0.0, 0.0, 0.0)",0,0,0,0,0,0,False,0,0,0,0,0,0,0,0,"(0.0, 6.0, 169.4)","(0.2, 0.0, 0.0, 1.0)"
0,828748.8,0,0,0,0,0,0,0,0,0,"(0.0, 0.0)","(0.0, 0.0)","(0.0, 0.0)","(0.0, 0.0, 0.0)","(0.0, 0.0, 0.0)","(0.0, 0.0, 0.0)","(0.0, 0.0, 0.0)","(0.0, 0.0, 0.0)","(0.0, 0.0, 0.0)",0,0,0,0,0,0,False,0,0,0,0,0,0,0,0,"(0.0, 6.0, 169.6)","(0.2, 0.0, 0.0, 1.0)"
0,828770.8,0,0,0,0,0,0,0,0,0,"(0.0, 0.0)","(0.0, 0.0)","(0.0, 0.0)","(0.0, 0.0, 0.0)","(0.0, 0.0, 0.0)","(0.0, 0.0, 0.0)","(0.0, 0.0, 0.0)","(0.0, 0.0, 0.0)","(0.0, 0.0, 0.0)",0,0,0,0,0,0,False,0,0,0,0,0,0,0,0,"(0.0, 6.0, 169.8)","(0.2, 0.0, 0.0, 1.0)"
0,828792.9,0,0,0,0,0,0,0,0,0,"(0.0, 0.0)","(0.0, 0.0)","(0.0, 0.0)","(0.0, 0.0, 0.0)","(0.0, 0.0, 0.0)","(0.0, 0.0, 0.0)","(0.0, 0.0, 0.0)","(0.0, 0.0, 0.0)","(0.0, 0.0, 0.0)",0,0,0,0,0,0,False,0,0,0,0,0,0,0,0,"(0.0, 6.0, 170.1)","(0.2, 0.0, 0.0, 1.0)"
0,828815.9,0,0,0,0,0,0,0,0,0,"(0.0, 0.0)","(0.0, 0.0)","(0.0, 0.0)","(0.0, 0.0, 0.0)","(0.0, 0.0, 0.0)","(0.0, 0.0, 0.0)","(0.0, 0.0, 0.0)","(0.0, 0.0, 0.0)","(0.0, 0.0, 0.0)",0,0,0,0,0,0,False,0,0,0,0,0,0,0,0,"(0.0, 6.0, 170.3)","(0.2, 0.0, 0.0, 1.0)"
0,828839,0,0,0,0,0,0,0,0,0,"(0.0, 0.0)","(0.0, 0.0)","(0.0, 0.0)","(0.0, 0.0, 0.0)","(0.0, 0.0, 0.0)","(0.0, 0.0, 0.0)","(0.0, 0.0, 0.0)","(0.0, 0.0, 0.0)","(0.0, 0.0, 0.0)",0,0,0,0,0,0,False,0,0,0,0,0,0,0,0,"(0.0, 6.0, 170.5)","(0.2, 0.0, 0.0, 1.0)"
0,828858.8,0,0,0,0,0,0,0,0,0,"(0.0, 0.0)","(0.0, 0.0)","(0.0, 0.0)","(0.0, 0.0, 0.0)","(0.0, 0.0, 0.0)","(0.0, 0.0, 0.0)","(0.0, 0.0, 0.0)","(0.0, 0.0, 0.0)","(0.0, 0.0, 0.0)",0,0,0,0,0,0,False,0,0,0,0,0,0,0,0,"(0.0, 6.0, 170.7)","(0.2, 0.0, 0.0, 1.0)"
0,828882,0,0,0,0,0,0,0,0,0,"(0.0, 0.0)","(0.0, 0.0)","(0.0, 0.0)","(0.0, 0.0, 0.0)","(0.0, 0.0, 0.0)","(0.0, 0.0, 0.0)","(0.0, 0.0, 0.0)","(0.0, 0.0, 0.0)","(0.0, 0.0, 0.0)",0,0,0,0,0,0,False,0,0,0,0,0,0,0,0,"(0.0, 6.0, 170.9)","(0.2, 0.0, 0.0, 1.0)"
0,828903.4,0,0,0,0,0,0,0,0,0,"(0.0, 0.0)","(0.0, 0.0)","(0.0, 0.0)","(0.0, 0.0, 0.0)","(0.0, 0.0, 0.0)","(0.0, 0.0, 0.0)","(0.0, 0.0, 0.0)","(0.0, 0.0, 0.0)","(0.0, 0.0, 0.0)",0,0,0,0,0,0,False,0,0,0,0,0,0,0,0,"(0.0, 6.0, 171.1)","(0.2, 0.0, 0.0, 1.0)"
0,828925.8,0,0,0,0,0,0,0,0,0,"(0.0, 0.0)","(0.0, 0.0)","(0.0, 0.0)","(0.0, 0.0, 0.0)","(0.0, 0.0, 0.0)","(0.0, 0.0, 0.0)","(0.0, 0.0, 0.0)","(0.0, 0.0, 0.0)","(0.0, 0.0, 0.0)",0,0,0,0,0,0,False,0,0,0,0,0,0,0,0,"(0.0, 6.0, 171.4)","(0.2, 0.0, 0.0, 1.0)"
0,828949.3,0,0,0,0,0,0,0,0,0,"(0.0, 0.0)","(0.0, 0.0)","(0.0, 0.0)","(0.0, 0.0, 0.0)","(0.0, 0.0, 0.0)","(0.0, 0.0, 0.0)","(0.0, 0.0, 0.0)","(0.0, 0.0, 0.0)","(0.0, 0.0, 0.0)",0,0,0,0,0,0,False,0,0,0,0,0,0,0,0,"(0.0, 6.0, 171.6)","(0.2, 0.0, 0.0, 1.0)"
0,828970.2,0,0,0,0,0,0,0,0,0,"(0.0, 0.0)","(0.0, 0.0)","(0.0, 0.0)","(0.0, 0.0, 0.0)","(0.0, 0.0, 0.0)","(0.0, 0.0, 0.0)","(0.0, 0.0, 0.0)","(0.0, 0.0, 0.0)","(0.0, 0.0, 0.0)",0,0,0,0,0,0,False,0,0,0,0,0,0,0,0,"(0.0, 6.0, 171.8)","(0.2, 0.0, 0.0, 1.0)"
0,828993.4,0,0,0,0,0,0,0,0,0,"(0.0, 0.0)","(0.0, 0.0)","(0.0, 0.0)","(0.0, 0.0, 0.0)","(0.0, 0.0, 0.0)","(0.0, 0.0, 0.0)","(0.0, 0.0, 0.0)","(0.0, 0.0, 0.0)","(0.0, 0.0, 0.0)",0,0,0,0,0,0,False,0,0,0,0,0,0,0,0,"(0.0, 6.0, 172.0)","(0.2, 0.0, 0.0, 1.0)"
0,829010.3,0,0,0,0,0,0,0,0,0,"(0.0, 0.0)","(0.0, 0.0)","(0.0, 0.0)","(0.0, 0.0, 0.0)","(0.0, 0.0, 0.0)","(0.0, 0.0, 0.0)","(0.0, 0.0, 0.0)","(0.0, 0.0, 0.0)","(0.0, 0.0, 0.0)",0,0,0,0,0,0,False,0,0,0,0,0,0,0,0,"(0.0, 6.0, 172.2)","(0.2, 0.0, 0.0, 1.0)"
0,829028.6,0,0,0,0,0,0,0,0,0,"(0.0, 0.0)","(0.0, 0.0)","(0.0, 0.0)","(0.0, 0.0, 0.0)","(0.0, 0.0, 0.0)","(0.0, 0.0, 0.0)","(0.0, 0.0, 0.0)","(0.0, 0.0, 0.0)","(0.0, 0.0, 0.0)",0,0,0,0,0,0,False,0,0,0,0,0,0,0,0,"(0.0, 6.0, 172.4)","(0.2, 0.0, 0.0, 1.0)"
0,829046.9,0,0,0,0,0,0,0,0,0,"(0.0, 0.0)","(0.0, 0.0)","(0.0, 0.0)","(0.0, 0.0, 0.0)","(0.0, 0.0, 0.0)","(0.0, 0.0, 0.0)","(0.0, 0.0, 0.0)","(0.0, 0.0, 0.0)","(0.0, 0.0, 0.0)",0,0,0,0,0,0,False,0,0,0,0,0,0,0,0,"(0.0, 6.0, 172.6)","(0.2, 0.0, 0.0, 1.0)"
0,829064.9,0,0,0,0,0,0,0,0,0,"(0.0, 0.0)","(0.0, 0.0)","(0.0, 0.0)","(0.0, 0.0, 0.0)","(0.0, 0.0, 0.0)","(0.0, 0.0, 0.0)","(0.0, 0.0, 0.0)","(0.0, 0.0, 0.0)","(0.0, 0.0, 0.0)",0,0,0,0,0,0,False,0,0,0,0,0,0,0,0,"(0.0, 6.0, 172.9)","(0.2, 0.0, 0.0, 1.0)"
0,829081.9,0,0,0,0,0,0,0,0,0,"(0.0, 0.0)","(0.0, 0.0)","(0.0, 0.0)","(0.0, 0.0, 0.0)","(0.0, 0.0, 0.0)","(0.0, 0.0, 0.0)","(0.0, 0.0, 0.0)","(0.0, 0.0, 0.0)","(0.0, 0.0, 0.0)",0,0,0,0,0,0,False,0,0,0,0,0,0,0,0,"(0.0, 6.0, 173.1)","(0.2, 0.0, 0.0, 1.0)"
0,829100.8,0,0,0,0,0,0,0,0,0,"(0.0, 0.0)","(0.0, 0.0)","(0.0, 0.0)","(0.0, 0.0, 0.0)","(0.0, 0.0, 0.0)","(0.0, 0.0, 0.0)","(0.0, 0.0, 0.0)","(0.0, 0.0, 0.0)","(0.0, 0.0, 0.0)",0,0,0,0,0,0,False,0,0,0,0,0,0,0,0,"(0.0, 6.0, 173.3)","(0.2, 0.0, 0.0, 1.0)"
0,829118.3,0,0,0,0,0,0,0,0,0,"(0.0, 0.0)","(0.0, 0.0)","(0.0, 0.0)","(0.0, 0.0, 0.0)","(0.0, 0.0, 0.0)","(0.0, 0.0, 0.0)","(0.0, 0.0, 0.0)","(0.0, 0.0, 0.0)","(0.0, 0.0, 0.0)",0,0,0,0,0,0,False,0,0,0,0,0,0,0,0,"(0.0, 6.0, 173.5)","(0.2, 0.0, 0.0, 1.0)"
0,829135.3,0,0,0,0,0,0,0,0,0,"(0.0, 0.0)","(0.0, 0.0)","(0.0, 0.0)","(0.0, 0.0, 0.0)","(0.0, 0.0, 0.0)","(0.0, 0.0, 0.0)","(0.0, 0.0, 0.0)","(0.0, 0.0, 0.0)","(0.0, 0.0, 0.0)",0,0,0,0,0,0,False,0,0,0,0,0,0,0,0,"(0.0, 6.0, 173.6)","(0.2, 0.0, 0.0, 1.0)"
0,829152.3,0,0,0,0,0,0,0,0,0,"(0.0, 0.0)","(0.0, 0.0)","(0.0, 0.0)","(0.0, 0.0, 0.0)","(0.0, 0.0, 0.0)","(0.0, 0.0, 0.0)","(0.0, 0.0, 0.0)","(0.0, 0.0, 0.0)","(0.0, 0.0, 0.0)",0,0,0,0,0,0,False,0,0,0,0,0,0,0,0,"(0.0, 6.0, 173.8)","(0.2, 0.0, 0.0, 1.0)"
0,829170.2,0,0,0,0,0,0,0,0,0,"(0.0, 0.0)","(0.0, 0.0)","(0.0, 0.0)","(0.0, 0.0, 0.0)","(0.0, 0.0, 0.0)","(0.0, 0.0, 0.0)","(0.0, 0.0, 0.0)","(0.0, 0.0, 0.0)","(0.0, 0.0, 0.0)",0,0,0,0,0,0,False,0,0,0,0,0,0,0,0,"(0.0, 6.0, 174.0)","(0.2, 0.0, 0.0, 1.0)"
0,829187.2,0,0,0,0,0,0,0,0,0,"(0.0, 0.0)","(0.0, 0.0)","(0.0, 0.0)","(0.0, 0.0, 0.0)","(0.0, 0.0, 0.0)","(0.0, 0.0, 0.0)","(0.0, 0.0, 0.0)","(0.0, 0.0, 0.0)","(0.0, 0.0, 0.0)",0,0,0,0,0,0,False,0,0,0,0,0,0,0,0,"(0.0, 6.0, 174.2)","(0.2, 0.0, 0.0, 1.0)"
0,829204.6,0,0,0,0,0,0,0,0,0,"(0.0, 0.0)","(0.0, 0.0)","(0.0, 0.0)","(0.0, 0.0, 0.0)","(0.0, 0.0, 0.0)","(0.0, 0.0, 0.0)","(0.0, 0.0, 0.0)","(0.0, 0.0, 0.0)","(0.0, 0.0, 0.0)",0,0,0,0,0,0,False,0,0,0,0,0,0,0,0,"(0.0, 6.0, 174.4)","(0.2, 0.0, 0.0, 1.0)"
0,829221.8,0,0,0,0,0,0,0,0,0,"(0.0, 0.0)","(0.0, 0.0)","(0.0, 0.0)","(0.0, 0.0, 0.0)","(0.0, 0.0, 0.0)","(0.0, 0.0, 0.0)","(0.0, 0.0, 0.0)","(0.0, 0.0, 0.0)","(0.0, 0.0, 0.0)",0,0,0,0,0,0,False,0,0,0,0,0,0,0,0,"(0.0, 6.0, 174.6)","(0.2, 0.0, 0.0, 1.0)"
0,829240,0,0,0,0,0,0,0,0,0,"(0.0, 0.0)","(0.0, 0.0)","(0.0, 0.0)","(0.0, 0.0, 0.0)","(0.0, 0.0, 0.0)","(0.0, 0.0, 0.0)","(0.0, 0.0, 0.0)","(0.0, 0.0, 0.0)","(0.0, 0.0, 0.0)",0,0,0,0,0,0,False,0,0,0,0,0,0,0,0,"(0.0, 6.0, 174.8)","(0.2, 0.0, 0.0, 1.0)"
0,829263.5,0,0,0,0,0,0,0,0,0,"(0.0, 0.0)","(0.0, 0.0)","(0.0, 0.0)","(0.0, 0.0, 0.0)","(0.0, 0.0, 0.0)","(0.0, 0.0, 0.0)","(0.0, 0.0, 0.0)","(0.0, 0.0, 0.0)","(0.0, 0.0, 0.0)",0,0,0,0,0,0,False,0,0,0,0,0,0,0,0,"(0.0, 6.0, 175.0)","(0.2, 0.0, 0.0, 1.0)"
0,829284.8,0,0,0,0,0,0,0,0,0,"(0.0, 0.0)","(0.0, 0.0)","(0.0, 0.0)","(0.0, 0.0, 0.0)","(0.0, 0.0, 0.0)","(0.0, 0.0, 0.0)","(0.0, 0.0, 0.0)","(0.0, 0.0, 0.0)","(0.0, 0.0, 0.0)",0,0,0,0,0,0,False,0,0,0,0,0,0,0,0,"(0.0, 6.0, 175.2)","(0.2, 0.0, 0.0, 1.0)"
0,829304.1,0,0,0,0,0,0,0,0,0,"(0.0, 0.0)","(0.0, 0.0)","(0.0, 0.0)","(0.0, 0.0, 0.0)","(0.0, 0.0, 0.0)","(0.0, 0.0, 0.0)","(0.0, 0.0, 0.0)","(0.0, 0.0, 0.0)","(0.0, 0.0, 0.0)",0,0,0,0,0,0,False,0,0,0,0,0,0,0,0,"(0.0, 6.0, 175.4)","(0.2, 0.0, 0.0, 1.0)"
0,829320.6,0,0,0,0,0,0,0,0,0,"(0.0, 0.0)","(0.0, 0.0)","(0.0, 0.0)","(0.0, 0.0, 0.0)","(0.0, 0.0, 0.0)","(0.0, 0.0, 0.0)","(0.0, 0.0, 0.0)","(0.0, 0.0, 0.0)","(0.0, 0.0, 0.0)",0,0,0,0,0,0,False,0,0,0,0,0,0,0,0,"(0.0, 6.0, 175.5)","(0.2, 0.0, 0.0, 1.0)"
0,829337.9,0,0,0,0,0,0,0,0,0,"(0.0, 0.0)","(0.0, 0.0)","(0.0, 0.0)","(0.0, 0.0, 0.0)","(0.0, 0.0, 0.0)","(0.0, 0.0, 0.0)","(0.0, 0.0, 0.0)","(0.0, 0.0, 0.0)","(0.0, 0.0, 0.0)",0,0,0,0,0,0,False,0,0,0,0,0,0,0,0,"(0.0, 6.0, 175.7)","(0.2, 0.0, 0.0, 1.0)"
0,829354.8,0,0,0,0,0,0,0,0,0,"(0.0, 0.0)","(0.0, 0.0)","(0.0, 0.0)","(0.0, 0.0, 0.0)","(0.0, 0.0, 0.0)","(0.0, 0.0, 0.0)","(0.0, 0.0, 0.0)","(0.0, 0.0, 0.0)","(0.0, 0.0, 0.0)",0,0,0,0,0,0,False,0,0,0,0,0,0,0,0,"(0.0, 6.0, 175.9)","(0.2, 0.0, 0.0, 1.0)"
0,829371.8,0,0,0,0,0,0,0,0,0,"(0.0, 0.0)","(0.0, 0.0)","(0.0, 0.0)","(0.0, 0.0, 0.0)","(0.0, 0.0, 0.0)","(0.0, 0.0, 0.0)","(0.0, 0.0, 0.0)","(0.0, 0.0, 0.0)","(0.0, 0.0, 0.0)",0,0,0,0,0,0,False,0,0,0,0,0,0,0,0,"(0.0, 6.0, 176.1)","(0.2, 0.0, 0.0, 1.0)"
0,829389.5,0,0,0,0,0,0,0,0,0,"(0.0, 0.0)","(0.0, 0.0)","(0.0, 0.0)","(0.0, 0.0, 0.0)","(0.0, 0.0, 0.0)","(0.0, 0.0, 0.0)","(0.0, 0.0, 0.0)","(0.0, 0.0, 0.0)","(0.0, 0.0, 0.0)",0,0,0,0,0,0,False,0,0,0,0,0,0,0,0,"(0.0, 6.0, 176.3)","(0.2, 0.0, 0.0, 1.0)"
0,829407.2,0,0,0,0,0,0,0,0,0,"(0.0, 0.0)","(0.0, 0.0)","(0.0, 0.0)","(0.0, 0.0, 0.0)","(0.0, 0.0, 0.0)","(0.0, 0.0, 0.0)","(0.0, 0.0, 0.0)","(0.0, 0.0, 0.0)","(0.0, 0.0, 0.0)",0,0,0,0,0,0,False,0,0,0,0,0,0,0,0,"(0.0, 6.0, 176.5)","(0.2, 0.0, 0.0, 1.0)"
0,829429.8,0,0,0,0,0,0,0,0,0,"(0.0, 0.0)","(0.0, 0.0)","(0.0, 0.0)","(0.0, 0.0, 0.0)","(0.0, 0.0, 0.0)","(0.0, 0.0, 0.0)","(0.0, 0.0, 0.0)","(0.0, 0.0, 0.0)","(0.0, 0.0, 0.0)",0,0,0,0,0,0,False,0,0,0,0,0,0,0,0,"(0.0, 6.0, 176.7)","(0.2, 0.0, 0.0, 1.0)"
0,829447.8,0,0,0,0,0,0,0,0,0,"(0.0, 0.0)","(0.0, 0.0)","(0.0, 0.0)","(0.0, 0.0, 0.0)","(0.0, 0.0, 0.0)","(0.0, 0.0, 0.0)","(0.0, 0.0, 0.0)","(0.0, 0.0, 0.0)","(0.0, 0.0, 0.0)",0,0,0,0,0,0,False,0,0,0,0,0,0,0,0,"(0.0, 6.0, 176.8)","(0.2, 0.0, 0.0, 1.0)"
0,829469.9,0,0,0,0,0,0,0,0,0,"(0.0, 0.0)","(0.0, 0.0)","(0.0, 0.0)","(0.0, 0.0, 0.0)","(0.0, 0.0, 0.0)","(0.0, 0.0, 0.0)","(0.0, 0.0, 0.0)","(0.0, 0.0, 0.0)","(0.0, 0.0, 0.0)",0,0,0,0,0,0,False,0,0,0,0,0,0,0,0,"(0.0, 6.0, 177.0)","(0.2, 0.0, 0.0, 1.0)"
0,829492.1,0,0,0,0,0,0,0,0,0,"(0.0, 0.0)","(0.0, 0.0)","(0.0, 0.0)","(0.0, 0.0, 0.0)","(0.0, 0.0, 0.0)","(0.0, 0.0, 0.0)","(0.0, 0.0, 0.0)","(0.0, 0.0, 0.0)","(0.0, 0.0, 0.0)",0,0,0,0,0,0,False,0,0,0,0,0,0,0,0,"(0.0, 6.0, 177.2)","(0.2, 0.0, 0.0, 1.0)"
0,829514.9,0,0,0,0,0,0,0,0,0,"(0.0, 0.0)","(0.0, 0.0)","(0.0, 0.0)","(0.0, 0.0, 0.0)","(0.0, 0.0, 0.0)","(0.0, 0.0, 0.0)","(0.0, 0.0, 0.0)","(0.0, 0.0, 0.0)","(0.0, 0.0, 0.0)",0,0,0,0,0,0,False,0,0,0,0,0,0,0,0,"(0.0, 6.0, 177.4)","(0.2, 0.0, 0.0, 1.0)"
0,829536.7,0,0,0,0,0,0,0,0,0,"(0.0, 0.0)","(0.0, 0.0)","(0.0, 0.0)","(0.0, 0.0, 0.0)","(0.0, 0.0, 0.0)","(0.0, 0.0, 0.0)","(0.0, 0.0, 0.0)","(0.0, 0.0, 0.0)","(0.0, 0.0, 0.0)",0,0,0,0,0,0,False,0,0,0,0,0,0,0,0,"(0.0, 6.0, 177.6)","(0.2, 0.0, 0.0, 1.0)"
0,829558.6,0,0,0,0,0,0,0,0,0,"(0.0, 0.0)","(0.0, 0.0)","(0.0, 0.0)","(0.0, 0.0, 0.0)","(0.0, 0.0, 0.0)","(0.0, 0.0, 0.0)","(0.0, 0.0, 0.0)","(0.0, 0.0, 0.0)","(0.0, 0.0, 0.0)",0,0,0,0,0,0,False,0,0,0,0,0,0,0,0,"(0.0, 6.0, 177.8)","(0.2, 0.0, 0.0, 1.0)"
0,829581.8,0,0,0,0,0,0,0,0,0,"(0.0, 0.0)","(0.0, 0.0)","(0.0, 0.0)","(0.0, 0.0, 0.0)","(0.0, 0.0, 0.0)","(0.0, 0.0, 0.0)","(0.0, 0.0, 0.0)","(0.0, 0.0, 0.0)","(0.0, 0.0, 0.0)",0,0,0,0,0,0,False,0,0,0,0,0,0,0,0,"(0.0, 6.0, 178.0)","(0.2, 0.0, 0.0, 1.0)"
0,829603.4,0,0,0,0,0,0,0,0,0,"(0.0, 0.0)","(0.0, 0.0)","(0.0, 0.0)","(0.0, 0.0, 0.0)","(0.0, 0.0, 0.0)","(0.0, 0.0, 0.0)","(0.0, 0.0, 0.0)","(0.0, 0.0, 0.0)","(0.0, 0.0, 0.0)",0,0,0,0,0,0,False,0,0,0,0,0,0,0,0,"(0.0, 6.0, 178.2)","(0.2, 0.0, 0.0, 1.0)"
0,829626.4,0,0,0,0,0,0,0,0,0,"(0.0, 0.0)","(0.0, 0.0)","(0.0, 0.0)","(0.0, 0.0, 0.0)","(0.0, 0.0, 0.0)","(0.0, 0.0, 0.0)","(0.0, 0.0, 0.0)","(0.0, 0.0, 0.0)","(0.0, 0.0, 0.0)",0,0,0,0,0,0,False,0,0,0,0,0,0,0,0,"(0.0, 6.0, 178.4)","(0.2, 0.0, 0.0, 1.0)"
0,829648.6,0,0,0,0,0,0,0,0,0,"(0.0, 0.0)","(0.0, 0.0)","(0.0, 0.0)","(0.0, 0.0, 0.0)","(0.0, 0.0, 0.0)","(0.0, 0.0, 0.0)","(0.0, 0.0, 0.0)","(0.0, 0.0, 0.0)","(0.0, 0.0, 0.0)",0,0,0,0,0,0,False,0,0,0,0,0,0,0,0,"(0.0, 6.0, 178.7)","(0.2, 0.0, 0.0, 1.0)"
0,829669.9,0,0,0,0,0,0,0,0,0,"(0.0, 0.0)","(0.0, 0.0)","(0.0, 0.0)","(0.0, 0.0, 0.0)","(0.0, 0.0, 0.0)","(0.0, 0.0, 0.0)","(0.0, 0.0, 0.0)","(0.0, 0.0, 0.0)","(0.0, 0.0, 0.0)",0,0,0,0,0,0,False,0,0,0,0,0,0,0,0,"(0.0, 6.0, 178.9)","(0.2, 0.0, 0.0, 1.0)"
0,829692.3,0,0,0,0,0,0,0,0,0,"(0.0, 0.0)","(0.0, 0.0)","(0.0, 0.0)","(0.0, 0.0, 0.0)","(0.0, 0.0, 0.0)","(0.0, 0.0, 0.0)","(0.0, 0.0, 0.0)","(0.0, 0.0, 0.0)","(0.0, 0.0, 0.0)",0,0,0,0,0,0,False,0,0,0,0,0,0,0,0,"(0.0, 6.0, 179.1)","(0.2, 0.0, 0.0, 1.0)"
0,829718.3,0,0,0,0,0,0,0,0,0,"(0.0, 0.0)","(0.0, 0.0)","(0.0, 0.0)","(0.0, 0.0, 0.0)","(0.0, 0.0, 0.0)","(0.0, 0.0, 0.0)","(0.0, 0.0, 0.0)","(0.0, 0.0, 0.0)","(0.0, 0.0, 0.0)",0,0,0,0,0,0,False,0,0,0,0,0,0,0,0,"(0.0, 6.0, 179.3)","(0.2, 0.0, 0.0, 1.0)"
0,829736.6,0,0,0,0,0,0,0,0,0,"(0.0, 0.0)","(0.0, 0.0)","(0.0, 0.0)","(0.0, 0.0, 0.0)","(0.0, 0.0, 0.0)","(0.0, 0.0, 0.0)","(0.0, 0.0, 0.0)","(0.0, 0.0, 0.0)","(0.0, 0.0, 0.0)",0,0,0,0,0,0,False,0,0,0,0,0,0,0,0,"(0.0, 6.0, 179.5)","(0.2, 0.0, 0.0, 1.0)"
0,829758.9,0,0,0,0,0,0,0,0,0,"(0.0, 0.0)","(0.0, 0.0)","(0.0, 0.0)","(0.0, 0.0, 0.0)","(0.0, 0.0, 0.0)","(0.0, 0.0, 0.0)","(0.0, 0.0, 0.0)","(0.0, 0.0, 0.0)","(0.0, 0.0, 0.0)",0,0,0,0,0,0,False,0,0,0,0,0,0,0,0,"(0.0, 6.0, 179.7)","(0.2, 0.0, 0.0, 1.0)"
0,829781.8,0,0,0,0,0,0,0,0,0,"(0.0, 0.0)","(0.0, 0.0)","(0.0, 0.0)","(0.0, 0.0, 0.0)","(0.0, 0.0, 0.0)","(0.0, 0.0, 0.0)","(0.0, 0.0, 0.0)","(0.0, 0.0, 0.0)","(0.0, 0.0, 0.0)",0,0,0,0,0,0,False,0,0,0,0,0,0,0,0,"(0.0, 6.0, 179.9)","(0.2, 0.0, 0.0, 1.0)"
0,829803.5,0,0,0,0,0,0,0,0,0,"(0.0, 0.0)","(0.0, 0.0)","(0.0, 0.0)","(0.0, 0.0, 0.0)","(0.0, 0.0, 0.0)","(0.0, 0.0, 0.0)","(0.0, 0.0, 0.0)","(0.0, 0.0, 0.0)","(0.0, 0.0, 0.0)",0,0,0,0,0,0,False,0,0,0,0,0,0,0,0,"(0.0, 6.0, 180.1)","(0.2, 0.0, 0.0, 1.0)"
0,829825.5,0,0,0,0,0,0,0,0,0,"(0.0, 0.0)","(0.0, 0.0)","(0.0, 0.0)","(0.0, 0.0, 0.0)","(0.0, 0.0, 0.0)","(0.0, 0.0, 0.0)","(0.0, 0.0, 0.0)","(0.0, 0.0, 0.0)","(0.0, 0.0, 0.0)",0,0,0,0,0,0,False,0,0,0,0,0,0,0,0,"(0.0, 6.0, 180.4)","(0.2, 0.0, 0.0, 1.0)"
0,829848.6,0,0,0,0,0,0,0,0,0,"(0.0, 0.0)","(0.0, 0.0)","(0.0, 0.0)","(0.0, 0.0, 0.0)","(0.0, 0.0, 0.0)","(0.0, 0.0, 0.0)","(0.0, 0.0, 0.0)","(0.0, 0.0, 0.0)","(0.0, 0.0, 0.0)",0,0,0,0,0,0,False,0,0,0,0,0,0,0,0,"(0.0, 6.0, 180.6)","(0.2, 0.0, 0.0, 1.0)"
0,829873,0,0,0,0,0,0,0,0,0,"(0.0, 0.0)","(0.0, 0.0)","(0.0, 0.0)","(0.0, 0.0, 0.0)","(0.0, 0.0, 0.0)","(0.0, 0.0, 0.0)","(0.0, 0.0, 0.0)","(0.0, 0.0, 0.0)","(0.0, 0.0, 0.0)",0,0,0,0,0,0,False,0,0,0,0,0,0,0,0,"(0.0, 6.0, 180.8)","(0.2, 0.0, 0.0, 1.0)"
0,829894.6,0,0,0,0,0,0,0,0,0,"(0.0, 0.0)","(0.0, 0.0)","(0.0, 0.0)","(0.0, 0.0, 0.0)","(0.0, 0.0, 0.0)","(0.0, 0.0, 0.0)","(0.0, 0.0, 0.0)","(0.0, 0.0, 0.0)","(0.0, 0.0, 0.0)",0,0,0,0,0,0,False,0,0,0,0,0,0,0,0,"(0.0, 6.0, 181.0)","(0.2, 0.0, 0.0, 1.0)"
0,829914.5,0,0,0,0,0,0,0,0,0,"(0.0, 0.0)","(0.0, 0.0)","(0.0, 0.0)","(0.0, 0.0, 0.0)","(0.0, 0.0, 0.0)","(0.0, 0.0, 0.0)","(0.0, 0.0, 0.0)","(0.0, 0.0, 0.0)","(0.0, 0.0, 0.0)",0,0,0,0,0,0,False,0,0,0,0,0,0,0,0,"(0.0, 6.0, 181.2)","(0.2, 0.0, 0.0, 1.0)"
0,829936.6,0,0,0,0,0,0,0,0,0,"(0.0, 0.0)","(0.0, 0.0)","(0.0, 0.0)","(0.0, 0.0, 0.0)","(0.0, 0.0, 0.0)","(0.0, 0.0, 0.0)","(0.0, 0.0, 0.0)","(0.0, 0.0, 0.0)","(0.0, 0.0, 0.0)",0,0,0,0,0,0,False,0,0,0,0,0,0,0,0,"(0.0, 6.0, 181.5)","(0.2, 0.0, 0.0, 1.0)"
0,829954.8,0,0,0,0,0,0,0,0,0,"(0.0, 0.0)","(0.0, 0.0)","(0.0, 0.0)","(0.0, 0.0, 0.0)","(0.0, 0.0, 0.0)","(0.0, 0.0, 0.0)","(0.0, 0.0, 0.0)","(0.0, 0.0, 0.0)","(0.0, 0.0, 0.0)",0,0,0,0,0,0,False,0,0,0,0,0,0,0,0,"(0.0, 6.0, 181.7)","(0.2, 0.0, 0.0, 1.0)"
0,829972.7,0,0,0,0,0,0,0,0,0,"(0.0, 0.0)","(0.0, 0.0)","(0.0, 0.0)","(0.0, 0.0, 0.0)","(0.0, 0.0, 0.0)","(0.0, 0.0, 0.0)","(0.0, 0.0, 0.0)","(0.0, 0.0, 0.0)","(0.0, 0.0, 0.0)",0,0,0,0,0,0,False,0,0,0,0,0,0,0,0,"(0.0, 6.0, 181.9)","(0.2, 0.0, 0.0, 1.0)"
0,829990.9,0,0,0,0,0,0,0,0,0,"(0.0, 0.0)","(0.0, 0.0)","(0.0, 0.0)","(0.0, 0.0, 0.0)","(0.0, 0.0, 0.0)","(0.0, 0.0, 0.0)","(0.0, 0.0, 0.0)","(0.0, 0.0, 0.0)","(0.0, 0.0, 0.0)",0,0,0,0,0,0,False,0,0,0,0,0,0,0,0,"(0.0, 6.0, 182.1)","(0.2, 0.0, 0.0, 1.0)"
0,830008.4,0,0,0,0,0,0,0,0,0,"(0.0, 0.0)","(0.0, 0.0)","(0.0, 0.0)","(0.0, 0.0, 0.0)","(0.0, 0.0, 0.0)","(0.0, 0.0, 0.0)","(0.0, 0.0, 0.0)","(0.0, 0.0, 0.0)","(0.0, 0.0, 0.0)",0,0,0,0,0,0,False,0,0,0,0,0,0,0,0,"(0.0, 6.0, 182.3)","(0.2, 0.0, 0.0, 1.0)"
0,830026,0,0,0,0,0,0,0,0,0,"(0.0, 0.0)","(0.0, 0.0)","(0.0, 0.0)","(0.0, 0.0, 0.0)","(0.0, 0.0, 0.0)","(0.0, 0.0, 0.0)","(0.0, 0.0, 0.0)","(0.0, 0.0, 0.0)","(0.0, 0.0, 0.0)",0,0,0,0,0,0,False,0,0,0,0,0,0,0,0,"(0.0, 6.0, 182.5)","(0.2, 0.0, 0.0, 1.0)"
0,830047,0,0,0,0,0,0,0,0,0,"(0.0, 0.0)","(0.0, 0.0)","(0.0, 0.0)","(0.0, 0.0, 0.0)","(0.0, 0.0, 0.0)","(0.0, 0.0, 0.0)","(0.0, 0.0, 0.0)","(0.0, 0.0, 0.0)","(0.0, 0.0, 0.0)",0,0,0,0,0,0,False,0,0,0,0,0,0,0,0,"(0.0, 6.0, 182.7)","(0.2, 0.0, 0.0, 1.0)"
0,830065.4,0,0,0,0,0,0,0,0,0,"(0.0, 0.0)","(0.0, 0.0)","(0.0, 0.0)","(0.0, 0.0, 0.0)","(0.0, 0.0, 0.0)","(0.0, 0.0, 0.0)","(0.0, 0.0, 0.0)","(0.0, 0.0, 0.0)","(0.0, 0.0, 0.0)",0,0,0,0,0,0,False,0,0,0,0,0,0,0,0,"(0.0, 6.0, 182.9)","(0.2, 0.0, 0.0, 1.0)"
0,830085,0,0,0,0,0,0,0,0,0,"(0.0, 0.0)","(0.0, 0.0)","(0.0, 0.0)","(0.0, 0.0, 0.0)","(0.0, 0.0, 0.0)","(0.0, 0.0, 0.0)","(0.0, 0.0, 0.0)","(0.0, 0.0, 0.0)","(0.0, 0.0, 0.0)",0,0,0,0,0,0,False,0,0,0,0,0,0,0,0,"(0.0, 6.0, 183.1)","(0.2, 0.0, 0.0, 1.0)"
0,830104.1,0,0,0,0,0,0,0,0,0,"(0.0, 0.0)","(0.0, 0.0)","(0.0, 0.0)","(0.0, 0.0, 0.0)","(0.0, 0.0, 0.0)","(0.0, 0.0, 0.0)","(0.0, 0.0, 0.0)","(0.0, 0.0, 0.0)","(0.0, 0.0, 0.0)",0,0,0,0,0,0,False,0,0,0,0,0,0,0,0,"(0.0, 6.0, 183.3)","(0.2, 0.0, 0.0, 1.0)"
0,830122.9,0,0,0,0,0,0,0,0,0,"(0.0, 0.0)","(0.0, 0.0)","(0.0, 0.0)","(0.0, 0.0, 0.0)","(0.0, 0.0, 0.0)","(0.0, 0.0, 0.0)","(0.0, 0.0, 0.0)","(0.0, 0.0, 0.0)","(0.0, 0.0, 0.0)",0,0,0,0,0,0,False,0,0,0,0,0,0,0,0,"(0.0, 6.0, 183.5)","(0.2, 0.0, 0.0, 1.0)"
0,830142,0,0,0,0,0,0,0,0,0,"(0.0, 0.0)","(0.0, 0.0)","(0.0, 0.0)","(0.0, 0.0, 0.0)","(0.0, 0.0, 0.0)","(0.0, 0.0, 0.0)","(0.0, 0.0, 0.0)","(0.0, 0.0, 0.0)","(0.0, 0.0, 0.0)",0,0,0,0,0,0,False,0,0,0,0,0,0,0,0,"(0.0, 6.0, 183.7)","(0.2, 0.0, 0.0, 1.0)"
0,830158.4,0,0,0,0,0,0,0,0,0,"(0.0, 0.0)","(0.0, 0.0)","(0.0, 0.0)","(0.0, 0.0, 0.0)","(0.0, 0.0, 0.0)","(0.0, 0.0, 0.0)","(0.0, 0.0, 0.0)","(0.0, 0.0, 0.0)","(0.0, 0.0, 0.0)",0,0,0,0,0,0,False,0,0,0,0,0,0,0,0,"(0.0, 6.0, 183.9)","(0.2, 0.0, 0.0, 1.0)"
0,830175.6,0,0,0,0,0,0,0,0,0,"(0.0, 0.0)","(0.0, 0.0)","(0.0, 0.0)","(0.0, 0.0, 0.0)","(0.0, 0.0, 0.0)","(0.0, 0.0, 0.0)","(0.0, 0.0, 0.0)","(0.0, 0.0, 0.0)","(0.0, 0.0, 0.0)",0,0,0,0,0,0,False,0,0,0,0,0,0,0,0,"(0.0, 6.0, 184.1)","(0.2, 0.0, 0.0, 1.0)"
0,830194,0,0,0,0,0,0,0,0,0,"(0.0, 0.0)","(0.0, 0.0)","(0.0, 0.0)","(0.0, 0.0, 0.0)","(0.0, 0.0, 0.0)","(0.0, 0.0, 0.0)","(0.0, 0.0, 0.0)","(0.0, 0.0, 0.0)","(0.0, 0.0, 0.0)",0,0,0,0,0,0,False,0,0,0,0,0,0,0,0,"(0.0, 6.0, 184.3)","(0.2, 0.0, 0.0, 1.0)"
0,830212.3,0,0,0,0,0,0,0,0,0,"(0.0, 0.0)","(0.0, 0.0)","(0.0, 0.0)","(0.0, 0.0, 0.0)","(0.0, 0.0, 0.0)","(0.0, 0.0, 0.0)","(0.0, 0.0, 0.0)","(0.0, 0.0, 0.0)","(0.0, 0.0, 0.0)",0,0,0,0,0,0,False,0,0,0,0,0,0,0,0,"(0.0, 6.0, 184.5)","(0.2, 0.0, 0.0, 1.0)"
0,830235.6,0,0,0,0,0,0,0,0,0,"(0.0, 0.0)","(0.0, 0.0)","(0.0, 0.0)","(0.0, 0.0, 0.0)","(0.0, 0.0, 0.0)","(0.0, 0.0, 0.0)","(0.0, 0.0, 0.0)","(0.0, 0.0, 0.0)","(0.0, 0.0, 0.0)",0,0,0,0,0,0,False,0,0,0,0,0,0,0,0,"(0.0, 6.0, 184.7)","(0.2, 0.0, 0.0, 1.0)"
0,830254.1,0,0,0,0,0,0,0,0,0,"(0.0, 0.0)","(0.0, 0.0)","(0.0, 0.0)","(0.0, 0.0, 0.0)","(0.0, 0.0, 0.0)","(0.0, 0.0, 0.0)","(0.0, 0.0, 0.0)","(0.0, 0.0, 0.0)","(0.0, 0.0, 0.0)",0,0,0,0,0,0,False,0,0,0,0,0,0,0,0,"(0.0, 6.0, 184.9)","(0.2, 0.0, 0.0, 1.0)"
0,830271.9,0,0,0,0,0,0,0,0,0,"(0.0, 0.0)","(0.0, 0.0)","(0.0, 0.0)","(0.0, 0.0, 0.0)","(0.0, 0.0, 0.0)","(0.0, 0.0, 0.0)","(0.0, 0.0, 0.0)","(0.0, 0.0, 0.0)","(0.0, 0.0, 0.0)",0,0,0,0,0,0,False,0,0,0,0,0,0,0,0,"(0.0, 6.0, 185.0)","(0.2, 0.0, 0.0, 1.0)"
0,830289.3,0,0,0,0,0,0,0,0,0,"(0.0, 0.0)","(0.0, 0.0)","(0.0, 0.0)","(0.0, 0.0, 0.0)","(0.0, 0.0, 0.0)","(0.0, 0.0, 0.0)","(0.0, 0.0, 0.0)","(0.0, 0.0, 0.0)","(0.0, 0.0, 0.0)",0,0,0,0,0,0,False,0,0,0,0,0,0,0,0,"(0.0, 6.0, 185.2)","(0.2, 0.0, 0.0, 1.0)"
0,830306.9,0,0,0,0,0,0,0,0,0,"(0.0, 0.0)","(0.0, 0.0)","(0.0, 0.0)","(0.0, 0.0, 0.0)","(0.0, 0.0, 0.0)","(0.0, 0.0, 0.0)","(0.0, 0.0, 0.0)","(0.0, 0.0, 0.0)","(0.0, 0.0, 0.0)",0,0,0,0,0,0,False,0,0,0,0,0,0,0,0,"(0.0, 6.0, 185.4)","(0.2, 0.0, 0.0, 1.0)"
0,830324.1,0,0,0,0,0,0,0,0,0,"(0.0, 0.0)","(0.0, 0.0)","(0.0, 0.0)","(0.0, 0.0, 0.0)","(0.0, 0.0, 0.0)","(0.0, 0.0, 0.0)","(0.0, 0.0, 0.0)","(0.0, 0.0, 0.0)","(0.0, 0.0, 0.0)",0,0,0,0,0,0,False,0,0,0,0,0,0,0,0,"(0.0, 6.0, 185.6)","(0.2, 0.0, 0.0, 1.0)"
0,830341.7,0,0,0,0,0,0,0,0,0,"(0.0, 0.0)","(0.0, 0.0)","(0.0, 0.0)","(0.0, 0.0, 0.0)","(0.0, 0.0, 0.0)","(0.0, 0.0, 0.0)","(0.0, 0.0, 0.0)","(0.0, 0.0, 0.0)","(0.0, 0.0, 0.0)",0,0,0,0,0,0,False,0,0,0,0,0,0,0,0,"(0.0, 6.0, 185.8)","(0.2, 0.0, 0.0, 1.0)"
0,830358.3,0,0,0,0,0,0,0,0,0,"(0.0, 0.0)","(0.0, 0.0)","(0.0, 0.0)","(0.0, 0.0, 0.0)","(0.0, 0.0, 0.0)","(0.0, 0.0, 0.0)","(0.0, 0.0, 0.0)","(0.0, 0.0, 0.0)","(0.0, 0.0, 0.0)",0,0,0,0,0,0,False,0,0,0,0,0,0,0,0,"(0.0, 6.0, 186.0)","(0.2, 0.0, 0.0, 1.0)"
0,830376,0,0,0,0,0,0,0,0,0,"(0.0, 0.0)","(0.0, 0.0)","(0.0, 0.0)","(0.0, 0.0, 0.0)","(0.0, 0.0, 0.0)","(0.0, 0.0, 0.0)","(0.0, 0.0, 0.0)","(0.0, 0.0, 0.0)","(0.0, 0.0, 0.0)",0,0,0,0,0,0,False,0,0,0,0,0,0,0,0,"(0.0, 6.0, 186.2)","(0.2, 0.0, 0.0, 1.0)"
0,830393.3,0,0,0,0,0,0,0,0,0,"(0.0, 0.0)","(0.0, 0.0)","(0.0, 0.0)","(0.0, 0.0, 0.0)","(0.0, 0.0, 0.0)","(0.0, 0.0, 0.0)","(0.0, 0.0, 0.0)","(0.0, 0.0, 0.0)","(0.0, 0.0, 0.0)",0,0,0,0,0,0,False,0,0,0,0,0,0,0,0,"(0.0, 6.0, 186.3)","(0.2, 0.0, 0.0, 1.0)"
0,830414.3,0,0,0,0,0,0,0,0,0,"(0.0, 0.0)","(0.0, 0.0)","(0.0, 0.0)","(0.0, 0.0, 0.0)","(0.0, 0.0, 0.0)","(0.0, 0.0, 0.0)","(0.0, 0.0, 0.0)","(0.0, 0.0, 0.0)","(0.0, 0.0, 0.0)",0,0,0,0,0,0,False,0,0,0,0,0,0,0,0,"(0.0, 6.0, 186.5)","(0.2, 0.0, 0.0, 1.0)"
0,830436.3,0,0,0,0,0,0,0,0,0,"(0.0, 0.0)","(0.0, 0.0)","(0.0, 0.0)","(0.0, 0.0, 0.0)","(0.0, 0.0, 0.0)","(0.0, 0.0, 0.0)","(0.0, 0.0, 0.0)","(0.0, 0.0, 0.0)","(0.0, 0.0, 0.0)",0,0,0,0,0,0,False,0,0,0,0,0,0,0,0,"(0.0, 6.0, 186.7)","(0.2, 0.0, 0.0, 1.0)"
0,830458.3,0,0,0,0,0,0,0,0,0,"(0.0, 0.0)","(0.0, 0.0)","(0.0, 0.0)","(0.0, 0.0, 0.0)","(0.0, 0.0, 0.0)","(0.0, 0.0, 0.0)","(0.0, 0.0, 0.0)","(0.0, 0.0, 0.0)","(0.0, 0.0, 0.0)",0,0,0,0,0,0,False,0,0,0,0,0,0,0,0,"(0.0, 6.0, 186.9)","(0.2, 0.0, 0.0, 1.0)"
0,830480.8,0,0,0,0,0,0,0,0,0,"(0.0, 0.0)","(0.0, 0.0)","(0.0, 0.0)","(0.0, 0.0, 0.0)","(0.0, 0.0, 0.0)","(0.0, 0.0, 0.0)","(0.0, 0.0, 0.0)","(0.0, 0.0, 0.0)","(0.0, 0.0, 0.0)",0,0,0,0,0,0,False,0,0,0,0,0,0,0,0,"(0.0, 6.0, 187.1)","(0.2, 0.0, 0.0, 1.0)"
0,830502.8,0,0,0,0,0,0,0,0,0,"(0.0, 0.0)","(0.0, 0.0)","(0.0, 0.0)","(0.0, 0.0, 0.0)","(0.0, 0.0, 0.0)","(0.0, 0.0, 0.0)","(0.0, 0.0, 0.0)","(0.0, 0.0, 0.0)","(0.0, 0.0, 0.0)",0,0,0,0,0,0,False,0,0,0,0,0,0,0,0,"(0.0, 6.0, 187.3)","(0.2, 0.0, 0.0, 1.0)"
0,830524.9,0,0,0,0,0,0,0,0,0,"(0.0, 0.0)","(0.0, 0.0)","(0.0, 0.0)","(0.0, 0.0, 0.0)","(0.0, 0.0, 0.0)","(0.0, 0.0, 0.0)","(0.0, 0.0, 0.0)","(0.0, 0.0, 0.0)","(0.0, 0.0, 0.0)",0,0,0,0,0,0,False,0,0,0,0,0,0,0,0,"(0.0, 6.0, 187.5)","(0.2, 0.0, 0.0, 1.0)"
0,830548.1,0,0,0,0,0,0,0,0,0,"(0.0, 0.0)","(0.0, 0.0)","(0.0, 0.0)","(0.0, 0.0, 0.0)","(0.0, 0.0, 0.0)","(0.0, 0.0, 0.0)","(0.0, 0.0, 0.0)","(0.0, 0.0, 0.0)","(0.0, 0.0, 0.0)",0,0,0,0,0,0,False,0,0,0,0,0,0,0,0,"(0.0, 6.0, 187.7)","(0.2, 0.0, 0.0, 1.0)"
0,830569.4,0,0,0,0,0,0,0,0,0,"(0.0, 0.0)","(0.0, 0.0)","(0.0, 0.0)","(0.0, 0.0, 0.0)","(0.0, 0.0, 0.0)","(0.0, 0.0, 0.0)","(0.0, 0.0, 0.0)","(0.0, 0.0, 0.0)","(0.0, 0.0, 0.0)",0,0,0,0,0,0,False,0,0,0,0,0,0,0,0,"(0.0, 6.0, 187.9)","(0.2, 0.0, 0.0, 1.0)"
0,830591.8,0,0,0,0,0,0,0,0,0,"(0.0, 0.0)","(0.0, 0.0)","(0.0, 0.0)","(0.0, 0.0, 0.0)","(0.0, 0.0, 0.0)","(0.0, 0.0, 0.0)","(0.0, 0.0, 0.0)","(0.0, 0.0, 0.0)","(0.0, 0.0, 0.0)",0,0,0,0,0,0,False,0,0,0,0,0,0,0,0,"(0.0, 6.0, 188.1)","(0.2, 0.0, 0.0, 1.0)"
0,830614.6,0,0,0,0,0,0,0,0,0,"(0.0, 0.0)","(0.0, 0.0)","(0.0, 0.0)","(0.0, 0.0, 0.0)","(0.0, 0.0, 0.0)","(0.0, 0.0, 0.0)","(0.0, 0.0, 0.0)","(0.0, 0.0, 0.0)","(0.0, 0.0, 0.0)",0,0,0,0,0,0,False,0,0,0,0,0,0,0,0,"(0.0, 6.0, 188.3)","(0.2, 0.0, 0.0, 1.0)"
0,830638.9,0,0,0,0,0,0,0,0,0,"(0.0, 0.0)","(0.0, 0.0)","(0.0, 0.0)","(0.0, 0.0, 0.0)","(0.0, 0.0, 0.0)","(0.0, 0.0, 0.0)","(0.0, 0.0, 0.0)","(0.0, 0.0, 0.0)","(0.0, 0.0, 0.0)",0,0,0,0,0,0,False,0,0,0,0,0,0,0,0,"(0.0, 6.0, 188.5)","(0.2, 0.0, 0.0, 1.0)"
0,830658.2,0,0,0,0,0,0,0,0,0,"(0.0, 0.0)","(0.0, 0.0)","(0.0, 0.0)","(0.0, 0.0, 0.0)","(0.0, 0.0, 0.0)","(0.0, 0.0, 0.0)","(0.0, 0.0, 0.0)","(0.0, 0.0, 0.0)","(0.0, 0.0, 0.0)",0,0,0,0,0,0,False,0,0,0,0,0,0,0,0,"(0.0, 6.0, 188.7)","(0.2, 0.0, 0.0, 1.0)"
0,830681,0,0,0,0,0,0,0,0,0,"(0.0, 0.0)","(0.0, 0.0)","(0.0, 0.0)","(0.0, 0.0, 0.0)","(0.0, 0.0, 0.0)","(0.0, 0.0, 0.0)","(0.0, 0.0, 0.0)","(0.0, 0.0, 0.0)","(0.0, 0.0, 0.0)",0,0,0,0,0,0,False,0,0,0,0,0,0,0,0,"(0.0, 6.0, 189.0)","(0.2, 0.0, 0.0, 1.0)"
0,830703.3,0,0,0,0,0,0,0,0,0,"(0.0, 0.0)","(0.0, 0.0)","(0.0, 0.0)","(0.0, 0.0, 0.0)","(0.0, 0.0, 0.0)","(0.0, 0.0, 0.0)","(0.0, 0.0, 0.0)","(0.0, 0.0, 0.0)","(0.0, 0.0, 0.0)",0,0,0,0,0,0,False,0,0,0,0,0,0,0,0,"(0.0, 6.0, 189.2)","(0.2, 0.0, 0.0, 1.0)"
0,830725.3,0,0,0,0,0,0,0,0,0,"(0.0, 0.0)","(0.0, 0.0)","(0.0, 0.0)","(0.0, 0.0, 0.0)","(0.0, 0.0, 0.0)","(0.0, 0.0, 0.0)","(0.0, 0.0, 0.0)","(0.0, 0.0, 0.0)","(0.0, 0.0, 0.0)",0,0,0,0,0,0,False,0,0,0,0,0,0,0,0,"(0.0, 6.0, 189.4)","(0.2, 0.0, 0.0, 1.0)"
0,830755.5,0,0,0,0,0,0,0,0,0,"(0.0, 0.0)","(0.0, 0.0)","(0.0, 0.0)","(0.0, 0.0, 0.0)","(0.0, 0.0, 0.0)","(0.0, 0.0, 0.0)","(0.0, 0.0, 0.0)","(0.0, 0.0, 0.0)","(0.0, 0.0, 0.0)",0,0,0,0,0,0,False,0,0,0,0,0,0,0,0,"(0.0, 6.0, 189.6)","(0.2, 0.0, 0.0, 1.0)"
0,830775.8,0,0,0,0,0,0,0,0,0,"(0.0, 0.0)","(0.0, 0.0)","(0.0, 0.0)","(0.0, 0.0, 0.0)","(0.0, 0.0, 0.0)","(0.0, 0.0, 0.0)","(0.0, 0.0, 0.0)","(0.0, 0.0, 0.0)","(0.0, 0.0, 0.0)",0,0,0,0,0,0,False,0,0,0,0,0,0,0,0,"(0.0, 6.0, 189.8)","(0.2, 0.0, 0.0, 1.0)"
0,830795.6,0,0,0,0,0,0,0,0,0,"(0.0, 0.0)","(0.0, 0.0)","(0.0, 0.0)","(0.0, 0.0, 0.0)","(0.0, 0.0, 0.0)","(0.0, 0.0, 0.0)","(0.0, 0.0, 0.0)","(0.0, 0.0, 0.0)","(0.0, 0.0, 0.0)",0,0,0,0,0,0,False,0,0,0,0,0,0,0,0,"(0.0, 6.0, 190.0)","(0.2, 0.0, 0.0, 1.0)"
0,830816,0,0,0,0,0,0,0,0,0,"(0.0, 0.0)","(0.0, 0.0)","(0.0, 0.0)","(0.0, 0.0, 0.0)","(0.0, 0.0, 0.0)","(0.0, 0.0, 0.0)","(0.0, 0.0, 0.0)","(0.0, 0.0, 0.0)","(0.0, 0.0, 0.0)",0,0,0,0,0,0,False,0,0,0,0,0,0,0,0,"(0.0, 6.0, 190.3)","(0.2, 0.0, 0.0, 1.0)"
0,830836.3,0,0,0,0,0,0,0,0,0,"(0.0, 0.0)","(0.0, 0.0)","(0.0, 0.0)","(0.0, 0.0, 0.0)","(0.0, 0.0, 0.0)","(0.0, 0.0, 0.0)","(0.0, 0.0, 0.0)","(0.0, 0.0, 0.0)","(0.0, 0.0, 0.0)",0,0,0,0,0,0,False,0,0,0,0,0,0,0,0,"(0.0, 6.0, 190.5)","(0.2, 0.0, 0.0, 1.0)"
0,830858.5,0,0,0,0,0,0,0,0,0,"(0.0, 0.0)","(0.0, 0.0)","(0.0, 0.0)","(0.0, 0.0, 0.0)","(0.0, 0.0, 0.0)","(0.0, 0.0, 0.0)","(0.0, 0.0, 0.0)","(0.0, 0.0, 0.0)","(0.0, 0.0, 0.0)",0,0,0,0,0,0,False,0,0,0,0,0,0,0,0,"(0.0, 6.0, 190.7)","(0.2, 0.0, 0.0, 1.0)"
0,830876.1,0,0,0,0,0,0,0,0,0,"(0.0, 0.0)","(0.0, 0.0)","(0.0, 0.0)","(0.0, 0.0, 0.0)","(0.0, 0.0, 0.0)","(0.0, 0.0, 0.0)","(0.0, 0.0, 0.0)","(0.0, 0.0, 0.0)","(0.0, 0.0, 0.0)",0,0,0,0,0,0,False,0,0,0,0,0,0,0,0,"(0.0, 6.0, 190.9)","(0.2, 0.0, 0.0, 1.0)"
0,830895.9,0,0,0,0,0,0,0,0,0,"(0.0, 0.0)","(0.0, 0.0)","(0.0, 0.0)","(0.0, 0.0, 0.0)","(0.0, 0.0, 0.0)","(0.0, 0.0, 0.0)","(0.0, 0.0, 0.0)","(0.0, 0.0, 0.0)","(0.0, 0.0, 0.0)",0,0,0,0,0,0,False,0,0,0,0,0,0,0,0,"(0.0, 6.0, 191.1)","(0.2, 0.0, 0.0, 1.0)"
0,830916.1,0,0,0,0,0,0,0,0,0,"(0.0, 0.0)","(0.0, 0.0)","(0.0, 0.0)","(0.0, 0.0, 0.0)","(0.0, 0.0, 0.0)","(0.0, 0.0, 0.0)","(0.0, 0.0, 0.0)","(0.0, 0.0, 0.0)","(0.0, 0.0, 0.0)",0,0,0,0,0,0,False,0,0,0,0,0,0,0,0,"(0.0, 6.0, 191.3)","(0.2, 0.0, 0.0, 1.0)"
0,830936.6,0,0,0,0,0,0,0,0,0,"(0.0, 0.0)","(0.0, 0.0)","(0.0, 0.0)","(0.0, 0.0, 0.0)","(0.0, 0.0, 0.0)","(0.0, 0.0, 0.0)","(0.0, 0.0, 0.0)","(0.0, 0.0, 0.0)","(0.0, 0.0, 0.0)",0,0,0,0,0,0,False,0,0,0,0,0,0,0,0,"(0.0, 6.0, 191.5)","(0.2, 0.0, 0.0, 1.0)"
0,830955.9,0,0,0,0,0,0,0,0,0,"(0.0, 0.0)","(0.0, 0.0)","(0.0, 0.0)","(0.0, 0.0, 0.0)","(0.0, 0.0, 0.0)","(0.0, 0.0, 0.0)","(0.0, 0.0, 0.0)","(0.0, 0.0, 0.0)","(0.0, 0.0, 0.0)",0,0,0,0,0,0,False,0,0,0,0,0,0,0,0,"(0.0, 6.0, 191.7)","(0.2, 0.0, 0.0, 1.0)"
0,830975.5,0,0,0,0,0,0,0,0,0,"(0.0, 0.0)","(0.0, 0.0)","(0.0, 0.0)","(0.0, 0.0, 0.0)","(0.0, 0.0, 0.0)","(0.0, 0.0, 0.0)","(0.0, 0.0, 0.0)","(0.0, 0.0, 0.0)","(0.0, 0.0, 0.0)",0,0,0,0,0,0,False,0,0,0,0,0,0,0,0,"(0.0, 6.0, 191.9)","(0.2, 0.0, 0.0, 1.0)"
0,831001.5,0,0,0,0,0,0,0,0,0,"(0.0, 0.0)","(0.0, 0.0)","(0.0, 0.0)","(0.0, 0.0, 0.0)","(0.0, 0.0, 0.0)","(0.0, 0.0, 0.0)","(0.0, 0.0, 0.0)","(0.0, 0.0, 0.0)","(0.0, 0.0, 0.0)",0,0,0,0,0,0,False,0,0,0,0,0,0,0,0,"(0.0, 6.0, 192.2)","(0.2, 0.0, 0.0, 1.0)"
0,831021.1,0,0,0,0,0,0,0,0,0,"(0.0, 0.0)","(0.0, 0.0)","(0.0, 0.0)","(0.0, 0.0, 0.0)","(0.0, 0.0, 0.0)","(0.0, 0.0, 0.0)","(0.0, 0.0, 0.0)","(0.0, 0.0, 0.0)","(0.0, 0.0, 0.0)",0,0,0,0,0,0,False,0,0,0,0,0,0,0,0,"(0.0, 6.0, 192.4)","(0.2, 0.0, 0.0, 1.0)"
0,831040.4,0,0,0,0,0,0,0,0,0,"(0.0, 0.0)","(0.0, 0.0)","(0.0, 0.0)","(0.0, 0.0, 0.0)","(0.0, 0.0, 0.0)","(0.0, 0.0, 0.0)","(0.0, 0.0, 0.0)","(0.0, 0.0, 0.0)","(0.0, 0.0, 0.0)",0,0,0,0,0,0,False,0,0,0,0,0,0,0,0,"(0.0, 6.0, 192.6)","(0.2, 0.0, 0.0, 1.0)"
0,831061.4,0,0,0,0,0,0,0,0,0,"(0.0, 0.0)","(0.0, 0.0)","(0.0, 0.0)","(0.0, 0.0, 0.0)","(0.0, 0.0, 0.0)","(0.0, 0.0, 0.0)","(0.0, 0.0, 0.0)","(0.0, 0.0, 0.0)","(0.0, 0.0, 0.0)",0,0,0,0,0,0,False,0,0,0,0,0,0,0,0,"(0.0, 6.0, 192.8)","(0.2, 0.0, 0.0, 1.0)"
0,831080,0,0,0,0,0,0,0,0,0,"(0.0, 0.0)","(0.0, 0.0)","(0.0, 0.0)","(0.0, 0.0, 0.0)","(0.0, 0.0, 0.0)","(0.0, 0.0, 0.0)","(0.0, 0.0, 0.0)","(0.0, 0.0, 0.0)","(0.0, 0.0, 0.0)",0,0,0,0,0,0,False,0,0,0,0,0,0,0,0,"(0.0, 6.0, 193.0)","(0.2, 0.0, 0.0, 1.0)"
0,831100.6,0,0,0,0,0,0,0,0,0,"(0.0, 0.0)","(0.0, 0.0)","(0.0, 0.0)","(0.0, 0.0, 0.0)","(0.0, 0.0, 0.0)","(0.0, 0.0, 0.0)","(0.0, 0.0, 0.0)","(0.0, 0.0, 0.0)","(0.0, 0.0, 0.0)",0,0,0,0,0,0,False,0,0,0,0,0,0,0,0,"(0.0, 6.0, 193.2)","(0.2, 0.0, 0.0, 1.0)"
0,831119.9,0,0,0,0,0,0,0,0,0,"(0.0, 0.0)","(0.0, 0.0)","(0.0, 0.0)","(0.0, 0.0, 0.0)","(0.0, 0.0, 0.0)","(0.0, 0.0, 0.0)","(0.0, 0.0, 0.0)","(0.0, 0.0, 0.0)","(0.0, 0.0, 0.0)",0,0,0,0,0,0,False,0,0,0,0,0,0,0,0,"(0.0, 6.0, 193.4)","(0.2, 0.0, 0.0, 1.0)"
0,831139,0,0,0,0,0,0,0,0,0,"(0.0, 0.0)","(0.0, 0.0)","(0.0, 0.0)","(0.0, 0.0, 0.0)","(0.0, 0.0, 0.0)","(0.0, 0.0, 0.0)","(0.0, 0.0, 0.0)","(0.0, 0.0, 0.0)","(0.0, 0.0, 0.0)",0,0,0,0,0,0,False,0,0,0,0,0,0,0,0,"(0.0, 6.0, 193.6)","(0.2, 0.0, 0.0, 1.0)"
0,831157.4,0,0,0,0,0,0,0,0,0,"(0.0, 0.0)","(0.0, 0.0)","(0.0, 0.0)","(0.0, 0.0, 0.0)","(0.0, 0.0, 0.0)","(0.0, 0.0, 0.0)","(0.0, 0.0, 0.0)","(0.0, 0.0, 0.0)","(0.0, 0.0, 0.0)",0,0,0,0,0,0,False,0,0,0,0,0,0,0,0,"(0.0, 6.0, 193.8)","(0.2, 0.0, 0.0, 1.0)"
0,831177.1,0,0,0,0,0,0,0,0,0,"(0.0, 0.0)","(0.0, 0.0)","(0.0, 0.0)","(0.0, 0.0, 0.0)","(0.0, 0.0, 0.0)","(0.0, 0.0, 0.0)","(0.0, 0.0, 0.0)","(0.0, 0.0, 0.0)","(0.0, 0.0, 0.0)",0,0,0,0,0,0,False,0,0,0,0,0,0,0,0,"(0.0, 6.0, 194.0)","(0.2, 0.0, 0.0, 1.0)"
0,831202,0,0,0,0,0,0,0,0,0,"(0.0, 0.0)","(0.0, 0.0)","(0.0, 0.0)","(0.0, 0.0, 0.0)","(0.0, 0.0, 0.0)","(0.0, 0.0, 0.0)","(0.0, 0.0, 0.0)","(0.0, 0.0, 0.0)","(0.0, 0.0, 0.0)",0,0,0,0,0,0,False,0,0,0,0,0,0,0,0,"(0.0, 6.0, 194.2)","(0.2, 0.0, 0.0, 1.0)"
0,831219.4,0,0,0,0,0,0,0,0,0,"(0.0, 0.0)","(0.0, 0.0)","(0.0, 0.0)","(0.0, 0.0, 0.0)","(0.0, 0.0, 0.0)","(0.0, 0.0, 0.0)","(0.0, 0.0, 0.0)","(0.0, 0.0, 0.0)","(0.0, 0.0, 0.0)",0,0,0,0,0,0,False,0,0,0,0,0,0,0,0,"(0.0, 6.0, 194.4)","(0.2, 0.0, 0.0, 1.0)"
0,831238.1,0,0,0,0,0,0,0,0,0,"(0.0, 0.0)","(0.0, 0.0)","(0.0, 0.0)","(0.0, 0.0, 0.0)","(0.0, 0.0, 0.0)","(0.0, 0.0, 0.0)","(0.0, 0.0, 0.0)","(0.0, 0.0, 0.0)","(0.0, 0.0, 0.0)",0,0,0,0,0,0,False,0,0,0,0,0,0,0,0,"(0.0, 6.0, 194.6)","(0.2, 0.0, 0.0, 1.0)"
0,831256.8,0,0,0,0,0,0,0,0,0,"(0.0, 0.0)","(0.0, 0.0)","(0.0, 0.0)","(0.0, 0.0, 0.0)","(0.0, 0.0, 0.0)","(0.0, 0.0, 0.0)","(0.0, 0.0, 0.0)","(0.0, 0.0, 0.0)","(0.0, 0.0, 0.0)",0,0,0,0,0,0,False,0,0,0,0,0,0,0,0,"(0.0, 6.0, 194.8)","(0.2, 0.0, 0.0, 1.0)"
0,831275.3,0,0,0,0,0,0,0,0,0,"(0.0, 0.0)","(0.0, 0.0)","(0.0, 0.0)","(0.0, 0.0, 0.0)","(0.0, 0.0, 0.0)","(0.0, 0.0, 0.0)","(0.0, 0.0, 0.0)","(0.0, 0.0, 0.0)","(0.0, 0.0, 0.0)",0,0,0,0,0,0,False,0,0,0,0,0,0,0,0,"(0.0, 6.0, 195.0)","(0.2, 0.0, 0.0, 1.0)"
0,831294.1,0,0,0,0,0,0,0,0,0,"(0.0, 0.0)","(0.0, 0.0)","(0.0, 0.0)","(0.0, 0.0, 0.0)","(0.0, 0.0, 0.0)","(0.0, 0.0, 0.0)","(0.0, 0.0, 0.0)","(0.0, 0.0, 0.0)","(0.0, 0.0, 0.0)",0,0,0,0,0,0,False,0,0,0,0,0,0,0,0,"(0.0, 6.0, 195.2)","(0.2, 0.0, 0.0, 1.0)"
0,831313.6,0,0,0,0,0,0,0,0,0,"(0.0, 0.0)","(0.0, 0.0)","(0.0, 0.0)","(0.0, 0.0, 0.0)","(0.0, 0.0, 0.0)","(0.0, 0.0, 0.0)","(0.0, 0.0, 0.0)","(0.0, 0.0, 0.0)","(0.0, 0.0, 0.0)",0,0,0,0,0,0,False,0,0,0,0,0,0,0,0,"(0.0, 6.0, 195.4)","(0.2, 0.0, 0.0, 1.0)"
0,831331.9,0,0,0,0,0,0,0,0,0,"(0.0, 0.0)","(0.0, 0.0)","(0.0, 0.0)","(0.0, 0.0, 0.0)","(0.0, 0.0, 0.0)","(0.0, 0.0, 0.0)","(0.0, 0.0, 0.0)","(0.0, 0.0, 0.0)","(0.0, 0.0, 0.0)",0,0,0,0,0,0,False,0,0,0,0,0,0,0,0,"(0.0, 6.0, 195.6)","(0.2, 0.0, 0.0, 1.0)"
0,831351.7,0,0,0,0,0,0,0,0,0,"(0.0, 0.0)","(0.0, 0.0)","(0.0, 0.0)","(0.0, 0.0, 0.0)","(0.0, 0.0, 0.0)","(0.0, 0.0, 0.0)","(0.0, 0.0, 0.0)","(0.0, 0.0, 0.0)","(0.0, 0.0, 0.0)",0,0,0,0,0,0,False,0,0,0,0,0,0,0,0,"(0.0, 6.0, 195.8)","(0.2, 0.0, 0.0, 1.0)"
0,831370.5,0,0,0,0,0,0,0,0,0,"(0.0, 0.0)","(0.0, 0.0)","(0.0, 0.0)","(0.0, 0.0, 0.0)","(0.0, 0.0, 0.0)","(0.0, 0.0, 0.0)","(0.0, 0.0, 0.0)","(0.0, 0.0, 0.0)","(0.0, 0.0, 0.0)",0,0,0,0,0,0,False,0,0,0,0,0,0,0,0,"(0.0, 6.0, 196.0)","(0.2, 0.0, 0.0, 1.0)"
0,831404.6,0,0,0,0,0,0,0,0,0,"(0.0, 0.0)","(0.0, 0.0)","(0.0, 0.0)","(0.0, 0.0, 0.0)","(0.0, 0.0, 0.0)","(0.0, 0.0, 0.0)","(0.0, 0.0, 0.0)","(0.0, 0.0, 0.0)","(0.0, 0.0, 0.0)",0,0,0,0,0,0,False,0,0,0,0,0,0,0,0,"(0.0, 6.0, 196.2)","(0.2, 0.0, 0.0, 1.0)"
0,831424.3,0,0,0,0,0,0,0,0,0,"(0.0, 0.0)","(0.0, 0.0)","(0.0, 0.0)","(0.0, 0.0, 0.0)","(0.0, 0.0, 0.0)","(0.0, 0.0, 0.0)","(0.0, 0.0, 0.0)","(0.0, 0.0, 0.0)","(0.0, 0.0, 0.0)",0,0,0,0,0,0,False,0,0,0,0,0,0,0,0,"(0.0, 6.0, 196.4)","(0.2, 0.0, 0.0, 1.0)"
0,831443.1,0,0,0,0,0,0,0,0,0,"(0.0, 0.0)","(0.0, 0.0)","(0.0, 0.0)","(0.0, 0.0, 0.0)","(0.0, 0.0, 0.0)","(0.0, 0.0, 0.0)","(0.0, 0.0, 0.0)","(0.0, 0.0, 0.0)","(0.0, 0.0, 0.0)",0,0,0,0,0,0,False,0,0,0,0,0,0,0,0,"(0.0, 6.0, 196.6)","(0.2, 0.0, 0.0, 1.0)"
0,831461.4,0,0,0,0,0,0,0,0,0,"(0.0, 0.0)","(0.0, 0.0)","(0.0, 0.0)","(0.0, 0.0, 0.0)","(0.0, 0.0, 0.0)","(0.0, 0.0, 0.0)","(0.0, 0.0, 0.0)","(0.0, 0.0, 0.0)","(0.0, 0.0, 0.0)",0,0,0,0,0,0,False,0,0,0,0,0,0,0,0,"(0.0, 6.0, 196.8)","(0.2, 0.0, 0.0, 1.0)"
0,831480.6,0,0,0,0,0,0,0,0,0,"(0.0, 0.0)","(0.0, 0.0)","(0.0, 0.0)","(0.0, 0.0, 0.0)","(0.0, 0.0, 0.0)","(0.0, 0.0, 0.0)","(0.0, 0.0, 0.0)","(0.0, 0.0, 0.0)","(0.0, 0.0, 0.0)",0,0,0,0,0,0,False,0,0,0,0,0,0,0,0,"(0.0, 6.0, 197.0)","(0.2, 0.0, 0.0, 1.0)"
0,831503.1,0,0,0,0,0,0,0,0,0,"(0.0, 0.0)","(0.0, 0.0)","(0.0, 0.0)","(0.0, 0.0, 0.0)","(0.0, 0.0, 0.0)","(0.0, 0.0, 0.0)","(0.0, 0.0, 0.0)","(0.0, 0.0, 0.0)","(0.0, 0.0, 0.0)",0,0,0,0,0,0,False,0,0,0,0,0,0,0,0,"(0.0, 6.0, 197.2)","(0.2, 0.0, 0.0, 1.0)"
0,831524.2,0,0,0,0,0,0,0,0,0,"(0.0, 0.0)","(0.0, 0.0)","(0.0, 0.0)","(0.0, 0.0, 0.0)","(0.0, 0.0, 0.0)","(0.0, 0.0, 0.0)","(0.0, 0.0, 0.0)","(0.0, 0.0, 0.0)","(0.0, 0.0, 0.0)",0,0,0,0,0,0,False,0,0,0,0,0,0,0,0,"(0.0, 6.0, 197.4)","(0.2, 0.0, 0.0, 1.0)"
0,831547.6,0,0,0,0,0,0,0,0,0,"(0.0, 0.0)","(0.0, 0.0)","(0.0, 0.0)","(0.0, 0.0, 0.0)","(0.0, 0.0, 0.0)","(0.0, 0.0, 0.0)","(0.0, 0.0, 0.0)","(0.0, 0.0, 0.0)","(0.0, 0.0, 0.0)",0,0,0,0,0,0,False,0,0,0,0,0,0,0,0,"(0.0, 6.0, 197.7)","(0.2, 0.0, 0.0, 1.0)"
0,831569.3,0,0,0,0,0,0,0,0,0,"(0.0, 0.0)","(0.0, 0.0)","(0.0, 0.0)","(0.0, 0.0, 0.0)","(0.0, 0.0, 0.0)","(0.0, 0.0, 0.0)","(0.0, 0.0, 0.0)","(0.0, 0.0, 0.0)","(0.0, 0.0, 0.0)",0,0,0,0,0,0,False,0,0,0,0,0,0,0,0,"(0.0, 6.0, 197.9)","(0.2, 0.0, 0.0, 1.0)"
0,831591,0,0,0,0,0,0,0,0,0,"(0.0, 0.0)","(0.0, 0.0)","(0.0, 0.0)","(0.0, 0.0, 0.0)","(0.0, 0.0, 0.0)","(0.0, 0.0, 0.0)","(0.0, 0.0, 0.0)","(0.0, 0.0, 0.0)","(0.0, 0.0, 0.0)",0,0,0,0,0,0,False,0,0,0,0,0,0,0,0,"(0.0, 6.0, 198.1)","(0.2, 0.0, 0.0, 1.0)"
0,831613.9,0,0,0,0,0,0,0,0,0,"(0.0, 0.0)","(0.0, 0.0)","(0.0, 0.0)","(0.0, 0.0, 0.0)","(0.0, 0.0, 0.0)","(0.0, 0.0, 0.0)","(0.0, 0.0, 0.0)","(0.0, 0.0, 0.0)","(0.0, 0.0, 0.0)",0,0,0,0,0,0,False,0,0,0,0,0,0,0,0,"(0.0, 6.0, 198.3)","(0.2, 0.0, 0.0, 1.0)"
0,831637.6,0,0,0,0,0,0,0,0,0,"(0.0, 0.0)","(0.0, 0.0)","(0.0, 0.0)","(0.0, 0.0, 0.0)","(0.0, 0.0, 0.0)","(0.0, 0.0, 0.0)","(0.0, 0.0, 0.0)","(0.0, 0.0, 0.0)","(0.0, 0.0, 0.0)",0,0,0,0,0,0,False,0,0,0,0,0,0,0,0,"(0.0, 6.0, 198.5)","(0.2, 0.0, 0.0, 1.0)"
0,831658.1,0,0,0,0,0,0,0,0,0,"(0.0, 0.0)","(0.0, 0.0)","(0.0, 0.0)","(0.0, 0.0, 0.0)","(0.0, 0.0, 0.0)","(0.0, 0.0, 0.0)","(0.0, 0.0, 0.0)","(0.0, 0.0, 0.0)","(0.0, 0.0, 0.0)",0,0,0,0,0,0,False,0,0,0,0,0,0,0,0,"(0.0, 6.0, 198.7)","(0.2, 0.0, 0.0, 1.0)"
0,831680.3,0,0,0,0,0,0,0,0,0,"(0.0, 0.0)","(0.0, 0.0)","(0.0, 0.0)","(0.0, 0.0, 0.0)","(0.0, 0.0, 0.0)","(0.0, 0.0, 0.0)","(0.0, 0.0, 0.0)","(0.0, 0.0, 0.0)","(0.0, 0.0, 0.0)",0,0,0,0,0,0,False,0,0,0,0,0,0,0,0,"(0.0, 6.0, 198.9)","(0.2, 0.0, 0.0, 1.0)"
0,831702.3,0,0,0,0,0,0,0,0,0,"(0.0, 0.0)","(0.0, 0.0)","(0.0, 0.0)","(0.0, 0.0, 0.0)","(0.0, 0.0, 0.0)","(0.0, 0.0, 0.0)","(0.0, 0.0, 0.0)","(0.0, 0.0, 0.0)","(0.0, 0.0, 0.0)",0,0,0,0,0,0,False,0,0,0,0,0,0,0,0,"(0.0, 6.0, 199.1)","(0.2, 0.0, 0.0, 1.0)"
0,831724.5,0,0,0,0,0,0,0,0,0,"(0.0, 0.0)","(0.0, 0.0)","(0.0, 0.0)","(0.0, 0.0, 0.0)","(0.0, 0.0, 0.0)","(0.0, 0.0, 0.0)","(0.0, 0.0, 0.0)","(0.0, 0.0, 0.0)","(0.0, 0.0, 0.0)",0,0,0,0,0,0,False,0,0,0,0,0,0,0,0,"(0.0, 6.0, 199.4)","(0.2, 0.0, 0.0, 1.0)"
0,831747.6,0,0,0,0,0,0,0,0,0,"(0.0, 0.0)","(0.0, 0.0)","(0.0, 0.0)","(0.0, 0.0, 0.0)","(0.0, 0.0, 0.0)","(0.0, 0.0, 0.0)","(0.0, 0.0, 0.0)","(0.0, 0.0, 0.0)","(0.0, 0.0, 0.0)",0,0,0,0,0,0,False,0,0,0,0,0,0,0,0,"(0.0, 6.0, 199.6)","(0.2, 0.0, 0.0, 1.0)"
0,831768.9,0,0,0,0,0,0,0,0,0,"(0.0, 0.0)","(0.0, 0.0)","(0.0, 0.0)","(0.0, 0.0, 0.0)","(0.0, 0.0, 0.0)","(0.0, 0.0, 0.0)","(0.0, 0.0, 0.0)","(0.0, 0.0, 0.0)","(0.0, 0.0, 0.0)",0,0,0,0,0,0,False,0,0,0,0,0,0,0,0,"(0.0, 6.0, 199.8)","(0.2, 0.0, 0.0, 1.0)"
0,831791.1,0,0,0,0,0,0,0,0,0,"(0.0, 0.0)","(0.0, 0.0)","(0.0, 0.0)","(0.0, 0.0, 0.0)","(0.0, 0.0, 0.0)","(0.0, 0.0, 0.0)","(0.0, 0.0, 0.0)","(0.0, 0.0, 0.0)","(0.0, 0.0, 0.0)",0,0,0,0,0,0,False,0,0,0,0,0,0,0,0,"(0.0, 6.0, 200.0)","(0.2, 0.0, 0.0, 1.0)"
0,831814.3,0,0,0,0,0,0,0,0,0,"(0.0, 0.0)","(0.0, 0.0)","(0.0, 0.0)","(0.0, 0.0, 0.0)","(0.0, 0.0, 0.0)","(0.0, 0.0, 0.0)","(0.0, 0.0, 0.0)","(0.0, 0.0, 0.0)","(0.0, 0.0, 0.0)",0,0,0,0,0,0,False,0,0,0,0,0,0,0,0,"(0.0, 6.0, 200.2)","(0.2, 0.0, 0.0, 1.0)"
0,831833.9,0,0,0,0,0,0,0,0,0,"(0.0, 0.0)","(0.0, 0.0)","(0.0, 0.0)","(0.0, 0.0, 0.0)","(0.0, 0.0, 0.0)","(0.0, 0.0, 0.0)","(0.0, 0.0, 0.0)","(0.0, 0.0, 0.0)","(0.0, 0.0, 0.0)",0,0,0,0,0,0,False,0,0,0,0,0,0,0,0,"(0.0, 6.0, 200.4)","(0.2, 0.0, 0.0, 1.0)"
0,831853.9,0,0,0,0,0,0,0,0,0,"(0.0, 0.0)","(0.0, 0.0)","(0.0, 0.0)","(0.0, 0.0, 0.0)","(0.0, 0.0, 0.0)","(0.0, 0.0, 0.0)","(0.0, 0.0, 0.0)","(0.0, 0.0, 0.0)","(0.0, 0.0, 0.0)",0,0,0,0,0,0,False,0,0,0,0,0,0,0,0,"(0.0, 6.0, 200.7)","(0.2, 0.0, 0.0, 1.0)"
0,831873.6,0,0,0,0,0,0,0,0,0,"(0.0, 0.0)","(0.0, 0.0)","(0.0, 0.0)","(0.0, 0.0, 0.0)","(0.0, 0.0, 0.0)","(0.0, 0.0, 0.0)","(0.0, 0.0, 0.0)","(0.0, 0.0, 0.0)","(0.0, 0.0, 0.0)",0,0,0,0,0,0,False,0,0,0,0,0,0,0,0,"(0.0, 6.0, 200.9)","(0.2, 0.0, 0.0, 1.0)"
0,831892.3,0,0,0,0,0,0,0,0,0,"(0.0, 0.0)","(0.0, 0.0)","(0.0, 0.0)","(0.0, 0.0, 0.0)","(0.0, 0.0, 0.0)","(0.0, 0.0, 0.0)","(0.0, 0.0, 0.0)","(0.0, 0.0, 0.0)","(0.0, 0.0, 0.0)",0,0,0,0,0,0,False,0,0,0,0,0,0,0,0,"(0.0, 6.0, 201.1)","(0.2, 0.0, 0.0, 1.0)"
0,831911.7,0,0,0,0,0,0,0,0,0,"(0.0, 0.0)","(0.0, 0.0)","(0.0, 0.0)","(0.0, 0.0, 0.0)","(0.0, 0.0, 0.0)","(0.0, 0.0, 0.0)","(0.0, 0.0, 0.0)","(0.0, 0.0, 0.0)","(0.0, 0.0, 0.0)",0,0,0,0,0,0,False,0,0,0,0,0,0,0,0,"(0.0, 6.0, 201.3)","(0.2, 0.0, 0.0, 1.0)"
0,831930.9,0,0,0,0,0,0,0,0,0,"(0.0, 0.0)","(0.0, 0.0)","(0.0, 0.0)","(0.0, 0.0, 0.0)","(0.0, 0.0, 0.0)","(0.0, 0.0, 0.0)","(0.0, 0.0, 0.0)","(0.0, 0.0, 0.0)","(0.0, 0.0, 0.0)",0,0,0,0,0,0,False,0,0,0,0,0,0,0,0,"(0.0, 6.0, 201.5)","(0.2, 0.0, 0.0, 1.0)"
0,831952.3,0,0,0,0,0,0,0,0,0,"(0.0, 0.0)","(0.0, 0.0)","(0.0, 0.0)","(0.0, 0.0, 0.0)","(0.0, 0.0, 0.0)","(0.0, 0.0, 0.0)","(0.0, 0.0, 0.0)","(0.0, 0.0, 0.0)","(0.0, 0.0, 0.0)",0,0,0,0,0,0,False,0,0,0,0,0,0,0,0,"(0.0, 6.0, 201.7)","(0.2, 0.0, 0.0, 1.0)"
0,831972.4,0,0,0,0,0,0,0,0,0,"(0.0, 0.0)","(0.0, 0.0)","(0.0, 0.0)","(0.0, 0.0, 0.0)","(0.0, 0.0, 0.0)","(0.0, 0.0, 0.0)","(0.0, 0.0, 0.0)","(0.0, 0.0, 0.0)","(0.0, 0.0, 0.0)",0,0,0,0,0,0,False,0,0,0,0,0,0,0,0,"(0.0, 6.0, 201.9)","(0.2, 0.0, 0.0, 1.0)"
0,831989.7,0,0,0,0,0,0,0,0,0,"(0.0, 0.0)","(0.0, 0.0)","(0.0, 0.0)","(0.0, 0.0, 0.0)","(0.0, 0.0, 0.0)","(0.0, 0.0, 0.0)","(0.0, 0.0, 0.0)","(0.0, 0.0, 0.0)","(0.0, 0.0, 0.0)",0,0,0,0,0,0,False,0,0,0,0,0,0,0,0,"(0.0, 6.0, 202.1)","(0.2, 0.0, 0.0, 1.0)"
0,832010.9,0,0,0,0,0,0,0,0,0,"(0.0, 0.0)","(0.0, 0.0)","(0.0, 0.0)","(0.0, 0.0, 0.0)","(0.0, 0.0, 0.0)","(0.0, 0.0, 0.0)","(0.0, 0.0, 0.0)","(0.0, 0.0, 0.0)","(0.0, 0.0, 0.0)",0,0,0,0,0,0,False,0,0,0,0,0,0,0,0,"(0.0, 6.0, 202.3)","(0.2, 0.0, 0.0, 1.0)"
0,832030.2,0,0,0,0,0,0,0,0,0,"(0.0, 0.0)","(0.0, 0.0)","(0.0, 0.0)","(0.0, 0.0, 0.0)","(0.0, 0.0, 0.0)","(0.0, 0.0, 0.0)","(0.0, 0.0, 0.0)","(0.0, 0.0, 0.0)","(0.0, 0.0, 0.0)",0,0,0,0,0,0,False,0,0,0,0,0,0,0,0,"(0.0, 6.0, 202.5)","(0.2, 0.0, 0.0, 1.0)"
0,832049.8,0,0,0,0,0,0,0,0,0,"(0.0, 0.0)","(0.0, 0.0)","(0.0, 0.0)","(0.0, 0.0, 0.0)","(0.0, 0.0, 0.0)","(0.0, 0.0, 0.0)","(0.0, 0.0, 0.0)","(0.0, 0.0, 0.0)","(0.0, 0.0, 0.0)",0,0,0,0,0,0,False,0,0,0,0,0,0,0,0,"(0.0, 6.0, 202.7)","(0.2, 0.0, 0.0, 1.0)"
0,832069.3,0,0,0,0,0,0,0,0,0,"(0.0, 0.0)","(0.0, 0.0)","(0.0, 0.0)","(0.0, 0.0, 0.0)","(0.0, 0.0, 0.0)","(0.0, 0.0, 0.0)","(0.0, 0.0, 0.0)","(0.0, 0.0, 0.0)","(0.0, 0.0, 0.0)",0,0,0,0,0,0,False,0,0,0,0,0,0,0,0,"(0.0, 6.0, 202.9)","(0.2, 0.0, 0.0, 1.0)"
0,832088.1,0,0,0,0,0,0,0,0,0,"(0.0, 0.0)","(0.0, 0.0)","(0.0, 0.0)","(0.0, 0.0, 0.0)","(0.0, 0.0, 0.0)","(0.0, 0.0, 0.0)","(0.0, 0.0, 0.0)","(0.0, 0.0, 0.0)","(0.0, 0.0, 0.0)",0,0,0,0,0,0,False,0,0,0,0,0,0,0,0,"(0.0, 6.0, 203.1)","(0.2, 0.0, 0.0, 1.0)"
0,832106.3,0,0,0,0,0,0,0,0,0,"(0.0, 0.0)","(0.0, 0.0)","(0.0, 0.0)","(0.0, 0.0, 0.0)","(0.0, 0.0, 0.0)","(0.0, 0.0, 0.0)","(0.0, 0.0, 0.0)","(0.0, 0.0, 0.0)","(0.0, 0.0, 0.0)",0,0,0,0,0,0,False,0,0,0,0,0,0,0,0,"(0.0, 6.0, 203.3)","(0.2, 0.0, 0.0, 1.0)"
0,832125.7,0,0,0,0,0,0,0,0,0,"(0.0, 0.0)","(0.0, 0.0)","(0.0, 0.0)","(0.0, 0.0, 0.0)","(0.0, 0.0, 0.0)","(0.0, 0.0, 0.0)","(0.0, 0.0, 0.0)","(0.0, 0.0, 0.0)","(0.0, 0.0, 0.0)",0,0,0,0,0,0,False,0,0,0,0,0,0,0,0,"(0.0, 6.0, 203.5)","(0.2, 0.0, 0.0, 1.0)"
0,832144.3,0,0,0,0,0,0,0,0,0,"(0.0, 0.0)","(0.0, 0.0)","(0.0, 0.0)","(0.0, 0.0, 0.0)","(0.0, 0.0, 0.0)","(0.0, 0.0, 0.0)","(0.0, 0.0, 0.0)","(0.0, 0.0, 0.0)","(0.0, 0.0, 0.0)",0,0,0,0,0,0,False,0,0,0,0,0,0,0,0,"(0.0, 6.0, 203.7)","(0.2, 0.0, 0.0, 1.0)"
0,832163.4,0,0,0,0,0,0,0,0,0,"(0.0, 0.0)","(0.0, 0.0)","(0.0, 0.0)","(0.0, 0.0, 0.0)","(0.0, 0.0, 0.0)","(0.0, 0.0, 0.0)","(0.0, 0.0, 0.0)","(0.0, 0.0, 0.0)","(0.0, 0.0, 0.0)",0,0,0,0,0,0,False,0,0,0,0,0,0,0,0,"(0.0, 6.0, 203.9)","(0.2, 0.0, 0.0, 1.0)"
0,832182.6,0,0,0,0,0,0,0,0,0,"(0.0, 0.0)","(0.0, 0.0)","(0.0, 0.0)","(0.0, 0.0, 0.0)","(0.0, 0.0, 0.0)","(0.0, 0.0, 0.0)","(0.0, 0.0, 0.0)","(0.0, 0.0, 0.0)","(0.0, 0.0, 0.0)",0,0,0,0,0,0,False,0,0,0,0,0,0,0,0,"(0.0, 6.0, 204.1)","(0.2, 0.0, 0.0, 1.0)"
0,832201.7,0,0,0,0,0,0,0,0,0,"(0.0, 0.0)","(0.0, 0.0)","(0.0, 0.0)","(0.0, 0.0, 0.0)","(0.0, 0.0, 0.0)","(0.0, 0.0, 0.0)","(0.0, 0.0, 0.0)","(0.0, 0.0, 0.0)","(0.0, 0.0, 0.0)",0,0,0,0,0,0,False,0,0,0,0,0,0,0,0,"(0.0, 6.0, 204.3)","(0.2, 0.0, 0.0, 1.0)"
0,832219.5,0,0,0,0,0,0,0,0,0,"(0.0, 0.0)","(0.0, 0.0)","(0.0, 0.0)","(0.0, 0.0, 0.0)","(0.0, 0.0, 0.0)","(0.0, 0.0, 0.0)","(0.0, 0.0, 0.0)","(0.0, 0.0, 0.0)","(0.0, 0.0, 0.0)",0,0,0,0,0,0,False,0,0,0,0,0,0,0,0,"(0.0, 6.0, 204.5)","(0.2, 0.0, 0.0, 1.0)"
0,832238.2,0,0,0,0,0,0,0,0,0,"(0.0, 0.0)","(0.0, 0.0)","(0.0, 0.0)","(0.0, 0.0, 0.0)","(0.0, 0.0, 0.0)","(0.0, 0.0, 0.0)","(0.0, 0.0, 0.0)","(0.0, 0.0, 0.0)","(0.0, 0.0, 0.0)",0,0,0,0,0,0,False,0,0,0,0,0,0,0,0,"(0.0, 6.0, 204.7)","(0.2, 0.0, 0.0, 1.0)"
0,832261.3,0,0,0,0,0,0,0,0,0,"(0.0, 0.0)","(0.0, 0.0)","(0.0, 0.0)","(0.0, 0.0, 0.0)","(0.0, 0.0, 0.0)","(0.0, 0.0, 0.0)","(0.0, 0.0, 0.0)","(0.0, 0.0, 0.0)","(0.0, 0.0, 0.0)",0,0,0,0,0,0,False,0,0,0,0,0,0,0,0,"(0.0, 6.0, 204.9)","(0.2, 0.0, 0.0, 1.0)"
0,832280.2,0,0,0,0,0,0,0,0,0,"(0.0, 0.0)","(0.0, 0.0)","(0.0, 0.0)","(0.0, 0.0, 0.0)","(0.0, 0.0, 0.0)","(0.0, 0.0, 0.0)","(0.0, 0.0, 0.0)","(0.0, 0.0, 0.0)","(0.0, 0.0, 0.0)",0,0,0,0,0,0,False,0,0,0,0,0,0,0,0,"(0.0, 6.0, 205.1)","(0.2, 0.0, 0.0, 1.0)"
0,832298.2,0,0,0,0,0,0,0,0,0,"(0.0, 0.0)","(0.0, 0.0)","(0.0, 0.0)","(0.0, 0.0, 0.0)","(0.0, 0.0, 0.0)","(0.0, 0.0, 0.0)","(0.0, 0.0, 0.0)","(0.0, 0.0, 0.0)","(0.0, 0.0, 0.0)",0,0,0,0,0,0,False,0,0,0,0,0,0,0,0,"(0.0, 6.0, 205.3)","(0.2, 0.0, 0.0, 1.0)"
0,832318.1,0,0,0,0,0,0,0,0,0,"(0.0, 0.0)","(0.0, 0.0)","(0.0, 0.0)","(0.0, 0.0, 0.0)","(0.0, 0.0, 0.0)","(0.0, 0.0, 0.0)","(0.0, 0.0, 0.0)","(0.0, 0.0, 0.0)","(0.0, 0.0, 0.0)",0,0,0,0,0,0,False,0,0,0,0,0,0,0,0,"(0.0, 6.0, 205.5)","(0.2, 0.0, 0.0, 1.0)"
0,832337.6,0,0,0,0,0,0,0,0,0,"(0.0, 0.0)","(0.0, 0.0)","(0.0, 0.0)","(0.0, 0.0, 0.0)","(0.0, 0.0, 0.0)","(0.0, 0.0, 0.0)","(0.0, 0.0, 0.0)","(0.0, 0.0, 0.0)","(0.0, 0.0, 0.0)",0,0,0,0,0,0,False,0,0,0,0,0,0,0,0,"(0.0, 6.0, 205.7)","(0.2, 0.0, 0.0, 1.0)"
0,832357.6,0,0,0,0,0,0,0,0,0,"(0.0, 0.0)","(0.0, 0.0)","(0.0, 0.0)","(0.0, 0.0, 0.0)","(0.0, 0.0, 0.0)","(0.0, 0.0, 0.0)","(0.0, 0.0, 0.0)","(0.0, 0.0, 0.0)","(0.0, 0.0, 0.0)",0,0,0,0,0,0,False,0,0,0,0,0,0,0,0,"(0.0, 6.0, 205.9)","(0.2, 0.0, 0.0, 1.0)"
0,832380.3,0,0,0,0,0,0,0,0,0,"(0.0, 0.0)","(0.0, 0.0)","(0.0, 0.0)","(0.0, 0.0, 0.0)","(0.0, 0.0, 0.0)","(0.0, 0.0, 0.0)","(0.0, 0.0, 0.0)","(0.0, 0.0, 0.0)","(0.0, 0.0, 0.0)",0,0,0,0,0,0,False,0,0,0,0,0,0,0,0,"(0.0, 6.0, 206.1)","(0.2, 0.0, 0.0, 1.0)"
0,832402.6,0,0,0,0,0,0,0,0,0,"(0.0, 0.0)","(0.0, 0.0)","(0.0, 0.0)","(0.0, 0.0, 0.0)","(0.0, 0.0, 0.0)","(0.0, 0.0, 0.0)","(0.0, 0.0, 0.0)","(0.0, 0.0, 0.0)","(0.0, 0.0, 0.0)",0,0,0,0,0,0,False,0,0,0,0,0,0,0,0,"(0.0, 6.0, 206.3)","(0.2, 0.0, 0.0, 1.0)"
0,832423.9,0,0,0,0,0,0,0,0,0,"(0.0, 0.0)","(0.0, 0.0)","(0.0, 0.0)","(0.0, 0.0, 0.0)","(0.0, 0.0, 0.0)","(0.0, 0.0, 0.0)","(0.0, 0.0, 0.0)","(0.0, 0.0, 0.0)","(0.0, 0.0, 0.0)",0,0,0,0,0,0,False,0,0,0,0,0,0,0,0,"(0.0, 6.0, 206.5)","(0.2, 0.0, 0.0, 1.0)"
0,832448,0,0,0,0,0,0,0,0,0,"(0.0, 0.0)","(0.0, 0.0)","(0.0, 0.0)","(0.0, 0.0, 0.0)","(0.0, 0.0, 0.0)","(0.0, 0.0, 0.0)","(0.0, 0.0, 0.0)","(0.0, 0.0, 0.0)","(0.0, 0.0, 0.0)",0,0,0,0,0,0,False,0,0,0,0,0,0,0,0,"(0.0, 6.0, 206.7)","(0.2, 0.0, 0.0, 1.0)"
0,832468.9,0,0,0,0,0,0,0,0,0,"(0.0, 0.0)","(0.0, 0.0)","(0.0, 0.0)","(0.0, 0.0, 0.0)","(0.0, 0.0, 0.0)","(0.0, 0.0, 0.0)","(0.0, 0.0, 0.0)","(0.0, 0.0, 0.0)","(0.0, 0.0, 0.0)",0,0,0,0,0,0,False,0,0,0,0,0,0,0,0,"(0.0, 6.0, 206.9)","(0.2, 0.0, 0.0, 1.0)"
0,832491.8,0,0,0,0,0,0,0,0,0,"(0.0, 0.0)","(0.0, 0.0)","(0.0, 0.0)","(0.0, 0.0, 0.0)","(0.0, 0.0, 0.0)","(0.0, 0.0, 0.0)","(0.0, 0.0, 0.0)","(0.0, 0.0, 0.0)","(0.0, 0.0, 0.0)",0,0,0,0,0,0,False,0,0,0,0,0,0,0,0,"(0.0, 6.0, 207.1)","(0.2, 0.0, 0.0, 1.0)"
0,832513.8,0,0,0,0,0,0,0,0,0,"(0.0, 0.0)","(0.0, 0.0)","(0.0, 0.0)","(0.0, 0.0, 0.0)","(0.0, 0.0, 0.0)","(0.0, 0.0, 0.0)","(0.0, 0.0, 0.0)","(0.0, 0.0, 0.0)","(0.0, 0.0, 0.0)",0,0,0,0,0,0,False,0,0,0,0,0,0,0,0,"(0.0, 6.0, 207.3)","(0.2, 0.0, 0.0, 1.0)"
0,832536.2,0,0,0,0,0,0,0,0,0,"(0.0, 0.0)","(0.0, 0.0)","(0.0, 0.0)","(0.0, 0.0, 0.0)","(0.0, 0.0, 0.0)","(0.0, 0.0, 0.0)","(0.0, 0.0, 0.0)","(0.0, 0.0, 0.0)","(0.0, 0.0, 0.0)",0,0,0,0,0,0,False,0,0,0,0,0,0,0,0,"(0.0, 6.0, 207.5)","(0.2, 0.0, 0.0, 1.0)"
0,832557.5,0,0,0,0,0,0,0,0,0,"(0.0, 0.0)","(0.0, 0.0)","(0.0, 0.0)","(0.0, 0.0, 0.0)","(0.0, 0.0, 0.0)","(0.0, 0.0, 0.0)","(0.0, 0.0, 0.0)","(0.0, 0.0, 0.0)","(0.0, 0.0, 0.0)",0,0,0,0,0,0,False,0,0,0,0,0,0,0,0,"(0.0, 6.0, 207.7)","(0.2, 0.0, 0.0, 1.0)"
0,832581.7,0,0,0,0,0,0,0,0,0,"(0.0, 0.0)","(0.0, 0.0)","(0.0, 0.0)","(0.0, 0.0, 0.0)","(0.0, 0.0, 0.0)","(0.0, 0.0, 0.0)","(0.0, 0.0, 0.0)","(0.0, 0.0, 0.0)","(0.0, 0.0, 0.0)",0,0,0,0,0,0,False,0,0,0,0,0,0,0,0,"(0.0, 6.0, 207.9)","(0.2, 0.0, 0.0, 1.0)"
0,832603.3,0,0,0,0,0,0,0,0,0,"(0.0, 0.0)","(0.0, 0.0)","(0.0, 0.0)","(0.0, 0.0, 0.0)","(0.0, 0.0, 0.0)","(0.0, 0.0, 0.0)","(0.0, 0.0, 0.0)","(0.0, 0.0, 0.0)","(0.0, 0.0, 0.0)",0,0,0,0,0,0,False,0,0,0,0,0,0,0,0,"(0.0, 6.0, 208.2)","(0.2, 0.0, 0.0, 1.0)"
0,832624.1,0,0,0,0,0,0,0,0,0,"(0.0, 0.0)","(0.0, 0.0)","(0.0, 0.0)","(0.0, 0.0, 0.0)","(0.0, 0.0, 0.0)","(0.0, 0.0, 0.0)","(0.0, 0.0, 0.0)","(0.0, 0.0, 0.0)","(0.0, 0.0, 0.0)",0,0,0,0,0,0,False,0,0,0,0,0,0,0,0,"(0.0, 6.0, 208.4)","(0.2, 0.0, 0.0, 1.0)"
0,832647.5,0,0,0,0,0,0,0,0,0,"(0.0, 0.0)","(0.0, 0.0)","(0.0, 0.0)","(0.0, 0.0, 0.0)","(0.0, 0.0, 0.0)","(0.0, 0.0, 0.0)","(0.0, 0.0, 0.0)","(0.0, 0.0, 0.0)","(0.0, 0.0, 0.0)",0,0,0,0,0,0,False,0,0,0,0,0,0,0,0,"(0.0, 6.0, 208.6)","(0.2, 0.0, 0.0, 1.0)"
0,832669.9,0,0,0,0,0,0,0,0,0,"(0.0, 0.0)","(0.0, 0.0)","(0.0, 0.0)","(0.0, 0.0, 0.0)","(0.0, 0.0, 0.0)","(0.0, 0.0, 0.0)","(0.0, 0.0, 0.0)","(0.0, 0.0, 0.0)","(0.0, 0.0, 0.0)",0,0,0,0,0,0,False,0,0,0,0,0,0,0,0,"(0.0, 6.0, 208.8)","(0.2, 0.0, 0.0, 1.0)"
0,832692.6,0,0,0,0,0,0,0,0,0,"(0.0, 0.0)","(0.0, 0.0)","(0.0, 0.0)","(0.0, 0.0, 0.0)","(0.0, 0.0, 0.0)","(0.0, 0.0, 0.0)","(0.0, 0.0, 0.0)","(0.0, 0.0, 0.0)","(0.0, 0.0, 0.0)",0,0,0,0,0,0,False,0,0,0,0,0,0,0,0,"(0.0, 6.0, 209.0)","(0.2, 0.0, 0.0, 1.0)"
0,832713.9,0,0,0,0,0,0,0,0,0,"(0.0, 0.0)","(0.0, 0.0)","(0.0, 0.0)","(0.0, 0.0, 0.0)","(0.0, 0.0, 0.0)","(0.0, 0.0, 0.0)","(0.0, 0.0, 0.0)","(0.0, 0.0, 0.0)","(0.0, 0.0, 0.0)",0,0,0,0,0,0,False,0,0,0,0,0,0,0,0,"(0.0, 6.0, 209.2)","(0.2, 0.0, 0.0, 1.0)"
0,832736.1,0,0,0,0,0,0,0,0,0,"(0.0, 0.0)","(0.0, 0.0)","(0.0, 0.0)","(0.0, 0.0, 0.0)","(0.0, 0.0, 0.0)","(0.0, 0.0, 0.0)","(0.0, 0.0, 0.0)","(0.0, 0.0, 0.0)","(0.0, 0.0, 0.0)",0,0,0,0,0,0,False,0,0,0,0,0,0,0,0,"(0.0, 6.0, 209.5)","(0.2, 0.0, 0.0, 1.0)"
0,832757.5,0,0,0,0,0,0,0,0,0,"(0.0, 0.0)","(0.0, 0.0)","(0.0, 0.0)","(0.0, 0.0, 0.0)","(0.0, 0.0, 0.0)","(0.0, 0.0, 0.0)","(0.0, 0.0, 0.0)","(0.0, 0.0, 0.0)","(0.0, 0.0, 0.0)",0,0,0,0,0,0,False,0,0,0,0,0,0,0,0,"(0.0, 6.0, 209.7)","(0.2, 0.0, 0.0, 1.0)"
0,832776.1,0,0,0,0,0,0,0,0,0,"(0.0, 0.0)","(0.0, 0.0)","(0.0, 0.0)","(0.0, 0.0, 0.0)","(0.0, 0.0, 0.0)","(0.0, 0.0, 0.0)","(0.0, 0.0, 0.0)","(0.0, 0.0, 0.0)","(0.0, 0.0, 0.0)",0,0,0,0,0,0,False,0,0,0,0,0,0,0,0,"(0.0, 6.0, 209.9)","(0.2, 0.0, 0.0, 1.0)"
0,832795.4,0,0,0,0,0,0,0,0,0,"(0.0, 0.0)","(0.0, 0.0)","(0.0, 0.0)","(0.0, 0.0, 0.0)","(0.0, 0.0, 0.0)","(0.0, 0.0, 0.0)","(0.0, 0.0, 0.0)","(0.0, 0.0, 0.0)","(0.0, 0.0, 0.0)",0,0,0,0,0,0,False,0,0,0,0,0,0,0,0,"(0.0, 6.0, 210.1)","(0.2, 0.0, 0.0, 1.0)"
0,832816.6,0,0,0,0,0,0,0,0,0,"(0.0, 0.0)","(0.0, 0.0)","(0.0, 0.0)","(0.0, 0.0, 0.0)","(0.0, 0.0, 0.0)","(0.0, 0.0, 0.0)","(0.0, 0.0, 0.0)","(0.0, 0.0, 0.0)","(0.0, 0.0, 0.0)",0,0,0,0,0,0,False,0,0,0,0,0,0,0,0,"(0.0, 6.0, 210.3)","(0.2, 0.0, 0.0, 1.0)"
0,832835.9,0,0,0,0,0,0,0,0,0,"(0.0, 0.0)","(0.0, 0.0)","(0.0, 0.0)","(0.0, 0.0, 0.0)","(0.0, 0.0, 0.0)","(0.0, 0.0, 0.0)","(0.0, 0.0, 0.0)","(0.0, 0.0, 0.0)","(0.0, 0.0, 0.0)",0,0,0,0,0,0,False,0,0,0,0,0,0,0,0,"(0.0, 6.0, 210.5)","(0.2, 0.0, 0.0, 1.0)"
0,832854.3,0,0,0,0,0,0,0,0,0,"(0.0, 0.0)","(0.0, 0.0)","(0.0, 0.0)","(0.0, 0.0, 0.0)","(0.0, 0.0, 0.0)","(0.0, 0.0, 0.0)","(0.0, 0.0, 0.0)","(0.0, 0.0, 0.0)","(0.0, 0.0, 0.0)",0,0,0,0,0,0,False,0,0,0,0,0,0,0,0,"(0.0, 6.0, 210.7)","(0.2, 0.0, 0.0, 1.0)"
0,832872.9,0,0,0,0,0,0,0,0,0,"(0.0, 0.0)","(0.0, 0.0)","(0.0, 0.0)","(0.0, 0.0, 0.0)","(0.0, 0.0, 0.0)","(0.0, 0.0, 0.0)","(0.0, 0.0, 0.0)","(0.0, 0.0, 0.0)","(0.0, 0.0, 0.0)",0,0,0,0,0,0,False,0,0,0,0,0,0,0,0,"(0.0, 6.0, 210.9)","(0.2, 0.0, 0.0, 1.0)"
0,832890.4,0,0,0,0,0,0,0,0,0,"(0.0, 0.0)","(0.0, 0.0)","(0.0, 0.0)","(0.0, 0.0, 0.0)","(0.0, 0.0, 0.0)","(0.0, 0.0, 0.0)","(0.0, 0.0, 0.0)","(0.0, 0.0, 0.0)","(0.0, 0.0, 0.0)",0,0,0,0,0,0,False,0,0,0,0,0,0,0,0,"(0.0, 6.0, 211.1)","(0.2, 0.0, 0.0, 1.0)"
0,832911.7,0,0,0,0,0,0,0,0,0,"(0.0, 0.0)","(0.0, 0.0)","(0.0, 0.0)","(0.0, 0.0, 0.0)","(0.0, 0.0, 0.0)","(0.0, 0.0, 0.0)","(0.0, 0.0, 0.0)","(0.0, 0.0, 0.0)","(0.0, 0.0, 0.0)",0,0,0,0,0,0,False,0,0,0,0,0,0,0,0,"(0.0, 6.0, 211.3)","(0.2, 0.0, 0.0, 1.0)"
0,832929.8,0,0,0,0,0,0,0,0,0,"(0.0, 0.0)","(0.0, 0.0)","(0.0, 0.0)","(0.0, 0.0, 0.0)","(0.0, 0.0, 0.0)","(0.0, 0.0, 0.0)","(0.0, 0.0, 0.0)","(0.0, 0.0, 0.0)","(0.0, 0.0, 0.0)",0,0,0,0,0,0,False,0,0,0,0,0,0,0,0,"(0.0, 6.0, 211.5)","(0.2, 0.0, 0.0, 1.0)"
0,832949.2,0,0,0,0,0,0,0,0,0,"(0.0, 0.0)","(0.0, 0.0)","(0.0, 0.0)","(0.0, 0.0, 0.0)","(0.0, 0.0, 0.0)","(0.0, 0.0, 0.0)","(0.0, 0.0, 0.0)","(0.0, 0.0, 0.0)","(0.0, 0.0, 0.0)",0,0,0,0,0,0,False,0,0,0,0,0,0,0,0,"(0.0, 6.0, 211.7)","(0.2, 0.0, 0.0, 1.0)"
0,832969.3,0,0,0,0,0,0,0,0,0,"(0.0, 0.0)","(0.0, 0.0)","(0.0, 0.0)","(0.0, 0.0, 0.0)","(0.0, 0.0, 0.0)","(0.0, 0.0, 0.0)","(0.0, 0.0, 0.0)","(0.0, 0.0, 0.0)","(0.0, 0.0, 0.0)",0,0,0,0,0,0,False,0,0,0,0,0,0,0,0,"(0.0, 6.0, 211.9)","(0.2, 0.0, 0.0, 1.0)"
0,832986.4,0,0,0,0,0,0,0,0,0,"(0.0, 0.0)","(0.0, 0.0)","(0.0, 0.0)","(0.0, 0.0, 0.0)","(0.0, 0.0, 0.0)","(0.0, 0.0, 0.0)","(0.0, 0.0, 0.0)","(0.0, 0.0, 0.0)","(0.0, 0.0, 0.0)",0,0,0,0,0,0,False,0,0,0,0,0,0,0,0,"(0.0, 6.0, 212.1)","(0.2, 0.0, 0.0, 1.0)"
0,833005.8,0,0,0,0,0,0,0,0,0,"(0.0, 0.0)","(0.0, 0.0)","(0.0, 0.0)","(0.0, 0.0, 0.0)","(0.0, 0.0, 0.0)","(0.0, 0.0, 0.0)","(0.0, 0.0, 0.0)","(0.0, 0.0, 0.0)","(0.0, 0.0, 0.0)",0,0,0,0,0,0,False,0,0,0,0,0,0,0,0,"(0.0, 6.0, 212.3)","(0.2, 0.0, 0.0, 1.0)"
0,833023.7,0,0,0,0,0,0,0,0,0,"(0.0, 0.0)","(0.0, 0.0)","(0.0, 0.0)","(0.0, 0.0, 0.0)","(0.0, 0.0, 0.0)","(0.0, 0.0, 0.0)","(0.0, 0.0, 0.0)","(0.0, 0.0, 0.0)","(0.0, 0.0, 0.0)",0,0,0,0,0,0,False,0,0,0,0,0,0,0,0,"(0.0, 6.0, 212.5)","(0.2, 0.0, 0.0, 1.0)"
0,833041.6,0,0,0,0,0,0,0,0,0,"(0.0, 0.0)","(0.0, 0.0)","(0.0, 0.0)","(0.0, 0.0, 0.0)","(0.0, 0.0, 0.0)","(0.0, 0.0, 0.0)","(0.0, 0.0, 0.0)","(0.0, 0.0, 0.0)","(0.0, 0.0, 0.0)",0,0,0,0,0,0,False,0,0,0,0,0,0,0,0,"(0.0, 6.0, 212.7)","(0.2, 0.0, 0.0, 1.0)"
0,833060.4,0,0,0,0,0,0,0,0,0,"(0.0, 0.0)","(0.0, 0.0)","(0.0, 0.0)","(0.0, 0.0, 0.0)","(0.0, 0.0, 0.0)","(0.0, 0.0, 0.0)","(0.0, 0.0, 0.0)","(0.0, 0.0, 0.0)","(0.0, 0.0, 0.0)",0,0,0,0,0,0,False,0,0,0,0,0,0,0,0,"(0.0, 6.0, 212.9)","(0.2, 0.0, 0.0, 1.0)"
0,833078.8,0,0,0,0,0,0,0,0,0,"(0.0, 0.0)","(0.0, 0.0)","(0.0, 0.0)","(0.0, 0.0, 0.0)","(0.0, 0.0, 0.0)","(0.0, 0.0, 0.0)","(0.0, 0.0, 0.0)","(0.0, 0.0, 0.0)","(0.0, 0.0, 0.0)",0,0,0,0,0,0,False,0,0,0,0,0,0,0,0,"(0.0, 6.0, 213.1)","(0.2, 0.0, 0.0, 1.0)"
0,833097.5,0,0,0,0,0,0,0,0,0,"(0.0, 0.0)","(0.0, 0.0)","(0.0, 0.0)","(0.0, 0.0, 0.0)","(0.0, 0.0, 0.0)","(0.0, 0.0, 0.0)","(0.0, 0.0, 0.0)","(0.0, 0.0, 0.0)","(0.0, 0.0, 0.0)",0,0,0,0,0,0,False,0,0,0,0,0,0,0,0,"(0.0, 6.0, 213.3)","(0.2, 0.0, 0.0, 1.0)"
0,833115.8,0,0,0,0,0,0,0,0,0,"(0.0, 0.0)","(0.0, 0.0)","(0.0, 0.0)","(0.0, 0.0, 0.0)","(0.0, 0.0, 0.0)","(0.0, 0.0, 0.0)","(0.0, 0.0, 0.0)","(0.0, 0.0, 0.0)","(0.0, 0.0, 0.0)",0,0,0,0,0,0,False,0,0,0,0,0,0,0,0,"(0.0, 6.0, 213.5)","(0.2, 0.0, 0.0, 1.0)"
0,833135.8,0,0,0,0,0,0,0,0,0,"(0.0, 0.0)","(0.0, 0.0)","(0.0, 0.0)","(0.0, 0.0, 0.0)","(0.0, 0.0, 0.0)","(0.0, 0.0, 0.0)","(0.0, 0.0, 0.0)","(0.0, 0.0, 0.0)","(0.0, 0.0, 0.0)",0,0,0,0,0,0,False,0,0,0,0,0,0,0,0,"(0.0, 6.0, 213.7)","(0.2, 0.0, 0.0, 1.0)"
0,833153.9,0,0,0,0,0,0,0,0,0,"(0.0, 0.0)","(0.0, 0.0)","(0.0, 0.0)","(0.0, 0.0, 0.0)","(0.0, 0.0, 0.0)","(0.0, 0.0, 0.0)","(0.0, 0.0, 0.0)","(0.0, 0.0, 0.0)","(0.0, 0.0, 0.0)",0,0,0,0,0,0,False,0,0,0,0,0,0,0,0,"(0.0, 6.0, 213.9)","(0.2, 0.0, 0.0, 1.0)"
0,833172.1,0,0,0,0,0,0,0,0,0,"(0.0, 0.0)","(0.0, 0.0)","(0.0, 0.0)","(0.0, 0.0, 0.0)","(0.0, 0.0, 0.0)","(0.0, 0.0, 0.0)","(0.0, 0.0, 0.0)","(0.0, 0.0, 0.0)","(0.0, 0.0, 0.0)",0,0,0,0,0,0,False,0,0,0,0,0,0,0,0,"(0.0, 6.0, 214.1)","(0.2, 0.0, 0.0, 1.0)"
0,833188.9,0,0,0,0,0,0,0,0,0,"(0.0, 0.0)","(0.0, 0.0)","(0.0, 0.0)","(0.0, 0.0, 0.0)","(0.0, 0.0, 0.0)","(0.0, 0.0, 0.0)","(0.0, 0.0, 0.0)","(0.0, 0.0, 0.0)","(0.0, 0.0, 0.0)",0,0,0,0,0,0,False,0,0,0,0,0,0,0,0,"(0.0, 6.0, 214.3)","(0.2, 0.0, 0.0, 1.0)"
0,833207.2,0,0,0,0,0,0,0,0,0,"(0.0, 0.0)","(0.0, 0.0)","(0.0, 0.0)","(0.0, 0.0, 0.0)","(0.0, 0.0, 0.0)","(0.0, 0.0, 0.0)","(0.0, 0.0, 0.0)","(0.0, 0.0, 0.0)","(0.0, 0.0, 0.0)",0,0,0,0,0,0,False,0,0,0,0,0,0,0,0,"(0.0, 6.0, 214.4)","(0.2, 0.0, 0.0, 1.0)"
0,833224.6,0,0,0,0,0,0,0,0,0,"(0.0, 0.0)","(0.0, 0.0)","(0.0, 0.0)","(0.0, 0.0, 0.0)","(0.0, 0.0, 0.0)","(0.0, 0.0, 0.0)","(0.0, 0.0, 0.0)","(0.0, 0.0, 0.0)","(0.0, 0.0, 0.0)",0,0,0,0,0,0,False,0,0,0,0,0,0,0,0,"(0.0, 6.0, 214.6)","(0.2, 0.0, 0.0, 1.0)"
0,833247.1,0,0,0,0,0,0,0,0,0,"(0.0, 0.0)","(0.0, 0.0)","(0.0, 0.0)","(0.0, 0.0, 0.0)","(0.0, 0.0, 0.0)","(0.0, 0.0, 0.0)","(0.0, 0.0, 0.0)","(0.0, 0.0, 0.0)","(0.0, 0.0, 0.0)",0,0,0,0,0,0,False,0,0,0,0,0,0,0,0,"(0.0, 6.0, 214.8)","(0.2, 0.0, 0.0, 1.0)"
0,833269.7,0,0,0,0,0,0,0,0,0,"(0.0, 0.0)","(0.0, 0.0)","(0.0, 0.0)","(0.0, 0.0, 0.0)","(0.0, 0.0, 0.0)","(0.0, 0.0, 0.0)","(0.0, 0.0, 0.0)","(0.0, 0.0, 0.0)","(0.0, 0.0, 0.0)",0,0,0,0,0,0,False,0,0,0,0,0,0,0,0,"(0.0, 6.0, 215.0)","(0.2, 0.0, 0.0, 1.0)"
0,833290.4,0,0,0,0,0,0,0,0,0,"(0.0, 0.0)","(0.0, 0.0)","(0.0, 0.0)","(0.0, 0.0, 0.0)","(0.0, 0.0, 0.0)","(0.0, 0.0, 0.0)","(0.0, 0.0, 0.0)","(0.0, 0.0, 0.0)","(0.0, 0.0, 0.0)",0,0,0,0,0,0,False,0,0,0,0,0,0,0,0,"(0.0, 6.0, 215.2)","(0.2, 0.0, 0.0, 1.0)"
0,833312.9,0,0,0,0,0,0,0,0,0,"(0.0, 0.0)","(0.0, 0.0)","(0.0, 0.0)","(0.0, 0.0, 0.0)","(0.0, 0.0, 0.0)","(0.0, 0.0, 0.0)","(0.0, 0.0, 0.0)","(0.0, 0.0, 0.0)","(0.0, 0.0, 0.0)",0,0,0,0,0,0,False,0,0,0,0,0,0,0,0,"(0.0, 6.0, 215.4)","(0.2, 0.0, 0.0, 1.0)"
0,833335.4,0,0,0,0,0,0,0,0,0,"(0.0, 0.0)","(0.0, 0.0)","(0.0, 0.0)","(0.0, 0.0, 0.0)","(0.0, 0.0, 0.0)","(0.0, 0.0, 0.0)","(0.0, 0.0, 0.0)","(0.0, 0.0, 0.0)","(0.0, 0.0, 0.0)",0,0,0,0,0,0,False,0,0,0,0,0,0,0,0,"(0.0, 6.0, 215.6)","(0.2, 0.0, 0.0, 1.0)"
0,833356.8,0,0,0,0,0,0,0,0,0,"(0.0, 0.0)","(0.0, 0.0)","(0.0, 0.0)","(0.0, 0.0, 0.0)","(0.0, 0.0, 0.0)","(0.0, 0.0, 0.0)","(0.0, 0.0, 0.0)","(0.0, 0.0, 0.0)","(0.0, 0.0, 0.0)",0,0,0,0,0,0,False,0,0,0,0,0,0,0,0,"(0.0, 6.0, 215.8)","(0.2, 0.0, 0.0, 1.0)"
0,833379.9,0,0,0,0,0,0,0,0,0,"(0.0, 0.0)","(0.0, 0.0)","(0.0, 0.0)","(0.0, 0.0, 0.0)","(0.0, 0.0, 0.0)","(0.0, 0.0, 0.0)","(0.0, 0.0, 0.0)","(0.0, 0.0, 0.0)","(0.0, 0.0, 0.0)",0,0,0,0,0,0,False,0,0,0,0,0,0,0,0,"(0.0, 6.0, 216.0)","(0.2, 0.0, 0.0, 1.0)"
0,833402.1,0,0,0,0,0,0,0,0,0,"(0.0, 0.0)","(0.0, 0.0)","(0.0, 0.0)","(0.0, 0.0, 0.0)","(0.0, 0.0, 0.0)","(0.0, 0.0, 0.0)","(0.0, 0.0, 0.0)","(0.0, 0.0, 0.0)","(0.0, 0.0, 0.0)",0,0,0,0,0,0,False,0,0,0,0,0,0,0,0,"(0.0, 6.0, 216.2)","(0.2, 0.0, 0.0, 1.0)"
0,833423.4,0,0,0,0,0,0,0,0,0,"(0.0, 0.0)","(0.0, 0.0)","(0.0, 0.0)","(0.0, 0.0, 0.0)","(0.0, 0.0, 0.0)","(0.0, 0.0, 0.0)","(0.0, 0.0, 0.0)","(0.0, 0.0, 0.0)","(0.0, 0.0, 0.0)",0,0,0,0,0,0,False,0,0,0,0,0,0,0,0,"(0.0, 6.0, 216.4)","(0.2, 0.0, 0.0, 1.0)"
0,833447.3,0,0,0,0,0,0,0,0,0,"(0.0, 0.0)","(0.0, 0.0)","(0.0, 0.0)","(0.0, 0.0, 0.0)","(0.0, 0.0, 0.0)","(0.0, 0.0, 0.0)","(0.0, 0.0, 0.0)","(0.0, 0.0, 0.0)","(0.0, 0.0, 0.0)",0,0,0,0,0,0,False,0,0,0,0,0,0,0,0,"(0.0, 6.0, 216.6)","(0.2, 0.0, 0.0, 1.0)"
0,833468.8,0,0,0,0,0,0,0,0,0,"(0.0, 0.0)","(0.0, 0.0)","(0.0, 0.0)","(0.0, 0.0, 0.0)","(0.0, 0.0, 0.0)","(0.0, 0.0, 0.0)","(0.0, 0.0, 0.0)","(0.0, 0.0, 0.0)","(0.0, 0.0, 0.0)",0,0,0,0,0,0,False,0,0,0,0,0,0,0,0,"(0.0, 6.0, 216.8)","(0.2, 0.0, 0.0, 1.0)"
0,833490.3,0,0,0,0,0,0,0,0,0,"(0.0, 0.0)","(0.0, 0.0)","(0.0, 0.0)","(0.0, 0.0, 0.0)","(0.0, 0.0, 0.0)","(0.0, 0.0, 0.0)","(0.0, 0.0, 0.0)","(0.0, 0.0, 0.0)","(0.0, 0.0, 0.0)",0,0,0,0,0,0,False,0,0,0,0,0,0,0,0,"(0.0, 6.0, 217.1)","(0.2, 0.0, 0.0, 1.0)"
0,833513.1,0,0,0,0,0,0,0,0,0,"(0.0, 0.0)","(0.0, 0.0)","(0.0, 0.0)","(0.0, 0.0, 0.0)","(0.0, 0.0, 0.0)","(0.0, 0.0, 0.0)","(0.0, 0.0, 0.0)","(0.0, 0.0, 0.0)","(0.0, 0.0, 0.0)",0,0,0,0,0,0,False,0,0,0,0,0,0,0,0,"(0.0, 6.0, 217.3)","(0.2, 0.0, 0.0, 1.0)"
0,833535.2,0,0,0,0,0,0,0,0,0,"(0.0, 0.0)","(0.0, 0.0)","(0.0, 0.0)","(0.0, 0.0, 0.0)","(0.0, 0.0, 0.0)","(0.0, 0.0, 0.0)","(0.0, 0.0, 0.0)","(0.0, 0.0, 0.0)","(0.0, 0.0, 0.0)",0,0,0,0,0,0,False,0,0,0,0,0,0,0,0,"(0.0, 6.0, 217.5)","(0.2, 0.0, 0.0, 1.0)"
0,833556.9,0,0,0,0,0,0,0,0,0,"(0.0, 0.0)","(0.0, 0.0)","(0.0, 0.0)","(0.0, 0.0, 0.0)","(0.0, 0.0, 0.0)","(0.0, 0.0, 0.0)","(0.0, 0.0, 0.0)","(0.0, 0.0, 0.0)","(0.0, 0.0, 0.0)",0,0,0,0,0,0,False,0,0,0,0,0,0,0,0,"(0.0, 6.0, 217.7)","(0.2, 0.0, 0.0, 1.0)"
0,833579.4,0,0,0,0,0,0,0,0,0,"(0.0, 0.0)","(0.0, 0.0)","(0.0, 0.0)","(0.0, 0.0, 0.0)","(0.0, 0.0, 0.0)","(0.0, 0.0, 0.0)","(0.0, 0.0, 0.0)","(0.0, 0.0, 0.0)","(0.0, 0.0, 0.0)",0,0,0,0,0,0,False,0,0,0,0,0,0,0,0,"(0.0, 6.0, 217.9)","(0.2, 0.0, 0.0, 1.0)"
0,833602.1,0,0,0,0,0,0,0,0,0,"(0.0, 0.0)","(0.0, 0.0)","(0.0, 0.0)","(0.0, 0.0, 0.0)","(0.0, 0.0, 0.0)","(0.0, 0.0, 0.0)","(0.0, 0.0, 0.0)","(0.0, 0.0, 0.0)","(0.0, 0.0, 0.0)",0,0,0,0,0,0,False,0,0,0,0,0,0,0,0,"(0.0, 6.0, 218.1)","(0.2, 0.0, 0.0, 1.0)"
0,833623.4,0,0,0,0,0,0,0,0,0,"(0.0, 0.0)","(0.0, 0.0)","(0.0, 0.0)","(0.0, 0.0, 0.0)","(0.0, 0.0, 0.0)","(0.0, 0.0, 0.0)","(0.0, 0.0, 0.0)","(0.0, 0.0, 0.0)","(0.0, 0.0, 0.0)",0,0,0,0,0,0,False,0,0,0,0,0,0,0,0,"(0.0, 6.0, 218.3)","(0.2, 0.0, 0.0, 1.0)"
0,833646.8,0,0,0,0,0,0,0,0,0,"(0.0, 0.0)","(0.0, 0.0)","(0.0, 0.0)","(0.0, 0.0, 0.0)","(0.0, 0.0, 0.0)","(0.0, 0.0, 0.0)","(0.0, 0.0, 0.0)","(0.0, 0.0, 0.0)","(0.0, 0.0, 0.0)",0,0,0,0,0,0,False,0,0,0,0,0,0,0,0,"(0.0, 6.0, 218.6)","(0.2, 0.0, 0.0, 1.0)"
0,833668.4,0,0,0,0,0,0,0,0,0,"(0.0, 0.0)","(0.0, 0.0)","(0.0, 0.0)","(0.0, 0.0, 0.0)","(0.0, 0.0, 0.0)","(0.0, 0.0, 0.0)","(0.0, 0.0, 0.0)","(0.0, 0.0, 0.0)","(0.0, 0.0, 0.0)",0,0,0,0,0,0,False,0,0,0,0,0,0,0,0,"(0.0, 6.0, 218.8)","(0.2, 0.0, 0.0, 1.0)"
0,833689.9,0,0,0,0,0,0,0,0,0,"(0.0, 0.0)","(0.0, 0.0)","(0.0, 0.0)","(0.0, 0.0, 0.0)","(0.0, 0.0, 0.0)","(0.0, 0.0, 0.0)","(0.0, 0.0, 0.0)","(0.0, 0.0, 0.0)","(0.0, 0.0, 0.0)",0,0,0,0,0,0,False,0,0,0,0,0,0,0,0,"(0.0, 6.0, 219.0)","(0.2, 0.0, 0.0, 1.0)"
0,833706.5,0,0,0,0,0,0,0,0,0,"(0.0, 0.0)","(0.0, 0.0)","(0.0, 0.0)","(0.0, 0.0, 0.0)","(0.0, 0.0, 0.0)","(0.0, 0.0, 0.0)","(0.0, 0.0, 0.0)","(0.0, 0.0, 0.0)","(0.0, 0.0, 0.0)",0,0,0,0,0,0,False,0,0,0,0,0,0,0,0,"(0.0, 6.0, 219.2)","(0.2, 0.0, 0.0, 1.0)"
0,833724.1,0,0,0,0,0,0,0,0,0,"(0.0, 0.0)","(0.0, 0.0)","(0.0, 0.0)","(0.0, 0.0, 0.0)","(0.0, 0.0, 0.0)","(0.0, 0.0, 0.0)","(0.0, 0.0, 0.0)","(0.0, 0.0, 0.0)","(0.0, 0.0, 0.0)",0,0,0,0,0,0,False,0,0,0,0,0,0,0,0,"(0.0, 6.0, 219.4)","(0.2, 0.0, 0.0, 1.0)"
0,833741.7,0,0,0,0,0,0,0,0,0,"(0.0, 0.0)","(0.0, 0.0)","(0.0, 0.0)","(0.0, 0.0, 0.0)","(0.0, 0.0, 0.0)","(0.0, 0.0, 0.0)","(0.0, 0.0, 0.0)","(0.0, 0.0, 0.0)","(0.0, 0.0, 0.0)",0,0,0,0,0,0,False,0,0,0,0,0,0,0,0,"(0.0, 6.0, 219.6)","(0.2, 0.0, 0.0, 1.0)"
0,833759.9,0,0,0,0,0,0,0,0,0,"(0.0, 0.0)","(0.0, 0.0)","(0.0, 0.0)","(0.0, 0.0, 0.0)","(0.0, 0.0, 0.0)","(0.0, 0.0, 0.0)","(0.0, 0.0, 0.0)","(0.0, 0.0, 0.0)","(0.0, 0.0, 0.0)",0,0,0,0,0,0,False,0,0,0,0,0,0,0,0,"(0.0, 6.0, 219.8)","(0.2, 0.0, 0.0, 1.0)"
0,833778.4,0,0,0,0,0,0,0,0,0,"(0.0, 0.0)","(0.0, 0.0)","(0.0, 0.0)","(0.0, 0.0, 0.0)","(0.0, 0.0, 0.0)","(0.0, 0.0, 0.0)","(0.0, 0.0, 0.0)","(0.0, 0.0, 0.0)","(0.0, 0.0, 0.0)",0,0,0,0,0,0,False,0,0,0,0,0,0,0,0,"(0.0, 6.0, 220.0)","(0.2, 0.0, 0.0, 1.0)"
0,833799.4,0,0,0,0,0,0,0,0,0,"(0.0, 0.0)","(0.0, 0.0)","(0.0, 0.0)","(0.0, 0.0, 0.0)","(0.0, 0.0, 0.0)","(0.0, 0.0, 0.0)","(0.0, 0.0, 0.0)","(0.0, 0.0, 0.0)","(0.0, 0.0, 0.0)",0,0,0,0,0,0,False,0,0,0,0,0,0,0,0,"(0.0, 6.0, 220.2)","(0.2, 0.0, 0.0, 1.0)"
0,833827.7,0,0,0,0,0,0,0,0,0,"(0.0, 0.0)","(0.0, 0.0)","(0.0, 0.0)","(0.0, 0.0, 0.0)","(0.0, 0.0, 0.0)","(0.0, 0.0, 0.0)","(0.0, 0.0, 0.0)","(0.0, 0.0, 0.0)","(0.0, 0.0, 0.0)",0,0,0,0,0,0,False,0,0,0,0,0,0,0,0,"(0.0, 6.0, 220.4)","(0.2, 0.0, 0.0, 1.0)"
0,833847,0,0,0,0,0,0,0,0,0,"(0.0, 0.0)","(0.0, 0.0)","(0.0, 0.0)","(0.0, 0.0, 0.0)","(0.0, 0.0, 0.0)","(0.0, 0.0, 0.0)","(0.0, 0.0, 0.0)","(0.0, 0.0, 0.0)","(0.0, 0.0, 0.0)",0,0,0,0,0,0,False,0,0,0,0,0,0,0,0,"(0.0, 6.0, 220.6)","(0.2, 0.0, 0.0, 1.0)"
0,833868.3,0,0,0,0,0,0,0,0,0,"(0.0, 0.0)","(0.0, 0.0)","(0.0, 0.0)","(0.0, 0.0, 0.0)","(0.0, 0.0, 0.0)","(0.0, 0.0, 0.0)","(0.0, 0.0, 0.0)","(0.0, 0.0, 0.0)","(0.0, 0.0, 0.0)",0,0,0,0,0,0,False,0,0,0,0,0,0,0,0,"(0.0, 6.0, 220.9)","(0.2, 0.0, 0.0, 1.0)"
0,833887.9,0,0,0,0,0,0,0,0,0,"(0.0, 0.0)","(0.0, 0.0)","(0.0, 0.0)","(0.0, 0.0, 0.0)","(0.0, 0.0, 0.0)","(0.0, 0.0, 0.0)","(0.0, 0.0, 0.0)","(0.0, 0.0, 0.0)","(0.0, 0.0, 0.0)",0,0,0,0,0,0,False,0,0,0,0,0,0,0,0,"(0.0, 6.0, 221.1)","(0.2, 0.0, 0.0, 1.0)"
0,833906.7,0,0,0,0,0,0,0,0,0,"(0.0, 0.0)","(0.0, 0.0)","(0.0, 0.0)","(0.0, 0.0, 0.0)","(0.0, 0.0, 0.0)","(0.0, 0.0, 0.0)","(0.0, 0.0, 0.0)","(0.0, 0.0, 0.0)","(0.0, 0.0, 0.0)",0,0,0,0,0,0,False,0,0,0,0,0,0,0,0,"(0.0, 6.0, 221.3)","(0.2, 0.0, 0.0, 1.0)"
0,833924.6,0,0,0,0,0,0,0,0,0,"(0.0, 0.0)","(0.0, 0.0)","(0.0, 0.0)","(0.0, 0.0, 0.0)","(0.0, 0.0, 0.0)","(0.0, 0.0, 0.0)","(0.0, 0.0, 0.0)","(0.0, 0.0, 0.0)","(0.0, 0.0, 0.0)",0,0,0,0,0,0,False,0,0,0,0,0,0,0,0,"(0.0, 6.0, 221.5)","(0.2, 0.0, 0.0, 1.0)"
0,833942.9,0,0,0,0,0,0,0,0,0,"(0.0, 0.0)","(0.0, 0.0)","(0.0, 0.0)","(0.0, 0.0, 0.0)","(0.0, 0.0, 0.0)","(0.0, 0.0, 0.0)","(0.0, 0.0, 0.0)","(0.0, 0.0, 0.0)","(0.0, 0.0, 0.0)",0,0,0,0,0,0,False,0,0,0,0,0,0,0,0,"(0.0, 6.0, 221.7)","(0.2, 0.0, 0.0, 1.0)"
0,833961.8,0,0,0,0,0,0,0,0,0,"(0.0, 0.0)","(0.0, 0.0)","(0.0, 0.0)","(0.0, 0.0, 0.0)","(0.0, 0.0, 0.0)","(0.0, 0.0, 0.0)","(0.0, 0.0, 0.0)","(0.0, 0.0, 0.0)","(0.0, 0.0, 0.0)",0,0,0,0,0,0,False,0,0,0,0,0,0,0,0,"(0.0, 6.0, 221.9)","(0.2, 0.0, 0.0, 1.0)"
0,833980.4,0,0,0,0,0,0,0,0,0,"(0.0, 0.0)","(0.0, 0.0)","(0.0, 0.0)","(0.0, 0.0, 0.0)","(0.0, 0.0, 0.0)","(0.0, 0.0, 0.0)","(0.0, 0.0, 0.0)","(0.0, 0.0, 0.0)","(0.0, 0.0, 0.0)",0,0,0,0,0,0,False,0,0,0,0,0,0,0,0,"(0.0, 6.0, 222.1)","(0.2, 0.0, 0.0, 1.0)"
0,833998.7,0,0,0,0,0,0,0,0,0,"(0.0, 0.0)","(0.0, 0.0)","(0.0, 0.0)","(0.0, 0.0, 0.0)","(0.0, 0.0, 0.0)","(0.0, 0.0, 0.0)","(0.0, 0.0, 0.0)","(0.0, 0.0, 0.0)","(0.0, 0.0, 0.0)",0,0,0,0,0,0,False,0,0,0,0,0,0,0,0,"(0.0, 6.0, 222.3)","(0.2, 0.0, 0.0, 1.0)"
0,834018.4,0,0,0,0,0,0,0,0,0,"(0.0, 0.0)","(0.0, 0.0)","(0.0, 0.0)","(0.0, 0.0, 0.0)","(0.0, 0.0, 0.0)","(0.0, 0.0, 0.0)","(0.0, 0.0, 0.0)","(0.0, 0.0, 0.0)","(0.0, 0.0, 0.0)",0,0,0,0,0,0,False,0,0,0,0,0,0,0,0,"(0.0, 6.0, 222.5)","(0.2, 0.0, 0.0, 1.0)"
0,834036.7,0,0,0,0,0,0,0,0,0,"(0.0, 0.0)","(0.0, 0.0)","(0.0, 0.0)","(0.0, 0.0, 0.0)","(0.0, 0.0, 0.0)","(0.0, 0.0, 0.0)","(0.0, 0.0, 0.0)","(0.0, 0.0, 0.0)","(0.0, 0.0, 0.0)",0,0,0,0,0,0,False,0,0,0,0,0,0,0,0,"(0.0, 6.0, 222.7)","(0.2, 0.0, 0.0, 1.0)"
0,834056,0,0,0,0,0,0,0,0,0,"(0.0, 0.0)","(0.0, 0.0)","(0.0, 0.0)","(0.0, 0.0, 0.0)","(0.0, 0.0, 0.0)","(0.0, 0.0, 0.0)","(0.0, 0.0, 0.0)","(0.0, 0.0, 0.0)","(0.0, 0.0, 0.0)",0,0,0,0,0,0,False,0,0,0,0,0,0,0,0,"(0.0, 6.0, 222.9)","(0.2, 0.0, 0.0, 1.0)"
0,834074.7,0,0,0,0,0,0,0,0,0,"(0.0, 0.0)","(0.0, 0.0)","(0.0, 0.0)","(0.0, 0.0, 0.0)","(0.0, 0.0, 0.0)","(0.0, 0.0, 0.0)","(0.0, 0.0, 0.0)","(0.0, 0.0, 0.0)","(0.0, 0.0, 0.0)",0,0,0,0,0,0,False,0,0,0,0,0,0,0,0,"(0.0, 6.0, 223.0)","(0.2, 0.0, 0.0, 1.0)"
0,834093.6,0,0,0,0,0,0,0,0,0,"(0.0, 0.0)","(0.0, 0.0)","(0.0, 0.0)","(0.0, 0.0, 0.0)","(0.0, 0.0, 0.0)","(0.0, 0.0, 0.0)","(0.0, 0.0, 0.0)","(0.0, 0.0, 0.0)","(0.0, 0.0, 0.0)",0,0,0,0,0,0,False,0,0,0,0,0,0,0,0,"(0.0, 6.0, 223.2)","(0.2, 0.0, 0.0, 1.0)"
0,834111.1,0,0,0,0,0,0,0,0,0,"(0.0, 0.0)","(0.0, 0.0)","(0.0, 0.0)","(0.0, 0.0, 0.0)","(0.0, 0.0, 0.0)","(0.0, 0.0, 0.0)","(0.0, 0.0, 0.0)","(0.0, 0.0, 0.0)","(0.0, 0.0, 0.0)",0,0,0,0,0,0,False,0,0,0,0,0,0,0,0,"(0.0, 6.0, 223.4)","(0.2, 0.0, 0.0, 1.0)"
0,834130.1,0,0,0,0,0,0,0,0,0,"(0.0, 0.0)","(0.0, 0.0)","(0.0, 0.0)","(0.0, 0.0, 0.0)","(0.0, 0.0, 0.0)","(0.0, 0.0, 0.0)","(0.0, 0.0, 0.0)","(0.0, 0.0, 0.0)","(0.0, 0.0, 0.0)",0,0,0,0,0,0,False,0,0,0,0,0,0,0,0,"(0.0, 6.0, 223.6)","(0.2, 0.0, 0.0, 1.0)"
0,834149,0,0,0,0,0,0,0,0,0,"(0.0, 0.0)","(0.0, 0.0)","(0.0, 0.0)","(0.0, 0.0, 0.0)","(0.0, 0.0, 0.0)","(0.0, 0.0, 0.0)","(0.0, 0.0, 0.0)","(0.0, 0.0, 0.0)","(0.0, 0.0, 0.0)",0,0,0,0,0,0,False,0,0,0,0,0,0,0,0,"(0.0, 6.0, 223.8)","(0.2, 0.0, 0.0, 1.0)"
0,834169.1,0,0,0,0,0,0,0,0,0,"(0.0, 0.0)","(0.0, 0.0)","(0.0, 0.0)","(0.0, 0.0, 0.0)","(0.0, 0.0, 0.0)","(0.0, 0.0, 0.0)","(0.0, 0.0, 0.0)","(0.0, 0.0, 0.0)","(0.0, 0.0, 0.0)",0,0,0,0,0,0,False,0,0,0,0,0,0,0,0,"(0.0, 6.0, 224.0)","(0.2, 0.0, 0.0, 1.0)"
0,834190.3,0,0,0,0,0,0,0,0,0,"(0.0, 0.0)","(0.0, 0.0)","(0.0, 0.0)","(0.0, 0.0, 0.0)","(0.0, 0.0, 0.0)","(0.0, 0.0, 0.0)","(0.0, 0.0, 0.0)","(0.0, 0.0, 0.0)","(0.0, 0.0, 0.0)",0,0,0,0,0,0,False,0,0,0,0,0,0,0,0,"(0.0, 6.0, 224.2)","(0.2, 0.0, 0.0, 1.0)"
0,834213.6,0,0,0,0,0,0,0,0,0,"(0.0, 0.0)","(0.0, 0.0)","(0.0, 0.0)","(0.0, 0.0, 0.0)","(0.0, 0.0, 0.0)","(0.0, 0.0, 0.0)","(0.0, 0.0, 0.0)","(0.0, 0.0, 0.0)","(0.0, 0.0, 0.0)",0,0,0,0,0,0,False,0,0,0,0,0,0,0,0,"(0.0, 6.0, 224.4)","(0.2, 0.0, 0.0, 1.0)"
0,834235.6,0,0,0,0,0,0,0,0,0,"(0.0, 0.0)","(0.0, 0.0)","(0.0, 0.0)","(0.0, 0.0, 0.0)","(0.0, 0.0, 0.0)","(0.0, 0.0, 0.0)","(0.0, 0.0, 0.0)","(0.0, 0.0, 0.0)","(0.0, 0.0, 0.0)",0,0,0,0,0,0,False,0,0,0,0,0,0,0,0,"(0.0, 6.0, 224.6)","(0.2, 0.0, 0.0, 1.0)"
0,834258.9,0,0,0,0,0,0,0,0,0,"(0.0, 0.0)","(0.0, 0.0)","(0.0, 0.0)","(0.0, 0.0, 0.0)","(0.0, 0.0, 0.0)","(0.0, 0.0, 0.0)","(0.0, 0.0, 0.0)","(0.0, 0.0, 0.0)","(0.0, 0.0, 0.0)",0,0,0,0,0,0,False,0,0,0,0,0,0,0,0,"(0.0, 6.0, 224.8)","(0.2, 0.0, 0.0, 1.0)"
0,834279.6,0,0,0,0,0,0,0,0,0,"(0.0, 0.0)","(0.0, 0.0)","(0.0, 0.0)","(0.0, 0.0, 0.0)","(0.0, 0.0, 0.0)","(0.0, 0.0, 0.0)","(0.0, 0.0, 0.0)","(0.0, 0.0, 0.0)","(0.0, 0.0, 0.0)",0,0,0,0,0,0,False,0,0,0,0,0,0,0,0,"(0.0, 6.0, 225.0)","(0.2, 0.0, 0.0, 1.0)"
0,834303,0,0,0,0,0,0,0,0,0,"(0.0, 0.0)","(0.0, 0.0)","(0.0, 0.0)","(0.0, 0.0, 0.0)","(0.0, 0.0, 0.0)","(0.0, 0.0, 0.0)","(0.0, 0.0, 0.0)","(0.0, 0.0, 0.0)","(0.0, 0.0, 0.0)",0,0,0,0,0,0,False,0,0,0,0,0,0,0,0,"(0.0, 6.0, 225.2)","(0.2, 0.0, 0.0, 1.0)"
0,834323.5,0,0,0,0,0,0,0,0,0,"(0.0, 0.0)","(0.0, 0.0)","(0.0, 0.0)","(0.0, 0.0, 0.0)","(0.0, 0.0, 0.0)","(0.0, 0.0, 0.0)","(0.0, 0.0, 0.0)","(0.0, 0.0, 0.0)","(0.0, 0.0, 0.0)",0,0,0,0,0,0,False,0,0,0,0,0,0,0,0,"(0.0, 6.0, 225.4)","(0.2, 0.0, 0.0, 1.0)"
0,834346.9,0,0,0,0,0,0,0,0,0,"(0.0, 0.0)","(0.0, 0.0)","(0.0, 0.0)","(0.0, 0.0, 0.0)","(0.0, 0.0, 0.0)","(0.0, 0.0, 0.0)","(0.0, 0.0, 0.0)","(0.0, 0.0, 0.0)","(0.0, 0.0, 0.0)",0,0,0,0,0,0,False,0,0,0,0,0,0,0,0,"(0.0, 6.0, 225.6)","(0.2, 0.0, 0.0, 1.0)"
0,834369.4,0,0,0,0,0,0,0,0,0,"(0.0, 0.0)","(0.0, 0.0)","(0.0, 0.0)","(0.0, 0.0, 0.0)","(0.0, 0.0, 0.0)","(0.0, 0.0, 0.0)","(0.0, 0.0, 0.0)","(0.0, 0.0, 0.0)","(0.0, 0.0, 0.0)",0,0,0,0,0,0,False,0,0,0,0,0,0,0,0,"(0.0, 6.0, 225.8)","(0.2, 0.0, 0.0, 1.0)"
0,834390.3,0,0,0,0,0,0,0,0,0,"(0.0, 0.0)","(0.0, 0.0)","(0.0, 0.0)","(0.0, 0.0, 0.0)","(0.0, 0.0, 0.0)","(0.0, 0.0, 0.0)","(0.0, 0.0, 0.0)","(0.0, 0.0, 0.0)","(0.0, 0.0, 0.0)",0,0,0,0,0,0,False,0,0,0,0,0,0,0,0,"(0.0, 6.0, 226.1)","(0.2, 0.0, 0.0, 1.0)"
0,834412.8,0,0,0,0,0,0,0,0,0,"(0.0, 0.0)","(0.0, 0.0)","(0.0, 0.0)","(0.0, 0.0, 0.0)","(0.0, 0.0, 0.0)","(0.0, 0.0, 0.0)","(0.0, 0.0, 0.0)","(0.0, 0.0, 0.0)","(0.0, 0.0, 0.0)",0,0,0,0,0,0,False,0,0,0,0,0,0,0,0,"(0.0, 6.0, 226.3)","(0.2, 0.0, 0.0, 1.0)"
0,834439.1,0,0,0,0,0,0,0,0,0,"(0.0, 0.0)","(0.0, 0.0)","(0.0, 0.0)","(0.0, 0.0, 0.0)","(0.0, 0.0, 0.0)","(0.0, 0.0, 0.0)","(0.0, 0.0, 0.0)","(0.0, 0.0, 0.0)","(0.0, 0.0, 0.0)",0,0,0,0,0,0,False,0,0,0,0,0,0,0,0,"(0.0, 6.0, 226.5)","(0.2, 0.0, 0.0, 1.0)"
0,834472.6,0,0,0,0,0,0,0,0,0,"(0.0, 0.0)","(0.0, 0.0)","(0.0, 0.0)","(0.0, 0.0, 0.0)","(0.0, 0.0, 0.0)","(0.0, 0.0, 0.0)","(0.0, 0.0, 0.0)","(0.0, 0.0, 0.0)","(0.0, 0.0, 0.0)",0,0,0,0,0,0,False,0,0,0,0,0,0,0,0,"(0.0, 6.0, 226.7)","(0.2, 0.0, 0.0, 1.0)"
0,834491.4,0,0,0,0,0,0,0,0,0,"(0.0, 0.0)","(0.0, 0.0)","(0.0, 0.0)","(0.0, 0.0, 0.0)","(0.0, 0.0, 0.0)","(0.0, 0.0, 0.0)","(0.0, 0.0, 0.0)","(0.0, 0.0, 0.0)","(0.0, 0.0, 0.0)",0,0,0,0,0,0,False,0,0,0,0,0,0,0,0,"(0.0, 6.0, 226.9)","(0.2, 0.0, 0.0, 1.0)"
0,834512.9,0,0,0,0,0,0,0,0,0,"(0.0, 0.0)","(0.0, 0.0)","(0.0, 0.0)","(0.0, 0.0, 0.0)","(0.0, 0.0, 0.0)","(0.0, 0.0, 0.0)","(0.0, 0.0, 0.0)","(0.0, 0.0, 0.0)","(0.0, 0.0, 0.0)",0,0,0,0,0,0,False,0,0,0,0,0,0,0,0,"(0.0, 6.0, 227.2)","(0.2, 0.0, 0.0, 1.0)"
0,834535.1,0,0,0,0,0,0,0,0,0,"(0.0, 0.0)","(0.0, 0.0)","(0.0, 0.0)","(0.0, 0.0, 0.0)","(0.0, 0.0, 0.0)","(0.0, 0.0, 0.0)","(0.0, 0.0, 0.0)","(0.0, 0.0, 0.0)","(0.0, 0.0, 0.0)",0,0,0,0,0,0,False,0,0,0,0,0,0,0,0,"(0.0, 6.0, 227.4)","(0.2, 0.0, 0.0, 1.0)"
0,834557.6,0,0,0,0,0,0,0,0,0,"(0.0, 0.0)","(0.0, 0.0)","(0.0, 0.0)","(0.0, 0.0, 0.0)","(0.0, 0.0, 0.0)","(0.0, 0.0, 0.0)","(0.0, 0.0, 0.0)","(0.0, 0.0, 0.0)","(0.0, 0.0, 0.0)",0,0,0,0,0,0,False,0,0,0,0,0,0,0,0,"(0.0, 6.0, 227.6)","(0.2, 0.0, 0.0, 1.0)"
0,834579.8,0,0,0,0,0,0,0,0,0,"(0.0, 0.0)","(0.0, 0.0)","(0.0, 0.0)","(0.0, 0.0, 0.0)","(0.0, 0.0, 0.0)","(0.0, 0.0, 0.0)","(0.0, 0.0, 0.0)","(0.0, 0.0, 0.0)","(0.0, 0.0, 0.0)",0,0,0,0,0,0,False,0,0,0,0,0,0,0,0,"(0.0, 6.0, 227.8)","(0.2, 0.0, 0.0, 1.0)"
0,834601.7,0,0,0,0,0,0,0,0,0,"(0.0, 0.0)","(0.0, 0.0)","(0.0, 0.0)","(0.0, 0.0, 0.0)","(0.0, 0.0, 0.0)","(0.0, 0.0, 0.0)","(0.0, 0.0, 0.0)","(0.0, 0.0, 0.0)","(0.0, 0.0, 0.0)",0,0,0,0,0,0,False,0,0,0,0,0,0,0,0,"(0.0, 6.0, 228.1)","(0.2, 0.0, 0.0, 1.0)"
0,834623.7,0,0,0,0,0,0,0,0,0,"(0.0, 0.0)","(0.0, 0.0)","(0.0, 0.0)","(0.0, 0.0, 0.0)","(0.0, 0.0, 0.0)","(0.0, 0.0, 0.0)","(0.0, 0.0, 0.0)","(0.0, 0.0, 0.0)","(0.0, 0.0, 0.0)",0,0,0,0,0,0,False,0,0,0,0,0,0,0,0,"(0.0, 6.0, 228.3)","(0.2, 0.0, 0.0, 1.0)"
0,834646.6,0,0,0,0,0,0,0,0,0,"(0.0, 0.0)","(0.0, 0.0)","(0.0, 0.0)","(0.0, 0.0, 0.0)","(0.0, 0.0, 0.0)","(0.0, 0.0, 0.0)","(0.0, 0.0, 0.0)","(0.0, 0.0, 0.0)","(0.0, 0.0, 0.0)",0,0,0,0,0,0,False,0,0,0,0,0,0,0,0,"(0.0, 6.0, 228.5)","(0.2, 0.0, 0.0, 1.0)"
0,834668.8,0,0,0,0,0,0,0,0,0,"(0.0, 0.0)","(0.0, 0.0)","(0.0, 0.0)","(0.0, 0.0, 0.0)","(0.0, 0.0, 0.0)","(0.0, 0.0, 0.0)","(0.0, 0.0, 0.0)","(0.0, 0.0, 0.0)","(0.0, 0.0, 0.0)",0,0,0,0,0,0,False,0,0,0,0,0,0,0,0,"(0.0, 6.0, 228.7)","(0.2, 0.0, 0.0, 1.0)"
0,834690.3,0,0,0,0,0,0,0,0,0,"(0.0, 0.0)","(0.0, 0.0)","(0.0, 0.0)","(0.0, 0.0, 0.0)","(0.0, 0.0, 0.0)","(0.0, 0.0, 0.0)","(0.0, 0.0, 0.0)","(0.0, 0.0, 0.0)","(0.0, 0.0, 0.0)",0,0,0,0,0,0,False,0,0,0,0,0,0,0,0,"(0.0, 6.0, 229.0)","(0.2, 0.0, 0.0, 1.0)"
0,834707.7,0,0,0,0,0,0,0,0,0,"(0.0, 0.0)","(0.0, 0.0)","(0.0, 0.0)","(0.0, 0.0, 0.0)","(0.0, 0.0, 0.0)","(0.0, 0.0, 0.0)","(0.0, 0.0, 0.0)","(0.0, 0.0, 0.0)","(0.0, 0.0, 0.0)",0,0,0,0,0,0,False,0,0,0,0,0,0,0,0,"(0.0, 6.0, 229.2)","(0.2, 0.0, 0.0, 1.0)"
0,834734.5,0,0,0,0,0,0,0,0,0,"(0.0, 0.0)","(0.0, 0.0)","(0.0, 0.0)","(0.0, 0.0, 0.0)","(0.0, 0.0, 0.0)","(0.0, 0.0, 0.0)","(0.0, 0.0, 0.0)","(0.0, 0.0, 0.0)","(0.0, 0.0, 0.0)",0,0,0,0,0,0,False,0,0,0,0,0,0,0,0,"(0.0, 6.0, 229.4)","(0.2, 0.0, 0.0, 1.0)"
0,834752.9,0,0,0,0,0,0,0,0,0,"(0.0, 0.0)","(0.0, 0.0)","(0.0, 0.0)","(0.0, 0.0, 0.0)","(0.0, 0.0, 0.0)","(0.0, 0.0, 0.0)","(0.0, 0.0, 0.0)","(0.0, 0.0, 0.0)","(0.0, 0.0, 0.0)",0,0,0,0,0,0,False,0,0,0,0,0,0,0,0,"(0.0, 6.0, 229.6)","(0.2, 0.0, 0.0, 1.0)"
0,834771.7,0,0,0,0,0,0,0,0,0,"(0.0, 0.0)","(0.0, 0.0)","(0.0, 0.0)","(0.0, 0.0, 0.0)","(0.0, 0.0, 0.0)","(0.0, 0.0, 0.0)","(0.0, 0.0, 0.0)","(0.0, 0.0, 0.0)","(0.0, 0.0, 0.0)",0,0,0,0,0,0,False,0,0,0,0,0,0,0,0,"(0.0, 6.0, 229.8)","(0.2, 0.0, 0.0, 1.0)"
0,834790.4,0,0,0,0,0,0,0,0,0,"(0.0, 0.0)","(0.0, 0.0)","(0.0, 0.0)","(0.0, 0.0, 0.0)","(0.0, 0.0, 0.0)","(0.0, 0.0, 0.0)","(0.0, 0.0, 0.0)","(0.0, 0.0, 0.0)","(0.0, 0.0, 0.0)",0,0,0,0,0,0,False,0,0,0,0,0,0,0,0,"(0.0, 6.0, 230.0)","(0.2, 0.0, 0.0, 1.0)"
0,834809.2,0,0,0,0,0,0,0,0,0,"(0.0, 0.0)","(0.0, 0.0)","(0.0, 0.0)","(0.0, 0.0, 0.0)","(0.0, 0.0, 0.0)","(0.0, 0.0, 0.0)","(0.0, 0.0, 0.0)","(0.0, 0.0, 0.0)","(0.0, 0.0, 0.0)",0,0,0,0,0,0,False,0,0,0,0,0,0,0,0,"(0.0, 6.0, 230.3)","(0.2, 0.0, 0.0, 1.0)"
0,834826.6,0,0,0,0,0,0,0,0,0,"(0.0, 0.0)","(0.0, 0.0)","(0.0, 0.0)","(0.0, 0.0, 0.0)","(0.0, 0.0, 0.0)","(0.0, 0.0, 0.0)","(0.0, 0.0, 0.0)","(0.0, 0.0, 0.0)","(0.0, 0.0, 0.0)",0,0,0,0,0,0,False,0,0,0,0,0,0,0,0,"(0.0, 6.0, 230.5)","(0.2, 0.0, 0.0, 1.0)"
0,834846,0,0,0,0,0,0,0,0,0,"(0.0, 0.0)","(0.0, 0.0)","(0.0, 0.0)","(0.0, 0.0, 0.0)","(0.0, 0.0, 0.0)","(0.0, 0.0, 0.0)","(0.0, 0.0, 0.0)","(0.0, 0.0, 0.0)","(0.0, 0.0, 0.0)",0,0,0,0,0,0,False,0,0,0,0,0,0,0,0,"(0.0, 6.0, 230.7)","(0.2, 0.0, 0.0, 1.0)"
0,834865.8,0,0,0,0,0,0,0,0,0,"(0.0, 0.0)","(0.0, 0.0)","(0.0, 0.0)","(0.0, 0.0, 0.0)","(0.0, 0.0, 0.0)","(0.0, 0.0, 0.0)","(0.0, 0.0, 0.0)","(0.0, 0.0, 0.0)","(0.0, 0.0, 0.0)",0,0,0,0,0,0,False,0,0,0,0,0,0,0,0,"(0.0, 6.0, 230.9)","(0.2, 0.0, 0.0, 1.0)"
0,834886,0,0,0,0,0,0,0,0,0,"(0.0, 0.0)","(0.0, 0.0)","(0.0, 0.0)","(0.0, 0.0, 0.0)","(0.0, 0.0, 0.0)","(0.0, 0.0, 0.0)","(0.0, 0.0, 0.0)","(0.0, 0.0, 0.0)","(0.0, 0.0, 0.0)",0,0,0,0,0,0,False,0,0,0,0,0,0,0,0,"(0.0, 6.0, 231.1)","(0.2, 0.0, 0.0, 1.0)"
0,834904.7,0,0,0,0,0,0,0,0,0,"(0.0, 0.0)","(0.0, 0.0)","(0.0, 0.0)","(0.0, 0.0, 0.0)","(0.0, 0.0, 0.0)","(0.0, 0.0, 0.0)","(0.0, 0.0, 0.0)","(0.0, 0.0, 0.0)","(0.0, 0.0, 0.0)",0,0,0,0,0,0,False,0,0,0,0,0,0,0,0,"(0.0, 6.0, 231.3)","(0.2, 0.0, 0.0, 1.0)"
0,834924,0,0,0,0,0,0,0,0,0,"(0.0, 0.0)","(0.0, 0.0)","(0.0, 0.0)","(0.0, 0.0, 0.0)","(0.0, 0.0, 0.0)","(0.0, 0.0, 0.0)","(0.0, 0.0, 0.0)","(0.0, 0.0, 0.0)","(0.0, 0.0, 0.0)",0,0,0,0,0,0,False,0,0,0,0,0,0,0,0,"(0.0, 6.0, 231.5)","(0.2, 0.0, 0.0, 1.0)"
0,834942.6,0,0,0,0,0,0,0,0,0,"(0.0, 0.0)","(0.0, 0.0)","(0.0, 0.0)","(0.0, 0.0, 0.0)","(0.0, 0.0, 0.0)","(0.0, 0.0, 0.0)","(0.0, 0.0, 0.0)","(0.0, 0.0, 0.0)","(0.0, 0.0, 0.0)",0,0,0,0,0,0,False,0,0,0,0,0,0,0,0,"(0.0, 6.0, 231.7)","(0.2, 0.0, 0.0, 1.0)"
0,834962.8,0,0,0,0,0,0,0,0,0,"(0.0, 0.0)","(0.0, 0.0)","(0.0, 0.0)","(0.0, 0.0, 0.0)","(0.0, 0.0, 0.0)","(0.0, 0.0, 0.0)","(0.0, 0.0, 0.0)","(0.0, 0.0, 0.0)","(0.0, 0.0, 0.0)",0,0,0,0,0,0,False,0,0,0,0,0,0,0,0,"(0.0, 6.0, 231.9)","(0.2, 0.0, 0.0, 1.0)"
0,834981.3,0,0,0,0,0,0,0,0,0,"(0.0, 0.0)","(0.0, 0.0)","(0.0, 0.0)","(0.0, 0.0, 0.0)","(0.0, 0.0, 0.0)","(0.0, 0.0, 0.0)","(0.0, 0.0, 0.0)","(0.0, 0.0, 0.0)","(0.0, 0.0, 0.0)",0,0,0,0,0,0,False,0,0,0,0,0,0,0,0,"(0.0, 6.0, 232.1)","(0.2, 0.0, 0.0, 1.0)"
0,835001.9,0,0,0,0,0,0,0,0,0,"(0.0, 0.0)","(0.0, 0.0)","(0.0, 0.0)","(0.0, 0.0, 0.0)","(0.0, 0.0, 0.0)","(0.0, 0.0, 0.0)","(0.0, 0.0, 0.0)","(0.0, 0.0, 0.0)","(0.0, 0.0, 0.0)",0,0,0,0,0,0,False,0,0,0,0,0,0,0,0,"(0.0, 6.0, 232.3)","(0.2, 0.0, 0.0, 1.0)"
0,835020.8,0,0,0,0,0,0,0,0,0,"(0.0, 0.0)","(0.0, 0.0)","(0.0, 0.0)","(0.0, 0.0, 0.0)","(0.0, 0.0, 0.0)","(0.0, 0.0, 0.0)","(0.0, 0.0, 0.0)","(0.0, 0.0, 0.0)","(0.0, 0.0, 0.0)",0,0,0,0,0,0,False,0,0,0,0,0,0,0,0,"(0.0, 6.0, 232.5)","(0.2, 0.0, 0.0, 1.0)"
0,835041.9,0,0,0,0,0,0,0,0,0,"(0.0, 0.0)","(0.0, 0.0)","(0.0, 0.0)","(0.0, 0.0, 0.0)","(0.0, 0.0, 0.0)","(0.0, 0.0, 0.0)","(0.0, 0.0, 0.0)","(0.0, 0.0, 0.0)","(0.0, 0.0, 0.0)",0,0,0,0,0,0,False,0,0,0,0,0,0,0,0,"(0.0, 6.0, 232.7)","(0.2, 0.0, 0.0, 1.0)"
0,835060.2,0,0,0,0,0,0,0,0,0,"(0.0, 0.0)","(0.0, 0.0)","(0.0, 0.0)","(0.0, 0.0, 0.0)","(0.0, 0.0, 0.0)","(0.0, 0.0, 0.0)","(0.0, 0.0, 0.0)","(0.0, 0.0, 0.0)","(0.0, 0.0, 0.0)",0,0,0,0,0,0,False,0,0,0,0,0,0,0,0,"(0.0, 6.0, 232.9)","(0.2, 0.0, 0.0, 1.0)"
0,835078.7,0,0,0,0,0,0,0,0,0,"(0.0, 0.0)","(0.0, 0.0)","(0.0, 0.0)","(0.0, 0.0, 0.0)","(0.0, 0.0, 0.0)","(0.0, 0.0, 0.0)","(0.0, 0.0, 0.0)","(0.0, 0.0, 0.0)","(0.0, 0.0, 0.0)",0,0,0,0,0,0,False,0,0,0,0,0,0,0,0,"(0.0, 6.0, 233.1)","(0.2, 0.0, 0.0, 1.0)"
0,835103.3,0,0,0,0,0,0,0,0,0,"(0.0, 0.0)","(0.0, 0.0)","(0.0, 0.0)","(0.0, 0.0, 0.0)","(0.0, 0.0, 0.0)","(0.0, 0.0, 0.0)","(0.0, 0.0, 0.0)","(0.0, 0.0, 0.0)","(0.0, 0.0, 0.0)",0,0,0,0,0,0,False,0,0,0,0,0,0,0,0,"(0.0, 6.0, 233.3)","(0.2, 0.0, 0.0, 1.0)"
0,835122.8,0,0,0,0,0,0,0,0,0,"(0.0, 0.0)","(0.0, 0.0)","(0.0, 0.0)","(0.0, 0.0, 0.0)","(0.0, 0.0, 0.0)","(0.0, 0.0, 0.0)","(0.0, 0.0, 0.0)","(0.0, 0.0, 0.0)","(0.0, 0.0, 0.0)",0,0,0,0,0,0,False,0,0,0,0,0,0,0,0,"(0.0, 6.0, 233.5)","(0.2, 0.0, 0.0, 1.0)"
0,835146,0,0,0,0,0,0,0,0,0,"(0.0, 0.0)","(0.0, 0.0)","(0.0, 0.0)","(0.0, 0.0, 0.0)","(0.0, 0.0, 0.0)","(0.0, 0.0, 0.0)","(0.0, 0.0, 0.0)","(0.0, 0.0, 0.0)","(0.0, 0.0, 0.0)",0,0,0,0,0,0,False,0,0,0,0,0,0,0,0,"(0.0, 6.0, 233.7)","(0.2, 0.0, 0.0, 1.0)"
0,835168.6,0,0,0,0,0,0,0,0,0,"(0.0, 0.0)","(0.0, 0.0)","(0.0, 0.0)","(0.0, 0.0, 0.0)","(0.0, 0.0, 0.0)","(0.0, 0.0, 0.0)","(0.0, 0.0, 0.0)","(0.0, 0.0, 0.0)","(0.0, 0.0, 0.0)",0,0,0,0,0,0,False,0,0,0,0,0,0,0,0,"(0.0, 6.0, 233.9)","(0.2, 0.0, 0.0, 1.0)"
0,835189.8,0,0,0,0,0,0,0,0,0,"(0.0, 0.0)","(0.0, 0.0)","(0.0, 0.0)","(0.0, 0.0, 0.0)","(0.0, 0.0, 0.0)","(0.0, 0.0, 0.0)","(0.0, 0.0, 0.0)","(0.0, 0.0, 0.0)","(0.0, 0.0, 0.0)",0,0,0,0,0,0,False,0,0,0,0,0,0,0,0,"(0.0, 6.0, 234.1)","(0.2, 0.0, 0.0, 1.0)"
0,835212.2,0,0,0,0,0,0,0,0,0,"(0.0, 0.0)","(0.0, 0.0)","(0.0, 0.0)","(0.0, 0.0, 0.0)","(0.0, 0.0, 0.0)","(0.0, 0.0, 0.0)","(0.0, 0.0, 0.0)","(0.0, 0.0, 0.0)","(0.0, 0.0, 0.0)",0,0,0,0,0,0,False,0,0,0,0,0,0,0,0,"(0.0, 6.0, 234.3)","(0.2, 0.0, 0.0, 1.0)"
0,835234.9,0,0,0,0,0,0,0,0,0,"(0.0, 0.0)","(0.0, 0.0)","(0.0, 0.0)","(0.0, 0.0, 0.0)","(0.0, 0.0, 0.0)","(0.0, 0.0, 0.0)","(0.0, 0.0, 0.0)","(0.0, 0.0, 0.0)","(0.0, 0.0, 0.0)",0,0,0,0,0,0,False,0,0,0,0,0,0,0,0,"(0.0, 6.0, 234.5)","(0.2, 0.0, 0.0, 1.0)"
0,835256.2,0,0,0,0,0,0,0,0,0,"(0.0, 0.0)","(0.0, 0.0)","(0.0, 0.0)","(0.0, 0.0, 0.0)","(0.0, 0.0, 0.0)","(0.0, 0.0, 0.0)","(0.0, 0.0, 0.0)","(0.0, 0.0, 0.0)","(0.0, 0.0, 0.0)",0,0,0,0,0,0,False,0,0,0,0,0,0,0,0,"(0.0, 6.0, 234.7)","(0.2, 0.0, 0.0, 1.0)"
0,835278.9,0,0,0,0,0,0,0,0,0,"(0.0, 0.0)","(0.0, 0.0)","(0.0, 0.0)","(0.0, 0.0, 0.0)","(0.0, 0.0, 0.0)","(0.0, 0.0, 0.0)","(0.0, 0.0, 0.0)","(0.0, 0.0, 0.0)","(0.0, 0.0, 0.0)",0,0,0,0,0,0,False,0,0,0,0,0,0,0,0,"(0.0, 6.0, 234.9)","(0.2, 0.0, 0.0, 1.0)"
0,835301.8,0,0,0,0,0,0,0,0,0,"(0.0, 0.0)","(0.0, 0.0)","(0.0, 0.0)","(0.0, 0.0, 0.0)","(0.0, 0.0, 0.0)","(0.0, 0.0, 0.0)","(0.0, 0.0, 0.0)","(0.0, 0.0, 0.0)","(0.0, 0.0, 0.0)",0,0,0,0,0,0,False,0,0,0,0,0,0,0,0,"(0.0, 6.0, 235.1)","(0.2, 0.0, 0.0, 1.0)"
0,835323.3,0,0,0,0,0,0,0,0,0,"(0.0, 0.0)","(0.0, 0.0)","(0.0, 0.0)","(0.0, 0.0, 0.0)","(0.0, 0.0, 0.0)","(0.0, 0.0, 0.0)","(0.0, 0.0, 0.0)","(0.0, 0.0, 0.0)","(0.0, 0.0, 0.0)",0,0,0,0,0,0,False,0,0,0,0,0,0,0,0,"(0.0, 6.0, 235.4)","(0.2, 0.0, 0.0, 1.0)"
0,835345.5,0,0,0,0,0,0,0,0,0,"(0.0, 0.0)","(0.0, 0.0)","(0.0, 0.0)","(0.0, 0.0, 0.0)","(0.0, 0.0, 0.0)","(0.0, 0.0, 0.0)","(0.0, 0.0, 0.0)","(0.0, 0.0, 0.0)","(0.0, 0.0, 0.0)",0,0,0,0,0,0,False,0,0,0,0,0,0,0,0,"(0.0, 6.0, 235.6)","(0.2, 0.0, 0.0, 1.0)"
0,835368.5,0,0,0,0,0,0,0,0,0,"(0.0, 0.0)","(0.0, 0.0)","(0.0, 0.0)","(0.0, 0.0, 0.0)","(0.0, 0.0, 0.0)","(0.0, 0.0, 0.0)","(0.0, 0.0, 0.0)","(0.0, 0.0, 0.0)","(0.0, 0.0, 0.0)",0,0,0,0,0,0,False,0,0,0,0,0,0,0,0,"(0.0, 6.0, 235.8)","(0.2, 0.0, 0.0, 1.0)"
0,835389.3,0,0,0,0,0,0,0,0,0,"(0.0, 0.0)","(0.0, 0.0)","(0.0, 0.0)","(0.0, 0.0, 0.0)","(0.0, 0.0, 0.0)","(0.0, 0.0, 0.0)","(0.0, 0.0, 0.0)","(0.0, 0.0, 0.0)","(0.0, 0.0, 0.0)",0,0,0,0,0,0,False,0,0,0,0,0,0,0,0,"(0.0, 6.0, 236.0)","(0.2, 0.0, 0.0, 1.0)"
0,835412.8,0,0,0,0,0,0,0,0,0,"(0.0, 0.0)","(0.0, 0.0)","(0.0, 0.0)","(0.0, 0.0, 0.0)","(0.0, 0.0, 0.0)","(0.0, 0.0, 0.0)","(0.0, 0.0, 0.0)","(0.0, 0.0, 0.0)","(0.0, 0.0, 0.0)",0,0,0,0,0,0,False,0,0,0,0,0,0,0,0,"(0.0, 6.0, 236.2)","(0.2, 0.0, 0.0, 1.0)"
0,835434.7,0,0,0,0,0,0,0,0,0,"(0.0, 0.0)","(0.0, 0.0)","(0.0, 0.0)","(0.0, 0.0, 0.0)","(0.0, 0.0, 0.0)","(0.0, 0.0, 0.0)","(0.0, 0.0, 0.0)","(0.0, 0.0, 0.0)","(0.0, 0.0, 0.0)",0,0,0,0,0,0,False,0,0,0,0,0,0,0,0,"(0.0, 6.0, 236.4)","(0.2, 0.0, 0.0, 1.0)"
0,835456.1,0,0,0,0,0,0,0,0,0,"(0.0, 0.0)","(0.0, 0.0)","(0.0, 0.0)","(0.0, 0.0, 0.0)","(0.0, 0.0, 0.0)","(0.0, 0.0, 0.0)","(0.0, 0.0, 0.0)","(0.0, 0.0, 0.0)","(0.0, 0.0, 0.0)",0,0,0,0,0,0,False,0,0,0,0,0,0,0,0,"(0.0, 6.0, 236.7)","(0.2, 0.0, 0.0, 1.0)"
0,835479.6,0,0,0,0,0,0,0,0,0,"(0.0, 0.0)","(0.0, 0.0)","(0.0, 0.0)","(0.0, 0.0, 0.0)","(0.0, 0.0, 0.0)","(0.0, 0.0, 0.0)","(0.0, 0.0, 0.0)","(0.0, 0.0, 0.0)","(0.0, 0.0, 0.0)",0,0,0,0,0,0,False,0,0,0,0,0,0,0,0,"(0.0, 6.0, 236.9)","(0.2, 0.0, 0.0, 1.0)"
0,835502.3,0,0,0,0,0,0,0,0,0,"(0.0, 0.0)","(0.0, 0.0)","(0.0, 0.0)","(0.0, 0.0, 0.0)","(0.0, 0.0, 0.0)","(0.0, 0.0, 0.0)","(0.0, 0.0, 0.0)","(0.0, 0.0, 0.0)","(0.0, 0.0, 0.0)",0,0,0,0,0,0,False,0,0,0,0,0,0,0,0,"(0.0, 6.0, 237.1)","(0.2, 0.0, 0.0, 1.0)"
0,835523.2,0,0,0,0,0,0,0,0,0,"(0.0, 0.0)","(0.0, 0.0)","(0.0, 0.0)","(0.0, 0.0, 0.0)","(0.0, 0.0, 0.0)","(0.0, 0.0, 0.0)","(0.0, 0.0, 0.0)","(0.0, 0.0, 0.0)","(0.0, 0.0, 0.0)",0,0,0,0,0,0,False,0,0,0,0,0,0,0,0,"(0.0, 6.0, 237.3)","(0.2, 0.0, 0.0, 1.0)"
0,835546.1,0,0,0,0,0,0,0,0,0,"(0.0, 0.0)","(0.0, 0.0)","(0.0, 0.0)","(0.0, 0.0, 0.0)","(0.0, 0.0, 0.0)","(0.0, 0.0, 0.0)","(0.0, 0.0, 0.0)","(0.0, 0.0, 0.0)","(0.0, 0.0, 0.0)",0,0,0,0,0,0,False,0,0,0,0,0,0,0,0,"(0.0, 6.0, 237.5)","(0.2, 0.0, 0.0, 1.0)"
0,835568.3,0,0,0,0,0,0,0,0,0,"(0.0, 0.0)","(0.0, 0.0)","(0.0, 0.0)","(0.0, 0.0, 0.0)","(0.0, 0.0, 0.0)","(0.0, 0.0, 0.0)","(0.0, 0.0, 0.0)","(0.0, 0.0, 0.0)","(0.0, 0.0, 0.0)",0,0,0,0,0,0,False,0,0,0,0,0,0,0,0,"(0.0, 6.0, 237.8)","(0.2, 0.0, 0.0, 1.0)"
0,835589.3,0,0,0,0,0,0,0,0,0,"(0.0, 0.0)","(0.0, 0.0)","(0.0, 0.0)","(0.0, 0.0, 0.0)","(0.0, 0.0, 0.0)","(0.0, 0.0, 0.0)","(0.0, 0.0, 0.0)","(0.0, 0.0, 0.0)","(0.0, 0.0, 0.0)",0,0,0,0,0,0,False,0,0,0,0,0,0,0,0,"(0.0, 6.0, 238.0)","(0.2, 0.0, 0.0, 1.0)"
0,835612.5,0,0,0,0,0,0,0,0,0,"(0.0, 0.0)","(0.0, 0.0)","(0.0, 0.0)","(0.0, 0.0, 0.0)","(0.0, 0.0, 0.0)","(0.0, 0.0, 0.0)","(0.0, 0.0, 0.0)","(0.0, 0.0, 0.0)","(0.0, 0.0, 0.0)",0,0,0,0,0,0,False,0,0,0,0,0,0,0,0,"(0.0, 6.0, 238.2)","(0.2, 0.0, 0.0, 1.0)"
0,835636.6,0,0,0,0,0,0,0,0,0,"(0.0, 0.0)","(0.0, 0.0)","(0.0, 0.0)","(0.0, 0.0, 0.0)","(0.0, 0.0, 0.0)","(0.0, 0.0, 0.0)","(0.0, 0.0, 0.0)","(0.0, 0.0, 0.0)","(0.0, 0.0, 0.0)",0,0,0,0,0,0,False,0,0,0,0,0,0,0,0,"(0.0, 6.0, 238.4)","(0.2, 0.0, 0.0, 1.0)"
0,835655.4,0,0,0,0,0,0,0,0,0,"(0.0, 0.0)","(0.0, 0.0)","(0.0, 0.0)","(0.0, 0.0, 0.0)","(0.0, 0.0, 0.0)","(0.0, 0.0, 0.0)","(0.0, 0.0, 0.0)","(0.0, 0.0, 0.0)","(0.0, 0.0, 0.0)",0,0,0,0,0,0,False,0,0,0,0,0,0,0,0,"(0.0, 6.0, 238.6)","(0.2, 0.0, 0.0, 1.0)"
0,835674.4,0,0,0,0,0,0,0,0,0,"(0.0, 0.0)","(0.0, 0.0)","(0.0, 0.0)","(0.0, 0.0, 0.0)","(0.0, 0.0, 0.0)","(0.0, 0.0, 0.0)","(0.0, 0.0, 0.0)","(0.0, 0.0, 0.0)","(0.0, 0.0, 0.0)",0,0,0,0,0,0,False,0,0,0,0,0,0,0,0,"(0.0, 6.0, 238.9)","(0.2, 0.0, 0.0, 1.0)"
0,835695.3,0,0,0,0,0,0,0,0,0,"(0.0, 0.0)","(0.0, 0.0)","(0.0, 0.0)","(0.0, 0.0, 0.0)","(0.0, 0.0, 0.0)","(0.0, 0.0, 0.0)","(0.0, 0.0, 0.0)","(0.0, 0.0, 0.0)","(0.0, 0.0, 0.0)",0,0,0,0,0,0,False,0,0,0,0,0,0,0,0,"(0.0, 6.0, 239.1)","(0.2, 0.0, 0.0, 1.0)"
0,835713.3,0,0,0,0,0,0,0,0,0,"(0.0, 0.0)","(0.0, 0.0)","(0.0, 0.0)","(0.0, 0.0, 0.0)","(0.0, 0.0, 0.0)","(0.0, 0.0, 0.0)","(0.0, 0.0, 0.0)","(0.0, 0.0, 0.0)","(0.0, 0.0, 0.0)",0,0,0,0,0,0,False,0,0,0,0,0,0,0,0,"(0.0, 6.0, 239.3)","(0.2, 0.0, 0.0, 1.0)"
0,835732.6,0,0,0,0,0,0,0,0,0,"(0.0, 0.0)","(0.0, 0.0)","(0.0, 0.0)","(0.0, 0.0, 0.0)","(0.0, 0.0, 0.0)","(0.0, 0.0, 0.0)","(0.0, 0.0, 0.0)","(0.0, 0.0, 0.0)","(0.0, 0.0, 0.0)",0,0,0,0,0,0,False,0,0,0,0,0,0,0,0,"(0.0, 6.0, 239.5)","(0.2, 0.0, 0.0, 1.0)"
0,835752.5,0,0,0,0,0,0,0,0,0,"(0.0, 0.0)","(0.0, 0.0)","(0.0, 0.0)","(0.0, 0.0, 0.0)","(0.0, 0.0, 0.0)","(0.0, 0.0, 0.0)","(0.0, 0.0, 0.0)","(0.0, 0.0, 0.0)","(0.0, 0.0, 0.0)",0,0,0,0,0,0,False,0,0,0,0,0,0,0,0,"(0.0, 6.0, 239.7)","(0.2, 0.0, 0.0, 1.0)"
0,835770.8,0,0,0,0,0,0,0,0,0,"(0.0, 0.0)","(0.0, 0.0)","(0.0, 0.0)","(0.0, 0.0, 0.0)","(0.0, 0.0, 0.0)","(0.0, 0.0, 0.0)","(0.0, 0.0, 0.0)","(0.0, 0.0, 0.0)","(0.0, 0.0, 0.0)",0,0,0,0,0,0,False,0,0,0,0,0,0,0,0,"(0.0, 6.0, 239.9)","(0.2, 0.0, 0.0, 1.0)"
0,835790.3,0,0,0,0,0,0,0,0,0,"(0.0, 0.0)","(0.0, 0.0)","(0.0, 0.0)","(0.0, 0.0, 0.0)","(0.0, 0.0, 0.0)","(0.0, 0.0, 0.0)","(0.0, 0.0, 0.0)","(0.0, 0.0, 0.0)","(0.0, 0.0, 0.0)",0,0,0,0,0,0,False,0,0,0,0,0,0,0,0,"(0.0, 6.0, 240.1)","(0.2, 0.0, 0.0, 1.0)"
0,835807.6,0,0,0,0,0,0,0,0,0,"(0.0, 0.0)","(0.0, 0.0)","(0.0, 0.0)","(0.0, 0.0, 0.0)","(0.0, 0.0, 0.0)","(0.0, 0.0, 0.0)","(0.0, 0.0, 0.0)","(0.0, 0.0, 0.0)","(0.0, 0.0, 0.0)",0,0,0,0,0,0,False,0,0,0,0,0,0,0,0,"(0.0, 6.0, 240.3)","(0.2, 0.0, 0.0, 1.0)"
0,835825.5,0,0,0,0,0,0,0,0,0,"(0.0, 0.0)","(0.0, 0.0)","(0.0, 0.0)","(0.0, 0.0, 0.0)","(0.0, 0.0, 0.0)","(0.0, 0.0, 0.0)","(0.0, 0.0, 0.0)","(0.0, 0.0, 0.0)","(0.0, 0.0, 0.0)",0,0,0,0,0,0,False,0,0,0,0,0,0,0,0,"(0.0, 6.0, 240.5)","(0.2, 0.0, 0.0, 1.0)"
0,835844.7,0,0,0,0,0,0,0,0,0,"(0.0, 0.0)","(0.0, 0.0)","(0.0, 0.0)","(0.0, 0.0, 0.0)","(0.0, 0.0, 0.0)","(0.0, 0.0, 0.0)","(0.0, 0.0, 0.0)","(0.0, 0.0, 0.0)","(0.0, 0.0, 0.0)",0,0,0,0,0,0,False,0,0,0,0,0,0,0,0,"(0.0, 6.0, 240.7)","(0.2, 0.0, 0.0, 1.0)"
0,835863.8,0,0,0,0,0,0,0,0,0,"(0.0, 0.0)","(0.0, 0.0)","(0.0, 0.0)","(0.0, 0.0, 0.0)","(0.0, 0.0, 0.0)","(0.0, 0.0, 0.0)","(0.0, 0.0, 0.0)","(0.0, 0.0, 0.0)","(0.0, 0.0, 0.0)",0,0,0,0,0,0,False,0,0,0,0,0,0,0,0,"(0.0, 6.0, 240.9)","(0.2, 0.0, 0.0, 1.0)"
0,835882.7,0,0,0,0,0,0,0,0,0,"(0.0, 0.0)","(0.0, 0.0)","(0.0, 0.0)","(0.0, 0.0, 0.0)","(0.0, 0.0, 0.0)","(0.0, 0.0, 0.0)","(0.0, 0.0, 0.0)","(0.0, 0.0, 0.0)","(0.0, 0.0, 0.0)",0,0,0,0,0,0,False,0,0,0,0,0,0,0,0,"(0.0, 6.0, 241.1)","(0.2, 0.0, 0.0, 1.0)"
0,835904.4,0,0,0,0,0,0,0,0,0,"(0.0, 0.0)","(0.0, 0.0)","(0.0, 0.0)","(0.0, 0.0, 0.0)","(0.0, 0.0, 0.0)","(0.0, 0.0, 0.0)","(0.0, 0.0, 0.0)","(0.0, 0.0, 0.0)","(0.0, 0.0, 0.0)",0,0,0,0,0,0,False,0,0,0,0,0,0,0,0,"(0.0, 6.0, 241.3)","(0.2, 0.0, 0.0, 1.0)"
0,835923.8,0,0,0,0,0,0,0,0,0,"(0.0, 0.0)","(0.0, 0.0)","(0.0, 0.0)","(0.0, 0.0, 0.0)","(0.0, 0.0, 0.0)","(0.0, 0.0, 0.0)","(0.0, 0.0, 0.0)","(0.0, 0.0, 0.0)","(0.0, 0.0, 0.0)",0,0,0,0,0,0,False,0,0,0,0,0,0,0,0,"(0.0, 6.0, 241.5)","(0.2, 0.0, 0.0, 1.0)"
0,835940.7,0,0,0,0,0,0,0,0,0,"(0.0, 0.0)","(0.0, 0.0)","(0.0, 0.0)","(0.0, 0.0, 0.0)","(0.0, 0.0, 0.0)","(0.0, 0.0, 0.0)","(0.0, 0.0, 0.0)","(0.0, 0.0, 0.0)","(0.0, 0.0, 0.0)",0,0,0,0,0,0,False,0,0,0,0,0,0,0,0,"(0.0, 6.0, 241.7)","(0.2, 0.0, 0.0, 1.0)"
0,835958.1,0,0,0,0,0,0,0,0,0,"(0.0, 0.0)","(0.0, 0.0)","(0.0, 0.0)","(0.0, 0.0, 0.0)","(0.0, 0.0, 0.0)","(0.0, 0.0, 0.0)","(0.0, 0.0, 0.0)","(0.0, 0.0, 0.0)","(0.0, 0.0, 0.0)",0,0,0,0,0,0,False,0,0,0,0,0,0,0,0,"(0.0, 6.0, 241.9)","(0.2, 0.0, 0.0, 1.0)"
0,835985.4,0,0,0,0,0,0,0,0,0,"(0.0, 0.0)","(0.0, 0.0)","(0.0, 0.0)","(0.0, 0.0, 0.0)","(0.0, 0.0, 0.0)","(0.0, 0.0, 0.0)","(0.0, 0.0, 0.0)","(0.0, 0.0, 0.0)","(0.0, 0.0, 0.0)",0,0,0,0,0,0,False,0,0,0,0,0,0,0,0,"(0.0, 6.0, 242.1)","(0.2, 0.0, 0.0, 1.0)"
0,836004.1,0,0,0,0,0,0,0,0,0,"(0.0, 0.0)","(0.0, 0.0)","(0.0, 0.0)","(0.0, 0.0, 0.0)","(0.0, 0.0, 0.0)","(0.0, 0.0, 0.0)","(0.0, 0.0, 0.0)","(0.0, 0.0, 0.0)","(0.0, 0.0, 0.0)",0,0,0,0,0,0,False,0,0,0,0,0,0,0,0,"(0.0, 6.0, 242.3)","(0.2, 0.0, 0.0, 1.0)"
0,836022.4,0,0,0,0,0,0,0,0,0,"(0.0, 0.0)","(0.0, 0.0)","(0.0, 0.0)","(0.0, 0.0, 0.0)","(0.0, 0.0, 0.0)","(0.0, 0.0, 0.0)","(0.0, 0.0, 0.0)","(0.0, 0.0, 0.0)","(0.0, 0.0, 0.0)",0,0,0,0,0,0,False,0,0,0,0,0,0,0,0,"(0.0, 6.0, 242.5)","(0.2, 0.0, 0.0, 1.0)"
0,836039.4,0,0,0,0,0,0,0,0,0,"(0.0, 0.0)","(0.0, 0.0)","(0.0, 0.0)","(0.0, 0.0, 0.0)","(0.0, 0.0, 0.0)","(0.0, 0.0, 0.0)","(0.0, 0.0, 0.0)","(0.0, 0.0, 0.0)","(0.0, 0.0, 0.0)",0,0,0,0,0,0,False,0,0,0,0,0,0,0,0,"(0.0, 6.0, 242.7)","(0.2, 0.0, 0.0, 1.0)"
0,836056.6,0,0,0,0,0,0,0,0,0,"(0.0, 0.0)","(0.0, 0.0)","(0.0, 0.0)","(0.0, 0.0, 0.0)","(0.0, 0.0, 0.0)","(0.0, 0.0, 0.0)","(0.0, 0.0, 0.0)","(0.0, 0.0, 0.0)","(0.0, 0.0, 0.0)",0,0,0,0,0,0,False,0,0,0,0,0,0,0,0,"(0.0, 6.0, 242.9)","(0.2, 0.0, 0.0, 1.0)"
0,836074.1,0,0,0,0,0,0,0,0,0,"(0.0, 0.0)","(0.0, 0.0)","(0.0, 0.0)","(0.0, 0.0, 0.0)","(0.0, 0.0, 0.0)","(0.0, 0.0, 0.0)","(0.0, 0.0, 0.0)","(0.0, 0.0, 0.0)","(0.0, 0.0, 0.0)",0,0,0,0,0,0,False,0,0,0,0,0,0,0,0,"(0.0, 6.0, 243.1)","(0.2, 0.0, 0.0, 1.0)"
0,836091.9,0,0,0,0,0,0,0,0,0,"(0.0, 0.0)","(0.0, 0.0)","(0.0, 0.0)","(0.0, 0.0, 0.0)","(0.0, 0.0, 0.0)","(0.0, 0.0, 0.0)","(0.0, 0.0, 0.0)","(0.0, 0.0, 0.0)","(0.0, 0.0, 0.0)",0,0,0,0,0,0,False,0,0,0,0,0,0,0,0,"(0.0, 6.0, 243.3)","(0.2, 0.0, 0.0, 1.0)"
0,836111.8,0,0,0,0,0,0,0,0,0,"(0.0, 0.0)","(0.0, 0.0)","(0.0, 0.0)","(0.0, 0.0, 0.0)","(0.0, 0.0, 0.0)","(0.0, 0.0, 0.0)","(0.0, 0.0, 0.0)","(0.0, 0.0, 0.0)","(0.0, 0.0, 0.0)",0,0,0,0,0,0,False,0,0,0,0,0,0,0,0,"(0.0, 6.0, 243.5)","(0.2, 0.0, 0.0, 1.0)"
0,836134.2,0,0,0,0,0,0,0,0,0,"(0.0, 0.0)","(0.0, 0.0)","(0.0, 0.0)","(0.0, 0.0, 0.0)","(0.0, 0.0, 0.0)","(0.0, 0.0, 0.0)","(0.0, 0.0, 0.0)","(0.0, 0.0, 0.0)","(0.0, 0.0, 0.0)",0,0,0,0,0,0,False,0,0,0,0,0,0,0,0,"(0.0, 6.0, 243.6)","(0.2, 0.0, 0.0, 1.0)"
0,836155.8,0,0,0,0,0,0,0,0,0,"(0.0, 0.0)","(0.0, 0.0)","(0.0, 0.0)","(0.0, 0.0, 0.0)","(0.0, 0.0, 0.0)","(0.0, 0.0, 0.0)","(0.0, 0.0, 0.0)","(0.0, 0.0, 0.0)","(0.0, 0.0, 0.0)",0,0,0,0,0,0,False,0,0,0,0,0,0,0,0,"(0.0, 6.0, 243.8)","(0.2, 0.0, 0.0, 1.0)"
0,836178.4,0,0,0,0,0,0,0,0,0,"(0.0, 0.0)","(0.0, 0.0)","(0.0, 0.0)","(0.0, 0.0, 0.0)","(0.0, 0.0, 0.0)","(0.0, 0.0, 0.0)","(0.0, 0.0, 0.0)","(0.0, 0.0, 0.0)","(0.0, 0.0, 0.0)",0,0,0,0,0,0,False,0,0,0,0,0,0,0,0,"(0.0, 6.0, 244.0)","(0.2, 0.0, 0.0, 1.0)"
0,836201,0,0,0,0,0,0,0,0,0,"(0.0, 0.0)","(0.0, 0.0)","(0.0, 0.0)","(0.0, 0.0, 0.0)","(0.0, 0.0, 0.0)","(0.0, 0.0, 0.0)","(0.0, 0.0, 0.0)","(0.0, 0.0, 0.0)","(0.0, 0.0, 0.0)",0,0,0,0,0,0,False,0,0,0,0,0,0,0,0,"(0.0, 6.0, 244.2)","(0.2, 0.0, 0.0, 1.0)"
0,836222.6,0,0,0,0,0,0,0,0,0,"(0.0, 0.0)","(0.0, 0.0)","(0.0, 0.0)","(0.0, 0.0, 0.0)","(0.0, 0.0, 0.0)","(0.0, 0.0, 0.0)","(0.0, 0.0, 0.0)","(0.0, 0.0, 0.0)","(0.0, 0.0, 0.0)",0,0,0,0,0,0,False,0,0,0,0,0,0,0,0,"(0.0, 6.0, 244.4)","(0.2, 0.0, 0.0, 1.0)"
0,836245.6,0,0,0,0,0,0,0,0,0,"(0.0, 0.0)","(0.0, 0.0)","(0.0, 0.0)","(0.0, 0.0, 0.0)","(0.0, 0.0, 0.0)","(0.0, 0.0, 0.0)","(0.0, 0.0, 0.0)","(0.0, 0.0, 0.0)","(0.0, 0.0, 0.0)",0,0,0,0,0,0,False,0,0,0,0,0,0,0,0,"(0.0, 6.0, 244.7)","(0.2, 0.0, 0.0, 1.0)"
0,836268.8,0,0,0,0,0,0,0,0,0,"(0.0, 0.0)","(0.0, 0.0)","(0.0, 0.0)","(0.0, 0.0, 0.0)","(0.0, 0.0, 0.0)","(0.0, 0.0, 0.0)","(0.0, 0.0, 0.0)","(0.0, 0.0, 0.0)","(0.0, 0.0, 0.0)",0,0,0,0,0,0,False,0,0,0,0,0,0,0,0,"(0.0, 6.0, 244.9)","(0.2, 0.0, 0.0, 1.0)"
0,836289.1,0,0,0,0,0,0,0,0,0,"(0.0, 0.0)","(0.0, 0.0)","(0.0, 0.0)","(0.0, 0.0, 0.0)","(0.0, 0.0, 0.0)","(0.0, 0.0, 0.0)","(0.0, 0.0, 0.0)","(0.0, 0.0, 0.0)","(0.0, 0.0, 0.0)",0,0,0,0,0,0,False,0,0,0,0,0,0,0,0,"(0.0, 6.0, 245.1)","(0.2, 0.0, 0.0, 1.0)"
0,836311.9,0,0,0,0,0,0,0,0,0,"(0.0, 0.0)","(0.0, 0.0)","(0.0, 0.0)","(0.0, 0.0, 0.0)","(0.0, 0.0, 0.0)","(0.0, 0.0, 0.0)","(0.0, 0.0, 0.0)","(0.0, 0.0, 0.0)","(0.0, 0.0, 0.0)",0,0,0,0,0,0,False,0,0,0,0,0,0,0,0,"(0.0, 6.0, 245.3)","(0.2, 0.0, 0.0, 1.0)"
0,836336.3,0,0,0,0,0,0,0,0,0,"(0.0, 0.0)","(0.0, 0.0)","(0.0, 0.0)","(0.0, 0.0, 0.0)","(0.0, 0.0, 0.0)","(0.0, 0.0, 0.0)","(0.0, 0.0, 0.0)","(0.0, 0.0, 0.0)","(0.0, 0.0, 0.0)",0,0,0,0,0,0,False,0,0,0,0,0,0,0,0,"(0.0, 6.0, 245.5)","(0.2, 0.0, 0.0, 1.0)"
0,836355.7,0,0,0,0,0,0,0,0,0,"(0.0, 0.0)","(0.0, 0.0)","(0.0, 0.0)","(0.0, 0.0, 0.0)","(0.0, 0.0, 0.0)","(0.0, 0.0, 0.0)","(0.0, 0.0, 0.0)","(0.0, 0.0, 0.0)","(0.0, 0.0, 0.0)",0,0,0,0,0,0,False,0,0,0,0,0,0,0,0,"(0.0, 6.0, 245.7)","(0.2, 0.0, 0.0, 1.0)"
0,836378.3,0,0,0,0,0,0,0,0,0,"(0.0, 0.0)","(0.0, 0.0)","(0.0, 0.0)","(0.0, 0.0, 0.0)","(0.0, 0.0, 0.0)","(0.0, 0.0, 0.0)","(0.0, 0.0, 0.0)","(0.0, 0.0, 0.0)","(0.0, 0.0, 0.0)",0,0,0,0,0,0,False,0,0,0,0,0,0,0,0,"(0.0, 6.0, 245.9)","(0.2, 0.0, 0.0, 1.0)"
0,836401.1,0,0,0,0,0,0,0,0,0,"(0.0, 0.0)","(0.0, 0.0)","(0.0, 0.0)","(0.0, 0.0, 0.0)","(0.0, 0.0, 0.0)","(0.0, 0.0, 0.0)","(0.0, 0.0, 0.0)","(0.0, 0.0, 0.0)","(0.0, 0.0, 0.0)",0,0,0,0,0,0,False,0,0,0,0,0,0,0,0,"(0.0, 6.0, 246.1)","(0.2, 0.0, 0.0, 1.0)"
0,836422.5,0,0,0,0,0,0,0,0,0,"(0.0, 0.0)","(0.0, 0.0)","(0.0, 0.0)","(0.0, 0.0, 0.0)","(0.0, 0.0, 0.0)","(0.0, 0.0, 0.0)","(0.0, 0.0, 0.0)","(0.0, 0.0, 0.0)","(0.0, 0.0, 0.0)",0,0,0,0,0,0,False,0,0,0,0,0,0,0,0,"(0.0, 6.0, 246.3)","(0.2, 0.0, 0.0, 1.0)"
0,836444.9,0,0,0,0,0,0,0,0,0,"(0.0, 0.0)","(0.0, 0.0)","(0.0, 0.0)","(0.0, 0.0, 0.0)","(0.0, 0.0, 0.0)","(0.0, 0.0, 0.0)","(0.0, 0.0, 0.0)","(0.0, 0.0, 0.0)","(0.0, 0.0, 0.0)",0,0,0,0,0,0,False,0,0,0,0,0,0,0,0,"(0.0, 6.0, 246.6)","(0.2, 0.0, 0.0, 1.0)"
0,836468.4,0,0,0,0,0,0,0,0,0,"(0.0, 0.0)","(0.0, 0.0)","(0.0, 0.0)","(0.0, 0.0, 0.0)","(0.0, 0.0, 0.0)","(0.0, 0.0, 0.0)","(0.0, 0.0, 0.0)","(0.0, 0.0, 0.0)","(0.0, 0.0, 0.0)",0,0,0,0,0,0,False,0,0,0,0,0,0,0,0,"(0.0, 6.0, 246.8)","(0.2, 0.0, 0.0, 1.0)"
0,836490.9,0,0,0,0,0,0,0,0,0,"(0.0, 0.0)","(0.0, 0.0)","(0.0, 0.0)","(0.0, 0.0, 0.0)","(0.0, 0.0, 0.0)","(0.0, 0.0, 0.0)","(0.0, 0.0, 0.0)","(0.0, 0.0, 0.0)","(0.0, 0.0, 0.0)",0,0,0,0,0,0,False,0,0,0,0,0,0,0,0,"(0.0, 6.0, 247.0)","(0.2, 0.0, 0.0, 1.0)"
0,836512.3,0,0,0,0,0,0,0,0,0,"(0.0, 0.0)","(0.0, 0.0)","(0.0, 0.0)","(0.0, 0.0, 0.0)","(0.0, 0.0, 0.0)","(0.0, 0.0, 0.0)","(0.0, 0.0, 0.0)","(0.0, 0.0, 0.0)","(0.0, 0.0, 0.0)",0,0,0,0,0,0,False,0,0,0,0,0,0,0,0,"(0.0, 6.0, 247.2)","(0.2, 0.0, 0.0, 1.0)"
0,836534.4,0,0,0,0,0,0,0,0,0,"(0.0, 0.0)","(0.0, 0.0)","(0.0, 0.0)","(0.0, 0.0, 0.0)","(0.0, 0.0, 0.0)","(0.0, 0.0, 0.0)","(0.0, 0.0, 0.0)","(0.0, 0.0, 0.0)","(0.0, 0.0, 0.0)",0,0,0,0,0,0,False,0,0,0,0,0,0,0,0,"(0.0, 6.0, 247.4)","(0.2, 0.0, 0.0, 1.0)"
0,836556,0,0,0,0,0,0,0,0,0,"(0.0, 0.0)","(0.0, 0.0)","(0.0, 0.0)","(0.0, 0.0, 0.0)","(0.0, 0.0, 0.0)","(0.0, 0.0, 0.0)","(0.0, 0.0, 0.0)","(0.0, 0.0, 0.0)","(0.0, 0.0, 0.0)",0,0,0,0,0,0,False,0,0,0,0,0,0,0,0,"(0.0, 6.0, 247.7)","(0.2, 0.0, 0.0, 1.0)"
0,836578.1,0,0,0,0,0,0,0,0,0,"(0.0, 0.0)","(0.0, 0.0)","(0.0, 0.0)","(0.0, 0.0, 0.0)","(0.0, 0.0, 0.0)","(0.0, 0.0, 0.0)","(0.0, 0.0, 0.0)","(0.0, 0.0, 0.0)","(0.0, 0.0, 0.0)",0,0,0,0,0,0,False,0,0,0,0,0,0,0,0,"(0.0, 6.0, 247.9)","(0.2, 0.0, 0.0, 1.0)"
0,836601.1,0,0,0,0,0,0,0,0,0,"(0.0, 0.0)","(0.0, 0.0)","(0.0, 0.0)","(0.0, 0.0, 0.0)","(0.0, 0.0, 0.0)","(0.0, 0.0, 0.0)","(0.0, 0.0, 0.0)","(0.0, 0.0, 0.0)","(0.0, 0.0, 0.0)",0,0,0,0,0,0,False,0,0,0,0,0,0,0,0,"(0.0, 6.0, 248.1)","(0.2, 0.0, 0.0, 1.0)"
0,836622.3,0,0,0,0,0,0,0,0,0,"(0.0, 0.0)","(0.0, 0.0)","(0.0, 0.0)","(0.0, 0.0, 0.0)","(0.0, 0.0, 0.0)","(0.0, 0.0, 0.0)","(0.0, 0.0, 0.0)","(0.0, 0.0, 0.0)","(0.0, 0.0, 0.0)",0,0,0,0,0,0,False,0,0,0,0,0,0,0,0,"(0.0, 6.0, 248.3)","(0.2, 0.0, 0.0, 1.0)"
0,836643.6,0,0,0,0,0,0,0,0,0,"(0.0, 0.0)","(0.0, 0.0)","(0.0, 0.0)","(0.0, 0.0, 0.0)","(0.0, 0.0, 0.0)","(0.0, 0.0, 0.0)","(0.0, 0.0, 0.0)","(0.0, 0.0, 0.0)","(0.0, 0.0, 0.0)",0,0,0,0,0,0,False,0,0,0,0,0,0,0,0,"(0.0, 6.0, 248.5)","(0.2, 0.0, 0.0, 1.0)"
0,836665.1,0,0,0,0,0,0,0,0,0,"(0.0, 0.0)","(0.0, 0.0)","(0.0, 0.0)","(0.0, 0.0, 0.0)","(0.0, 0.0, 0.0)","(0.0, 0.0, 0.0)","(0.0, 0.0, 0.0)","(0.0, 0.0, 0.0)","(0.0, 0.0, 0.0)",0,0,0,0,0,0,False,0,0,0,0,0,0,0,0,"(0.0, 6.0, 248.7)","(0.2, 0.0, 0.0, 1.0)"
0,836686.4,0,0,0,0,0,0,0,0,0,"(0.0, 0.0)","(0.0, 0.0)","(0.0, 0.0)","(0.0, 0.0, 0.0)","(0.0, 0.0, 0.0)","(0.0, 0.0, 0.0)","(0.0, 0.0, 0.0)","(0.0, 0.0, 0.0)","(0.0, 0.0, 0.0)",0,0,0,0,0,0,False,0,0,0,0,0,0,0,0,"(0.0, 6.0, 249.0)","(0.2, 0.0, 0.0, 1.0)"
0,836706.9,0,0,0,0,0,0,0,0,0,"(0.0, 0.0)","(0.0, 0.0)","(0.0, 0.0)","(0.0, 0.0, 0.0)","(0.0, 0.0, 0.0)","(0.0, 0.0, 0.0)","(0.0, 0.0, 0.0)","(0.0, 0.0, 0.0)","(0.0, 0.0, 0.0)",0,0,0,0,0,0,False,0,0,0,0,0,0,0,0,"(0.0, 6.0, 249.2)","(0.2, 0.0, 0.0, 1.0)"
0,836726.4,0,0,0,0,0,0,0,0,0,"(0.0, 0.0)","(0.0, 0.0)","(0.0, 0.0)","(0.0, 0.0, 0.0)","(0.0, 0.0, 0.0)","(0.0, 0.0, 0.0)","(0.0, 0.0, 0.0)","(0.0, 0.0, 0.0)","(0.0, 0.0, 0.0)",0,0,0,0,0,0,False,0,0,0,0,0,0,0,0,"(0.0, 6.0, 249.4)","(0.2, 0.0, 0.0, 1.0)"
0,836746.2,0,0,0,0,0,0,0,0,0,"(0.0, 0.0)","(0.0, 0.0)","(0.0, 0.0)","(0.0, 0.0, 0.0)","(0.0, 0.0, 0.0)","(0.0, 0.0, 0.0)","(0.0, 0.0, 0.0)","(0.0, 0.0, 0.0)","(0.0, 0.0, 0.0)",0,0,0,0,0,0,False,0,0,0,0,0,0,0,0,"(0.0, 6.0, 249.6)","(0.2, 0.0, 0.0, 1.0)"
0,836767.9,0,0,0,0,0,0,0,0,0,"(0.0, 0.0)","(0.0, 0.0)","(0.0, 0.0)","(0.0, 0.0, 0.0)","(0.0, 0.0, 0.0)","(0.0, 0.0, 0.0)","(0.0, 0.0, 0.0)","(0.0, 0.0, 0.0)","(0.0, 0.0, 0.0)",0,0,0,0,0,0,False,0,0,0,0,0,0,0,0,"(0.0, 6.0, 249.8)","(0.2, 0.0, 0.0, 1.0)"
0,836789.4,0,0,0,0,0,0,0,0,0,"(0.0, 0.0)","(0.0, 0.0)","(0.0, 0.0)","(0.0, 0.0, 0.0)","(0.0, 0.0, 0.0)","(0.0, 0.0, 0.0)","(0.0, 0.0, 0.0)","(0.0, 0.0, 0.0)","(0.0, 0.0, 0.0)",0,0,0,0,0,0,False,0,0,0,0,0,0,0,0,"(0.0, 6.0, 250.0)","(0.2, 0.0, 0.0, 1.0)"
0,836809.5,0,0,0,0,0,0,0,0,0,"(0.0, 0.0)","(0.0, 0.0)","(0.0, 0.0)","(0.0, 0.0, 0.0)","(0.0, 0.0, 0.0)","(0.0, 0.0, 0.0)","(0.0, 0.0, 0.0)","(0.0, 0.0, 0.0)","(0.0, 0.0, 0.0)",0,0,0,0,0,0,False,0,0,0,0,0,0,0,0,"(0.0, 6.0, 250.2)","(0.2, 0.0, 0.0, 1.0)"
0,836829.5,0,0,0,0,0,0,0,0,0,"(0.0, 0.0)","(0.0, 0.0)","(0.0, 0.0)","(0.0, 0.0, 0.0)","(0.0, 0.0, 0.0)","(0.0, 0.0, 0.0)","(0.0, 0.0, 0.0)","(0.0, 0.0, 0.0)","(0.0, 0.0, 0.0)",0,0,0,0,0,0,False,0,0,0,0,0,0,0,0,"(0.0, 6.0, 250.5)","(0.2, 0.0, 0.0, 1.0)"
0,836849.1,0,0,0,0,0,0,0,0,0,"(0.0, 0.0)","(0.0, 0.0)","(0.0, 0.0)","(0.0, 0.0, 0.0)","(0.0, 0.0, 0.0)","(0.0, 0.0, 0.0)","(0.0, 0.0, 0.0)","(0.0, 0.0, 0.0)","(0.0, 0.0, 0.0)",0,0,0,0,0,0,False,0,0,0,0,0,0,0,0,"(0.0, 6.0, 250.7)","(0.2, 0.0, 0.0, 1.0)"
0,836870.1,0,0,0,0,0,0,0,0,0,"(0.0, 0.0)","(0.0, 0.0)","(0.0, 0.0)","(0.0, 0.0, 0.0)","(0.0, 0.0, 0.0)","(0.0, 0.0, 0.0)","(0.0, 0.0, 0.0)","(0.0, 0.0, 0.0)","(0.0, 0.0, 0.0)",0,0,0,0,0,0,False,0,0,0,0,0,0,0,0,"(0.0, 6.0, 250.9)","(0.2, 0.0, 0.0, 1.0)"
0,836890,0,0,0,0,0,0,0,0,0,"(0.0, 0.0)","(0.0, 0.0)","(0.0, 0.0)","(0.0, 0.0, 0.0)","(0.0, 0.0, 0.0)","(0.0, 0.0, 0.0)","(0.0, 0.0, 0.0)","(0.0, 0.0, 0.0)","(0.0, 0.0, 0.0)",0,0,0,0,0,0,False,0,0,0,0,0,0,0,0,"(0.0, 6.0, 251.1)","(0.2, 0.0, 0.0, 1.0)"
0,836908.5,0,0,0,0,0,0,0,0,0,"(0.0, 0.0)","(0.0, 0.0)","(0.0, 0.0)","(0.0, 0.0, 0.0)","(0.0, 0.0, 0.0)","(0.0, 0.0, 0.0)","(0.0, 0.0, 0.0)","(0.0, 0.0, 0.0)","(0.0, 0.0, 0.0)",0,0,0,0,0,0,False,0,0,0,0,0,0,0,0,"(0.0, 6.0, 251.3)","(0.2, 0.0, 0.0, 1.0)"
0,836927.8,0,0,0,0,0,0,0,0,0,"(0.0, 0.0)","(0.0, 0.0)","(0.0, 0.0)","(0.0, 0.0, 0.0)","(0.0, 0.0, 0.0)","(0.0, 0.0, 0.0)","(0.0, 0.0, 0.0)","(0.0, 0.0, 0.0)","(0.0, 0.0, 0.0)",0,0,0,0,0,0,False,0,0,0,0,0,0,0,0,"(0.0, 6.0, 251.5)","(0.2, 0.0, 0.0, 1.0)"
0,836948.4,0,0,0,0,0,0,0,0,0,"(0.0, 0.0)","(0.0, 0.0)","(0.0, 0.0)","(0.0, 0.0, 0.0)","(0.0, 0.0, 0.0)","(0.0, 0.0, 0.0)","(0.0, 0.0, 0.0)","(0.0, 0.0, 0.0)","(0.0, 0.0, 0.0)",0,0,0,0,0,0,False,0,0,0,0,0,0,0,0,"(0.0, 6.0, 251.7)","(0.2, 0.0, 0.0, 1.0)"
0,836967.3,0,0,0,0,0,0,0,0,0,"(0.0, 0.0)","(0.0, 0.0)","(0.0, 0.0)","(0.0, 0.0, 0.0)","(0.0, 0.0, 0.0)","(0.0, 0.0, 0.0)","(0.0, 0.0, 0.0)","(0.0, 0.0, 0.0)","(0.0, 0.0, 0.0)",0,0,0,0,0,0,False,0,0,0,0,0,0,0,0,"(0.0, 6.0, 251.9)","(0.2, 0.0, 0.0, 1.0)"
0,836986.2,0,0,0,0,0,0,0,0,0,"(0.0, 0.0)","(0.0, 0.0)","(0.0, 0.0)","(0.0, 0.0, 0.0)","(0.0, 0.0, 0.0)","(0.0, 0.0, 0.0)","(0.0, 0.0, 0.0)","(0.0, 0.0, 0.0)","(0.0, 0.0, 0.0)",0,0,0,0,0,0,False,0,0,0,0,0,0,0,0,"(0.0, 6.0, 252.1)","(0.2, 0.0, 0.0, 1.0)"
0,837003.8,0,0,0,0,0,0,0,0,0,"(0.0, 0.0)","(0.0, 0.0)","(0.0, 0.0)","(0.0, 0.0, 0.0)","(0.0, 0.0, 0.0)","(0.0, 0.0, 0.0)","(0.0, 0.0, 0.0)","(0.0, 0.0, 0.0)","(0.0, 0.0, 0.0)",0,0,0,0,0,0,False,0,0,0,0,0,0,0,0,"(0.0, 6.0, 252.3)","(0.2, 0.0, 0.0, 1.0)"
0,837023.1,0,0,0,0,0,0,0,0,0,"(0.0, 0.0)","(0.0, 0.0)","(0.0, 0.0)","(0.0, 0.0, 0.0)","(0.0, 0.0, 0.0)","(0.0, 0.0, 0.0)","(0.0, 0.0, 0.0)","(0.0, 0.0, 0.0)","(0.0, 0.0, 0.0)",0,0,0,0,0,0,False,0,0,0,0,0,0,0,0,"(0.0, 6.0, 252.5)","(0.2, 0.0, 0.0, 1.0)"
0,837039.9,0,0,0,0,0,0,0,0,0,"(0.0, 0.0)","(0.0, 0.0)","(0.0, 0.0)","(0.0, 0.0, 0.0)","(0.0, 0.0, 0.0)","(0.0, 0.0, 0.0)","(0.0, 0.0, 0.0)","(0.0, 0.0, 0.0)","(0.0, 0.0, 0.0)",0,0,0,0,0,0,False,0,0,0,0,0,0,0,0,"(0.0, 6.0, 252.7)","(0.2, 0.0, 0.0, 1.0)"
0,837060.4,0,0,0,0,0,0,0,0,0,"(0.0, 0.0)","(0.0, 0.0)","(0.0, 0.0)","(0.0, 0.0, 0.0)","(0.0, 0.0, 0.0)","(0.0, 0.0, 0.0)","(0.0, 0.0, 0.0)","(0.0, 0.0, 0.0)","(0.0, 0.0, 0.0)",0,0,0,0,0,0,False,0,0,0,0,0,0,0,0,"(0.0, 6.0, 252.9)","(0.2, 0.0, 0.0, 1.0)"
0,837078.3,0,0,0,0,0,0,0,0,0,"(0.0, 0.0)","(0.0, 0.0)","(0.0, 0.0)","(0.0, 0.0, 0.0)","(0.0, 0.0, 0.0)","(0.0, 0.0, 0.0)","(0.0, 0.0, 0.0)","(0.0, 0.0, 0.0)","(0.0, 0.0, 0.0)",0,0,0,0,0,0,False,0,0,0,0,0,0,0,0,"(0.0, 6.0, 253.1)","(0.2, 0.0, 0.0, 1.0)"
0,837097.5,0,0,0,0,0,0,0,0,0,"(0.0, 0.0)","(0.0, 0.0)","(0.0, 0.0)","(0.0, 0.0, 0.0)","(0.0, 0.0, 0.0)","(0.0, 0.0, 0.0)","(0.0, 0.0, 0.0)","(0.0, 0.0, 0.0)","(0.0, 0.0, 0.0)",0,0,0,0,0,0,False,0,0,0,0,0,0,0,0,"(0.0, 6.0, 253.3)","(0.2, 0.0, 0.0, 1.0)"
0,837117.8,0,0,0,0,0,0,0,0,0,"(0.0, 0.0)","(0.0, 0.0)","(0.0, 0.0)","(0.0, 0.0, 0.0)","(0.0, 0.0, 0.0)","(0.0, 0.0, 0.0)","(0.0, 0.0, 0.0)","(0.0, 0.0, 0.0)","(0.0, 0.0, 0.0)",0,0,0,0,0,0,False,0,0,0,0,0,0,0,0,"(0.0, 6.0, 253.5)","(0.2, 0.0, 0.0, 1.0)"
0,837138.8,0,0,0,0,0,0,0,0,0,"(0.0, 0.0)","(0.0, 0.0)","(0.0, 0.0)","(0.0, 0.0, 0.0)","(0.0, 0.0, 0.0)","(0.0, 0.0, 0.0)","(0.0, 0.0, 0.0)","(0.0, 0.0, 0.0)","(0.0, 0.0, 0.0)",0,0,0,0,0,0,False,0,0,0,0,0,0,0,0,"(0.0, 6.0, 253.7)","(0.2, 0.0, 0.0, 1.0)"
0,837156.4,0,0,0,0,0,0,0,0,0,"(0.0, 0.0)","(0.0, 0.0)","(0.0, 0.0)","(0.0, 0.0, 0.0)","(0.0, 0.0, 0.0)","(0.0, 0.0, 0.0)","(0.0, 0.0, 0.0)","(0.0, 0.0, 0.0)","(0.0, 0.0, 0.0)",0,0,0,0,0,0,False,0,0,0,0,0,0,0,0,"(0.0, 6.0, 253.9)","(0.2, 0.0, 0.0, 1.0)"
0,837178.3,0,0,0,0,0,0,0,0,0,"(0.0, 0.0)","(0.0, 0.0)","(0.0, 0.0)","(0.0, 0.0, 0.0)","(0.0, 0.0, 0.0)","(0.0, 0.0, 0.0)","(0.0, 0.0, 0.0)","(0.0, 0.0, 0.0)","(0.0, 0.0, 0.0)",0,0,0,0,0,0,False,0,0,0,0,0,0,0,0,"(0.0, 6.0, 254.1)","(0.2, 0.0, 0.0, 1.0)"
0,837201.1,0,0,0,0,0,0,0,0,0,"(0.0, 0.0)","(0.0, 0.0)","(0.0, 0.0)","(0.0, 0.0, 0.0)","(0.0, 0.0, 0.0)","(0.0, 0.0, 0.0)","(0.0, 0.0, 0.0)","(0.0, 0.0, 0.0)","(0.0, 0.0, 0.0)",0,0,0,0,0,0,False,0,0,0,0,0,0,0,0,"(0.0, 6.0, 254.3)","(0.2, 0.0, 0.0, 1.0)"
0,837222.4,0,0,0,0,0,0,0,0,0,"(0.0, 0.0)","(0.0, 0.0)","(0.0, 0.0)","(0.0, 0.0, 0.0)","(0.0, 0.0, 0.0)","(0.0, 0.0, 0.0)","(0.0, 0.0, 0.0)","(0.0, 0.0, 0.0)","(0.0, 0.0, 0.0)",0,0,0,0,0,0,False,0,0,0,0,0,0,0,0,"(0.0, 6.0, 254.5)","(0.2, 0.0, 0.0, 1.0)"
0,837244.4,0,0,0,0,0,0,0,0,0,"(0.0, 0.0)","(0.0, 0.0)","(0.0, 0.0)","(0.0, 0.0, 0.0)","(0.0, 0.0, 0.0)","(0.0, 0.0, 0.0)","(0.0, 0.0, 0.0)","(0.0, 0.0, 0.0)","(0.0, 0.0, 0.0)",0,0,0,0,0,0,False,0,0,0,0,0,0,0,0,"(0.0, 6.0, 254.7)","(0.2, 0.0, 0.0, 1.0)"
0,837268.8,0,0,0,0,0,0,0,0,0,"(0.0, 0.0)","(0.0, 0.0)","(0.0, 0.0)","(0.0, 0.0, 0.0)","(0.0, 0.0, 0.0)","(0.0, 0.0, 0.0)","(0.0, 0.0, 0.0)","(0.0, 0.0, 0.0)","(0.0, 0.0, 0.0)",0,0,0,0,0,0,False,0,0,0,0,0,0,0,0,"(0.0, 6.0, 254.9)","(0.2, 0.0, 0.0, 1.0)"
0,837288.7,0,0,0,0,0,0,0,0,0,"(0.0, 0.0)","(0.0, 0.0)","(0.0, 0.0)","(0.0, 0.0, 0.0)","(0.0, 0.0, 0.0)","(0.0, 0.0, 0.0)","(0.0, 0.0, 0.0)","(0.0, 0.0, 0.0)","(0.0, 0.0, 0.0)",0,0,0,0,0,0,False,0,0,0,0,0,0,0,0,"(0.0, 6.0, 255.1)","(0.2, 0.0, 0.0, 1.0)"
0,837311.4,0,0,0,0,0,0,0,0,0,"(0.0, 0.0)","(0.0, 0.0)","(0.0, 0.0)","(0.0, 0.0, 0.0)","(0.0, 0.0, 0.0)","(0.0, 0.0, 0.0)","(0.0, 0.0, 0.0)","(0.0, 0.0, 0.0)","(0.0, 0.0, 0.0)",0,0,0,0,0,0,False,0,0,0,0,0,0,0,0,"(0.0, 6.0, 255.3)","(0.2, 0.0, 0.0, 1.0)"
0,837334.4,0,0,0,0,0,0,0,0,0,"(0.0, 0.0)","(0.0, 0.0)","(0.0, 0.0)","(0.0, 0.0, 0.0)","(0.0, 0.0, 0.0)","(0.0, 0.0, 0.0)","(0.0, 0.0, 0.0)","(0.0, 0.0, 0.0)","(0.0, 0.0, 0.0)",0,0,0,0,0,0,False,0,0,0,0,0,0,0,0,"(0.0, 6.0, 255.5)","(0.2, 0.0, 0.0, 1.0)"
0,837355.6,0,0,0,0,0,0,0,0,0,"(0.0, 0.0)","(0.0, 0.0)","(0.0, 0.0)","(0.0, 0.0, 0.0)","(0.0, 0.0, 0.0)","(0.0, 0.0, 0.0)","(0.0, 0.0, 0.0)","(0.0, 0.0, 0.0)","(0.0, 0.0, 0.0)",0,0,0,0,0,0,False,0,0,0,0,0,0,0,0,"(0.0, 6.0, 255.7)","(0.2, 0.0, 0.0, 1.0)"
0,837377.8,0,0,0,0,0,0,0,0,0,"(0.0, 0.0)","(0.0, 0.0)","(0.0, 0.0)","(0.0, 0.0, 0.0)","(0.0, 0.0, 0.0)","(0.0, 0.0, 0.0)","(0.0, 0.0, 0.0)","(0.0, 0.0, 0.0)","(0.0, 0.0, 0.0)",0,0,0,0,0,0,False,0,0,0,0,0,0,0,0,"(0.0, 6.0, 255.9)","(0.2, 0.0, 0.0, 1.0)"
0,837400.8,0,0,0,0,0,0,0,0,0,"(0.0, 0.0)","(0.0, 0.0)","(0.0, 0.0)","(0.0, 0.0, 0.0)","(0.0, 0.0, 0.0)","(0.0, 0.0, 0.0)","(0.0, 0.0, 0.0)","(0.0, 0.0, 0.0)","(0.0, 0.0, 0.0)",0,0,0,0,0,0,False,0,0,0,0,0,0,0,0,"(0.0, 6.0, 256.1)","(0.2, 0.0, 0.0, 1.0)"
0,837421.9,0,0,0,0,0,0,0,0,0,"(0.0, 0.0)","(0.0, 0.0)","(0.0, 0.0)","(0.0, 0.0, 0.0)","(0.0, 0.0, 0.0)","(0.0, 0.0, 0.0)","(0.0, 0.0, 0.0)","(0.0, 0.0, 0.0)","(0.0, 0.0, 0.0)",0,0,0,0,0,0,False,0,0,0,0,0,0,0,0,"(0.0, 6.0, 256.3)","(0.2, 0.0, 0.0, 1.0)"
0,837444.5,0,0,0,0,0,0,0,0,0,"(0.0, 0.0)","(0.0, 0.0)","(0.0, 0.0)","(0.0, 0.0, 0.0)","(0.0, 0.0, 0.0)","(0.0, 0.0, 0.0)","(0.0, 0.0, 0.0)","(0.0, 0.0, 0.0)","(0.0, 0.0, 0.0)",0,0,0,0,0,0,False,0,0,0,0,0,0,0,0,"(0.0, 6.0, 256.6)","(0.2, 0.0, 0.0, 1.0)"
0,837467.2,0,0,0,0,0,0,0,0,0,"(0.0, 0.0)","(0.0, 0.0)","(0.0, 0.0)","(0.0, 0.0, 0.0)","(0.0, 0.0, 0.0)","(0.0, 0.0, 0.0)","(0.0, 0.0, 0.0)","(0.0, 0.0, 0.0)","(0.0, 0.0, 0.0)",0,0,0,0,0,0,False,0,0,0,0,0,0,0,0,"(0.0, 6.0, 256.8)","(0.2, 0.0, 0.0, 1.0)"
0,837488.7,0,0,0,0,0,0,0,0,0,"(0.0, 0.0)","(0.0, 0.0)","(0.0, 0.0)","(0.0, 0.0, 0.0)","(0.0, 0.0, 0.0)","(0.0, 0.0, 0.0)","(0.0, 0.0, 0.0)","(0.0, 0.0, 0.0)","(0.0, 0.0, 0.0)",0,0,0,0,0,0,False,0,0,0,0,0,0,0,0,"(0.0, 6.0, 257.0)","(0.2, 0.0, 0.0, 1.0)"
0,837511.2,0,0,0,0,0,0,0,0,0,"(0.0, 0.0)","(0.0, 0.0)","(0.0, 0.0)","(0.0, 0.0, 0.0)","(0.0, 0.0, 0.0)","(0.0, 0.0, 0.0)","(0.0, 0.0, 0.0)","(0.0, 0.0, 0.0)","(0.0, 0.0, 0.0)",0,0,0,0,0,0,False,0,0,0,0,0,0,0,0,"(0.0, 6.0, 257.2)","(0.2, 0.0, 0.0, 1.0)"
0,837534.4,0,0,0,0,0,0,0,0,0,"(0.0, 0.0)","(0.0, 0.0)","(0.0, 0.0)","(0.0, 0.0, 0.0)","(0.0, 0.0, 0.0)","(0.0, 0.0, 0.0)","(0.0, 0.0, 0.0)","(0.0, 0.0, 0.0)","(0.0, 0.0, 0.0)",0,0,0,0,0,0,False,0,0,0,0,0,0,0,0,"(0.0, 6.0, 257.4)","(0.2, 0.0, 0.0, 1.0)"
0,837555.3,0,0,0,0,0,0,0,0,0,"(0.0, 0.0)","(0.0, 0.0)","(0.0, 0.0)","(0.0, 0.0, 0.0)","(0.0, 0.0, 0.0)","(0.0, 0.0, 0.0)","(0.0, 0.0, 0.0)","(0.0, 0.0, 0.0)","(0.0, 0.0, 0.0)",0,0,0,0,0,0,False,0,0,0,0,0,0,0,0,"(0.0, 6.0, 257.6)","(0.2, 0.0, 0.0, 1.0)"
0,837573.8,0,0,0,0,0,0,0,0,0,"(0.0, 0.0)","(0.0, 0.0)","(0.0, 0.0)","(0.0, 0.0, 0.0)","(0.0, 0.0, 0.0)","(0.0, 0.0, 0.0)","(0.0, 0.0, 0.0)","(0.0, 0.0, 0.0)","(0.0, 0.0, 0.0)",0,0,0,0,0,0,False,0,0,0,0,0,0,0,0,"(0.0, 6.0, 257.9)","(0.2, 0.0, 0.0, 1.0)"
0,837592.5,0,0,0,0,0,0,0,0,0,"(0.0, 0.0)","(0.0, 0.0)","(0.0, 0.0)","(0.0, 0.0, 0.0)","(0.0, 0.0, 0.0)","(0.0, 0.0, 0.0)","(0.0, 0.0, 0.0)","(0.0, 0.0, 0.0)","(0.0, 0.0, 0.0)",0,0,0,0,0,0,False,0,0,0,0,0,0,0,0,"(0.0, 6.0, 258.1)","(0.2, 0.0, 0.0, 1.0)"
0,837611.6,0,0,0,0,0,0,0,0,0,"(0.0, 0.0)","(0.0, 0.0)","(0.0, 0.0)","(0.0, 0.0, 0.0)","(0.0, 0.0, 0.0)","(0.0, 0.0, 0.0)","(0.0, 0.0, 0.0)","(0.0, 0.0, 0.0)","(0.0, 0.0, 0.0)",0,0,0,0,0,0,False,0,0,0,0,0,0,0,0,"(0.0, 6.0, 258.3)","(0.2, 0.0, 0.0, 1.0)"
0,837630.4,0,0,0,0,0,0,0,0,0,"(0.0, 0.0)","(0.0, 0.0)","(0.0, 0.0)","(0.0, 0.0, 0.0)","(0.0, 0.0, 0.0)","(0.0, 0.0, 0.0)","(0.0, 0.0, 0.0)","(0.0, 0.0, 0.0)","(0.0, 0.0, 0.0)",0,0,0,0,0,0,False,0,0,0,0,0,0,0,0,"(0.0, 6.0, 258.5)","(0.2, 0.0, 0.0, 1.0)"
0,837650.9,0,0,0,0,0,0,0,0,0,"(0.0, 0.0)","(0.0, 0.0)","(0.0, 0.0)","(0.0, 0.0, 0.0)","(0.0, 0.0, 0.0)","(0.0, 0.0, 0.0)","(0.0, 0.0, 0.0)","(0.0, 0.0, 0.0)","(0.0, 0.0, 0.0)",0,0,0,0,0,0,False,0,0,0,0,0,0,0,0,"(0.0, 6.0, 258.7)","(0.2, 0.0, 0.0, 1.0)"
0,837670.4,0,0,0,0,0,0,0,0,0,"(0.0, 0.0)","(0.0, 0.0)","(0.0, 0.0)","(0.0, 0.0, 0.0)","(0.0, 0.0, 0.0)","(0.0, 0.0, 0.0)","(0.0, 0.0, 0.0)","(0.0, 0.0, 0.0)","(0.0, 0.0, 0.0)",0,0,0,0,0,0,False,0,0,0,0,0,0,0,0,"(0.0, 6.0, 258.9)","(0.2, 0.0, 0.0, 1.0)"
0,837689.4,0,0,0,0,0,0,0,0,0,"(0.0, 0.0)","(0.0, 0.0)","(0.0, 0.0)","(0.0, 0.0, 0.0)","(0.0, 0.0, 0.0)","(0.0, 0.0, 0.0)","(0.0, 0.0, 0.0)","(0.0, 0.0, 0.0)","(0.0, 0.0, 0.0)",0,0,0,0,0,0,False,0,0,0,0,0,0,0,0,"(0.0, 6.0, 259.1)","(0.2, 0.0, 0.0, 1.0)"
0,837706.8,0,0,0,0,0,0,0,0,0,"(0.0, 0.0)","(0.0, 0.0)","(0.0, 0.0)","(0.0, 0.0, 0.0)","(0.0, 0.0, 0.0)","(0.0, 0.0, 0.0)","(0.0, 0.0, 0.0)","(0.0, 0.0, 0.0)","(0.0, 0.0, 0.0)",0,0,0,0,0,0,False,0,0,0,0,0,0,0,0,"(0.0, 6.0, 259.3)","(0.2, 0.0, 0.0, 1.0)"
0,837732.2,0,0,0,0,0,0,0,0,0,"(0.0, 0.0)","(0.0, 0.0)","(0.0, 0.0)","(0.0, 0.0, 0.0)","(0.0, 0.0, 0.0)","(0.0, 0.0, 0.0)","(0.0, 0.0, 0.0)","(0.0, 0.0, 0.0)","(0.0, 0.0, 0.0)",0,0,0,0,0,0,False,0,0,0,0,0,0,0,0,"(0.0, 6.0, 259.5)","(0.2, 0.0, 0.0, 1.0)"
0,837750.8,0,0,0,0,0,0,0,0,0,"(0.0, 0.0)","(0.0, 0.0)","(0.0, 0.0)","(0.0, 0.0, 0.0)","(0.0, 0.0, 0.0)","(0.0, 0.0, 0.0)","(0.0, 0.0, 0.0)","(0.0, 0.0, 0.0)","(0.0, 0.0, 0.0)",0,0,0,0,0,0,False,0,0,0,0,0,0,0,0,"(0.0, 6.0, 259.7)","(0.2, 0.0, 0.0, 1.0)"
0,837770,0,0,0,0,0,0,0,0,0,"(0.0, 0.0)","(0.0, 0.0)","(0.0, 0.0)","(0.0, 0.0, 0.0)","(0.0, 0.0, 0.0)","(0.0, 0.0, 0.0)","(0.0, 0.0, 0.0)","(0.0, 0.0, 0.0)","(0.0, 0.0, 0.0)",0,0,0,0,0,0,False,0,0,0,0,0,0,0,0,"(0.0, 6.0, 259.9)","(0.2, 0.0, 0.0, 1.0)"
0,837788.8,0,0,0,0,0,0,0,0,0,"(0.0, 0.0)","(0.0, 0.0)","(0.0, 0.0)","(0.0, 0.0, 0.0)","(0.0, 0.0, 0.0)","(0.0, 0.0, 0.0)","(0.0, 0.0, 0.0)","(0.0, 0.0, 0.0)","(0.0, 0.0, 0.0)",0,0,0,0,0,0,False,0,0,0,0,0,0,0,0,"(0.0, 6.0, 260.1)","(0.2, 0.0, 0.0, 1.0)"
0,837805.6,0,0,0,0,0,0,0,0,0,"(0.0, 0.0)","(0.0, 0.0)","(0.0, 0.0)","(0.0, 0.0, 0.0)","(0.0, 0.0, 0.0)","(0.0, 0.0, 0.0)","(0.0, 0.0, 0.0)","(0.0, 0.0, 0.0)","(0.0, 0.0, 0.0)",0,0,0,0,0,0,False,0,0,0,0,0,0,0,0,"(0.0, 6.0, 260.3)","(0.2, 0.0, 0.0, 1.0)"
0,837823.7,0,0,0,0,0,0,0,0,0,"(0.0, 0.0)","(0.0, 0.0)","(0.0, 0.0)","(0.0, 0.0, 0.0)","(0.0, 0.0, 0.0)","(0.0, 0.0, 0.0)","(0.0, 0.0, 0.0)","(0.0, 0.0, 0.0)","(0.0, 0.0, 0.0)",0,0,0,0,0,0,False,0,0,0,0,0,0,0,0,"(0.0, 6.0, 260.5)","(0.2, 0.0, 0.0, 1.0)"
0,837841.1,0,0,0,0,0,0,0,0,0,"(0.0, 0.0)","(0.0, 0.0)","(0.0, 0.0)","(0.0, 0.0, 0.0)","(0.0, 0.0, 0.0)","(0.0, 0.0, 0.0)","(0.0, 0.0, 0.0)","(0.0, 0.0, 0.0)","(0.0, 0.0, 0.0)",0,0,0,0,0,0,False,0,0,0,0,0,0,0,0,"(0.0, 6.0, 260.7)","(0.2, 0.0, 0.0, 1.0)"
0,837859.6,0,0,0,0,0,0,0,0,0,"(0.0, 0.0)","(0.0, 0.0)","(0.0, 0.0)","(0.0, 0.0, 0.0)","(0.0, 0.0, 0.0)","(0.0, 0.0, 0.0)","(0.0, 0.0, 0.0)","(0.0, 0.0, 0.0)","(0.0, 0.0, 0.0)",0,0,0,0,0,0,False,0,0,0,0,0,0,0,0,"(0.0, 6.0, 260.9)","(0.2, 0.0, 0.0, 1.0)"
0,837881.1,0,0,0,0,0,0,0,0,0,"(0.0, 0.0)","(0.0, 0.0)","(0.0, 0.0)","(0.0, 0.0, 0.0)","(0.0, 0.0, 0.0)","(0.0, 0.0, 0.0)","(0.0, 0.0, 0.0)","(0.0, 0.0, 0.0)","(0.0, 0.0, 0.0)",0,0,0,0,0,0,False,0,0,0,0,0,0,0,0,"(0.0, 6.0, 261.1)","(0.2, 0.0, 0.0, 1.0)"
0,837900.9,0,0,0,0,0,0,0,0,0,"(0.0, 0.0)","(0.0, 0.0)","(0.0, 0.0)","(0.0, 0.0, 0.0)","(0.0, 0.0, 0.0)","(0.0, 0.0, 0.0)","(0.0, 0.0, 0.0)","(0.0, 0.0, 0.0)","(0.0, 0.0, 0.0)",0,0,0,0,0,0,False,0,0,0,0,0,0,0,0,"(0.0, 6.0, 261.3)","(0.2, 0.0, 0.0, 1.0)"
0,837920.1,0,0,0,0,0,0,0,0,0,"(0.0, 0.0)","(0.0, 0.0)","(0.0, 0.0)","(0.0, 0.0, 0.0)","(0.0, 0.0, 0.0)","(0.0, 0.0, 0.0)","(0.0, 0.0, 0.0)","(0.0, 0.0, 0.0)","(0.0, 0.0, 0.0)",0,0,0,0,0,0,False,0,0,0,0,0,0,0,0,"(0.0, 6.0, 261.5)","(0.2, 0.0, 0.0, 1.0)"
0,837937.9,0,0,0,0,0,0,0,0,0,"(0.0, 0.0)","(0.0, 0.0)","(0.0, 0.0)","(0.0, 0.0, 0.0)","(0.0, 0.0, 0.0)","(0.0, 0.0, 0.0)","(0.0, 0.0, 0.0)","(0.0, 0.0, 0.0)","(0.0, 0.0, 0.0)",0,0,0,0,0,0,False,0,0,0,0,0,0,0,0,"(0.0, 6.0, 261.7)","(0.2, 0.0, 0.0, 1.0)"
0,837957.1,0,0,0,0,0,0,0,0,0,"(0.0, 0.0)","(0.0, 0.0)","(0.0, 0.0)","(0.0, 0.0, 0.0)","(0.0, 0.0, 0.0)","(0.0, 0.0, 0.0)","(0.0, 0.0, 0.0)","(0.0, 0.0, 0.0)","(0.0, 0.0, 0.0)",0,0,0,0,0,0,False,0,0,0,0,0,0,0,0,"(0.0, 6.0, 261.9)","(0.2, 0.0, 0.0, 1.0)"
0,837974,0,0,0,0,0,0,0,0,0,"(0.0, 0.0)","(0.0, 0.0)","(0.0, 0.0)","(0.0, 0.0, 0.0)","(0.0, 0.0, 0.0)","(0.0, 0.0, 0.0)","(0.0, 0.0, 0.0)","(0.0, 0.0, 0.0)","(0.0, 0.0, 0.0)",0,0,0,0,0,0,False,0,0,0,0,0,0,0,0,"(0.0, 6.0, 262.1)","(0.2, 0.0, 0.0, 1.0)"
0,837992.3,0,0,0,0,0,0,0,0,0,"(0.0, 0.0)","(0.0, 0.0)","(0.0, 0.0)","(0.0, 0.0, 0.0)","(0.0, 0.0, 0.0)","(0.0, 0.0, 0.0)","(0.0, 0.0, 0.0)","(0.0, 0.0, 0.0)","(0.0, 0.0, 0.0)",0,0,0,0,0,0,False,0,0,0,0,0,0,0,0,"(0.0, 6.0, 262.3)","(0.2, 0.0, 0.0, 1.0)"
0,838011.9,0,0,0,0,0,0,0,0,0,"(0.0, 0.0)","(0.0, 0.0)","(0.0, 0.0)","(0.0, 0.0, 0.0)","(0.0, 0.0, 0.0)","(0.0, 0.0, 0.0)","(0.0, 0.0, 0.0)","(0.0, 0.0, 0.0)","(0.0, 0.0, 0.0)",0,0,0,0,0,0,False,0,0,0,0,0,0,0,0,"(0.0, 6.0, 262.5)","(0.2, 0.0, 0.0, 1.0)"
0,838032.6,0,0,0,0,0,0,0,0,0,"(0.0, 0.0)","(0.0, 0.0)","(0.0, 0.0)","(0.0, 0.0, 0.0)","(0.0, 0.0, 0.0)","(0.0, 0.0, 0.0)","(0.0, 0.0, 0.0)","(0.0, 0.0, 0.0)","(0.0, 0.0, 0.0)",0,0,0,0,0,0,False,0,0,0,0,0,0,0,0,"(0.0, 6.0, 262.6)","(0.2, 0.0, 0.0, 1.0)"
0,838055,0,0,0,0,0,0,0,0,0,"(0.0, 0.0)","(0.0, 0.0)","(0.0, 0.0)","(0.0, 0.0, 0.0)","(0.0, 0.0, 0.0)","(0.0, 0.0, 0.0)","(0.0, 0.0, 0.0)","(0.0, 0.0, 0.0)","(0.0, 0.0, 0.0)",0,0,0,0,0,0,False,0,0,0,0,0,0,0,0,"(0.0, 6.0, 262.8)","(0.2, 0.0, 0.0, 1.0)"
0,838077,0,0,0,0,0,0,0,0,0,"(0.0, 0.0)","(0.0, 0.0)","(0.0, 0.0)","(0.0, 0.0, 0.0)","(0.0, 0.0, 0.0)","(0.0, 0.0, 0.0)","(0.0, 0.0, 0.0)","(0.0, 0.0, 0.0)","(0.0, 0.0, 0.0)",0,0,0,0,0,0,False,0,0,0,0,0,0,0,0,"(0.0, 6.0, 263.0)","(0.2, 0.0, 0.0, 1.0)"
0,838100.3,0,0,0,0,0,0,0,0,0,"(0.0, 0.0)","(0.0, 0.0)","(0.0, 0.0)","(0.0, 0.0, 0.0)","(0.0, 0.0, 0.0)","(0.0, 0.0, 0.0)","(0.0, 0.0, 0.0)","(0.0, 0.0, 0.0)","(0.0, 0.0, 0.0)",0,0,0,0,0,0,False,0,0,0,0,0,0,0,0,"(0.0, 6.0, 263.2)","(0.2, 0.0, 0.0, 1.0)"
0,838121.7,0,0,0,0,0,0,0,0,0,"(0.0, 0.0)","(0.0, 0.0)","(0.0, 0.0)","(0.0, 0.0, 0.0)","(0.0, 0.0, 0.0)","(0.0, 0.0, 0.0)","(0.0, 0.0, 0.0)","(0.0, 0.0, 0.0)","(0.0, 0.0, 0.0)",0,0,0,0,0,0,False,0,0,0,0,0,0,0,0,"(0.0, 6.0, 263.4)","(0.2, 0.0, 0.0, 1.0)"
0,838143.9,0,0,0,0,0,0,0,0,0,"(0.0, 0.0)","(0.0, 0.0)","(0.0, 0.0)","(0.0, 0.0, 0.0)","(0.0, 0.0, 0.0)","(0.0, 0.0, 0.0)","(0.0, 0.0, 0.0)","(0.0, 0.0, 0.0)","(0.0, 0.0, 0.0)",0,0,0,0,0,0,False,0,0,0,0,0,0,0,0,"(0.0, 6.0, 263.6)","(0.2, 0.0, 0.0, 1.0)"
0,838166.6,0,0,0,0,0,0,0,0,0,"(0.0, 0.0)","(0.0, 0.0)","(0.0, 0.0)","(0.0, 0.0, 0.0)","(0.0, 0.0, 0.0)","(0.0, 0.0, 0.0)","(0.0, 0.0, 0.0)","(0.0, 0.0, 0.0)","(0.0, 0.0, 0.0)",0,0,0,0,0,0,False,0,0,0,0,0,0,0,0,"(0.0, 6.0, 263.9)","(0.2, 0.0, 0.0, 1.0)"
0,838188.3,0,0,0,0,0,0,0,0,0,"(0.0, 0.0)","(0.0, 0.0)","(0.0, 0.0)","(0.0, 0.0, 0.0)","(0.0, 0.0, 0.0)","(0.0, 0.0, 0.0)","(0.0, 0.0, 0.0)","(0.0, 0.0, 0.0)","(0.0, 0.0, 0.0)",0,0,0,0,0,0,False,0,0,0,0,0,0,0,0,"(0.0, 6.0, 264.1)","(0.2, 0.0, 0.0, 1.0)"
0,838210.6,0,0,0,0,0,0,0,0,0,"(0.0, 0.0)","(0.0, 0.0)","(0.0, 0.0)","(0.0, 0.0, 0.0)","(0.0, 0.0, 0.0)","(0.0, 0.0, 0.0)","(0.0, 0.0, 0.0)","(0.0, 0.0, 0.0)","(0.0, 0.0, 0.0)",0,0,0,0,0,0,False,0,0,0,0,0,0,0,0,"(0.0, 6.0, 264.3)","(0.2, 0.0, 0.0, 1.0)"
0,838233.9,0,0,0,0,0,0,0,0,0,"(0.0, 0.0)","(0.0, 0.0)","(0.0, 0.0)","(0.0, 0.0, 0.0)","(0.0, 0.0, 0.0)","(0.0, 0.0, 0.0)","(0.0, 0.0, 0.0)","(0.0, 0.0, 0.0)","(0.0, 0.0, 0.0)",0,0,0,0,0,0,False,0,0,0,0,0,0,0,0,"(0.0, 6.0, 264.5)","(0.2, 0.0, 0.0, 1.0)"
0,838257.1,0,0,0,0,0,0,0,0,0,"(0.0, 0.0)","(0.0, 0.0)","(0.0, 0.0)","(0.0, 0.0, 0.0)","(0.0, 0.0, 0.0)","(0.0, 0.0, 0.0)","(0.0, 0.0, 0.0)","(0.0, 0.0, 0.0)","(0.0, 0.0, 0.0)",0,0,0,0,0,0,False,0,0,0,0,0,0,0,0,"(0.0, 6.0, 264.7)","(0.2, 0.0, 0.0, 1.0)"
0,838277.7,0,0,0,0,0,0,0,0,0,"(0.0, 0.0)","(0.0, 0.0)","(0.0, 0.0)","(0.0, 0.0, 0.0)","(0.0, 0.0, 0.0)","(0.0, 0.0, 0.0)","(0.0, 0.0, 0.0)","(0.0, 0.0, 0.0)","(0.0, 0.0, 0.0)",0,0,0,0,0,0,False,0,0,0,0,0,0,0,0,"(0.0, 6.0, 264.9)","(0.2, 0.0, 0.0, 1.0)"
0,838300.4,0,0,0,0,0,0,0,0,0,"(0.0, 0.0)","(0.0, 0.0)","(0.0, 0.0)","(0.0, 0.0, 0.0)","(0.0, 0.0, 0.0)","(0.0, 0.0, 0.0)","(0.0, 0.0, 0.0)","(0.0, 0.0, 0.0)","(0.0, 0.0, 0.0)",0,0,0,0,0,0,False,0,0,0,0,0,0,0,0,"(0.0, 6.0, 265.1)","(0.2, 0.0, 0.0, 1.0)"
0,838321.6,0,0,0,0,0,0,0,0,0,"(0.0, 0.0)","(0.0, 0.0)","(0.0, 0.0)","(0.0, 0.0, 0.0)","(0.0, 0.0, 0.0)","(0.0, 0.0, 0.0)","(0.0, 0.0, 0.0)","(0.0, 0.0, 0.0)","(0.0, 0.0, 0.0)",0,0,0,0,0,0,False,0,0,0,0,0,0,0,0,"(0.0, 6.0, 265.3)","(0.2, 0.0, 0.0, 1.0)"
0,838344.2,0,0,0,0,0,0,0,0,0,"(0.0, 0.0)","(0.0, 0.0)","(0.0, 0.0)","(0.0, 0.0, 0.0)","(0.0, 0.0, 0.0)","(0.0, 0.0, 0.0)","(0.0, 0.0, 0.0)","(0.0, 0.0, 0.0)","(0.0, 0.0, 0.0)",0,0,0,0,0,0,False,0,0,0,0,0,0,0,0,"(0.0, 6.0, 265.6)","(0.2, 0.0, 0.0, 1.0)"
0,838366.9,0,0,0,0,0,0,0,0,0,"(0.0, 0.0)","(0.0, 0.0)","(0.0, 0.0)","(0.0, 0.0, 0.0)","(0.0, 0.0, 0.0)","(0.0, 0.0, 0.0)","(0.0, 0.0, 0.0)","(0.0, 0.0, 0.0)","(0.0, 0.0, 0.0)",0,0,0,0,0,0,False,0,0,0,0,0,0,0,0,"(0.0, 6.0, 265.8)","(0.2, 0.0, 0.0, 1.0)"
0,838388,0,0,0,0,0,0,0,0,0,"(0.0, 0.0)","(0.0, 0.0)","(0.0, 0.0)","(0.0, 0.0, 0.0)","(0.0, 0.0, 0.0)","(0.0, 0.0, 0.0)","(0.0, 0.0, 0.0)","(0.0, 0.0, 0.0)","(0.0, 0.0, 0.0)",0,0,0,0,0,0,False,0,0,0,0,0,0,0,0,"(0.0, 6.0, 266.0)","(0.2, 0.0, 0.0, 1.0)"
0,838410.2,0,0,0,0,0,0,0,0,0,"(0.0, 0.0)","(0.0, 0.0)","(0.0, 0.0)","(0.0, 0.0, 0.0)","(0.0, 0.0, 0.0)","(0.0, 0.0, 0.0)","(0.0, 0.0, 0.0)","(0.0, 0.0, 0.0)","(0.0, 0.0, 0.0)",0,0,0,0,0,0,False,0,0,0,0,0,0,0,0,"(0.0, 6.0, 266.2)","(0.2, 0.0, 0.0, 1.0)"
0,838433.5,0,0,0,0,0,0,0,0,0,"(0.0, 0.0)","(0.0, 0.0)","(0.0, 0.0)","(0.0, 0.0, 0.0)","(0.0, 0.0, 0.0)","(0.0, 0.0, 0.0)","(0.0, 0.0, 0.0)","(0.0, 0.0, 0.0)","(0.0, 0.0, 0.0)",0,0,0,0,0,0,False,0,0,0,0,0,0,0,0,"(0.0, 6.0, 266.4)","(0.2, 0.0, 0.0, 1.0)"
0,838454.7,0,0,0,0,0,0,0,0,0,"(0.0, 0.0)","(0.0, 0.0)","(0.0, 0.0)","(0.0, 0.0, 0.0)","(0.0, 0.0, 0.0)","(0.0, 0.0, 0.0)","(0.0, 0.0, 0.0)","(0.0, 0.0, 0.0)","(0.0, 0.0, 0.0)",0,0,0,0,0,0,False,0,0,0,0,0,0,0,0,"(0.0, 6.0, 266.6)","(0.2, 0.0, 0.0, 1.0)"
0,838476.8,0,0,0,0,0,0,0,0,0,"(0.0, 0.0)","(0.0, 0.0)","(0.0, 0.0)","(0.0, 0.0, 0.0)","(0.0, 0.0, 0.0)","(0.0, 0.0, 0.0)","(0.0, 0.0, 0.0)","(0.0, 0.0, 0.0)","(0.0, 0.0, 0.0)",0,0,0,0,0,0,False,0,0,0,0,0,0,0,0,"(0.0, 6.0, 266.9)","(0.2, 0.0, 0.0, 1.0)"
0,838500.1,0,0,0,0,0,0,0,0,0,"(0.0, 0.0)","(0.0, 0.0)","(0.0, 0.0)","(0.0, 0.0, 0.0)","(0.0, 0.0, 0.0)","(0.0, 0.0, 0.0)","(0.0, 0.0, 0.0)","(0.0, 0.0, 0.0)","(0.0, 0.0, 0.0)",0,0,0,0,0,0,False,0,0,0,0,0,0,0,0,"(0.0, 6.0, 267.1)","(0.2, 0.0, 0.0, 1.0)"
0,838521.5,0,0,0,0,0,0,0,0,0,"(0.0, 0.0)","(0.0, 0.0)","(0.0, 0.0)","(0.0, 0.0, 0.0)","(0.0, 0.0, 0.0)","(0.0, 0.0, 0.0)","(0.0, 0.0, 0.0)","(0.0, 0.0, 0.0)","(0.0, 0.0, 0.0)",0,0,0,0,0,0,False,0,0,0,0,0,0,0,0,"(0.0, 6.0, 267.3)","(0.2, 0.0, 0.0, 1.0)"
0,838540.6,0,0,0,0,0,0,0,0,0,"(0.0, 0.0)","(0.0, 0.0)","(0.0, 0.0)","(0.0, 0.0, 0.0)","(0.0, 0.0, 0.0)","(0.0, 0.0, 0.0)","(0.0, 0.0, 0.0)","(0.0, 0.0, 0.0)","(0.0, 0.0, 0.0)",0,0,0,0,0,0,False,0,0,0,0,0,0,0,0,"(0.0, 6.0, 267.5)","(0.2, 0.0, 0.0, 1.0)"
0,838560.1,0,0,0,0,0,0,0,0,0,"(0.0, 0.0)","(0.0, 0.0)","(0.0, 0.0)","(0.0, 0.0, 0.0)","(0.0, 0.0, 0.0)","(0.0, 0.0, 0.0)","(0.0, 0.0, 0.0)","(0.0, 0.0, 0.0)","(0.0, 0.0, 0.0)",0,0,0,0,0,0,False,0,0,0,0,0,0,0,0,"(0.0, 6.0, 267.7)","(0.2, 0.0, 0.0, 1.0)"
0,838580.6,0,0,0,0,0,0,0,0,0,"(0.0, 0.0)","(0.0, 0.0)","(0.0, 0.0)","(0.0, 0.0, 0.0)","(0.0, 0.0, 0.0)","(0.0, 0.0, 0.0)","(0.0, 0.0, 0.0)","(0.0, 0.0, 0.0)","(0.0, 0.0, 0.0)",0,0,0,0,0,0,False,0,0,0,0,0,0,0,0,"(0.0, 6.0, 267.9)","(0.2, 0.0, 0.0, 1.0)"
0,838599.9,0,0,0,0,0,0,0,0,0,"(0.0, 0.0)","(0.0, 0.0)","(0.0, 0.0)","(0.0, 0.0, 0.0)","(0.0, 0.0, 0.0)","(0.0, 0.0, 0.0)","(0.0, 0.0, 0.0)","(0.0, 0.0, 0.0)","(0.0, 0.0, 0.0)",0,0,0,0,0,0,False,0,0,0,0,0,0,0,0,"(0.0, 6.0, 268.2)","(0.2, 0.0, 0.0, 1.0)"
0,838620.4,0,0,0,0,0,0,0,0,0,"(0.0, 0.0)","(0.0, 0.0)","(0.0, 0.0)","(0.0, 0.0, 0.0)","(0.0, 0.0, 0.0)","(0.0, 0.0, 0.0)","(0.0, 0.0, 0.0)","(0.0, 0.0, 0.0)","(0.0, 0.0, 0.0)",0,0,0,0,0,0,False,0,0,0,0,0,0,0,0,"(0.0, 6.0, 268.4)","(0.2, 0.0, 0.0, 1.0)"
0,838640.3,0,0,0,0,0,0,0,0,0,"(0.0, 0.0)","(0.0, 0.0)","(0.0, 0.0)","(0.0, 0.0, 0.0)","(0.0, 0.0, 0.0)","(0.0, 0.0, 0.0)","(0.0, 0.0, 0.0)","(0.0, 0.0, 0.0)","(0.0, 0.0, 0.0)",0,0,0,0,0,0,False,0,0,0,0,0,0,0,0,"(0.0, 6.0, 268.6)","(0.2, 0.0, 0.0, 1.0)"
0,838660.1,0,0,0,0,0,0,0,0,0,"(0.0, 0.0)","(0.0, 0.0)","(0.0, 0.0)","(0.0, 0.0, 0.0)","(0.0, 0.0, 0.0)","(0.0, 0.0, 0.0)","(0.0, 0.0, 0.0)","(0.0, 0.0, 0.0)","(0.0, 0.0, 0.0)",0,0,0,0,0,0,False,0,0,0,0,0,0,0,0,"(0.0, 6.0, 268.8)","(0.2, 0.0, 0.0, 1.0)"
0,838678.8,0,0,0,0,0,0,0,0,0,"(0.0, 0.0)","(0.0, 0.0)","(0.0, 0.0)","(0.0, 0.0, 0.0)","(0.0, 0.0, 0.0)","(0.0, 0.0, 0.0)","(0.0, 0.0, 0.0)","(0.0, 0.0, 0.0)","(0.0, 0.0, 0.0)",0,0,0,0,0,0,False,0,0,0,0,0,0,0,0,"(0.0, 6.0, 269.0)","(0.2, 0.0, 0.0, 1.0)"
0,838700.9,0,0,0,0,0,0,0,0,0,"(0.0, 0.0)","(0.0, 0.0)","(0.0, 0.0)","(0.0, 0.0, 0.0)","(0.0, 0.0, 0.0)","(0.0, 0.0, 0.0)","(0.0, 0.0, 0.0)","(0.0, 0.0, 0.0)","(0.0, 0.0, 0.0)",0,0,0,0,0,0,False,0,0,0,0,0,0,0,0,"(0.0, 6.0, 269.2)","(0.2, 0.0, 0.0, 1.0)"
0,838723.8,0,0,0,0,0,0,0,0,0,"(0.0, 0.0)","(0.0, 0.0)","(0.0, 0.0)","(0.0, 0.0, 0.0)","(0.0, 0.0, 0.0)","(0.0, 0.0, 0.0)","(0.0, 0.0, 0.0)","(0.0, 0.0, 0.0)","(0.0, 0.0, 0.0)",0,0,0,0,0,0,False,0,0,0,0,0,0,0,0,"(0.0, 6.0, 269.4)","(0.2, 0.0, 0.0, 1.0)"
0,838741.2,0,0,0,0,0,0,0,0,0,"(0.0, 0.0)","(0.0, 0.0)","(0.0, 0.0)","(0.0, 0.0, 0.0)","(0.0, 0.0, 0.0)","(0.0, 0.0, 0.0)","(0.0, 0.0, 0.0)","(0.0, 0.0, 0.0)","(0.0, 0.0, 0.0)",0,0,0,0,0,0,False,0,0,0,0,0,0,0,0,"(0.0, 6.0, 269.6)","(0.2, 0.0, 0.0, 1.0)"
0,838761.8,0,0,0,0,0,0,0,0,0,"(0.0, 0.0)","(0.0, 0.0)","(0.0, 0.0)","(0.0, 0.0, 0.0)","(0.0, 0.0, 0.0)","(0.0, 0.0, 0.0)","(0.0, 0.0, 0.0)","(0.0, 0.0, 0.0)","(0.0, 0.0, 0.0)",0,0,0,0,0,0,False,0,0,0,0,0,0,0,0,"(0.0, 6.0, 269.8)","(0.2, 0.0, 0.0, 1.0)"
0,838781.8,0,0,0,0,0,0,0,0,0,"(0.0, 0.0)","(0.0, 0.0)","(0.0, 0.0)","(0.0, 0.0, 0.0)","(0.0, 0.0, 0.0)","(0.0, 0.0, 0.0)","(0.0, 0.0, 0.0)","(0.0, 0.0, 0.0)","(0.0, 0.0, 0.0)",0,0,0,0,0,0,False,0,0,0,0,0,0,0,0,"(0.0, 6.0, 270.0)","(0.2, 0.0, 0.0, 1.0)"
0,838801.6,0,0,0,0,0,0,0,0,0,"(0.0, 0.0)","(0.0, 0.0)","(0.0, 0.0)","(0.0, 0.0, 0.0)","(0.0, 0.0, 0.0)","(0.0, 0.0, 0.0)","(0.0, 0.0, 0.0)","(0.0, 0.0, 0.0)","(0.0, 0.0, 0.0)",0,0,0,0,0,0,False,0,0,0,0,0,0,0,0,"(0.0, 6.0, 270.2)","(0.2, 0.0, 0.0, 1.0)"
0,838824.8,0,0,0,0,0,0,0,0,0,"(0.0, 0.0)","(0.0, 0.0)","(0.0, 0.0)","(0.0, 0.0, 0.0)","(0.0, 0.0, 0.0)","(0.0, 0.0, 0.0)","(0.0, 0.0, 0.0)","(0.0, 0.0, 0.0)","(0.0, 0.0, 0.0)",0,0,0,0,0,0,False,0,0,0,0,0,0,0,0,"(0.0, 6.0, 270.4)","(0.2, 0.0, 0.0, 1.0)"
0,838842.1,0,0,0,0,0,0,0,0,0,"(0.0, 0.0)","(0.0, 0.0)","(0.0, 0.0)","(0.0, 0.0, 0.0)","(0.0, 0.0, 0.0)","(0.0, 0.0, 0.0)","(0.0, 0.0, 0.0)","(0.0, 0.0, 0.0)","(0.0, 0.0, 0.0)",0,0,0,0,0,0,False,0,0,0,0,0,0,0,0,"(0.0, 6.0, 270.6)","(0.2, 0.0, 0.0, 1.0)"
0,838862.4,0,0,0,0,0,0,0,0,0,"(0.0, 0.0)","(0.0, 0.0)","(0.0, 0.0)","(0.0, 0.0, 0.0)","(0.0, 0.0, 0.0)","(0.0, 0.0, 0.0)","(0.0, 0.0, 0.0)","(0.0, 0.0, 0.0)","(0.0, 0.0, 0.0)",0,0,0,0,0,0,False,0,0,0,0,0,0,0,0,"(0.0, 6.0, 270.8)","(0.2, 0.0, 0.0, 1.0)"
0,838880.3,0,0,0,0,0,0,0,0,0,"(0.0, 0.0)","(0.0, 0.0)","(0.0, 0.0)","(0.0, 0.0, 0.0)","(0.0, 0.0, 0.0)","(0.0, 0.0, 0.0)","(0.0, 0.0, 0.0)","(0.0, 0.0, 0.0)","(0.0, 0.0, 0.0)",0,0,0,0,0,0,False,0,0,0,0,0,0,0,0,"(0.0, 6.0, 271.0)","(0.2, 0.0, 0.0, 1.0)"
0,838901,0,0,0,0,0,0,0,0,0,"(0.0, 0.0)","(0.0, 0.0)","(0.0, 0.0)","(0.0, 0.0, 0.0)","(0.0, 0.0, 0.0)","(0.0, 0.0, 0.0)","(0.0, 0.0, 0.0)","(0.0, 0.0, 0.0)","(0.0, 0.0, 0.0)",0,0,0,0,0,0,False,0,0,0,0,0,0,0,0,"(0.0, 6.0, 271.2)","(0.2, 0.0, 0.0, 1.0)"
0,838920.9,0,0,0,0,0,0,0,0,0,"(0.0, 0.0)","(0.0, 0.0)","(0.0, 0.0)","(0.0, 0.0, 0.0)","(0.0, 0.0, 0.0)","(0.0, 0.0, 0.0)","(0.0, 0.0, 0.0)","(0.0, 0.0, 0.0)","(0.0, 0.0, 0.0)",0,0,0,0,0,0,False,0,0,0,0,0,0,0,0,"(0.0, 6.0, 271.4)","(0.2, 0.0, 0.0, 1.0)"
0,838939.7,0,0,0,0,0,0,0,0,0,"(0.0, 0.0)","(0.0, 0.0)","(0.0, 0.0)","(0.0, 0.0, 0.0)","(0.0, 0.0, 0.0)","(0.0, 0.0, 0.0)","(0.0, 0.0, 0.0)","(0.0, 0.0, 0.0)","(0.0, 0.0, 0.0)",0,0,0,0,0,0,False,0,0,0,0,0,0,0,0,"(0.0, 6.0, 271.6)","(0.2, 0.0, 0.0, 1.0)"
0,838958.1,0,0,0,0,0,0,0,0,0,"(0.0, 0.0)","(0.0, 0.0)","(0.0, 0.0)","(0.0, 0.0, 0.0)","(0.0, 0.0, 0.0)","(0.0, 0.0, 0.0)","(0.0, 0.0, 0.0)","(0.0, 0.0, 0.0)","(0.0, 0.0, 0.0)",0,0,0,0,0,0,False,0,0,0,0,0,0,0,0,"(0.0, 6.0, 271.8)","(0.2, 0.0, 0.0, 1.0)"
0,838977.1,0,0,0,0,0,0,0,0,0,"(0.0, 0.0)","(0.0, 0.0)","(0.0, 0.0)","(0.0, 0.0, 0.0)","(0.0, 0.0, 0.0)","(0.0, 0.0, 0.0)","(0.0, 0.0, 0.0)","(0.0, 0.0, 0.0)","(0.0, 0.0, 0.0)",0,0,0,0,0,0,False,0,0,0,0,0,0,0,0,"(0.0, 6.0, 272.0)","(0.2, 0.0, 0.0, 1.0)"
0,839001.1,0,0,0,0,0,0,0,0,0,"(0.0, 0.0)","(0.0, 0.0)","(0.0, 0.0)","(0.0, 0.0, 0.0)","(0.0, 0.0, 0.0)","(0.0, 0.0, 0.0)","(0.0, 0.0, 0.0)","(0.0, 0.0, 0.0)","(0.0, 0.0, 0.0)",0,0,0,0,0,0,False,0,0,0,0,0,0,0,0,"(0.0, 6.0, 272.2)","(0.2, 0.0, 0.0, 1.0)"
0,839018.8,0,0,0,0,0,0,0,0,0,"(0.0, 0.0)","(0.0, 0.0)","(0.0, 0.0)","(0.0, 0.0, 0.0)","(0.0, 0.0, 0.0)","(0.0, 0.0, 0.0)","(0.0, 0.0, 0.0)","(0.0, 0.0, 0.0)","(0.0, 0.0, 0.0)",0,0,0,0,0,0,False,0,0,0,0,0,0,0,0,"(0.0, 6.0, 272.4)","(0.2, 0.0, 0.0, 1.0)"
0,839037.8,0,0,0,0,0,0,0,0,0,"(0.0, 0.0)","(0.0, 0.0)","(0.0, 0.0)","(0.0, 0.0, 0.0)","(0.0, 0.0, 0.0)","(0.0, 0.0, 0.0)","(0.0, 0.0, 0.0)","(0.0, 0.0, 0.0)","(0.0, 0.0, 0.0)",0,0,0,0,0,0,False,0,0,0,0,0,0,0,0,"(0.0, 6.0, 272.6)","(0.2, 0.0, 0.0, 1.0)"
0,839055.9,0,0,0,0,0,0,0,0,0,"(0.0, 0.0)","(0.0, 0.0)","(0.0, 0.0)","(0.0, 0.0, 0.0)","(0.0, 0.0, 0.0)","(0.0, 0.0, 0.0)","(0.0, 0.0, 0.0)","(0.0, 0.0, 0.0)","(0.0, 0.0, 0.0)",0,0,0,0,0,0,False,0,0,0,0,0,0,0,0,"(0.0, 6.0, 272.8)","(0.2, 0.0, 0.0, 1.0)"
0,839077.1,0,0,0,0,0,0,0,0,0,"(0.0, 0.0)","(0.0, 0.0)","(0.0, 0.0)","(0.0, 0.0, 0.0)","(0.0, 0.0, 0.0)","(0.0, 0.0, 0.0)","(0.0, 0.0, 0.0)","(0.0, 0.0, 0.0)","(0.0, 0.0, 0.0)",0,0,0,0,0,0,False,0,0,0,0,0,0,0,0,"(0.0, 6.0, 273.0)","(0.2, 0.0, 0.0, 1.0)"
0,839100.2,0,0,0,0,0,0,0,0,0,"(0.0, 0.0)","(0.0, 0.0)","(0.0, 0.0)","(0.0, 0.0, 0.0)","(0.0, 0.0, 0.0)","(0.0, 0.0, 0.0)","(0.0, 0.0, 0.0)","(0.0, 0.0, 0.0)","(0.0, 0.0, 0.0)",0,0,0,0,0,0,False,0,0,0,0,0,0,0,0,"(0.0, 6.0, 273.2)","(0.2, 0.0, 0.0, 1.0)"
0,839121.2,0,0,0,0,0,0,0,0,0,"(0.0, 0.0)","(0.0, 0.0)","(0.0, 0.0)","(0.0, 0.0, 0.0)","(0.0, 0.0, 0.0)","(0.0, 0.0, 0.0)","(0.0, 0.0, 0.0)","(0.0, 0.0, 0.0)","(0.0, 0.0, 0.0)",0,0,0,0,0,0,False,0,0,0,0,0,0,0,0,"(0.0, 6.0, 273.4)","(0.2, 0.0, 0.0, 1.0)"
0,839143.6,0,0,0,0,0,0,0,0,0,"(0.0, 0.0)","(0.0, 0.0)","(0.0, 0.0)","(0.0, 0.0, 0.0)","(0.0, 0.0, 0.0)","(0.0, 0.0, 0.0)","(0.0, 0.0, 0.0)","(0.0, 0.0, 0.0)","(0.0, 0.0, 0.0)",0,0,0,0,0,0,False,0,0,0,0,0,0,0,0,"(0.0, 6.0, 273.6)","(0.2, 0.0, 0.0, 1.0)"
0,839166.3,0,0,0,0,0,0,0,0,0,"(0.0, 0.0)","(0.0, 0.0)","(0.0, 0.0)","(0.0, 0.0, 0.0)","(0.0, 0.0, 0.0)","(0.0, 0.0, 0.0)","(0.0, 0.0, 0.0)","(0.0, 0.0, 0.0)","(0.0, 0.0, 0.0)",0,0,0,0,0,0,False,0,0,0,0,0,0,0,0,"(0.0, 6.0, 273.9)","(0.2, 0.0, 0.0, 1.0)"
0,839187.9,0,0,0,0,0,0,0,0,0,"(0.0, 0.0)","(0.0, 0.0)","(0.0, 0.0)","(0.0, 0.0, 0.0)","(0.0, 0.0, 0.0)","(0.0, 0.0, 0.0)","(0.0, 0.0, 0.0)","(0.0, 0.0, 0.0)","(0.0, 0.0, 0.0)",0,0,0,0,0,0,False,0,0,0,0,0,0,0,0,"(0.0, 6.0, 274.1)","(0.2, 0.0, 0.0, 1.0)"
0,839210.2,0,0,0,0,0,0,0,0,0,"(0.0, 0.0)","(0.0, 0.0)","(0.0, 0.0)","(0.0, 0.0, 0.0)","(0.0, 0.0, 0.0)","(0.0, 0.0, 0.0)","(0.0, 0.0, 0.0)","(0.0, 0.0, 0.0)","(0.0, 0.0, 0.0)",0,0,0,0,0,0,False,0,0,0,0,0,0,0,0,"(0.0, 6.0, 274.3)","(0.2, 0.0, 0.0, 1.0)"
0,839234.8,0,0,0,0,0,0,0,0,0,"(0.0, 0.0)","(0.0, 0.0)","(0.0, 0.0)","(0.0, 0.0, 0.0)","(0.0, 0.0, 0.0)","(0.0, 0.0, 0.0)","(0.0, 0.0, 0.0)","(0.0, 0.0, 0.0)","(0.0, 0.0, 0.0)",0,0,0,0,0,0,False,0,0,0,0,0,0,0,0,"(0.0, 6.0, 274.5)","(0.2, 0.0, 0.0, 1.0)"
0,839256.9,0,0,0,0,0,0,0,0,0,"(0.0, 0.0)","(0.0, 0.0)","(0.0, 0.0)","(0.0, 0.0, 0.0)","(0.0, 0.0, 0.0)","(0.0, 0.0, 0.0)","(0.0, 0.0, 0.0)","(0.0, 0.0, 0.0)","(0.0, 0.0, 0.0)",0,0,0,0,0,0,False,0,0,0,0,0,0,0,0,"(0.0, 6.0, 274.7)","(0.2, 0.0, 0.0, 1.0)"
0,839276.4,0,0,0,0,0,0,0,0,0,"(0.0, 0.0)","(0.0, 0.0)","(0.0, 0.0)","(0.0, 0.0, 0.0)","(0.0, 0.0, 0.0)","(0.0, 0.0, 0.0)","(0.0, 0.0, 0.0)","(0.0, 0.0, 0.0)","(0.0, 0.0, 0.0)",0,0,0,0,0,0,False,0,0,0,0,0,0,0,0,"(0.0, 6.0, 274.9)","(0.2, 0.0, 0.0, 1.0)"
0,839299.5,0,0,0,0,0,0,0,0,0,"(0.0, 0.0)","(0.0, 0.0)","(0.0, 0.0)","(0.0, 0.0, 0.0)","(0.0, 0.0, 0.0)","(0.0, 0.0, 0.0)","(0.0, 0.0, 0.0)","(0.0, 0.0, 0.0)","(0.0, 0.0, 0.0)",0,0,0,0,0,0,False,0,0,0,0,0,0,0,0,"(0.0, 6.0, 275.1)","(0.2, 0.0, 0.0, 1.0)"
0,839320.9,0,0,0,0,0,0,0,0,0,"(0.0, 0.0)","(0.0, 0.0)","(0.0, 0.0)","(0.0, 0.0, 0.0)","(0.0, 0.0, 0.0)","(0.0, 0.0, 0.0)","(0.0, 0.0, 0.0)","(0.0, 0.0, 0.0)","(0.0, 0.0, 0.0)",0,0,0,0,0,0,False,0,0,0,0,0,0,0,0,"(0.0, 6.0, 275.3)","(0.2, 0.0, 0.0, 1.0)"
0,839343.9,0,0,0,0,0,0,0,0,0,"(0.0, 0.0)","(0.0, 0.0)","(0.0, 0.0)","(0.0, 0.0, 0.0)","(0.0, 0.0, 0.0)","(0.0, 0.0, 0.0)","(0.0, 0.0, 0.0)","(0.0, 0.0, 0.0)","(0.0, 0.0, 0.0)",0,0,0,0,0,0,False,0,0,0,0,0,0,0,0,"(0.0, 6.0, 275.6)","(0.2, 0.0, 0.0, 1.0)"
0,839366.2,0,0,0,0,0,0,0,0,0,"(0.0, 0.0)","(0.0, 0.0)","(0.0, 0.0)","(0.0, 0.0, 0.0)","(0.0, 0.0, 0.0)","(0.0, 0.0, 0.0)","(0.0, 0.0, 0.0)","(0.0, 0.0, 0.0)","(0.0, 0.0, 0.0)",0,0,0,0,0,0,False,0,0,0,0,0,0,0,0,"(0.0, 6.0, 275.8)","(0.2, 0.0, 0.0, 1.0)"
0,839387.9,0,0,0,0,0,0,0,0,0,"(0.0, 0.0)","(0.0, 0.0)","(0.0, 0.0)","(0.0, 0.0, 0.0)","(0.0, 0.0, 0.0)","(0.0, 0.0, 0.0)","(0.0, 0.0, 0.0)","(0.0, 0.0, 0.0)","(0.0, 0.0, 0.0)",0,0,0,0,0,0,False,0,0,0,0,0,0,0,0,"(0.0, 6.0, 276.0)","(0.2, 0.0, 0.0, 1.0)"
0,839409.6,0,0,0,0,0,0,0,0,0,"(0.0, 0.0)","(0.0, 0.0)","(0.0, 0.0)","(0.0, 0.0, 0.0)","(0.0, 0.0, 0.0)","(0.0, 0.0, 0.0)","(0.0, 0.0, 0.0)","(0.0, 0.0, 0.0)","(0.0, 0.0, 0.0)",0,0,0,0,0,0,False,0,0,0,0,0,0,0,0,"(0.0, 6.0, 276.2)","(0.2, 0.0, 0.0, 1.0)"
0,839432.5,0,0,0,0,0,0,0,0,0,"(0.0, 0.0)","(0.0, 0.0)","(0.0, 0.0)","(0.0, 0.0, 0.0)","(0.0, 0.0, 0.0)","(0.0, 0.0, 0.0)","(0.0, 0.0, 0.0)","(0.0, 0.0, 0.0)","(0.0, 0.0, 0.0)",0,0,0,0,0,0,False,0,0,0,0,0,0,0,0,"(0.0, 6.0, 276.4)","(0.2, 0.0, 0.0, 1.0)"
0,839454.1,0,0,0,0,0,0,0,0,0,"(0.0, 0.0)","(0.0, 0.0)","(0.0, 0.0)","(0.0, 0.0, 0.0)","(0.0, 0.0, 0.0)","(0.0, 0.0, 0.0)","(0.0, 0.0, 0.0)","(0.0, 0.0, 0.0)","(0.0, 0.0, 0.0)",0,0,0,0,0,0,False,0,0,0,0,0,0,0,0,"(0.0, 6.0, 276.6)","(0.2, 0.0, 0.0, 1.0)"
0,839476.2,0,0,0,0,0,0,0,0,0,"(0.0, 0.0)","(0.0, 0.0)","(0.0, 0.0)","(0.0, 0.0, 0.0)","(0.0, 0.0, 0.0)","(0.0, 0.0, 0.0)","(0.0, 0.0, 0.0)","(0.0, 0.0, 0.0)","(0.0, 0.0, 0.0)",0,0,0,0,0,0,False,0,0,0,0,0,0,0,0,"(0.0, 6.0, 276.9)","(0.2, 0.0, 0.0, 1.0)"
0,839493.5,0,0,0,0,0,0,0,0,0,"(0.0, 0.0)","(0.0, 0.0)","(0.0, 0.0)","(0.0, 0.0, 0.0)","(0.0, 0.0, 0.0)","(0.0, 0.0, 0.0)","(0.0, 0.0, 0.0)","(0.0, 0.0, 0.0)","(0.0, 0.0, 0.0)",0,0,0,0,0,0,False,0,0,0,0,0,0,0,0,"(0.0, 6.0, 277.1)","(0.2, 0.0, 0.0, 1.0)"
0,839511.6,0,0,0,0,0,0,0,0,0,"(0.0, 0.0)","(0.0, 0.0)","(0.0, 0.0)","(0.0, 0.0, 0.0)","(0.0, 0.0, 0.0)","(0.0, 0.0, 0.0)","(0.0, 0.0, 0.0)","(0.0, 0.0, 0.0)","(0.0, 0.0, 0.0)",0,0,0,0,0,0,False,0,0,0,0,0,0,0,0,"(0.0, 6.0, 277.3)","(0.2, 0.0, 0.0, 1.0)"
0,839529.1,0,0,0,0,0,0,0,0,0,"(0.0, 0.0)","(0.0, 0.0)","(0.0, 0.0)","(0.0, 0.0, 0.0)","(0.0, 0.0, 0.0)","(0.0, 0.0, 0.0)","(0.0, 0.0, 0.0)","(0.0, 0.0, 0.0)","(0.0, 0.0, 0.0)",0,0,0,0,0,0,False,0,0,0,0,0,0,0,0,"(0.0, 6.0, 277.5)","(0.2, 0.0, 0.0, 1.0)"
0,839549.7,0,0,0,0,0,0,0,0,0,"(0.0, 0.0)","(0.0, 0.0)","(0.0, 0.0)","(0.0, 0.0, 0.0)","(0.0, 0.0, 0.0)","(0.0, 0.0, 0.0)","(0.0, 0.0, 0.0)","(0.0, 0.0, 0.0)","(0.0, 0.0, 0.0)",0,0,0,0,0,0,False,0,0,0,0,0,0,0,0,"(0.0, 6.0, 277.7)","(0.2, 0.0, 0.0, 1.0)"
0,839571.3,0,0,0,0,0,0,0,0,0,"(0.0, 0.0)","(0.0, 0.0)","(0.0, 0.0)","(0.0, 0.0, 0.0)","(0.0, 0.0, 0.0)","(0.0, 0.0, 0.0)","(0.0, 0.0, 0.0)","(0.0, 0.0, 0.0)","(0.0, 0.0, 0.0)",0,0,0,0,0,0,False,0,0,0,0,0,0,0,0,"(0.0, 6.0, 277.9)","(0.2, 0.0, 0.0, 1.0)"
0,839590,0,0,0,0,0,0,0,0,0,"(0.0, 0.0)","(0.0, 0.0)","(0.0, 0.0)","(0.0, 0.0, 0.0)","(0.0, 0.0, 0.0)","(0.0, 0.0, 0.0)","(0.0, 0.0, 0.0)","(0.0, 0.0, 0.0)","(0.0, 0.0, 0.0)",0,0,0,0,0,0,False,0,0,0,0,0,0,0,0,"(0.0, 6.0, 278.1)","(0.2, 0.0, 0.0, 1.0)"
0,839607.7,0,0,0,0,0,0,0,0,0,"(0.0, 0.0)","(0.0, 0.0)","(0.0, 0.0)","(0.0, 0.0, 0.0)","(0.0, 0.0, 0.0)","(0.0, 0.0, 0.0)","(0.0, 0.0, 0.0)","(0.0, 0.0, 0.0)","(0.0, 0.0, 0.0)",0,0,0,0,0,0,False,0,0,0,0,0,0,0,0,"(0.0, 6.0, 278.3)","(0.2, 0.0, 0.0, 1.0)"
0,839627.4,0,0,0,0,0,0,0,0,0,"(0.0, 0.0)","(0.0, 0.0)","(0.0, 0.0)","(0.0, 0.0, 0.0)","(0.0, 0.0, 0.0)","(0.0, 0.0, 0.0)","(0.0, 0.0, 0.0)","(0.0, 0.0, 0.0)","(0.0, 0.0, 0.0)",0,0,0,0,0,0,False,0,0,0,0,0,0,0,0,"(0.0, 6.0, 278.5)","(0.2, 0.0, 0.0, 1.0)"
0,839647.6,0,0,0,0,0,0,0,0,0,"(0.0, 0.0)","(0.0, 0.0)","(0.0, 0.0)","(0.0, 0.0, 0.0)","(0.0, 0.0, 0.0)","(0.0, 0.0, 0.0)","(0.0, 0.0, 0.0)","(0.0, 0.0, 0.0)","(0.0, 0.0, 0.0)",0,0,0,0,0,0,False,0,0,0,0,0,0,0,0,"(0.0, 6.0, 278.7)","(0.2, 0.0, 0.0, 1.0)"
0,839667.7,0,0,0,0,0,0,0,0,0,"(0.0, 0.0)","(0.0, 0.0)","(0.0, 0.0)","(0.0, 0.0, 0.0)","(0.0, 0.0, 0.0)","(0.0, 0.0, 0.0)","(0.0, 0.0, 0.0)","(0.0, 0.0, 0.0)","(0.0, 0.0, 0.0)",0,0,0,0,0,0,False,0,0,0,0,0,0,0,0,"(0.0, 6.0, 278.9)","(0.2, 0.0, 0.0, 1.0)"
0,839687.1,0,0,0,0,0,0,0,0,0,"(0.0, 0.0)","(0.0, 0.0)","(0.0, 0.0)","(0.0, 0.0, 0.0)","(0.0, 0.0, 0.0)","(0.0, 0.0, 0.0)","(0.0, 0.0, 0.0)","(0.0, 0.0, 0.0)","(0.0, 0.0, 0.0)",0,0,0,0,0,0,False,0,0,0,0,0,0,0,0,"(0.0, 6.0, 279.1)","(0.2, 0.0, 0.0, 1.0)"
0,839705.6,0,0,0,0,0,0,0,0,0,"(0.0, 0.0)","(0.0, 0.0)","(0.0, 0.0)","(0.0, 0.0, 0.0)","(0.0, 0.0, 0.0)","(0.0, 0.0, 0.0)","(0.0, 0.0, 0.0)","(0.0, 0.0, 0.0)","(0.0, 0.0, 0.0)",0,0,0,0,0,0,False,0,0,0,0,0,0,0,0,"(0.0, 6.0, 279.3)","(0.2, 0.0, 0.0, 1.0)"
0,839724.4,0,0,0,0,0,0,0,0,0,"(0.0, 0.0)","(0.0, 0.0)","(0.0, 0.0)","(0.0, 0.0, 0.0)","(0.0, 0.0, 0.0)","(0.0, 0.0, 0.0)","(0.0, 0.0, 0.0)","(0.0, 0.0, 0.0)","(0.0, 0.0, 0.0)",0,0,0,0,0,0,False,0,0,0,0,0,0,0,0,"(0.0, 6.0, 279.5)","(0.2, 0.0, 0.0, 1.0)"
0,839747.8,0,0,0,0,0,0,0,0,0,"(0.0, 0.0)","(0.0, 0.0)","(0.0, 0.0)","(0.0, 0.0, 0.0)","(0.0, 0.0, 0.0)","(0.0, 0.0, 0.0)","(0.0, 0.0, 0.0)","(0.0, 0.0, 0.0)","(0.0, 0.0, 0.0)",0,0,0,0,0,0,False,0,0,0,0,0,0,0,0,"(0.0, 6.0, 279.7)","(0.2, 0.0, 0.0, 1.0)"
0,839767.4,0,0,0,0,0,0,0,0,0,"(0.0, 0.0)","(0.0, 0.0)","(0.0, 0.0)","(0.0, 0.0, 0.0)","(0.0, 0.0, 0.0)","(0.0, 0.0, 0.0)","(0.0, 0.0, 0.0)","(0.0, 0.0, 0.0)","(0.0, 0.0, 0.0)",0,0,0,0,0,0,False,0,0,0,0,0,0,0,0,"(0.0, 6.0, 279.9)","(0.2, 0.0, 0.0, 1.0)"
0,839786.4,0,0,0,0,0,0,0,0,0,"(0.0, 0.0)","(0.0, 0.0)","(0.0, 0.0)","(0.0, 0.0, 0.0)","(0.0, 0.0, 0.0)","(0.0, 0.0, 0.0)","(0.0, 0.0, 0.0)","(0.0, 0.0, 0.0)","(0.0, 0.0, 0.0)",0,0,0,0,0,0,False,0,0,0,0,0,0,0,0,"(0.0, 6.0, 280.1)","(0.2, 0.0, 0.0, 1.0)"
0,839804.7,0,0,0,0,0,0,0,0,0,"(0.0, 0.0)","(0.0, 0.0)","(0.0, 0.0)","(0.0, 0.0, 0.0)","(0.0, 0.0, 0.0)","(0.0, 0.0, 0.0)","(0.0, 0.0, 0.0)","(0.0, 0.0, 0.0)","(0.0, 0.0, 0.0)",0,0,0,0,0,0,False,0,0,0,0,0,0,0,0,"(0.0, 6.0, 280.3)","(0.2, 0.0, 0.0, 1.0)"
0,839822.4,0,0,0,0,0,0,0,0,0,"(0.0, 0.0)","(0.0, 0.0)","(0.0, 0.0)","(0.0, 0.0, 0.0)","(0.0, 0.0, 0.0)","(0.0, 0.0, 0.0)","(0.0, 0.0, 0.0)","(0.0, 0.0, 0.0)","(0.0, 0.0, 0.0)",0,0,0,0,0,0,False,0,0,0,0,0,0,0,0,"(0.0, 6.0, 280.5)","(0.2, 0.0, 0.0, 1.0)"
0,839840.3,0,0,0,0,0,0,0,0,0,"(0.0, 0.0)","(0.0, 0.0)","(0.0, 0.0)","(0.0, 0.0, 0.0)","(0.0, 0.0, 0.0)","(0.0, 0.0, 0.0)","(0.0, 0.0, 0.0)","(0.0, 0.0, 0.0)","(0.0, 0.0, 0.0)",0,0,0,0,0,0,False,0,0,0,0,0,0,0,0,"(0.0, 6.0, 280.7)","(0.2, 0.0, 0.0, 1.0)"
0,839860.1,0,0,0,0,0,0,0,0,0,"(0.0, 0.0)","(0.0, 0.0)","(0.0, 0.0)","(0.0, 0.0, 0.0)","(0.0, 0.0, 0.0)","(0.0, 0.0, 0.0)","(0.0, 0.0, 0.0)","(0.0, 0.0, 0.0)","(0.0, 0.0, 0.0)",0,0,0,0,0,0,False,0,0,0,0,0,0,0,0,"(0.0, 6.0, 280.9)","(0.2, 0.0, 0.0, 1.0)"
0,839878.9,0,0,0,0,0,0,0,0,0,"(0.0, 0.0)","(0.0, 0.0)","(0.0, 0.0)","(0.0, 0.0, 0.0)","(0.0, 0.0, 0.0)","(0.0, 0.0, 0.0)","(0.0, 0.0, 0.0)","(0.0, 0.0, 0.0)","(0.0, 0.0, 0.0)",0,0,0,0,0,0,False,0,0,0,0,0,0,0,0,"(0.0, 6.0, 281.1)","(0.2, 0.0, 0.0, 1.0)"
0,839898.9,0,0,0,0,0,0,0,0,0,"(0.0, 0.0)","(0.0, 0.0)","(0.0, 0.0)","(0.0, 0.0, 0.0)","(0.0, 0.0, 0.0)","(0.0, 0.0, 0.0)","(0.0, 0.0, 0.0)","(0.0, 0.0, 0.0)","(0.0, 0.0, 0.0)",0,0,0,0,0,0,False,0,0,0,0,0,0,0,0,"(0.0, 6.0, 281.3)","(0.2, 0.0, 0.0, 1.0)"
0,839920.9,0,0,0,0,0,0,0,0,0,"(0.0, 0.0)","(0.0, 0.0)","(0.0, 0.0)","(0.0, 0.0, 0.0)","(0.0, 0.0, 0.0)","(0.0, 0.0, 0.0)","(0.0, 0.0, 0.0)","(0.0, 0.0, 0.0)","(0.0, 0.0, 0.0)",0,0,0,0,0,0,False,0,0,0,0,0,0,0,0,"(0.0, 6.0, 281.5)","(0.2, 0.0, 0.0, 1.0)"
0,839943.1,0,0,0,0,0,0,0,0,0,"(0.0, 0.0)","(0.0, 0.0)","(0.0, 0.0)","(0.0, 0.0, 0.0)","(0.0, 0.0, 0.0)","(0.0, 0.0, 0.0)","(0.0, 0.0, 0.0)","(0.0, 0.0, 0.0)","(0.0, 0.0, 0.0)",0,0,0,0,0,0,False,0,0,0,0,0,0,0,0,"(0.0, 6.0, 281.7)","(0.2, 0.0, 0.0, 1.0)"
0,839966.6,0,0,0,0,0,0,0,0,0,"(0.0, 0.0)","(0.0, 0.0)","(0.0, 0.0)","(0.0, 0.0, 0.0)","(0.0, 0.0, 0.0)","(0.0, 0.0, 0.0)","(0.0, 0.0, 0.0)","(0.0, 0.0, 0.0)","(0.0, 0.0, 0.0)",0,0,0,0,0,0,False,0,0,0,0,0,0,0,0,"(0.0, 6.0, 281.9)","(0.2, 0.0, 0.0, 1.0)"
0,839987.6,0,0,0,0,0,0,0,0,0,"(0.0, 0.0)","(0.0, 0.0)","(0.0, 0.0)","(0.0, 0.0, 0.0)","(0.0, 0.0, 0.0)","(0.0, 0.0, 0.0)","(0.0, 0.0, 0.0)","(0.0, 0.0, 0.0)","(0.0, 0.0, 0.0)",0,0,0,0,0,0,False,0,0,0,0,0,0,0,0,"(0.0, 6.0, 282.1)","(0.2, 0.0, 0.0, 1.0)"
0,840009.6,0,0,0,0,0,0,0,0,0,"(0.0, 0.0)","(0.0, 0.0)","(0.0, 0.0)","(0.0, 0.0, 0.0)","(0.0, 0.0, 0.0)","(0.0, 0.0, 0.0)","(0.0, 0.0, 0.0)","(0.0, 0.0, 0.0)","(0.0, 0.0, 0.0)",0,0,0,0,0,0,False,0,0,0,0,0,0,0,0,"(0.0, 6.0, 282.3)","(0.2, 0.0, 0.0, 1.0)"
0,840032.7,0,0,0,0,0,0,0,0,0,"(0.0, 0.0)","(0.0, 0.0)","(0.0, 0.0)","(0.0, 0.0, 0.0)","(0.0, 0.0, 0.0)","(0.0, 0.0, 0.0)","(0.0, 0.0, 0.0)","(0.0, 0.0, 0.0)","(0.0, 0.0, 0.0)",0,0,0,0,0,0,False,0,0,0,0,0,0,0,0,"(0.0, 6.0, 282.5)","(0.2, 0.0, 0.0, 1.0)"
0,840054,0,0,0,0,0,0,0,0,0,"(0.0, 0.0)","(0.0, 0.0)","(0.0, 0.0)","(0.0, 0.0, 0.0)","(0.0, 0.0, 0.0)","(0.0, 0.0, 0.0)","(0.0, 0.0, 0.0)","(0.0, 0.0, 0.0)","(0.0, 0.0, 0.0)",0,0,0,0,0,0,False,0,0,0,0,0,0,0,0,"(0.0, 6.0, 282.7)","(0.2, 0.0, 0.0, 1.0)"
0,840076.2,0,0,0,0,0,0,0,0,0,"(0.0, 0.0)","(0.0, 0.0)","(0.0, 0.0)","(0.0, 0.0, 0.0)","(0.0, 0.0, 0.0)","(0.0, 0.0, 0.0)","(0.0, 0.0, 0.0)","(0.0, 0.0, 0.0)","(0.0, 0.0, 0.0)",0,0,0,0,0,0,False,0,0,0,0,0,0,0,0,"(0.0, 6.0, 282.9)","(0.2, 0.0, 0.0, 1.0)"
0,840099.2,0,0,0,0,0,0,0,0,0,"(0.0, 0.0)","(0.0, 0.0)","(0.0, 0.0)","(0.0, 0.0, 0.0)","(0.0, 0.0, 0.0)","(0.0, 0.0, 0.0)","(0.0, 0.0, 0.0)","(0.0, 0.0, 0.0)","(0.0, 0.0, 0.0)",0,0,0,0,0,0,False,0,0,0,0,0,0,0,0,"(0.0, 6.0, 283.1)","(0.2, 0.0, 0.0, 1.0)"
0,840120.7,0,0,0,0,0,0,0,0,0,"(0.0, 0.0)","(0.0, 0.0)","(0.0, 0.0)","(0.0, 0.0, 0.0)","(0.0, 0.0, 0.0)","(0.0, 0.0, 0.0)","(0.0, 0.0, 0.0)","(0.0, 0.0, 0.0)","(0.0, 0.0, 0.0)",0,0,0,0,0,0,False,0,0,0,0,0,0,0,0,"(0.0, 6.0, 283.3)","(0.2, 0.0, 0.0, 1.0)"
0,840142.8,0,0,0,0,0,0,0,0,0,"(0.0, 0.0)","(0.0, 0.0)","(0.0, 0.0)","(0.0, 0.0, 0.0)","(0.0, 0.0, 0.0)","(0.0, 0.0, 0.0)","(0.0, 0.0, 0.0)","(0.0, 0.0, 0.0)","(0.0, 0.0, 0.0)",0,0,0,0,0,0,False,0,0,0,0,0,0,0,0,"(0.0, 6.0, 283.6)","(0.2, 0.0, 0.0, 1.0)"
0,840165.7,0,0,0,0,0,0,0,0,0,"(0.0, 0.0)","(0.0, 0.0)","(0.0, 0.0)","(0.0, 0.0, 0.0)","(0.0, 0.0, 0.0)","(0.0, 0.0, 0.0)","(0.0, 0.0, 0.0)","(0.0, 0.0, 0.0)","(0.0, 0.0, 0.0)",0,0,0,0,0,0,False,0,0,0,0,0,0,0,0,"(0.0, 6.0, 283.8)","(0.2, 0.0, 0.0, 1.0)"
0,840187.3,0,0,0,0,0,0,0,0,0,"(0.0, 0.0)","(0.0, 0.0)","(0.0, 0.0)","(0.0, 0.0, 0.0)","(0.0, 0.0, 0.0)","(0.0, 0.0, 0.0)","(0.0, 0.0, 0.0)","(0.0, 0.0, 0.0)","(0.0, 0.0, 0.0)",0,0,0,0,0,0,False,0,0,0,0,0,0,0,0,"(0.0, 6.0, 284.0)","(0.2, 0.0, 0.0, 1.0)"
0,840209.5,0,0,0,0,0,0,0,0,0,"(0.0, 0.0)","(0.0, 0.0)","(0.0, 0.0)","(0.0, 0.0, 0.0)","(0.0, 0.0, 0.0)","(0.0, 0.0, 0.0)","(0.0, 0.0, 0.0)","(0.0, 0.0, 0.0)","(0.0, 0.0, 0.0)",0,0,0,0,0,0,False,0,0,0,0,0,0,0,0,"(0.0, 6.0, 284.2)","(0.2, 0.0, 0.0, 1.0)"
0,840232.9,0,0,0,0,0,0,0,0,0,"(0.0, 0.0)","(0.0, 0.0)","(0.0, 0.0)","(0.0, 0.0, 0.0)","(0.0, 0.0, 0.0)","(0.0, 0.0, 0.0)","(0.0, 0.0, 0.0)","(0.0, 0.0, 0.0)","(0.0, 0.0, 0.0)",0,0,0,0,0,0,False,0,0,0,0,0,0,0,0,"(0.0, 6.0, 284.4)","(0.2, 0.0, 0.0, 1.0)"
0,840256.6,0,0,0,0,0,0,0,0,0,"(0.0, 0.0)","(0.0, 0.0)","(0.0, 0.0)","(0.0, 0.0, 0.0)","(0.0, 0.0, 0.0)","(0.0, 0.0, 0.0)","(0.0, 0.0, 0.0)","(0.0, 0.0, 0.0)","(0.0, 0.0, 0.0)",0,0,0,0,0,0,False,0,0,0,0,0,0,0,0,"(0.0, 6.0, 284.6)","(0.2, 0.0, 0.0, 1.0)"
0,840275.8,0,0,0,0,0,0,0,0,0,"(0.0, 0.0)","(0.0, 0.0)","(0.0, 0.0)","(0.0, 0.0, 0.0)","(0.0, 0.0, 0.0)","(0.0, 0.0, 0.0)","(0.0, 0.0, 0.0)","(0.0, 0.0, 0.0)","(0.0, 0.0, 0.0)",0,0,0,0,0,0,False,0,0,0,0,0,0,0,0,"(0.0, 6.0, 284.9)","(0.2, 0.0, 0.0, 1.0)"
0,840298.8,0,0,0,0,0,0,0,0,0,"(0.0, 0.0)","(0.0, 0.0)","(0.0, 0.0)","(0.0, 0.0, 0.0)","(0.0, 0.0, 0.0)","(0.0, 0.0, 0.0)","(0.0, 0.0, 0.0)","(0.0, 0.0, 0.0)","(0.0, 0.0, 0.0)",0,0,0,0,0,0,False,0,0,0,0,0,0,0,0,"(0.0, 6.0, 285.1)","(0.2, 0.0, 0.0, 1.0)"
0,840320.3,0,0,0,0,0,0,0,0,0,"(0.0, 0.0)","(0.0, 0.0)","(0.0, 0.0)","(0.0, 0.0, 0.0)","(0.0, 0.0, 0.0)","(0.0, 0.0, 0.0)","(0.0, 0.0, 0.0)","(0.0, 0.0, 0.0)","(0.0, 0.0, 0.0)",0,0,0,0,0,0,False,0,0,0,0,0,0,0,0,"(0.0, 6.0, 285.3)","(0.2, 0.0, 0.0, 1.0)"
0,840343.1,0,0,0,0,0,0,0,0,0,"(0.0, 0.0)","(0.0, 0.0)","(0.0, 0.0)","(0.0, 0.0, 0.0)","(0.0, 0.0, 0.0)","(0.0, 0.0, 0.0)","(0.0, 0.0, 0.0)","(0.0, 0.0, 0.0)","(0.0, 0.0, 0.0)",0,0,0,0,0,0,False,0,0,0,0,0,0,0,0,"(0.0, 6.0, 285.5)","(0.2, 0.0, 0.0, 1.0)"
0,840365.3,0,0,0,0,0,0,0,0,0,"(0.0, 0.0)","(0.0, 0.0)","(0.0, 0.0)","(0.0, 0.0, 0.0)","(0.0, 0.0, 0.0)","(0.0, 0.0, 0.0)","(0.0, 0.0, 0.0)","(0.0, 0.0, 0.0)","(0.0, 0.0, 0.0)",0,0,0,0,0,0,False,0,0,0,0,0,0,0,0,"(0.0, 6.0, 285.7)","(0.2, 0.0, 0.0, 1.0)"
0,840387.1,0,0,0,0,0,0,0,0,0,"(0.0, 0.0)","(0.0, 0.0)","(0.0, 0.0)","(0.0, 0.0, 0.0)","(0.0, 0.0, 0.0)","(0.0, 0.0, 0.0)","(0.0, 0.0, 0.0)","(0.0, 0.0, 0.0)","(0.0, 0.0, 0.0)",0,0,0,0,0,0,False,0,0,0,0,0,0,0,0,"(0.0, 6.0, 286.0)","(0.2, 0.0, 0.0, 1.0)"
0,840409.3,0,0,0,0,0,0,0,0,0,"(0.0, 0.0)","(0.0, 0.0)","(0.0, 0.0)","(0.0, 0.0, 0.0)","(0.0, 0.0, 0.0)","(0.0, 0.0, 0.0)","(0.0, 0.0, 0.0)","(0.0, 0.0, 0.0)","(0.0, 0.0, 0.0)",0,0,0,0,0,0,False,0,0,0,0,0,0,0,0,"(0.0, 6.0, 286.2)","(0.2, 0.0, 0.0, 1.0)"
0,840432.1,0,0,0,0,0,0,0,0,0,"(0.0, 0.0)","(0.0, 0.0)","(0.0, 0.0)","(0.0, 0.0, 0.0)","(0.0, 0.0, 0.0)","(0.0, 0.0, 0.0)","(0.0, 0.0, 0.0)","(0.0, 0.0, 0.0)","(0.0, 0.0, 0.0)",0,0,0,0,0,0,False,0,0,0,0,0,0,0,0,"(0.0, 6.0, 286.4)","(0.2, 0.0, 0.0, 1.0)"
0,840453,0,0,0,0,0,0,0,0,0,"(0.0, 0.0)","(0.0, 0.0)","(0.0, 0.0)","(0.0, 0.0, 0.0)","(0.0, 0.0, 0.0)","(0.0, 0.0, 0.0)","(0.0, 0.0, 0.0)","(0.0, 0.0, 0.0)","(0.0, 0.0, 0.0)",0,0,0,0,0,0,False,0,0,0,0,0,0,0,0,"(0.0, 6.0, 286.6)","(0.2, 0.0, 0.0, 1.0)"
0,840472.1,0,0,0,0,0,0,0,0,0,"(0.0, 0.0)","(0.0, 0.0)","(0.0, 0.0)","(0.0, 0.0, 0.0)","(0.0, 0.0, 0.0)","(0.0, 0.0, 0.0)","(0.0, 0.0, 0.0)","(0.0, 0.0, 0.0)","(0.0, 0.0, 0.0)",0,0,0,0,0,0,False,0,0,0,0,0,0,0,0,"(0.0, 6.0, 286.8)","(0.2, 0.0, 0.0, 1.0)"
0,840489.7,0,0,0,0,0,0,0,0,0,"(0.0, 0.0)","(0.0, 0.0)","(0.0, 0.0)","(0.0, 0.0, 0.0)","(0.0, 0.0, 0.0)","(0.0, 0.0, 0.0)","(0.0, 0.0, 0.0)","(0.0, 0.0, 0.0)","(0.0, 0.0, 0.0)",0,0,0,0,0,0,False,0,0,0,0,0,0,0,0,"(0.0, 6.0, 287.0)","(0.2, 0.0, 0.0, 1.0)"
0,840507.4,0,0,0,0,0,0,0,0,0,"(0.0, 0.0)","(0.0, 0.0)","(0.0, 0.0)","(0.0, 0.0, 0.0)","(0.0, 0.0, 0.0)","(0.0, 0.0, 0.0)","(0.0, 0.0, 0.0)","(0.0, 0.0, 0.0)","(0.0, 0.0, 0.0)",0,0,0,0,0,0,False,0,0,0,0,0,0,0,0,"(0.0, 6.0, 287.2)","(0.2, 0.0, 0.0, 1.0)"
0,840525.3,0,0,0,0,0,0,0,0,0,"(0.0, 0.0)","(0.0, 0.0)","(0.0, 0.0)","(0.0, 0.0, 0.0)","(0.0, 0.0, 0.0)","(0.0, 0.0, 0.0)","(0.0, 0.0, 0.0)","(0.0, 0.0, 0.0)","(0.0, 0.0, 0.0)",0,0,0,0,0,0,False,0,0,0,0,0,0,0,0,"(0.0, 6.0, 287.5)","(0.2, 0.0, 0.0, 1.0)"
0,840543.5,0,0,0,0,0,0,0,0,0,"(0.0, 0.0)","(0.0, 0.0)","(0.0, 0.0)","(0.0, 0.0, 0.0)","(0.0, 0.0, 0.0)","(0.0, 0.0, 0.0)","(0.0, 0.0, 0.0)","(0.0, 0.0, 0.0)","(0.0, 0.0, 0.0)",0,0,0,0,0,0,False,0,0,0,0,0,0,0,0,"(0.0, 6.0, 287.7)","(0.2, 0.0, 0.0, 1.0)"
0,840563.7,0,0,0,0,0,0,0,0,0,"(0.0, 0.0)","(0.0, 0.0)","(0.0, 0.0)","(0.0, 0.0, 0.0)","(0.0, 0.0, 0.0)","(0.0, 0.0, 0.0)","(0.0, 0.0, 0.0)","(0.0, 0.0, 0.0)","(0.0, 0.0, 0.0)",0,0,0,0,0,0,False,0,0,0,0,0,0,0,0,"(0.0, 6.0, 287.9)","(0.2, 0.0, 0.0, 1.0)"
0,840583.1,0,0,0,0,0,0,0,0,0,"(0.0, 0.0)","(0.0, 0.0)","(0.0, 0.0)","(0.0, 0.0, 0.0)","(0.0, 0.0, 0.0)","(0.0, 0.0, 0.0)","(0.0, 0.0, 0.0)","(0.0, 0.0, 0.0)","(0.0, 0.0, 0.0)",0,0,0,0,0,0,False,0,0,0,0,0,0,0,0,"(0.0, 6.0, 288.1)","(0.2, 0.0, 0.0, 1.0)"
0,840602.1,0,0,0,0,0,0,0,0,0,"(0.0, 0.0)","(0.0, 0.0)","(0.0, 0.0)","(0.0, 0.0, 0.0)","(0.0, 0.0, 0.0)","(0.0, 0.0, 0.0)","(0.0, 0.0, 0.0)","(0.0, 0.0, 0.0)","(0.0, 0.0, 0.0)",0,0,0,0,0,0,False,0,0,0,0,0,0,0,0,"(0.0, 6.0, 288.3)","(0.2, 0.0, 0.0, 1.0)"
0,840619.5,0,0,0,0,0,0,0,0,0,"(0.0, 0.0)","(0.0, 0.0)","(0.0, 0.0)","(0.0, 0.0, 0.0)","(0.0, 0.0, 0.0)","(0.0, 0.0, 0.0)","(0.0, 0.0, 0.0)","(0.0, 0.0, 0.0)","(0.0, 0.0, 0.0)",0,0,0,0,0,0,False,0,0,0,0,0,0,0,0,"(0.0, 6.0, 288.5)","(0.2, 0.0, 0.0, 1.0)"
0,840637.5,0,0,0,0,0,0,0,0,0,"(0.0, 0.0)","(0.0, 0.0)","(0.0, 0.0)","(0.0, 0.0, 0.0)","(0.0, 0.0, 0.0)","(0.0, 0.0, 0.0)","(0.0, 0.0, 0.0)","(0.0, 0.0, 0.0)","(0.0, 0.0, 0.0)",0,0,0,0,0,0,False,0,0,0,0,0,0,0,0,"(0.0, 6.0, 288.7)","(0.2, 0.0, 0.0, 1.0)"
0,840654.9,0,0,0,0,0,0,0,0,0,"(0.0, 0.0)","(0.0, 0.0)","(0.0, 0.0)","(0.0, 0.0, 0.0)","(0.0, 0.0, 0.0)","(0.0, 0.0, 0.0)","(0.0, 0.0, 0.0)","(0.0, 0.0, 0.0)","(0.0, 0.0, 0.0)",0,0,0,0,0,0,False,0,0,0,0,0,0,0,0,"(0.0, 6.0, 288.9)","(0.2, 0.0, 0.0, 1.0)"
0,840672.8,0,0,0,0,0,0,0,0,0,"(0.0, 0.0)","(0.0, 0.0)","(0.0, 0.0)","(0.0, 0.0, 0.0)","(0.0, 0.0, 0.0)","(0.0, 0.0, 0.0)","(0.0, 0.0, 0.0)","(0.0, 0.0, 0.0)","(0.0, 0.0, 0.0)",0,0,0,0,0,0,False,0,0,0,0,0,0,0,0,"(0.0, 6.0, 289.0)","(0.2, 0.0, 0.0, 1.0)"
0,840690.4,0,0,0,0,0,0,0,0,0,"(0.0, 0.0)","(0.0, 0.0)","(0.0, 0.0)","(0.0, 0.0, 0.0)","(0.0, 0.0, 0.0)","(0.0, 0.0, 0.0)","(0.0, 0.0, 0.0)","(0.0, 0.0, 0.0)","(0.0, 0.0, 0.0)",0,0,0,0,0,0,False,0,0,0,0,0,0,0,0,"(0.0, 6.0, 289.2)","(0.2, 0.0, 0.0, 1.0)"
0,840708.1,0,0,0,0,0,0,0,0,0,"(0.0, 0.0)","(0.0, 0.0)","(0.0, 0.0)","(0.0, 0.0, 0.0)","(0.0, 0.0, 0.0)","(0.0, 0.0, 0.0)","(0.0, 0.0, 0.0)","(0.0, 0.0, 0.0)","(0.0, 0.0, 0.0)",0,0,0,0,0,0,False,0,0,0,0,0,0,0,0,"(0.0, 6.0, 289.4)","(0.2, 0.0, 0.0, 1.0)"
0,840729.6,0,0,0,0,0,0,0,0,0,"(0.0, 0.0)","(0.0, 0.0)","(0.0, 0.0)","(0.0, 0.0, 0.0)","(0.0, 0.0, 0.0)","(0.0, 0.0, 0.0)","(0.0, 0.0, 0.0)","(0.0, 0.0, 0.0)","(0.0, 0.0, 0.0)",0,0,0,0,0,0,False,0,0,0,0,0,0,0,0,"(0.0, 6.0, 289.6)","(0.2, 0.0, 0.0, 1.0)"
0,840750.7,0,0,0,0,0,0,0,0,0,"(0.0, 0.0)","(0.0, 0.0)","(0.0, 0.0)","(0.0, 0.0, 0.0)","(0.0, 0.0, 0.0)","(0.0, 0.0, 0.0)","(0.0, 0.0, 0.0)","(0.0, 0.0, 0.0)","(0.0, 0.0, 0.0)",0,0,0,0,0,0,False,0,0,0,0,0,0,0,0,"(0.0, 6.0, 289.8)","(0.2, 0.0, 0.0, 1.0)"
0,840769.6,0,0,0,0,0,0,0,0,0,"(0.0, 0.0)","(0.0, 0.0)","(0.0, 0.0)","(0.0, 0.0, 0.0)","(0.0, 0.0, 0.0)","(0.0, 0.0, 0.0)","(0.0, 0.0, 0.0)","(0.0, 0.0, 0.0)","(0.0, 0.0, 0.0)",0,0,0,0,0,0,False,0,0,0,0,0,0,0,0,"(0.0, 6.0, 290.0)","(0.2, 0.0, 0.0, 1.0)"
0,840787.1,0,0,0,0,0,0,0,0,0,"(0.0, 0.0)","(0.0, 0.0)","(0.0, 0.0)","(0.0, 0.0, 0.0)","(0.0, 0.0, 0.0)","(0.0, 0.0, 0.0)","(0.0, 0.0, 0.0)","(0.0, 0.0, 0.0)","(0.0, 0.0, 0.0)",0,0,0,0,0,0,False,0,0,0,0,0,0,0,0,"(0.0, 6.0, 290.2)","(0.2, 0.0, 0.0, 1.0)"
0,840804.2,0,0,0,0,0,0,0,0,0,"(0.0, 0.0)","(0.0, 0.0)","(0.0, 0.0)","(0.0, 0.0, 0.0)","(0.0, 0.0, 0.0)","(0.0, 0.0, 0.0)","(0.0, 0.0, 0.0)","(0.0, 0.0, 0.0)","(0.0, 0.0, 0.0)",0,0,0,0,0,0,False,0,0,0,0,0,0,0,0,"(0.0, 6.0, 290.4)","(0.2, 0.0, 0.0, 1.0)"
0,840821.8,0,0,0,0,0,0,0,0,0,"(0.0, 0.0)","(0.0, 0.0)","(0.0, 0.0)","(0.0, 0.0, 0.0)","(0.0, 0.0, 0.0)","(0.0, 0.0, 0.0)","(0.0, 0.0, 0.0)","(0.0, 0.0, 0.0)","(0.0, 0.0, 0.0)",0,0,0,0,0,0,False,0,0,0,0,0,0,0,0,"(0.0, 6.0, 290.6)","(0.2, 0.0, 0.0, 1.0)"
0,840839.7,0,0,0,0,0,0,0,0,0,"(0.0, 0.0)","(0.0, 0.0)","(0.0, 0.0)","(0.0, 0.0, 0.0)","(0.0, 0.0, 0.0)","(0.0, 0.0, 0.0)","(0.0, 0.0, 0.0)","(0.0, 0.0, 0.0)","(0.0, 0.0, 0.0)",0,0,0,0,0,0,False,0,0,0,0,0,0,0,0,"(0.0, 6.0, 290.8)","(0.2, 0.0, 0.0, 1.0)"
0,840858.6,0,0,0,0,0,0,0,0,0,"(0.0, 0.0)","(0.0, 0.0)","(0.0, 0.0)","(0.0, 0.0, 0.0)","(0.0, 0.0, 0.0)","(0.0, 0.0, 0.0)","(0.0, 0.0, 0.0)","(0.0, 0.0, 0.0)","(0.0, 0.0, 0.0)",0,0,0,0,0,0,False,0,0,0,0,0,0,0,0,"(0.0, 6.0, 291.0)","(0.2, 0.0, 0.0, 1.0)"
0,840881.4,0,0,0,0,0,0,0,0,0,"(0.0, 0.0)","(0.0, 0.0)","(0.0, 0.0)","(0.0, 0.0, 0.0)","(0.0, 0.0, 0.0)","(0.0, 0.0, 0.0)","(0.0, 0.0, 0.0)","(0.0, 0.0, 0.0)","(0.0, 0.0, 0.0)",0,0,0,0,0,0,False,0,0,0,0,0,0,0,0,"(0.0, 6.0, 291.1)","(0.2, 0.0, 0.0, 1.0)"
0,840899,0,0,0,0,0,0,0,0,0,"(0.0, 0.0)","(0.0, 0.0)","(0.0, 0.0)","(0.0, 0.0, 0.0)","(0.0, 0.0, 0.0)","(0.0, 0.0, 0.0)","(0.0, 0.0, 0.0)","(0.0, 0.0, 0.0)","(0.0, 0.0, 0.0)",0,0,0,0,0,0,False,0,0,0,0,0,0,0,0,"(0.0, 6.0, 291.3)","(0.2, 0.0, 0.0, 1.0)"
0,840920.2,0,0,0,0,0,0,0,0,0,"(0.0, 0.0)","(0.0, 0.0)","(0.0, 0.0)","(0.0, 0.0, 0.0)","(0.0, 0.0, 0.0)","(0.0, 0.0, 0.0)","(0.0, 0.0, 0.0)","(0.0, 0.0, 0.0)","(0.0, 0.0, 0.0)",0,0,0,0,0,0,False,0,0,0,0,0,0,0,0,"(0.0, 6.0, 291.5)","(0.2, 0.0, 0.0, 1.0)"
0,840942.1,0,0,0,0,0,0,0,0,0,"(0.0, 0.0)","(0.0, 0.0)","(0.0, 0.0)","(0.0, 0.0, 0.0)","(0.0, 0.0, 0.0)","(0.0, 0.0, 0.0)","(0.0, 0.0, 0.0)","(0.0, 0.0, 0.0)","(0.0, 0.0, 0.0)",0,0,0,0,0,0,False,0,0,0,0,0,0,0,0,"(0.0, 6.0, 291.7)","(0.2, 0.0, 0.0, 1.0)"
0,840965.5,0,0,0,0,0,0,0,0,0,"(0.0, 0.0)","(0.0, 0.0)","(0.0, 0.0)","(0.0, 0.0, 0.0)","(0.0, 0.0, 0.0)","(0.0, 0.0, 0.0)","(0.0, 0.0, 0.0)","(0.0, 0.0, 0.0)","(0.0, 0.0, 0.0)",0,0,0,0,0,0,False,0,0,0,0,0,0,0,0,"(0.0, 6.0, 291.9)","(0.2, 0.0, 0.0, 1.0)"
0,840987.1,0,0,0,0,0,0,0,0,0,"(0.0, 0.0)","(0.0, 0.0)","(0.0, 0.0)","(0.0, 0.0, 0.0)","(0.0, 0.0, 0.0)","(0.0, 0.0, 0.0)","(0.0, 0.0, 0.0)","(0.0, 0.0, 0.0)","(0.0, 0.0, 0.0)",0,0,0,0,0,0,False,0,0,0,0,0,0,0,0,"(0.0, 6.0, 292.1)","(0.2, 0.0, 0.0, 1.0)"
0,841009.1,0,0,0,0,0,0,0,0,0,"(0.0, 0.0)","(0.0, 0.0)","(0.0, 0.0)","(0.0, 0.0, 0.0)","(0.0, 0.0, 0.0)","(0.0, 0.0, 0.0)","(0.0, 0.0, 0.0)","(0.0, 0.0, 0.0)","(0.0, 0.0, 0.0)",0,0,0,0,0,0,False,0,0,0,0,0,0,0,0,"(0.0, 6.0, 292.3)","(0.2, 0.0, 0.0, 1.0)"
0,841032.5,0,0,0,0,0,0,0,0,0,"(0.0, 0.0)","(0.0, 0.0)","(0.0, 0.0)","(0.0, 0.0, 0.0)","(0.0, 0.0, 0.0)","(0.0, 0.0, 0.0)","(0.0, 0.0, 0.0)","(0.0, 0.0, 0.0)","(0.0, 0.0, 0.0)",0,0,0,0,0,0,False,0,0,0,0,0,0,0,0,"(0.0, 6.0, 292.5)","(0.2, 0.0, 0.0, 1.0)"
0,841055.4,0,0,0,0,0,0,0,0,0,"(0.0, 0.0)","(0.0, 0.0)","(0.0, 0.0)","(0.0, 0.0, 0.0)","(0.0, 0.0, 0.0)","(0.0, 0.0, 0.0)","(0.0, 0.0, 0.0)","(0.0, 0.0, 0.0)","(0.0, 0.0, 0.0)",0,0,0,0,0,0,False,0,0,0,0,0,0,0,0,"(0.0, 6.0, 292.7)","(0.2, 0.0, 0.0, 1.0)"
0,841076.1,0,0,0,0,0,0,0,0,0,"(0.0, 0.0)","(0.0, 0.0)","(0.0, 0.0)","(0.0, 0.0, 0.0)","(0.0, 0.0, 0.0)","(0.0, 0.0, 0.0)","(0.0, 0.0, 0.0)","(0.0, 0.0, 0.0)","(0.0, 0.0, 0.0)",0,0,0,0,0,0,False,0,0,0,0,0,0,0,0,"(0.0, 6.0, 292.9)","(0.2, 0.0, 0.0, 1.0)"
0,841099.4,0,0,0,0,0,0,0,0,0,"(0.0, 0.0)","(0.0, 0.0)","(0.0, 0.0)","(0.0, 0.0, 0.0)","(0.0, 0.0, 0.0)","(0.0, 0.0, 0.0)","(0.0, 0.0, 0.0)","(0.0, 0.0, 0.0)","(0.0, 0.0, 0.0)",0,0,0,0,0,0,False,0,0,0,0,0,0,0,0,"(0.0, 6.0, 293.2)","(0.2, 0.0, 0.0, 1.0)"
0,841120.8,0,0,0,0,0,0,0,0,0,"(0.0, 0.0)","(0.0, 0.0)","(0.0, 0.0)","(0.0, 0.0, 0.0)","(0.0, 0.0, 0.0)","(0.0, 0.0, 0.0)","(0.0, 0.0, 0.0)","(0.0, 0.0, 0.0)","(0.0, 0.0, 0.0)",0,0,0,0,0,0,False,0,0,0,0,0,0,0,0,"(0.0, 6.0, 293.4)","(0.2, 0.0, 0.0, 1.0)"
0,841142.6,0,0,0,0,0,0,0,0,0,"(0.0, 0.0)","(0.0, 0.0)","(0.0, 0.0)","(0.0, 0.0, 0.0)","(0.0, 0.0, 0.0)","(0.0, 0.0, 0.0)","(0.0, 0.0, 0.0)","(0.0, 0.0, 0.0)","(0.0, 0.0, 0.0)",0,0,0,0,0,0,False,0,0,0,0,0,0,0,0,"(0.0, 6.0, 293.6)","(0.2, 0.0, 0.0, 1.0)"
0,841165.5,0,0,0,0,0,0,0,0,0,"(0.0, 0.0)","(0.0, 0.0)","(0.0, 0.0)","(0.0, 0.0, 0.0)","(0.0, 0.0, 0.0)","(0.0, 0.0, 0.0)","(0.0, 0.0, 0.0)","(0.0, 0.0, 0.0)","(0.0, 0.0, 0.0)",0,0,0,0,0,0,False,0,0,0,0,0,0,0,0,"(0.0, 6.0, 293.8)","(0.2, 0.0, 0.0, 1.0)"
0,841186.9,0,0,0,0,0,0,0,0,0,"(0.0, 0.0)","(0.0, 0.0)","(0.0, 0.0)","(0.0, 0.0, 0.0)","(0.0, 0.0, 0.0)","(0.0, 0.0, 0.0)","(0.0, 0.0, 0.0)","(0.0, 0.0, 0.0)","(0.0, 0.0, 0.0)",0,0,0,0,0,0,False,0,0,0,0,0,0,0,0,"(0.0, 6.0, 294.0)","(0.2, 0.0, 0.0, 1.0)"
0,841209.4,0,0,0,0,0,0,0,0,0,"(0.0, 0.0)","(0.0, 0.0)","(0.0, 0.0)","(0.0, 0.0, 0.0)","(0.0, 0.0, 0.0)","(0.0, 0.0, 0.0)","(0.0, 0.0, 0.0)","(0.0, 0.0, 0.0)","(0.0, 0.0, 0.0)",0,0,0,0,0,0,False,0,0,0,0,0,0,0,0,"(0.0, 6.0, 294.2)","(0.2, 0.0, 0.0, 1.0)"
0,841232.8,0,0,0,0,0,0,0,0,0,"(0.0, 0.0)","(0.0, 0.0)","(0.0, 0.0)","(0.0, 0.0, 0.0)","(0.0, 0.0, 0.0)","(0.0, 0.0, 0.0)","(0.0, 0.0, 0.0)","(0.0, 0.0, 0.0)","(0.0, 0.0, 0.0)",0,0,0,0,0,0,False,0,0,0,0,0,0,0,0,"(0.0, 6.0, 294.4)","(0.2, 0.0, 0.0, 1.0)"
0,841255.8,0,0,0,0,0,0,0,0,0,"(0.0, 0.0)","(0.0, 0.0)","(0.0, 0.0)","(0.0, 0.0, 0.0)","(0.0, 0.0, 0.0)","(0.0, 0.0, 0.0)","(0.0, 0.0, 0.0)","(0.0, 0.0, 0.0)","(0.0, 0.0, 0.0)",0,0,0,0,0,0,False,0,0,0,0,0,0,0,0,"(0.0, 6.0, 294.7)","(0.2, 0.0, 0.0, 1.0)"
0,841277.7,0,0,0,0,0,0,0,0,0,"(0.0, 0.0)","(0.0, 0.0)","(0.0, 0.0)","(0.0, 0.0, 0.0)","(0.0, 0.0, 0.0)","(0.0, 0.0, 0.0)","(0.0, 0.0, 0.0)","(0.0, 0.0, 0.0)","(0.0, 0.0, 0.0)",0,0,0,0,0,0,False,0,0,0,0,0,0,0,0,"(0.0, 6.0, 294.9)","(0.2, 0.0, 0.0, 1.0)"
0,841298.8,0,0,0,0,0,0,0,0,0,"(0.0, 0.0)","(0.0, 0.0)","(0.0, 0.0)","(0.0, 0.0, 0.0)","(0.0, 0.0, 0.0)","(0.0, 0.0, 0.0)","(0.0, 0.0, 0.0)","(0.0, 0.0, 0.0)","(0.0, 0.0, 0.0)",0,0,0,0,0,0,False,0,0,0,0,0,0,0,0,"(0.0, 6.0, 295.1)","(0.2, 0.0, 0.0, 1.0)"
0,841320.4,0,0,0,0,0,0,0,0,0,"(0.0, 0.0)","(0.0, 0.0)","(0.0, 0.0)","(0.0, 0.0, 0.0)","(0.0, 0.0, 0.0)","(0.0, 0.0, 0.0)","(0.0, 0.0, 0.0)","(0.0, 0.0, 0.0)","(0.0, 0.0, 0.0)",0,0,0,0,0,0,False,0,0,0,0,0,0,0,0,"(0.0, 6.0, 295.3)","(0.2, 0.0, 0.0, 1.0)"
0,841343.2,0,0,0,0,0,0,0,0,0,"(0.0, 0.0)","(0.0, 0.0)","(0.0, 0.0)","(0.0, 0.0, 0.0)","(0.0, 0.0, 0.0)","(0.0, 0.0, 0.0)","(0.0, 0.0, 0.0)","(0.0, 0.0, 0.0)","(0.0, 0.0, 0.0)",0,0,0,0,0,0,False,0,0,0,0,0,0,0,0,"(0.0, 6.0, 295.5)","(0.2, 0.0, 0.0, 1.0)"
0,841365.4,0,0,0,0,0,0,0,0,0,"(0.0, 0.0)","(0.0, 0.0)","(0.0, 0.0)","(0.0, 0.0, 0.0)","(0.0, 0.0, 0.0)","(0.0, 0.0, 0.0)","(0.0, 0.0, 0.0)","(0.0, 0.0, 0.0)","(0.0, 0.0, 0.0)",0,0,0,0,0,0,False,0,0,0,0,0,0,0,0,"(0.0, 6.0, 295.7)","(0.2, 0.0, 0.0, 1.0)"
0,841386.4,0,0,0,0,0,0,0,0,0,"(0.0, 0.0)","(0.0, 0.0)","(0.0, 0.0)","(0.0, 0.0, 0.0)","(0.0, 0.0, 0.0)","(0.0, 0.0, 0.0)","(0.0, 0.0, 0.0)","(0.0, 0.0, 0.0)","(0.0, 0.0, 0.0)",0,0,0,0,0,0,False,0,0,0,0,0,0,0,0,"(0.0, 6.0, 296.0)","(0.2, 0.0, 0.0, 1.0)"
0,841404.4,0,0,0,0,0,0,0,0,0,"(0.0, 0.0)","(0.0, 0.0)","(0.0, 0.0)","(0.0, 0.0, 0.0)","(0.0, 0.0, 0.0)","(0.0, 0.0, 0.0)","(0.0, 0.0, 0.0)","(0.0, 0.0, 0.0)","(0.0, 0.0, 0.0)",0,0,0,0,0,0,False,0,0,0,0,0,0,0,0,"(0.0, 6.0, 296.2)","(0.2, 0.0, 0.0, 1.0)"
0,841422.5,0,0,0,0,0,0,0,0,0,"(0.0, 0.0)","(0.0, 0.0)","(0.0, 0.0)","(0.0, 0.0, 0.0)","(0.0, 0.0, 0.0)","(0.0, 0.0, 0.0)","(0.0, 0.0, 0.0)","(0.0, 0.0, 0.0)","(0.0, 0.0, 0.0)",0,0,0,0,0,0,False,0,0,0,0,0,0,0,0,"(0.0, 6.0, 296.4)","(0.2, 0.0, 0.0, 1.0)"
0,841440.8,0,0,0,0,0,0,0,0,0,"(0.0, 0.0)","(0.0, 0.0)","(0.0, 0.0)","(0.0, 0.0, 0.0)","(0.0, 0.0, 0.0)","(0.0, 0.0, 0.0)","(0.0, 0.0, 0.0)","(0.0, 0.0, 0.0)","(0.0, 0.0, 0.0)",0,0,0,0,0,0,False,0,0,0,0,0,0,0,0,"(0.0, 6.0, 296.6)","(0.2, 0.0, 0.0, 1.0)"
0,841460,0,0,0,0,0,0,0,0,0,"(0.0, 0.0)","(0.0, 0.0)","(0.0, 0.0)","(0.0, 0.0, 0.0)","(0.0, 0.0, 0.0)","(0.0, 0.0, 0.0)","(0.0, 0.0, 0.0)","(0.0, 0.0, 0.0)","(0.0, 0.0, 0.0)",0,0,0,0,0,0,False,0,0,0,0,0,0,0,0,"(0.0, 6.0, 296.8)","(0.2, 0.0, 0.0, 1.0)"
0,841477.6,0,0,0,0,0,0,0,0,0,"(0.0, 0.0)","(0.0, 0.0)","(0.0, 0.0)","(0.0, 0.0, 0.0)","(0.0, 0.0, 0.0)","(0.0, 0.0, 0.0)","(0.0, 0.0, 0.0)","(0.0, 0.0, 0.0)","(0.0, 0.0, 0.0)",0,0,0,0,0,0,False,0,0,0,0,0,0,0,0,"(0.0, 6.0, 297.0)","(0.2, 0.0, 0.0, 1.0)"
0,841503.9,0,0,0,0,0,0,0,0,0,"(0.0, 0.0)","(0.0, 0.0)","(0.0, 0.0)","(0.0, 0.0, 0.0)","(0.0, 0.0, 0.0)","(0.0, 0.0, 0.0)","(0.0, 0.0, 0.0)","(0.0, 0.0, 0.0)","(0.0, 0.0, 0.0)",0,0,0,0,0,0,False,0,0,0,0,0,0,0,0,"(0.0, 6.0, 297.2)","(0.2, 0.0, 0.0, 1.0)"
0,841521.8,0,0,0,0,0,0,0,0,0,"(0.0, 0.0)","(0.0, 0.0)","(0.0, 0.0)","(0.0, 0.0, 0.0)","(0.0, 0.0, 0.0)","(0.0, 0.0, 0.0)","(0.0, 0.0, 0.0)","(0.0, 0.0, 0.0)","(0.0, 0.0, 0.0)",0,0,0,0,0,0,False,0,0,0,0,0,0,0,0,"(0.0, 6.0, 297.4)","(0.2, 0.0, 0.0, 1.0)"
0,841538.4,0,0,0,0,0,0,0,0,0,"(0.0, 0.0)","(0.0, 0.0)","(0.0, 0.0)","(0.0, 0.0, 0.0)","(0.0, 0.0, 0.0)","(0.0, 0.0, 0.0)","(0.0, 0.0, 0.0)","(0.0, 0.0, 0.0)","(0.0, 0.0, 0.0)",0,0,0,0,0,0,False,0,0,0,0,0,0,0,0,"(0.0, 6.0, 297.6)","(0.2, 0.0, 0.0, 1.0)"
0,841559.1,0,0,0,0,0,0,0,0,0,"(0.0, 0.0)","(0.0, 0.0)","(0.0, 0.0)","(0.0, 0.0, 0.0)","(0.0, 0.0, 0.0)","(0.0, 0.0, 0.0)","(0.0, 0.0, 0.0)","(0.0, 0.0, 0.0)","(0.0, 0.0, 0.0)",0,0,0,0,0,0,False,0,0,0,0,0,0,0,0,"(0.0, 6.0, 297.8)","(0.2, 0.0, 0.0, 1.0)"
0,841575.9,0,0,0,0,0,0,0,0,0,"(0.0, 0.0)","(0.0, 0.0)","(0.0, 0.0)","(0.0, 0.0, 0.0)","(0.0, 0.0, 0.0)","(0.0, 0.0, 0.0)","(0.0, 0.0, 0.0)","(0.0, 0.0, 0.0)","(0.0, 0.0, 0.0)",0,0,0,0,0,0,False,0,0,0,0,0,0,0,0,"(0.0, 6.0, 298.0)","(0.2, 0.0, 0.0, 1.0)"
0,841593.3,0,0,0,0,0,0,0,0,0,"(0.0, 0.0)","(0.0, 0.0)","(0.0, 0.0)","(0.0, 0.0, 0.0)","(0.0, 0.0, 0.0)","(0.0, 0.0, 0.0)","(0.0, 0.0, 0.0)","(0.0, 0.0, 0.0)","(0.0, 0.0, 0.0)",0,0,0,0,0,0,False,0,0,0,0,0,0,0,0,"(0.0, 6.0, 298.2)","(0.2, 0.0, 0.0, 1.0)"
0,841611.9,0,0,0,0,0,0,0,0,0,"(0.0, 0.0)","(0.0, 0.0)","(0.0, 0.0)","(0.0, 0.0, 0.0)","(0.0, 0.0, 0.0)","(0.0, 0.0, 0.0)","(0.0, 0.0, 0.0)","(0.0, 0.0, 0.0)","(0.0, 0.0, 0.0)",0,0,0,0,0,0,False,0,0,0,0,0,0,0,0,"(0.0, 6.0, 298.4)","(0.2, 0.0, 0.0, 1.0)"
0,841630.7,0,0,0,0,0,0,0,0,0,"(0.0, 0.0)","(0.0, 0.0)","(0.0, 0.0)","(0.0, 0.0, 0.0)","(0.0, 0.0, 0.0)","(0.0, 0.0, 0.0)","(0.0, 0.0, 0.0)","(0.0, 0.0, 0.0)","(0.0, 0.0, 0.0)",0,0,0,0,0,0,False,0,0,0,0,0,0,0,0,"(0.0, 6.0, 298.6)","(0.2, 0.0, 0.0, 1.0)"
0,841649.6,0,0,0,0,0,0,0,0,0,"(0.0, 0.0)","(0.0, 0.0)","(0.0, 0.0)","(0.0, 0.0, 0.0)","(0.0, 0.0, 0.0)","(0.0, 0.0, 0.0)","(0.0, 0.0, 0.0)","(0.0, 0.0, 0.0)","(0.0, 0.0, 0.0)",0,0,0,0,0,0,False,0,0,0,0,0,0,0,0,"(0.0, 6.0, 298.8)","(0.2, 0.0, 0.0, 1.0)"
0,841668.3,0,0,0,0,0,0,0,0,0,"(0.0, 0.0)","(0.0, 0.0)","(0.0, 0.0)","(0.0, 0.0, 0.0)","(0.0, 0.0, 0.0)","(0.0, 0.0, 0.0)","(0.0, 0.0, 0.0)","(0.0, 0.0, 0.0)","(0.0, 0.0, 0.0)",0,0,0,0,0,0,False,0,0,0,0,0,0,0,0,"(0.0, 6.0, 299.0)","(0.2, 0.0, 0.0, 1.0)"
0,841686.7,0,0,0,0,0,0,0,0,0,"(0.0, 0.0)","(0.0, 0.0)","(0.0, 0.0)","(0.0, 0.0, 0.0)","(0.0, 0.0, 0.0)","(0.0, 0.0, 0.0)","(0.0, 0.0, 0.0)","(0.0, 0.0, 0.0)","(0.0, 0.0, 0.0)",0,0,0,0,0,0,False,0,0,0,0,0,0,0,0,"(0.0, 6.0, 299.2)","(0.2, 0.0, 0.0, 1.0)"
0,841705.9,0,0,0,0,0,0,0,0,0,"(0.0, 0.0)","(0.0, 0.0)","(0.0, 0.0)","(0.0, 0.0, 0.0)","(0.0, 0.0, 0.0)","(0.0, 0.0, 0.0)","(0.0, 0.0, 0.0)","(0.0, 0.0, 0.0)","(0.0, 0.0, 0.0)",0,0,0,0,0,0,False,0,0,0,0,0,0,0,0,"(0.0, 6.0, 299.4)","(0.2, 0.0, 0.0, 1.0)"
0,841725.4,0,0,0,0,0,0,0,0,0,"(0.0, 0.0)","(0.0, 0.0)","(0.0, 0.0)","(0.0, 0.0, 0.0)","(0.0, 0.0, 0.0)","(0.0, 0.0, 0.0)","(0.0, 0.0, 0.0)","(0.0, 0.0, 0.0)","(0.0, 0.0, 0.0)",0,0,0,0,0,0,False,0,0,0,0,0,0,0,0,"(0.0, 6.0, 299.6)","(0.2, 0.0, 0.0, 1.0)"
0,841744.1,0,0,0,0,0,0,0,0,0,"(0.0, 0.0)","(0.0, 0.0)","(0.0, 0.0)","(0.0, 0.0, 0.0)","(0.0, 0.0, 0.0)","(0.0, 0.0, 0.0)","(0.0, 0.0, 0.0)","(0.0, 0.0, 0.0)","(0.0, 0.0, 0.0)",0,0,0,0,0,0,False,0,0,0,0,0,0,0,0,"(0.0, 6.0, 299.8)","(0.2, 0.0, 0.0, 1.0)"
0,841768.2,0,0,0,0,0,0,0,0,0,"(0.0, 0.0)","(0.0, 0.0)","(0.0, 0.0)","(0.0, 0.0, 0.0)","(0.0, 0.0, 0.0)","(0.0, 0.0, 0.0)","(0.0, 0.0, 0.0)","(0.0, 0.0, 0.0)","(0.0, 0.0, 0.0)",0,0,0,0,0,0,False,0,0,0,0,0,0,0,0,"(0.0, 6.0, 300.0)","(0.2, 0.0, 0.0, 1.0)"
0,841788.1,0,0,0,0,0,0,0,0,0,"(0.0, 0.0)","(0.0, 0.0)","(0.0, 0.0)","(0.0, 0.0, 0.0)","(0.0, 0.0, 0.0)","(0.0, 0.0, 0.0)","(0.0, 0.0, 0.0)","(0.0, 0.0, 0.0)","(0.0, 0.0, 0.0)",0,0,0,0,0,0,False,0,0,0,0,0,0,0,0,"(0.0, 6.0, 300.2)","(0.2, 0.0, 0.0, 1.0)"
0,841805.9,0,0,0,0,0,0,0,0,0,"(0.0, 0.0)","(0.0, 0.0)","(0.0, 0.0)","(0.0, 0.0, 0.0)","(0.0, 0.0, 0.0)","(0.0, 0.0, 0.0)","(0.0, 0.0, 0.0)","(0.0, 0.0, 0.0)","(0.0, 0.0, 0.0)",0,0,0,0,0,0,False,0,0,0,0,0,0,0,0,"(0.0, 6.0, 300.4)","(0.2, 0.0, 0.0, 1.0)"
0,841824.7,0,0,0,0,0,0,0,0,0,"(0.0, 0.0)","(0.0, 0.0)","(0.0, 0.0)","(0.0, 0.0, 0.0)","(0.0, 0.0, 0.0)","(0.0, 0.0, 0.0)","(0.0, 0.0, 0.0)","(0.0, 0.0, 0.0)","(0.0, 0.0, 0.0)",0,0,0,0,0,0,False,0,0,0,0,0,0,0,0,"(0.0, 6.0, 300.5)","(0.2, 0.0, 0.0, 1.0)"
0,841843.2,0,0,0,0,0,0,0,0,0,"(0.0, 0.0)","(0.0, 0.0)","(0.0, 0.0)","(0.0, 0.0, 0.0)","(0.0, 0.0, 0.0)","(0.0, 0.0, 0.0)","(0.0, 0.0, 0.0)","(0.0, 0.0, 0.0)","(0.0, 0.0, 0.0)",0,0,0,0,0,0,False,0,0,0,0,0,0,0,0,"(0.0, 6.0, 300.7)","(0.2, 0.0, 0.0, 1.0)"
0,841862.6,0,0,0,0,0,0,0,0,0,"(0.0, 0.0)","(0.0, 0.0)","(0.0, 0.0)","(0.0, 0.0, 0.0)","(0.0, 0.0, 0.0)","(0.0, 0.0, 0.0)","(0.0, 0.0, 0.0)","(0.0, 0.0, 0.0)","(0.0, 0.0, 0.0)",0,0,0,0,0,0,False,0,0,0,0,0,0,0,0,"(0.0, 6.0, 300.9)","(0.2, 0.0, 0.0, 1.0)"
0,841881.1,0,0,0,0,0,0,0,0,0,"(0.0, 0.0)","(0.0, 0.0)","(0.0, 0.0)","(0.0, 0.0, 0.0)","(0.0, 0.0, 0.0)","(0.0, 0.0, 0.0)","(0.0, 0.0, 0.0)","(0.0, 0.0, 0.0)","(0.0, 0.0, 0.0)",0,0,0,0,0,0,False,0,0,0,0,0,0,0,0,"(0.0, 6.0, 301.1)","(0.2, 0.0, 0.0, 1.0)"
0,841898.8,0,0,0,0,0,0,0,0,0,"(0.0, 0.0)","(0.0, 0.0)","(0.0, 0.0)","(0.0, 0.0, 0.0)","(0.0, 0.0, 0.0)","(0.0, 0.0, 0.0)","(0.0, 0.0, 0.0)","(0.0, 0.0, 0.0)","(0.0, 0.0, 0.0)",0,0,0,0,0,0,False,0,0,0,0,0,0,0,0,"(0.0, 6.0, 301.3)","(0.2, 0.0, 0.0, 1.0)"
0,841919.7,0,0,0,0,0,0,0,0,0,"(0.0, 0.0)","(0.0, 0.0)","(0.0, 0.0)","(0.0, 0.0, 0.0)","(0.0, 0.0, 0.0)","(0.0, 0.0, 0.0)","(0.0, 0.0, 0.0)","(0.0, 0.0, 0.0)","(0.0, 0.0, 0.0)",0,0,0,0,0,0,False,0,0,0,0,0,0,0,0,"(0.0, 6.0, 301.5)","(0.2, 0.0, 0.0, 1.0)"
0,841945.4,0,0,0,0,0,0,0,0,0,"(0.0, 0.0)","(0.0, 0.0)","(0.0, 0.0)","(0.0, 0.0, 0.0)","(0.0, 0.0, 0.0)","(0.0, 0.0, 0.0)","(0.0, 0.0, 0.0)","(0.0, 0.0, 0.0)","(0.0, 0.0, 0.0)",0,0,0,0,0,0,False,0,0,0,0,0,0,0,0,"(0.0, 6.0, 301.7)","(0.2, 0.0, 0.0, 1.0)"
0,841965.8,0,0,0,0,0,0,0,0,0,"(0.0, 0.0)","(0.0, 0.0)","(0.0, 0.0)","(0.0, 0.0, 0.0)","(0.0, 0.0, 0.0)","(0.0, 0.0, 0.0)","(0.0, 0.0, 0.0)","(0.0, 0.0, 0.0)","(0.0, 0.0, 0.0)",0,0,0,0,0,0,False,0,0,0,0,0,0,0,0,"(0.0, 6.0, 301.9)","(0.2, 0.0, 0.0, 1.0)"
0,841986.5,0,0,0,0,0,0,0,0,0,"(0.0, 0.0)","(0.0, 0.0)","(0.0, 0.0)","(0.0, 0.0, 0.0)","(0.0, 0.0, 0.0)","(0.0, 0.0, 0.0)","(0.0, 0.0, 0.0)","(0.0, 0.0, 0.0)","(0.0, 0.0, 0.0)",0,0,0,0,0,0,False,0,0,0,0,0,0,0,0,"(0.0, 6.0, 302.1)","(0.2, 0.0, 0.0, 1.0)"
0,842019.6,0,0,0,0,0,0,0,0,0,"(0.0, 0.0)","(0.0, 0.0)","(0.0, 0.0)","(0.0, 0.0, 0.0)","(0.0, 0.0, 0.0)","(0.0, 0.0, 0.0)","(0.0, 0.0, 0.0)","(0.0, 0.0, 0.0)","(0.0, 0.0, 0.0)",0,0,0,0,0,0,False,0,0,0,0,0,0,0,0,"(0.0, 6.0, 302.3)","(0.2, 0.0, 0.0, 1.0)"
0,842039.6,0,0,0,0,0,0,0,0,0,"(0.0, 0.0)","(0.0, 0.0)","(0.0, 0.0)","(0.0, 0.0, 0.0)","(0.0, 0.0, 0.0)","(0.0, 0.0, 0.0)","(0.0, 0.0, 0.0)","(0.0, 0.0, 0.0)","(0.0, 0.0, 0.0)",0,0,0,0,0,0,False,0,0,0,0,0,0,0,0,"(0.0, 6.0, 302.5)","(0.2, 0.0, 0.0, 1.0)"
0,842058.4,0,0,0,0,0,0,0,0,0,"(0.0, 0.0)","(0.0, 0.0)","(0.0, 0.0)","(0.0, 0.0, 0.0)","(0.0, 0.0, 0.0)","(0.0, 0.0, 0.0)","(0.0, 0.0, 0.0)","(0.0, 0.0, 0.0)","(0.0, 0.0, 0.0)",0,0,0,0,0,0,False,0,0,0,0,0,0,0,0,"(0.0, 6.0, 302.7)","(0.2, 0.0, 0.0, 1.0)"
0,842076.4,0,0,0,0,0,0,0,0,0,"(0.0, 0.0)","(0.0, 0.0)","(0.0, 0.0)","(0.0, 0.0, 0.0)","(0.0, 0.0, 0.0)","(0.0, 0.0, 0.0)","(0.0, 0.0, 0.0)","(0.0, 0.0, 0.0)","(0.0, 0.0, 0.0)",0,0,0,0,0,0,False,0,0,0,0,0,0,0,0,"(0.0, 6.0, 303.0)","(0.2, 0.0, 0.0, 1.0)"
0,842098.8,0,0,0,0,0,0,0,0,0,"(0.0, 0.0)","(0.0, 0.0)","(0.0, 0.0)","(0.0, 0.0, 0.0)","(0.0, 0.0, 0.0)","(0.0, 0.0, 0.0)","(0.0, 0.0, 0.0)","(0.0, 0.0, 0.0)","(0.0, 0.0, 0.0)",0,0,0,0,0,0,False,0,0,0,0,0,0,0,0,"(0.0, 6.0, 303.2)","(0.2, 0.0, 0.0, 1.0)"
0,842119.9,0,0,0,0,0,0,0,0,0,"(0.0, 0.0)","(0.0, 0.0)","(0.0, 0.0)","(0.0, 0.0, 0.0)","(0.0, 0.0, 0.0)","(0.0, 0.0, 0.0)","(0.0, 0.0, 0.0)","(0.0, 0.0, 0.0)","(0.0, 0.0, 0.0)",0,0,0,0,0,0,False,0,0,0,0,0,0,0,0,"(0.0, 6.0, 303.4)","(0.2, 0.0, 0.0, 1.0)"
0,842141.8,0,0,0,0,0,0,0,0,0,"(0.0, 0.0)","(0.0, 0.0)","(0.0, 0.0)","(0.0, 0.0, 0.0)","(0.0, 0.0, 0.0)","(0.0, 0.0, 0.0)","(0.0, 0.0, 0.0)","(0.0, 0.0, 0.0)","(0.0, 0.0, 0.0)",0,0,0,0,0,0,False,0,0,0,0,0,0,0,0,"(0.0, 6.0, 303.6)","(0.2, 0.0, 0.0, 1.0)"
0,842164.3,0,0,0,0,0,0,0,0,0,"(0.0, 0.0)","(0.0, 0.0)","(0.0, 0.0)","(0.0, 0.0, 0.0)","(0.0, 0.0, 0.0)","(0.0, 0.0, 0.0)","(0.0, 0.0, 0.0)","(0.0, 0.0, 0.0)","(0.0, 0.0, 0.0)",0,0,0,0,0,0,False,0,0,0,0,0,0,0,0,"(0.0, 6.0, 303.8)","(0.2, 0.0, 0.0, 1.0)"
0,842186.3,0,0,0,0,0,0,0,0,0,"(0.0, 0.0)","(0.0, 0.0)","(0.0, 0.0)","(0.0, 0.0, 0.0)","(0.0, 0.0, 0.0)","(0.0, 0.0, 0.0)","(0.0, 0.0, 0.0)","(0.0, 0.0, 0.0)","(0.0, 0.0, 0.0)",0,0,0,0,0,0,False,0,0,0,0,0,0,0,0,"(0.0, 6.0, 304.0)","(0.2, 0.0, 0.0, 1.0)"
0,842208.7,0,0,0,0,0,0,0,0,0,"(0.0, 0.0)","(0.0, 0.0)","(0.0, 0.0)","(0.0, 0.0, 0.0)","(0.0, 0.0, 0.0)","(0.0, 0.0, 0.0)","(0.0, 0.0, 0.0)","(0.0, 0.0, 0.0)","(0.0, 0.0, 0.0)",0,0,0,0,0,0,False,0,0,0,0,0,0,0,0,"(0.0, 6.0, 304.2)","(0.2, 0.0, 0.0, 1.0)"
0,842231.6,0,0,0,0,0,0,0,0,0,"(0.0, 0.0)","(0.0, 0.0)","(0.0, 0.0)","(0.0, 0.0, 0.0)","(0.0, 0.0, 0.0)","(0.0, 0.0, 0.0)","(0.0, 0.0, 0.0)","(0.0, 0.0, 0.0)","(0.0, 0.0, 0.0)",0,0,0,0,0,0,False,0,0,0,0,0,0,0,0,"(0.0, 6.0, 304.4)","(0.2, 0.0, 0.0, 1.0)"
0,842255.9,0,0,0,0,0,0,0,0,0,"(0.0, 0.0)","(0.0, 0.0)","(0.0, 0.0)","(0.0, 0.0, 0.0)","(0.0, 0.0, 0.0)","(0.0, 0.0, 0.0)","(0.0, 0.0, 0.0)","(0.0, 0.0, 0.0)","(0.0, 0.0, 0.0)",0,0,0,0,0,0,False,0,0,0,0,0,0,0,0,"(0.0, 6.0, 304.7)","(0.2, 0.0, 0.0, 1.0)"
0,842275,0,0,0,0,0,0,0,0,0,"(0.0, 0.0)","(0.0, 0.0)","(0.0, 0.0)","(0.0, 0.0, 0.0)","(0.0, 0.0, 0.0)","(0.0, 0.0, 0.0)","(0.0, 0.0, 0.0)","(0.0, 0.0, 0.0)","(0.0, 0.0, 0.0)",0,0,0,0,0,0,False,0,0,0,0,0,0,0,0,"(0.0, 6.0, 304.9)","(0.2, 0.0, 0.0, 1.0)"
0,842298.1,0,0,0,0,0,0,0,0,0,"(0.0, 0.0)","(0.0, 0.0)","(0.0, 0.0)","(0.0, 0.0, 0.0)","(0.0, 0.0, 0.0)","(0.0, 0.0, 0.0)","(0.0, 0.0, 0.0)","(0.0, 0.0, 0.0)","(0.0, 0.0, 0.0)",0,0,0,0,0,0,False,0,0,0,0,0,0,0,0,"(0.0, 6.0, 305.1)","(0.2, 0.0, 0.0, 1.0)"
0,842319.5,0,0,0,0,0,0,0,0,0,"(0.0, 0.0)","(0.0, 0.0)","(0.0, 0.0)","(0.0, 0.0, 0.0)","(0.0, 0.0, 0.0)","(0.0, 0.0, 0.0)","(0.0, 0.0, 0.0)","(0.0, 0.0, 0.0)","(0.0, 0.0, 0.0)",0,0,0,0,0,0,False,0,0,0,0,0,0,0,0,"(0.0, 6.0, 305.3)","(0.2, 0.0, 0.0, 1.0)"
0,842339.5,0,0,0,0,0,0,0,0,0,"(0.0, 0.0)","(0.0, 0.0)","(0.0, 0.0)","(0.0, 0.0, 0.0)","(0.0, 0.0, 0.0)","(0.0, 0.0, 0.0)","(0.0, 0.0, 0.0)","(0.0, 0.0, 0.0)","(0.0, 0.0, 0.0)",0,0,0,0,0,0,False,0,0,0,0,0,0,0,0,"(0.0, 6.0, 305.5)","(0.2, 0.0, 0.0, 1.0)"
0,842357.6,0,0,0,0,0,0,0,0,0,"(0.0, 0.0)","(0.0, 0.0)","(0.0, 0.0)","(0.0, 0.0, 0.0)","(0.0, 0.0, 0.0)","(0.0, 0.0, 0.0)","(0.0, 0.0, 0.0)","(0.0, 0.0, 0.0)","(0.0, 0.0, 0.0)",0,0,0,0,0,0,False,0,0,0,0,0,0,0,0,"(0.0, 6.0, 305.7)","(0.2, 0.0, 0.0, 1.0)"
0,842376.4,0,0,0,0,0,0,0,0,0,"(0.0, 0.0)","(0.0, 0.0)","(0.0, 0.0)","(0.0, 0.0, 0.0)","(0.0, 0.0, 0.0)","(0.0, 0.0, 0.0)","(0.0, 0.0, 0.0)","(0.0, 0.0, 0.0)","(0.0, 0.0, 0.0)",0,0,0,0,0,0,False,0,0,0,0,0,0,0,0,"(0.0, 6.0, 305.9)","(0.2, 0.0, 0.0, 1.0)"
0,842395,0,0,0,0,0,0,0,0,0,"(0.0, 0.0)","(0.0, 0.0)","(0.0, 0.0)","(0.0, 0.0, 0.0)","(0.0, 0.0, 0.0)","(0.0, 0.0, 0.0)","(0.0, 0.0, 0.0)","(0.0, 0.0, 0.0)","(0.0, 0.0, 0.0)",0,0,0,0,0,0,False,0,0,0,0,0,0,0,0,"(0.0, 6.0, 306.1)","(0.2, 0.0, 0.0, 1.0)"
0,842414.8,0,0,0,0,0,0,0,0,0,"(0.0, 0.0)","(0.0, 0.0)","(0.0, 0.0)","(0.0, 0.0, 0.0)","(0.0, 0.0, 0.0)","(0.0, 0.0, 0.0)","(0.0, 0.0, 0.0)","(0.0, 0.0, 0.0)","(0.0, 0.0, 0.0)",0,0,0,0,0,0,False,0,0,0,0,0,0,0,0,"(0.0, 6.0, 306.3)","(0.2, 0.0, 0.0, 1.0)"
0,842435.1,0,0,0,0,0,0,0,0,0,"(0.0, 0.0)","(0.0, 0.0)","(0.0, 0.0)","(0.0, 0.0, 0.0)","(0.0, 0.0, 0.0)","(0.0, 0.0, 0.0)","(0.0, 0.0, 0.0)","(0.0, 0.0, 0.0)","(0.0, 0.0, 0.0)",0,0,0,0,0,0,False,0,0,0,0,0,0,0,0,"(0.0, 6.0, 306.6)","(0.2, 0.0, 0.0, 1.0)"
0,842454.2,0,0,0,0,0,0,0,0,0,"(0.0, 0.0)","(0.0, 0.0)","(0.0, 0.0)","(0.0, 0.0, 0.0)","(0.0, 0.0, 0.0)","(0.0, 0.0, 0.0)","(0.0, 0.0, 0.0)","(0.0, 0.0, 0.0)","(0.0, 0.0, 0.0)",0,0,0,0,0,0,False,0,0,0,0,0,0,0,0,"(0.0, 6.0, 306.8)","(0.2, 0.0, 0.0, 1.0)"
0,842472.2,0,0,0,0,0,0,0,0,0,"(0.0, 0.0)","(0.0, 0.0)","(0.0, 0.0)","(0.0, 0.0, 0.0)","(0.0, 0.0, 0.0)","(0.0, 0.0, 0.0)","(0.0, 0.0, 0.0)","(0.0, 0.0, 0.0)","(0.0, 0.0, 0.0)",0,0,0,0,0,0,False,0,0,0,0,0,0,0,0,"(0.0, 6.0, 307.0)","(0.2, 0.0, 0.0, 1.0)"
0,842490.6,0,0,0,0,0,0,0,0,0,"(0.0, 0.0)","(0.0, 0.0)","(0.0, 0.0)","(0.0, 0.0, 0.0)","(0.0, 0.0, 0.0)","(0.0, 0.0, 0.0)","(0.0, 0.0, 0.0)","(0.0, 0.0, 0.0)","(0.0, 0.0, 0.0)",0,0,0,0,0,0,False,0,0,0,0,0,0,0,0,"(0.0, 6.0, 307.2)","(0.2, 0.0, 0.0, 1.0)"
0,842508.8,0,0,0,0,0,0,0,0,0,"(0.0, 0.0)","(0.0, 0.0)","(0.0, 0.0)","(0.0, 0.0, 0.0)","(0.0, 0.0, 0.0)","(0.0, 0.0, 0.0)","(0.0, 0.0, 0.0)","(0.0, 0.0, 0.0)","(0.0, 0.0, 0.0)",0,0,0,0,0,0,False,0,0,0,0,0,0,0,0,"(0.0, 6.0, 307.4)","(0.2, 0.0, 0.0, 1.0)"
0,842528.8,0,0,0,0,0,0,0,0,0,"(0.0, 0.0)","(0.0, 0.0)","(0.0, 0.0)","(0.0, 0.0, 0.0)","(0.0, 0.0, 0.0)","(0.0, 0.0, 0.0)","(0.0, 0.0, 0.0)","(0.0, 0.0, 0.0)","(0.0, 0.0, 0.0)",0,0,0,0,0,0,False,0,0,0,0,0,0,0,0,"(0.0, 6.0, 307.6)","(0.2, 0.0, 0.0, 1.0)"
0,842553.9,0,0,0,0,0,0,0,0,0,"(0.0, 0.0)","(0.0, 0.0)","(0.0, 0.0)","(0.0, 0.0, 0.0)","(0.0, 0.0, 0.0)","(0.0, 0.0, 0.0)","(0.0, 0.0, 0.0)","(0.0, 0.0, 0.0)","(0.0, 0.0, 0.0)",0,0,0,0,0,0,False,0,0,0,0,0,0,0,0,"(0.0, 6.0, 307.8)","(0.2, 0.0, 0.0, 1.0)"
0,842572.5,0,0,0,0,0,0,0,0,0,"(0.0, 0.0)","(0.0, 0.0)","(0.0, 0.0)","(0.0, 0.0, 0.0)","(0.0, 0.0, 0.0)","(0.0, 0.0, 0.0)","(0.0, 0.0, 0.0)","(0.0, 0.0, 0.0)","(0.0, 0.0, 0.0)",0,0,0,0,0,0,False,0,0,0,0,0,0,0,0,"(0.0, 6.0, 308.0)","(0.2, 0.0, 0.0, 1.0)"
0,842594.9,0,0,0,0,0,0,0,0,0,"(0.0, 0.0)","(0.0, 0.0)","(0.0, 0.0)","(0.0, 0.0, 0.0)","(0.0, 0.0, 0.0)","(0.0, 0.0, 0.0)","(0.0, 0.0, 0.0)","(0.0, 0.0, 0.0)","(0.0, 0.0, 0.0)",0,0,0,0,0,0,False,0,0,0,0,0,0,0,0,"(0.0, 6.0, 308.2)","(0.2, 0.0, 0.0, 1.0)"
0,842615.6,0,0,0,0,0,0,0,0,0,"(0.0, 0.0)","(0.0, 0.0)","(0.0, 0.0)","(0.0, 0.0, 0.0)","(0.0, 0.0, 0.0)","(0.0, 0.0, 0.0)","(0.0, 0.0, 0.0)","(0.0, 0.0, 0.0)","(0.0, 0.0, 0.0)",0,0,0,0,0,0,False,0,0,0,0,0,0,0,0,"(0.0, 6.0, 308.4)","(0.2, 0.0, 0.0, 1.0)"
0,842635.3,0,0,0,0,0,0,0,0,0,"(0.0, 0.0)","(0.0, 0.0)","(0.0, 0.0)","(0.0, 0.0, 0.0)","(0.0, 0.0, 0.0)","(0.0, 0.0, 0.0)","(0.0, 0.0, 0.0)","(0.0, 0.0, 0.0)","(0.0, 0.0, 0.0)",0,0,0,0,0,0,False,0,0,0,0,0,0,0,0,"(0.0, 6.0, 308.6)","(0.2, 0.0, 0.0, 1.0)"
0,842656,0,0,0,0,0,0,0,0,0,"(0.0, 0.0)","(0.0, 0.0)","(0.0, 0.0)","(0.0, 0.0, 0.0)","(0.0, 0.0, 0.0)","(0.0, 0.0, 0.0)","(0.0, 0.0, 0.0)","(0.0, 0.0, 0.0)","(0.0, 0.0, 0.0)",0,0,0,0,0,0,False,0,0,0,0,0,0,0,0,"(0.0, 6.0, 308.8)","(0.2, 0.0, 0.0, 1.0)"
0,842675.6,0,0,0,0,0,0,0,0,0,"(0.0, 0.0)","(0.0, 0.0)","(0.0, 0.0)","(0.0, 0.0, 0.0)","(0.0, 0.0, 0.0)","(0.0, 0.0, 0.0)","(0.0, 0.0, 0.0)","(0.0, 0.0, 0.0)","(0.0, 0.0, 0.0)",0,0,0,0,0,0,False,0,0,0,0,0,0,0,0,"(0.0, 6.0, 309.0)","(0.2, 0.0, 0.0, 1.0)"
0,842694,0,0,0,0,0,0,0,0,0,"(0.0, 0.0)","(0.0, 0.0)","(0.0, 0.0)","(0.0, 0.0, 0.0)","(0.0, 0.0, 0.0)","(0.0, 0.0, 0.0)","(0.0, 0.0, 0.0)","(0.0, 0.0, 0.0)","(0.0, 0.0, 0.0)",0,0,0,0,0,0,False,0,0,0,0,0,0,0,0,"(0.0, 6.0, 309.2)","(0.2, 0.0, 0.0, 1.0)"
0,842714.2,0,0,0,0,0,0,0,0,0,"(0.0, 0.0)","(0.0, 0.0)","(0.0, 0.0)","(0.0, 0.0, 0.0)","(0.0, 0.0, 0.0)","(0.0, 0.0, 0.0)","(0.0, 0.0, 0.0)","(0.0, 0.0, 0.0)","(0.0, 0.0, 0.0)",0,0,0,0,0,0,False,0,0,0,0,0,0,0,0,"(0.0, 6.0, 309.4)","(0.2, 0.0, 0.0, 1.0)"
0,842736.2,0,0,0,0,0,0,0,0,0,"(0.0, 0.0)","(0.0, 0.0)","(0.0, 0.0)","(0.0, 0.0, 0.0)","(0.0, 0.0, 0.0)","(0.0, 0.0, 0.0)","(0.0, 0.0, 0.0)","(0.0, 0.0, 0.0)","(0.0, 0.0, 0.0)",0,0,0,0,0,0,False,0,0,0,0,0,0,0,0,"(0.0, 6.0, 309.6)","(0.2, 0.0, 0.0, 1.0)"
0,842755.5,0,0,0,0,0,0,0,0,0,"(0.0, 0.0)","(0.0, 0.0)","(0.0, 0.0)","(0.0, 0.0, 0.0)","(0.0, 0.0, 0.0)","(0.0, 0.0, 0.0)","(0.0, 0.0, 0.0)","(0.0, 0.0, 0.0)","(0.0, 0.0, 0.0)",0,0,0,0,0,0,False,0,0,0,0,0,0,0,0,"(0.0, 6.0, 309.8)","(0.2, 0.0, 0.0, 1.0)"
0,842776.6,0,0,0,0,0,0,0,0,0,"(0.0, 0.0)","(0.0, 0.0)","(0.0, 0.0)","(0.0, 0.0, 0.0)","(0.0, 0.0, 0.0)","(0.0, 0.0, 0.0)","(0.0, 0.0, 0.0)","(0.0, 0.0, 0.0)","(0.0, 0.0, 0.0)",0,0,0,0,0,0,False,0,0,0,0,0,0,0,0,"(0.0, 6.0, 310.0)","(0.2, 0.0, 0.0, 1.0)"
0,842797.3,0,0,0,0,0,0,0,0,0,"(0.0, 0.0)","(0.0, 0.0)","(0.0, 0.0)","(0.0, 0.0, 0.0)","(0.0, 0.0, 0.0)","(0.0, 0.0, 0.0)","(0.0, 0.0, 0.0)","(0.0, 0.0, 0.0)","(0.0, 0.0, 0.0)",0,0,0,0,0,0,False,0,0,0,0,0,0,0,0,"(0.0, 6.0, 310.2)","(0.2, 0.0, 0.0, 1.0)"
0,842819.3,0,0,0,0,0,0,0,0,0,"(0.0, 0.0)","(0.0, 0.0)","(0.0, 0.0)","(0.0, 0.0, 0.0)","(0.0, 0.0, 0.0)","(0.0, 0.0, 0.0)","(0.0, 0.0, 0.0)","(0.0, 0.0, 0.0)","(0.0, 0.0, 0.0)",0,0,0,0,0,0,False,0,0,0,0,0,0,0,0,"(0.0, 6.0, 310.4)","(0.2, 0.0, 0.0, 1.0)"
0,842841.6,0,0,0,0,0,0,0,0,0,"(0.0, 0.0)","(0.0, 0.0)","(0.0, 0.0)","(0.0, 0.0, 0.0)","(0.0, 0.0, 0.0)","(0.0, 0.0, 0.0)","(0.0, 0.0, 0.0)","(0.0, 0.0, 0.0)","(0.0, 0.0, 0.0)",0,0,0,0,0,0,False,0,0,0,0,0,0,0,0,"(0.0, 6.0, 310.6)","(0.2, 0.0, 0.0, 1.0)"
0,842864.4,0,0,0,0,0,0,0,0,0,"(0.0, 0.0)","(0.0, 0.0)","(0.0, 0.0)","(0.0, 0.0, 0.0)","(0.0, 0.0, 0.0)","(0.0, 0.0, 0.0)","(0.0, 0.0, 0.0)","(0.0, 0.0, 0.0)","(0.0, 0.0, 0.0)",0,0,0,0,0,0,False,0,0,0,0,0,0,0,0,"(0.0, 6.0, 310.8)","(0.2, 0.0, 0.0, 1.0)"
0,842886.8,0,0,0,0,0,0,0,0,0,"(0.0, 0.0)","(0.0, 0.0)","(0.0, 0.0)","(0.0, 0.0, 0.0)","(0.0, 0.0, 0.0)","(0.0, 0.0, 0.0)","(0.0, 0.0, 0.0)","(0.0, 0.0, 0.0)","(0.0, 0.0, 0.0)",0,0,0,0,0,0,False,0,0,0,0,0,0,0,0,"(0.0, 6.0, 311.0)","(0.2, 0.0, 0.0, 1.0)"
0,842908.4,0,0,0,0,0,0,0,0,0,"(0.0, 0.0)","(0.0, 0.0)","(0.0, 0.0)","(0.0, 0.0, 0.0)","(0.0, 0.0, 0.0)","(0.0, 0.0, 0.0)","(0.0, 0.0, 0.0)","(0.0, 0.0, 0.0)","(0.0, 0.0, 0.0)",0,0,0,0,0,0,False,0,0,0,0,0,0,0,0,"(0.0, 6.0, 311.2)","(0.2, 0.0, 0.0, 1.0)"
0,842930.8,0,0,0,0,0,0,0,0,0,"(0.0, 0.0)","(0.0, 0.0)","(0.0, 0.0)","(0.0, 0.0, 0.0)","(0.0, 0.0, 0.0)","(0.0, 0.0, 0.0)","(0.0, 0.0, 0.0)","(0.0, 0.0, 0.0)","(0.0, 0.0, 0.0)",0,0,0,0,0,0,False,0,0,0,0,0,0,0,0,"(0.0, 6.0, 311.4)","(0.2, 0.0, 0.0, 1.0)"
0,842952.7,0,0,0,0,0,0,0,0,0,"(0.0, 0.0)","(0.0, 0.0)","(0.0, 0.0)","(0.0, 0.0, 0.0)","(0.0, 0.0, 0.0)","(0.0, 0.0, 0.0)","(0.0, 0.0, 0.0)","(0.0, 0.0, 0.0)","(0.0, 0.0, 0.0)",0,0,0,0,0,0,False,0,0,0,0,0,0,0,0,"(0.0, 6.0, 311.7)","(0.2, 0.0, 0.0, 1.0)"
0,842974.5,0,0,0,0,0,0,0,0,0,"(0.0, 0.0)","(0.0, 0.0)","(0.0, 0.0)","(0.0, 0.0, 0.0)","(0.0, 0.0, 0.0)","(0.0, 0.0, 0.0)","(0.0, 0.0, 0.0)","(0.0, 0.0, 0.0)","(0.0, 0.0, 0.0)",0,0,0,0,0,0,False,0,0,0,0,0,0,0,0,"(0.0, 6.0, 311.9)","(0.2, 0.0, 0.0, 1.0)"
0,842997.3,0,0,0,0,0,0,0,0,0,"(0.0, 0.0)","(0.0, 0.0)","(0.0, 0.0)","(0.0, 0.0, 0.0)","(0.0, 0.0, 0.0)","(0.0, 0.0, 0.0)","(0.0, 0.0, 0.0)","(0.0, 0.0, 0.0)","(0.0, 0.0, 0.0)",0,0,0,0,0,0,False,0,0,0,0,0,0,0,0,"(0.0, 6.0, 312.1)","(0.2, 0.0, 0.0, 1.0)"
0,843019.7,0,0,0,0,0,0,0,0,0,"(0.0, 0.0)","(0.0, 0.0)","(0.0, 0.0)","(0.0, 0.0, 0.0)","(0.0, 0.0, 0.0)","(0.0, 0.0, 0.0)","(0.0, 0.0, 0.0)","(0.0, 0.0, 0.0)","(0.0, 0.0, 0.0)",0,0,0,0,0,0,False,0,0,0,0,0,0,0,0,"(0.0, 6.0, 312.3)","(0.2, 0.0, 0.0, 1.0)"
0,843041.6,0,0,0,0,0,0,0,0,0,"(0.0, 0.0)","(0.0, 0.0)","(0.0, 0.0)","(0.0, 0.0, 0.0)","(0.0, 0.0, 0.0)","(0.0, 0.0, 0.0)","(0.0, 0.0, 0.0)","(0.0, 0.0, 0.0)","(0.0, 0.0, 0.0)",0,0,0,0,0,0,False,0,0,0,0,0,0,0,0,"(0.0, 6.0, 312.5)","(0.2, 0.0, 0.0, 1.0)"
0,843064.6,0,0,0,0,0,0,0,0,0,"(0.0, 0.0)","(0.0, 0.0)","(0.0, 0.0)","(0.0, 0.0, 0.0)","(0.0, 0.0, 0.0)","(0.0, 0.0, 0.0)","(0.0, 0.0, 0.0)","(0.0, 0.0, 0.0)","(0.0, 0.0, 0.0)",0,0,0,0,0,0,False,0,0,0,0,0,0,0,0,"(0.0, 6.0, 312.7)","(0.2, 0.0, 0.0, 1.0)"
0,843086.8,0,0,0,0,0,0,0,0,0,"(0.0, 0.0)","(0.0, 0.0)","(0.0, 0.0)","(0.0, 0.0, 0.0)","(0.0, 0.0, 0.0)","(0.0, 0.0, 0.0)","(0.0, 0.0, 0.0)","(0.0, 0.0, 0.0)","(0.0, 0.0, 0.0)",0,0,0,0,0,0,False,0,0,0,0,0,0,0,0,"(0.0, 6.0, 313.0)","(0.2, 0.0, 0.0, 1.0)"
0,843108.4,0,0,0,0,0,0,0,0,0,"(0.0, 0.0)","(0.0, 0.0)","(0.0, 0.0)","(0.0, 0.0, 0.0)","(0.0, 0.0, 0.0)","(0.0, 0.0, 0.0)","(0.0, 0.0, 0.0)","(0.0, 0.0, 0.0)","(0.0, 0.0, 0.0)",0,0,0,0,0,0,False,0,0,0,0,0,0,0,0,"(0.0, 6.0, 313.2)","(0.2, 0.0, 0.0, 1.0)"
0,843131.1,0,0,0,0,0,0,0,0,0,"(0.0, 0.0)","(0.0, 0.0)","(0.0, 0.0)","(0.0, 0.0, 0.0)","(0.0, 0.0, 0.0)","(0.0, 0.0, 0.0)","(0.0, 0.0, 0.0)","(0.0, 0.0, 0.0)","(0.0, 0.0, 0.0)",0,0,0,0,0,0,False,0,0,0,0,0,0,0,0,"(0.0, 6.0, 313.4)","(0.2, 0.0, 0.0, 1.0)"
0,843152.8,0,0,0,0,0,0,0,0,0,"(0.0, 0.0)","(0.0, 0.0)","(0.0, 0.0)","(0.0, 0.0, 0.0)","(0.0, 0.0, 0.0)","(0.0, 0.0, 0.0)","(0.0, 0.0, 0.0)","(0.0, 0.0, 0.0)","(0.0, 0.0, 0.0)",0,0,0,0,0,0,False,0,0,0,0,0,0,0,0,"(0.0, 6.0, 313.6)","(0.2, 0.0, 0.0, 1.0)"
0,843175.2,0,0,0,0,0,0,0,0,0,"(0.0, 0.0)","(0.0, 0.0)","(0.0, 0.0)","(0.0, 0.0, 0.0)","(0.0, 0.0, 0.0)","(0.0, 0.0, 0.0)","(0.0, 0.0, 0.0)","(0.0, 0.0, 0.0)","(0.0, 0.0, 0.0)",0,0,0,0,0,0,False,0,0,0,0,0,0,0,0,"(0.0, 6.0, 313.8)","(0.2, 0.0, 0.0, 1.0)"
0,843197.9,0,0,0,0,0,0,0,0,0,"(0.0, 0.0)","(0.0, 0.0)","(0.0, 0.0)","(0.0, 0.0, 0.0)","(0.0, 0.0, 0.0)","(0.0, 0.0, 0.0)","(0.0, 0.0, 0.0)","(0.0, 0.0, 0.0)","(0.0, 0.0, 0.0)",0,0,0,0,0,0,False,0,0,0,0,0,0,0,0,"(0.0, 6.0, 314.1)","(0.2, 0.0, 0.0, 1.0)"
0,843219.3,0,0,0,0,0,0,0,0,0,"(0.0, 0.0)","(0.0, 0.0)","(0.0, 0.0)","(0.0, 0.0, 0.0)","(0.0, 0.0, 0.0)","(0.0, 0.0, 0.0)","(0.0, 0.0, 0.0)","(0.0, 0.0, 0.0)","(0.0, 0.0, 0.0)",0,0,0,0,0,0,False,0,0,0,0,0,0,0,0,"(0.0, 6.0, 314.3)","(0.2, 0.0, 0.0, 1.0)"
0,843241.1,0,0,0,0,0,0,0,0,0,"(0.0, 0.0)","(0.0, 0.0)","(0.0, 0.0)","(0.0, 0.0, 0.0)","(0.0, 0.0, 0.0)","(0.0, 0.0, 0.0)","(0.0, 0.0, 0.0)","(0.0, 0.0, 0.0)","(0.0, 0.0, 0.0)",0,0,0,0,0,0,False,0,0,0,0,0,0,0,0,"(0.0, 6.0, 314.5)","(0.2, 0.0, 0.0, 1.0)"
0,843265.3,0,0,0,0,0,0,0,0,0,"(0.0, 0.0)","(0.0, 0.0)","(0.0, 0.0)","(0.0, 0.0, 0.0)","(0.0, 0.0, 0.0)","(0.0, 0.0, 0.0)","(0.0, 0.0, 0.0)","(0.0, 0.0, 0.0)","(0.0, 0.0, 0.0)",0,0,0,0,0,0,False,0,0,0,0,0,0,0,0,"(0.0, 6.0, 314.7)","(0.2, 0.0, 0.0, 1.0)"
0,843286.1,0,0,0,0,0,0,0,0,0,"(0.0, 0.0)","(0.0, 0.0)","(0.0, 0.0)","(0.0, 0.0, 0.0)","(0.0, 0.0, 0.0)","(0.0, 0.0, 0.0)","(0.0, 0.0, 0.0)","(0.0, 0.0, 0.0)","(0.0, 0.0, 0.0)",0,0,0,0,0,0,False,0,0,0,0,0,0,0,0,"(0.0, 6.0, 314.9)","(0.2, 0.0, 0.0, 1.0)"
0,843305,0,0,0,0,0,0,0,0,0,"(0.0, 0.0)","(0.0, 0.0)","(0.0, 0.0)","(0.0, 0.0, 0.0)","(0.0, 0.0, 0.0)","(0.0, 0.0, 0.0)","(0.0, 0.0, 0.0)","(0.0, 0.0, 0.0)","(0.0, 0.0, 0.0)",0,0,0,0,0,0,False,0,0,0,0,0,0,0,0,"(0.0, 6.0, 315.1)","(0.2, 0.0, 0.0, 1.0)"
0,843323.9,0,0,0,0,0,0,0,0,0,"(0.0, 0.0)","(0.0, 0.0)","(0.0, 0.0)","(0.0, 0.0, 0.0)","(0.0, 0.0, 0.0)","(0.0, 0.0, 0.0)","(0.0, 0.0, 0.0)","(0.0, 0.0, 0.0)","(0.0, 0.0, 0.0)",0,0,0,0,0,0,False,0,0,0,0,0,0,0,0,"(0.0, 6.0, 315.4)","(0.2, 0.0, 0.0, 1.0)"
0,843342.3,0,0,0,0,0,0,0,0,0,"(0.0, 0.0)","(0.0, 0.0)","(0.0, 0.0)","(0.0, 0.0, 0.0)","(0.0, 0.0, 0.0)","(0.0, 0.0, 0.0)","(0.0, 0.0, 0.0)","(0.0, 0.0, 0.0)","(0.0, 0.0, 0.0)",0,0,0,0,0,0,False,0,0,0,0,0,0,0,0,"(0.0, 6.0, 315.6)","(0.2, 0.0, 0.0, 1.0)"
0,843363,0,0,0,0,0,0,0,0,0,"(0.0, 0.0)","(0.0, 0.0)","(0.0, 0.0)","(0.0, 0.0, 0.0)","(0.0, 0.0, 0.0)","(0.0, 0.0, 0.0)","(0.0, 0.0, 0.0)","(0.0, 0.0, 0.0)","(0.0, 0.0, 0.0)",0,0,0,0,0,0,False,0,0,0,0,0,0,0,0,"(0.0, 6.0, 315.8)","(0.2, 0.0, 0.0, 1.0)"
0,843382.8,0,0,0,0,0,0,0,0,0,"(0.0, 0.0)","(0.0, 0.0)","(0.0, 0.0)","(0.0, 0.0, 0.0)","(0.0, 0.0, 0.0)","(0.0, 0.0, 0.0)","(0.0, 0.0, 0.0)","(0.0, 0.0, 0.0)","(0.0, 0.0, 0.0)",0,0,0,0,0,0,False,0,0,0,0,0,0,0,0,"(0.0, 6.0, 316.0)","(0.2, 0.0, 0.0, 1.0)"
0,843405.4,0,0,0,0,0,0,0,0,0,"(0.0, 0.0)","(0.0, 0.0)","(0.0, 0.0)","(0.0, 0.0, 0.0)","(0.0, 0.0, 0.0)","(0.0, 0.0, 0.0)","(0.0, 0.0, 0.0)","(0.0, 0.0, 0.0)","(0.0, 0.0, 0.0)",0,0,0,0,0,0,False,0,0,0,0,0,0,0,0,"(0.0, 6.0, 316.2)","(0.2, 0.0, 0.0, 1.0)"
0,843425,0,0,0,0,0,0,0,0,0,"(0.0, 0.0)","(0.0, 0.0)","(0.0, 0.0)","(0.0, 0.0, 0.0)","(0.0, 0.0, 0.0)","(0.0, 0.0, 0.0)","(0.0, 0.0, 0.0)","(0.0, 0.0, 0.0)","(0.0, 0.0, 0.0)",0,0,0,0,0,0,False,0,0,0,0,0,0,0,0,"(0.0, 6.0, 316.4)","(0.2, 0.0, 0.0, 1.0)"
0,843442,0,0,0,0,0,0,0,0,0,"(0.0, 0.0)","(0.0, 0.0)","(0.0, 0.0)","(0.0, 0.0, 0.0)","(0.0, 0.0, 0.0)","(0.0, 0.0, 0.0)","(0.0, 0.0, 0.0)","(0.0, 0.0, 0.0)","(0.0, 0.0, 0.0)",0,0,0,0,0,0,False,0,0,0,0,0,0,0,0,"(0.0, 6.0, 316.6)","(0.2, 0.0, 0.0, 1.0)"
0,843460.1,0,0,0,0,0,0,0,0,0,"(0.0, 0.0)","(0.0, 0.0)","(0.0, 0.0)","(0.0, 0.0, 0.0)","(0.0, 0.0, 0.0)","(0.0, 0.0, 0.0)","(0.0, 0.0, 0.0)","(0.0, 0.0, 0.0)","(0.0, 0.0, 0.0)",0,0,0,0,0,0,False,0,0,0,0,0,0,0,0,"(0.0, 6.0, 316.8)","(0.2, 0.0, 0.0, 1.0)"
0,843479.1,0,0,0,0,0,0,0,0,0,"(0.0, 0.0)","(0.0, 0.0)","(0.0, 0.0)","(0.0, 0.0, 0.0)","(0.0, 0.0, 0.0)","(0.0, 0.0, 0.0)","(0.0, 0.0, 0.0)","(0.0, 0.0, 0.0)","(0.0, 0.0, 0.0)",0,0,0,0,0,0,False,0,0,0,0,0,0,0,0,"(0.0, 6.0, 317.0)","(0.2, 0.0, 0.0, 1.0)"
0,843497.1,0,0,0,0,0,0,0,0,0,"(0.0, 0.0)","(0.0, 0.0)","(0.0, 0.0)","(0.0, 0.0, 0.0)","(0.0, 0.0, 0.0)","(0.0, 0.0, 0.0)","(0.0, 0.0, 0.0)","(0.0, 0.0, 0.0)","(0.0, 0.0, 0.0)",0,0,0,0,0,0,False,0,0,0,0,0,0,0,0,"(0.0, 6.0, 317.2)","(0.2, 0.0, 0.0, 1.0)"
0,843516.9,0,0,0,0,0,0,0,0,0,"(0.0, 0.0)","(0.0, 0.0)","(0.0, 0.0)","(0.0, 0.0, 0.0)","(0.0, 0.0, 0.0)","(0.0, 0.0, 0.0)","(0.0, 0.0, 0.0)","(0.0, 0.0, 0.0)","(0.0, 0.0, 0.0)",0,0,0,0,0,0,False,0,0,0,0,0,0,0,0,"(0.0, 6.0, 317.4)","(0.2, 0.0, 0.0, 1.0)"
0,843535.4,0,0,0,0,0,0,0,0,0,"(0.0, 0.0)","(0.0, 0.0)","(0.0, 0.0)","(0.0, 0.0, 0.0)","(0.0, 0.0, 0.0)","(0.0, 0.0, 0.0)","(0.0, 0.0, 0.0)","(0.0, 0.0, 0.0)","(0.0, 0.0, 0.0)",0,0,0,0,0,0,False,0,0,0,0,0,0,0,0,"(0.0, 6.0, 317.6)","(0.2, 0.0, 0.0, 1.0)"
0,843553.3,0,0,0,0,0,0,0,0,0,"(0.0, 0.0)","(0.0, 0.0)","(0.0, 0.0)","(0.0, 0.0, 0.0)","(0.0, 0.0, 0.0)","(0.0, 0.0, 0.0)","(0.0, 0.0, 0.0)","(0.0, 0.0, 0.0)","(0.0, 0.0, 0.0)",0,0,0,0,0,0,False,0,0,0,0,0,0,0,0,"(0.0, 6.0, 317.8)","(0.2, 0.0, 0.0, 1.0)"
0,843571.4,0,0,0,0,0,0,0,0,0,"(0.0, 0.0)","(0.0, 0.0)","(0.0, 0.0)","(0.0, 0.0, 0.0)","(0.0, 0.0, 0.0)","(0.0, 0.0, 0.0)","(0.0, 0.0, 0.0)","(0.0, 0.0, 0.0)","(0.0, 0.0, 0.0)",0,0,0,0,0,0,False,0,0,0,0,0,0,0,0,"(0.0, 6.0, 318.0)","(0.2, 0.0, 0.0, 1.0)"
0,843590.8,0,0,0,0,0,0,0,0,0,"(0.0, 0.0)","(0.0, 0.0)","(0.0, 0.0)","(0.0, 0.0, 0.0)","(0.0, 0.0, 0.0)","(0.0, 0.0, 0.0)","(0.0, 0.0, 0.0)","(0.0, 0.0, 0.0)","(0.0, 0.0, 0.0)",0,0,0,0,0,0,False,0,0,0,0,0,0,0,0,"(0.0, 6.0, 318.2)","(0.2, 0.0, 0.0, 1.0)"
0,843609.6,0,0,0,0,0,0,0,0,0,"(0.0, 0.0)","(0.0, 0.0)","(0.0, 0.0)","(0.0, 0.0, 0.0)","(0.0, 0.0, 0.0)","(0.0, 0.0, 0.0)","(0.0, 0.0, 0.0)","(0.0, 0.0, 0.0)","(0.0, 0.0, 0.0)",0,0,0,0,0,0,False,0,0,0,0,0,0,0,0,"(0.0, 6.0, 318.4)","(0.2, 0.0, 0.0, 1.0)"
0,843630.9,0,0,0,0,0,0,0,0,0,"(0.0, 0.0)","(0.0, 0.0)","(0.0, 0.0)","(0.0, 0.0, 0.0)","(0.0, 0.0, 0.0)","(0.0, 0.0, 0.0)","(0.0, 0.0, 0.0)","(0.0, 0.0, 0.0)","(0.0, 0.0, 0.0)",0,0,0,0,0,0,False,0,0,0,0,0,0,0,0,"(0.0, 6.0, 318.6)","(0.2, 0.0, 0.0, 1.0)"
0,843651.5,0,0,0,0,0,0,0,0,0,"(0.0, 0.0)","(0.0, 0.0)","(0.0, 0.0)","(0.0, 0.0, 0.0)","(0.0, 0.0, 0.0)","(0.0, 0.0, 0.0)","(0.0, 0.0, 0.0)","(0.0, 0.0, 0.0)","(0.0, 0.0, 0.0)",0,0,0,0,0,0,False,0,0,0,0,0,0,0,0,"(0.0, 6.0, 318.8)","(0.2, 0.0, 0.0, 1.0)"
0,843671.5,0,0,0,0,0,0,0,0,0,"(0.0, 0.0)","(0.0, 0.0)","(0.0, 0.0)","(0.0, 0.0, 0.0)","(0.0, 0.0, 0.0)","(0.0, 0.0, 0.0)","(0.0, 0.0, 0.0)","(0.0, 0.0, 0.0)","(0.0, 0.0, 0.0)",0,0,0,0,0,0,False,0,0,0,0,0,0,0,0,"(0.0, 6.0, 319.0)","(0.2, 0.0, 0.0, 1.0)"
0,843690.5,0,0,0,0,0,0,0,0,0,"(0.0, 0.0)","(0.0, 0.0)","(0.0, 0.0)","(0.0, 0.0, 0.0)","(0.0, 0.0, 0.0)","(0.0, 0.0, 0.0)","(0.0, 0.0, 0.0)","(0.0, 0.0, 0.0)","(0.0, 0.0, 0.0)",0,0,0,0,0,0,False,0,0,0,0,0,0,0,0,"(0.0, 6.0, 319.2)","(0.2, 0.0, 0.0, 1.0)"
0,843710.7,0,0,0,0,0,0,0,0,0,"(0.0, 0.0)","(0.0, 0.0)","(0.0, 0.0)","(0.0, 0.0, 0.0)","(0.0, 0.0, 0.0)","(0.0, 0.0, 0.0)","(0.0, 0.0, 0.0)","(0.0, 0.0, 0.0)","(0.0, 0.0, 0.0)",0,0,0,0,0,0,False,0,0,0,0,0,0,0,0,"(0.0, 6.0, 319.4)","(0.2, 0.0, 0.0, 1.0)"
0,843730.5,0,0,0,0,0,0,0,0,0,"(0.0, 0.0)","(0.0, 0.0)","(0.0, 0.0)","(0.0, 0.0, 0.0)","(0.0, 0.0, 0.0)","(0.0, 0.0, 0.0)","(0.0, 0.0, 0.0)","(0.0, 0.0, 0.0)","(0.0, 0.0, 0.0)",0,0,0,0,0,0,False,0,0,0,0,0,0,0,0,"(0.0, 6.0, 319.6)","(0.2, 0.0, 0.0, 1.0)"
0,843749.8,0,0,0,0,0,0,0,0,0,"(0.0, 0.0)","(0.0, 0.0)","(0.0, 0.0)","(0.0, 0.0, 0.0)","(0.0, 0.0, 0.0)","(0.0, 0.0, 0.0)","(0.0, 0.0, 0.0)","(0.0, 0.0, 0.0)","(0.0, 0.0, 0.0)",0,0,0,0,0,0,False,0,0,0,0,0,0,0,0,"(0.0, 6.0, 319.8)","(0.2, 0.0, 0.0, 1.0)"
0,843770.8,0,0,0,0,0,0,0,0,0,"(0.0, 0.0)","(0.0, 0.0)","(0.0, 0.0)","(0.0, 0.0, 0.0)","(0.0, 0.0, 0.0)","(0.0, 0.0, 0.0)","(0.0, 0.0, 0.0)","(0.0, 0.0, 0.0)","(0.0, 0.0, 0.0)",0,0,0,0,0,0,False,0,0,0,0,0,0,0,0,"(0.0, 6.0, 320.0)","(0.2, 0.0, 0.0, 1.0)"
0,843790,0,0,0,0,0,0,0,0,0,"(0.0, 0.0)","(0.0, 0.0)","(0.0, 0.0)","(0.0, 0.0, 0.0)","(0.0, 0.0, 0.0)","(0.0, 0.0, 0.0)","(0.0, 0.0, 0.0)","(0.0, 0.0, 0.0)","(0.0, 0.0, 0.0)",0,0,0,0,0,0,False,0,0,0,0,0,0,0,0,"(0.0, 6.0, 320.2)","(0.2, 0.0, 0.0, 1.0)"
0,843810.9,0,0,0,0,0,0,0,0,0,"(0.0, 0.0)","(0.0, 0.0)","(0.0, 0.0)","(0.0, 0.0, 0.0)","(0.0, 0.0, 0.0)","(0.0, 0.0, 0.0)","(0.0, 0.0, 0.0)","(0.0, 0.0, 0.0)","(0.0, 0.0, 0.0)",0,0,0,0,0,0,False,0,0,0,0,0,0,0,0,"(0.0, 6.0, 320.4)","(0.2, 0.0, 0.0, 1.0)"
0,843831,0,0,0,0,0,0,0,0,0,"(0.0, 0.0)","(0.0, 0.0)","(0.0, 0.0)","(0.0, 0.0, 0.0)","(0.0, 0.0, 0.0)","(0.0, 0.0, 0.0)","(0.0, 0.0, 0.0)","(0.0, 0.0, 0.0)","(0.0, 0.0, 0.0)",0,0,0,0,0,0,False,0,0,0,0,0,0,0,0,"(0.0, 6.0, 320.6)","(0.2, 0.0, 0.0, 1.0)"
0,843852.4,0,0,0,0,0,0,0,0,0,"(0.0, 0.0)","(0.0, 0.0)","(0.0, 0.0)","(0.0, 0.0, 0.0)","(0.0, 0.0, 0.0)","(0.0, 0.0, 0.0)","(0.0, 0.0, 0.0)","(0.0, 0.0, 0.0)","(0.0, 0.0, 0.0)",0,0,0,0,0,0,False,0,0,0,0,0,0,0,0,"(0.0, 6.0, 320.8)","(0.2, 0.0, 0.0, 1.0)"
0,843874.3,0,0,0,0,0,0,0,0,0,"(0.0, 0.0)","(0.0, 0.0)","(0.0, 0.0)","(0.0, 0.0, 0.0)","(0.0, 0.0, 0.0)","(0.0, 0.0, 0.0)","(0.0, 0.0, 0.0)","(0.0, 0.0, 0.0)","(0.0, 0.0, 0.0)",0,0,0,0,0,0,False,0,0,0,0,0,0,0,0,"(0.0, 6.0, 321.0)","(0.2, 0.0, 0.0, 1.0)"
0,843897.5,0,0,0,0,0,0,0,0,0,"(0.0, 0.0)","(0.0, 0.0)","(0.0, 0.0)","(0.0, 0.0, 0.0)","(0.0, 0.0, 0.0)","(0.0, 0.0, 0.0)","(0.0, 0.0, 0.0)","(0.0, 0.0, 0.0)","(0.0, 0.0, 0.0)",0,0,0,0,0,0,False,0,0,0,0,0,0,0,0,"(0.0, 6.0, 321.2)","(0.2, 0.0, 0.0, 1.0)"
0,843920.6,0,0,0,0,0,0,0,0,0,"(0.0, 0.0)","(0.0, 0.0)","(0.0, 0.0)","(0.0, 0.0, 0.0)","(0.0, 0.0, 0.0)","(0.0, 0.0, 0.0)","(0.0, 0.0, 0.0)","(0.0, 0.0, 0.0)","(0.0, 0.0, 0.0)",0,0,0,0,0,0,False,0,0,0,0,0,0,0,0,"(0.0, 6.0, 321.4)","(0.2, 0.0, 0.0, 1.0)"
0,843940.8,0,0,0,0,0,0,0,0,0,"(0.0, 0.0)","(0.0, 0.0)","(0.0, 0.0)","(0.0, 0.0, 0.0)","(0.0, 0.0, 0.0)","(0.0, 0.0, 0.0)","(0.0, 0.0, 0.0)","(0.0, 0.0, 0.0)","(0.0, 0.0, 0.0)",0,0,0,0,0,0,False,0,0,0,0,0,0,0,0,"(0.0, 6.0, 321.6)","(0.2, 0.0, 0.0, 1.0)"
0,843964.3,0,0,0,0,0,0,0,0,0,"(0.0, 0.0)","(0.0, 0.0)","(0.0, 0.0)","(0.0, 0.0, 0.0)","(0.0, 0.0, 0.0)","(0.0, 0.0, 0.0)","(0.0, 0.0, 0.0)","(0.0, 0.0, 0.0)","(0.0, 0.0, 0.0)",0,0,0,0,0,0,False,0,0,0,0,0,0,0,0,"(0.0, 6.0, 321.8)","(0.2, 0.0, 0.0, 1.0)"
0,843985.7,0,0,0,0,0,0,0,0,0,"(0.0, 0.0)","(0.0, 0.0)","(0.0, 0.0)","(0.0, 0.0, 0.0)","(0.0, 0.0, 0.0)","(0.0, 0.0, 0.0)","(0.0, 0.0, 0.0)","(0.0, 0.0, 0.0)","(0.0, 0.0, 0.0)",0,0,0,0,0,0,False,0,0,0,0,0,0,0,0,"(0.0, 6.0, 322.0)","(0.2, 0.0, 0.0, 1.0)"
0,844007.6,0,0,0,0,0,0,0,0,0,"(0.0, 0.0)","(0.0, 0.0)","(0.0, 0.0)","(0.0, 0.0, 0.0)","(0.0, 0.0, 0.0)","(0.0, 0.0, 0.0)","(0.0, 0.0, 0.0)","(0.0, 0.0, 0.0)","(0.0, 0.0, 0.0)",0,0,0,0,0,0,False,0,0,0,0,0,0,0,0,"(0.0, 6.0, 322.2)","(0.2, 0.0, 0.0, 1.0)"
0,844030.7,0,0,0,0,0,0,0,0,0,"(0.0, 0.0)","(0.0, 0.0)","(0.0, 0.0)","(0.0, 0.0, 0.0)","(0.0, 0.0, 0.0)","(0.0, 0.0, 0.0)","(0.0, 0.0, 0.0)","(0.0, 0.0, 0.0)","(0.0, 0.0, 0.0)",0,0,0,0,0,0,False,0,0,0,0,0,0,0,0,"(0.0, 6.0, 322.4)","(0.2, 0.0, 0.0, 1.0)"
0,844052.2,0,0,0,0,0,0,0,0,0,"(0.0, 0.0)","(0.0, 0.0)","(0.0, 0.0)","(0.0, 0.0, 0.0)","(0.0, 0.0, 0.0)","(0.0, 0.0, 0.0)","(0.0, 0.0, 0.0)","(0.0, 0.0, 0.0)","(0.0, 0.0, 0.0)",0,0,0,0,0,0,False,0,0,0,0,0,0,0,0,"(0.0, 6.0, 322.7)","(0.2, 0.0, 0.0, 1.0)"
0,844074.4,0,0,0,0,0,0,0,0,0,"(0.0, 0.0)","(0.0, 0.0)","(0.0, 0.0)","(0.0, 0.0, 0.0)","(0.0, 0.0, 0.0)","(0.0, 0.0, 0.0)","(0.0, 0.0, 0.0)","(0.0, 0.0, 0.0)","(0.0, 0.0, 0.0)",0,0,0,0,0,0,False,0,0,0,0,0,0,0,0,"(0.0, 6.0, 322.9)","(0.2, 0.0, 0.0, 1.0)"
0,844097.3,0,0,0,0,0,0,0,0,0,"(0.0, 0.0)","(0.0, 0.0)","(0.0, 0.0)","(0.0, 0.0, 0.0)","(0.0, 0.0, 0.0)","(0.0, 0.0, 0.0)","(0.0, 0.0, 0.0)","(0.0, 0.0, 0.0)","(0.0, 0.0, 0.0)",0,0,0,0,0,0,False,0,0,0,0,0,0,0,0,"(0.0, 6.0, 323.1)","(0.2, 0.0, 0.0, 1.0)"
0,844118.8,0,0,0,0,0,0,0,0,0,"(0.0, 0.0)","(0.0, 0.0)","(0.0, 0.0)","(0.0, 0.0, 0.0)","(0.0, 0.0, 0.0)","(0.0, 0.0, 0.0)","(0.0, 0.0, 0.0)","(0.0, 0.0, 0.0)","(0.0, 0.0, 0.0)",0,0,0,0,0,0,False,0,0,0,0,0,0,0,0,"(0.0, 6.0, 323.3)","(0.2, 0.0, 0.0, 1.0)"
0,844140.9,0,0,0,0,0,0,0,0,0,"(0.0, 0.0)","(0.0, 0.0)","(0.0, 0.0)","(0.0, 0.0, 0.0)","(0.0, 0.0, 0.0)","(0.0, 0.0, 0.0)","(0.0, 0.0, 0.0)","(0.0, 0.0, 0.0)","(0.0, 0.0, 0.0)",0,0,0,0,0,0,False,0,0,0,0,0,0,0,0,"(0.0, 6.0, 323.5)","(0.2, 0.0, 0.0, 1.0)"
0,844164.3,0,0,0,0,0,0,0,0,0,"(0.0, 0.0)","(0.0, 0.0)","(0.0, 0.0)","(0.0, 0.0, 0.0)","(0.0, 0.0, 0.0)","(0.0, 0.0, 0.0)","(0.0, 0.0, 0.0)","(0.0, 0.0, 0.0)","(0.0, 0.0, 0.0)",0,0,0,0,0,0,False,0,0,0,0,0,0,0,0,"(0.0, 6.0, 323.7)","(0.2, 0.0, 0.0, 1.0)"
0,844185.9,0,0,0,0,0,0,0,0,0,"(0.0, 0.0)","(0.0, 0.0)","(0.0, 0.0)","(0.0, 0.0, 0.0)","(0.0, 0.0, 0.0)","(0.0, 0.0, 0.0)","(0.0, 0.0, 0.0)","(0.0, 0.0, 0.0)","(0.0, 0.0, 0.0)",0,0,0,0,0,0,False,0,0,0,0,0,0,0,0,"(0.0, 6.0, 324.0)","(0.2, 0.0, 0.0, 1.0)"
0,844207.6,0,0,0,0,0,0,0,0,0,"(0.0, 0.0)","(0.0, 0.0)","(0.0, 0.0)","(0.0, 0.0, 0.0)","(0.0, 0.0, 0.0)","(0.0, 0.0, 0.0)","(0.0, 0.0, 0.0)","(0.0, 0.0, 0.0)","(0.0, 0.0, 0.0)",0,0,0,0,0,0,False,0,0,0,0,0,0,0,0,"(0.0, 6.0, 324.2)","(0.2, 0.0, 0.0, 1.0)"
0,844230.5,0,0,0,0,0,0,0,0,0,"(0.0, 0.0)","(0.0, 0.0)","(0.0, 0.0)","(0.0, 0.0, 0.0)","(0.0, 0.0, 0.0)","(0.0, 0.0, 0.0)","(0.0, 0.0, 0.0)","(0.0, 0.0, 0.0)","(0.0, 0.0, 0.0)",0,0,0,0,0,0,False,0,0,0,0,0,0,0,0,"(0.0, 6.0, 324.4)","(0.2, 0.0, 0.0, 1.0)"
0,844252.3,0,0,0,0,0,0,0,0,0,"(0.0, 0.0)","(0.0, 0.0)","(0.0, 0.0)","(0.0, 0.0, 0.0)","(0.0, 0.0, 0.0)","(0.0, 0.0, 0.0)","(0.0, 0.0, 0.0)","(0.0, 0.0, 0.0)","(0.0, 0.0, 0.0)",0,0,0,0,0,0,False,0,0,0,0,0,0,0,0,"(0.0, 6.0, 324.6)","(0.2, 0.0, 0.0, 1.0)"
0,844270.3,0,0,0,0,0,0,0,0,0,"(0.0, 0.0)","(0.0, 0.0)","(0.0, 0.0)","(0.0, 0.0, 0.0)","(0.0, 0.0, 0.0)","(0.0, 0.0, 0.0)","(0.0, 0.0, 0.0)","(0.0, 0.0, 0.0)","(0.0, 0.0, 0.0)",0,0,0,0,0,0,False,0,0,0,0,0,0,0,0,"(0.0, 6.0, 324.8)","(0.2, 0.0, 0.0, 1.0)"
0,844289.2,0,0,0,0,0,0,0,0,0,"(0.0, 0.0)","(0.0, 0.0)","(0.0, 0.0)","(0.0, 0.0, 0.0)","(0.0, 0.0, 0.0)","(0.0, 0.0, 0.0)","(0.0, 0.0, 0.0)","(0.0, 0.0, 0.0)","(0.0, 0.0, 0.0)",0,0,0,0,0,0,False,0,0,0,0,0,0,0,0,"(0.0, 6.0, 325.0)","(0.2, 0.0, 0.0, 1.0)"
0,844306.9,0,0,0,0,0,0,0,0,0,"(0.0, 0.0)","(0.0, 0.0)","(0.0, 0.0)","(0.0, 0.0, 0.0)","(0.0, 0.0, 0.0)","(0.0, 0.0, 0.0)","(0.0, 0.0, 0.0)","(0.0, 0.0, 0.0)","(0.0, 0.0, 0.0)",0,0,0,0,0,0,False,0,0,0,0,0,0,0,0,"(0.0, 6.0, 325.2)","(0.2, 0.0, 0.0, 1.0)"
0,844324.7,0,0,0,0,0,0,0,0,0,"(0.0, 0.0)","(0.0, 0.0)","(0.0, 0.0)","(0.0, 0.0, 0.0)","(0.0, 0.0, 0.0)","(0.0, 0.0, 0.0)","(0.0, 0.0, 0.0)","(0.0, 0.0, 0.0)","(0.0, 0.0, 0.0)",0,0,0,0,0,0,False,0,0,0,0,0,0,0,0,"(0.0, 6.0, 325.4)","(0.2, 0.0, 0.0, 1.0)"
0,844344,0,0,0,0,0,0,0,0,0,"(0.0, 0.0)","(0.0, 0.0)","(0.0, 0.0)","(0.0, 0.0, 0.0)","(0.0, 0.0, 0.0)","(0.0, 0.0, 0.0)","(0.0, 0.0, 0.0)","(0.0, 0.0, 0.0)","(0.0, 0.0, 0.0)",0,0,0,0,0,0,False,0,0,0,0,0,0,0,0,"(0.0, 6.0, 325.7)","(0.2, 0.0, 0.0, 1.0)"
0,844365.7,0,0,0,0,0,0,0,0,0,"(0.0, 0.0)","(0.0, 0.0)","(0.0, 0.0)","(0.0, 0.0, 0.0)","(0.0, 0.0, 0.0)","(0.0, 0.0, 0.0)","(0.0, 0.0, 0.0)","(0.0, 0.0, 0.0)","(0.0, 0.0, 0.0)",0,0,0,0,0,0,False,0,0,0,0,0,0,0,0,"(0.0, 6.0, 325.9)","(0.2, 0.0, 0.0, 1.0)"
0,844385.4,0,0,0,0,0,0,0,0,0,"(0.0, 0.0)","(0.0, 0.0)","(0.0, 0.0)","(0.0, 0.0, 0.0)","(0.0, 0.0, 0.0)","(0.0, 0.0, 0.0)","(0.0, 0.0, 0.0)","(0.0, 0.0, 0.0)","(0.0, 0.0, 0.0)",0,0,0,0,0,0,False,0,0,0,0,0,0,0,0,"(0.0, 6.0, 326.1)","(0.2, 0.0, 0.0, 1.0)"
0,844403.6,0,0,0,0,0,0,0,0,0,"(0.0, 0.0)","(0.0, 0.0)","(0.0, 0.0)","(0.0, 0.0, 0.0)","(0.0, 0.0, 0.0)","(0.0, 0.0, 0.0)","(0.0, 0.0, 0.0)","(0.0, 0.0, 0.0)","(0.0, 0.0, 0.0)",0,0,0,0,0,0,False,0,0,0,0,0,0,0,0,"(0.0, 6.0, 326.3)","(0.2, 0.0, 0.0, 1.0)"
0,844422.1,0,0,0,0,0,0,0,0,0,"(0.0, 0.0)","(0.0, 0.0)","(0.0, 0.0)","(0.0, 0.0, 0.0)","(0.0, 0.0, 0.0)","(0.0, 0.0, 0.0)","(0.0, 0.0, 0.0)","(0.0, 0.0, 0.0)","(0.0, 0.0, 0.0)",0,0,0,0,0,0,False,0,0,0,0,0,0,0,0,"(0.0, 6.0, 326.5)","(0.2, 0.0, 0.0, 1.0)"
0,844439.2,0,0,0,0,0,0,0,0,0,"(0.0, 0.0)","(0.0, 0.0)","(0.0, 0.0)","(0.0, 0.0, 0.0)","(0.0, 0.0, 0.0)","(0.0, 0.0, 0.0)","(0.0, 0.0, 0.0)","(0.0, 0.0, 0.0)","(0.0, 0.0, 0.0)",0,0,0,0,0,0,False,0,0,0,0,0,0,0,0,"(0.0, 6.0, 326.7)","(0.2, 0.0, 0.0, 1.0)"
0,844460.4,0,0,0,0,0,0,0,0,0,"(0.0, 0.0)","(0.0, 0.0)","(0.0, 0.0)","(0.0, 0.0, 0.0)","(0.0, 0.0, 0.0)","(0.0, 0.0, 0.0)","(0.0, 0.0, 0.0)","(0.0, 0.0, 0.0)","(0.0, 0.0, 0.0)",0,0,0,0,0,0,False,0,0,0,0,0,0,0,0,"(0.0, 6.0, 326.9)","(0.2, 0.0, 0.0, 1.0)"
0,844496.4,0,0,0,0,0,0,0,0,0,"(0.0, 0.0)","(0.0, 0.0)","(0.0, 0.0)","(0.0, 0.0, 0.0)","(0.0, 0.0, 0.0)","(0.0, 0.0, 0.0)","(0.0, 0.0, 0.0)","(0.0, 0.0, 0.0)","(0.0, 0.0, 0.0)",0,0,0,0,0,0,False,0,0,0,0,0,0,0,0,"(0.0, 6.0, 327.1)","(0.2, 0.0, 0.0, 1.0)"
0,844514.3,0,0,0,0,0,0,0,0,0,"(0.0, 0.0)","(0.0, 0.0)","(0.0, 0.0)","(0.0, 0.0, 0.0)","(0.0, 0.0, 0.0)","(0.0, 0.0, 0.0)","(0.0, 0.0, 0.0)","(0.0, 0.0, 0.0)","(0.0, 0.0, 0.0)",0,0,0,0,0,0,False,0,0,0,0,0,0,0,0,"(0.0, 6.0, 327.3)","(0.2, 0.0, 0.0, 1.0)"
0,844532.4,0,0,0,0,0,0,0,0,0,"(0.0, 0.0)","(0.0, 0.0)","(0.0, 0.0)","(0.0, 0.0, 0.0)","(0.0, 0.0, 0.0)","(0.0, 0.0, 0.0)","(0.0, 0.0, 0.0)","(0.0, 0.0, 0.0)","(0.0, 0.0, 0.0)",0,0,0,0,0,0,False,0,0,0,0,0,0,0,0,"(0.0, 6.0, 327.5)","(0.2, 0.0, 0.0, 1.0)"
0,844551.1,0,0,0,0,0,0,0,0,0,"(0.0, 0.0)","(0.0, 0.0)","(0.0, 0.0)","(0.0, 0.0, 0.0)","(0.0, 0.0, 0.0)","(0.0, 0.0, 0.0)","(0.0, 0.0, 0.0)","(0.0, 0.0, 0.0)","(0.0, 0.0, 0.0)",0,0,0,0,0,0,False,0,0,0,0,0,0,0,0,"(0.0, 6.0, 327.7)","(0.2, 0.0, 0.0, 1.0)"
0,844568.4,0,0,0,0,0,0,0,0,0,"(0.0, 0.0)","(0.0, 0.0)","(0.0, 0.0)","(0.0, 0.0, 0.0)","(0.0, 0.0, 0.0)","(0.0, 0.0, 0.0)","(0.0, 0.0, 0.0)","(0.0, 0.0, 0.0)","(0.0, 0.0, 0.0)",0,0,0,0,0,0,False,0,0,0,0,0,0,0,0,"(0.0, 6.0, 327.9)","(0.2, 0.0, 0.0, 1.0)"
0,844586.1,0,0,0,0,0,0,0,0,0,"(0.0, 0.0)","(0.0, 0.0)","(0.0, 0.0)","(0.0, 0.0, 0.0)","(0.0, 0.0, 0.0)","(0.0, 0.0, 0.0)","(0.0, 0.0, 0.0)","(0.0, 0.0, 0.0)","(0.0, 0.0, 0.0)",0,0,0,0,0,0,False,0,0,0,0,0,0,0,0,"(0.0, 6.0, 328.1)","(0.2, 0.0, 0.0, 1.0)"
0,844604.3,0,0,0,0,0,0,0,0,0,"(0.0, 0.0)","(0.0, 0.0)","(0.0, 0.0)","(0.0, 0.0, 0.0)","(0.0, 0.0, 0.0)","(0.0, 0.0, 0.0)","(0.0, 0.0, 0.0)","(0.0, 0.0, 0.0)","(0.0, 0.0, 0.0)",0,0,0,0,0,0,False,0,0,0,0,0,0,0,0,"(0.0, 6.0, 328.3)","(0.2, 0.0, 0.0, 1.0)"
0,844625.8,0,0,0,0,0,0,0,0,0,"(0.0, 0.0)","(0.0, 0.0)","(0.0, 0.0)","(0.0, 0.0, 0.0)","(0.0, 0.0, 0.0)","(0.0, 0.0, 0.0)","(0.0, 0.0, 0.0)","(0.0, 0.0, 0.0)","(0.0, 0.0, 0.0)",0,0,0,0,0,0,False,0,0,0,0,0,0,0,0,"(0.0, 6.0, 328.5)","(0.2, 0.0, 0.0, 1.0)"
0,844643.5,0,0,0,0,0,0,0,0,0,"(0.0, 0.0)","(0.0, 0.0)","(0.0, 0.0)","(0.0, 0.0, 0.0)","(0.0, 0.0, 0.0)","(0.0, 0.0, 0.0)","(0.0, 0.0, 0.0)","(0.0, 0.0, 0.0)","(0.0, 0.0, 0.0)",0,0,0,0,0,0,False,0,0,0,0,0,0,0,0,"(0.0, 6.0, 328.7)","(0.2, 0.0, 0.0, 1.0)"
0,844662.9,0,0,0,0,0,0,0,0,0,"(0.0, 0.0)","(0.0, 0.0)","(0.0, 0.0)","(0.0, 0.0, 0.0)","(0.0, 0.0, 0.0)","(0.0, 0.0, 0.0)","(0.0, 0.0, 0.0)","(0.0, 0.0, 0.0)","(0.0, 0.0, 0.0)",0,0,0,0,0,0,False,0,0,0,0,0,0,0,0,"(0.0, 6.0, 328.9)","(0.2, 0.0, 0.0, 1.0)"
0,844680.8,0,0,0,0,0,0,0,0,0,"(0.0, 0.0)","(0.0, 0.0)","(0.0, 0.0)","(0.0, 0.0, 0.0)","(0.0, 0.0, 0.0)","(0.0, 0.0, 0.0)","(0.0, 0.0, 0.0)","(0.0, 0.0, 0.0)","(0.0, 0.0, 0.0)",0,0,0,0,0,0,False,0,0,0,0,0,0,0,0,"(0.0, 6.0, 329.1)","(0.2, 0.0, 0.0, 1.0)"
0,844700.3,0,0,0,0,0,0,0,0,0,"(0.0, 0.0)","(0.0, 0.0)","(0.0, 0.0)","(0.0, 0.0, 0.0)","(0.0, 0.0, 0.0)","(0.0, 0.0, 0.0)","(0.0, 0.0, 0.0)","(0.0, 0.0, 0.0)","(0.0, 0.0, 0.0)",0,0,0,0,0,0,False,0,0,0,0,0,0,0,0,"(0.0, 6.0, 329.3)","(0.2, 0.0, 0.0, 1.0)"
0,844718.9,0,0,0,0,0,0,0,0,0,"(0.0, 0.0)","(0.0, 0.0)","(0.0, 0.0)","(0.0, 0.0, 0.0)","(0.0, 0.0, 0.0)","(0.0, 0.0, 0.0)","(0.0, 0.0, 0.0)","(0.0, 0.0, 0.0)","(0.0, 0.0, 0.0)",0,0,0,0,0,0,False,0,0,0,0,0,0,0,0,"(0.0, 6.0, 329.5)","(0.2, 0.0, 0.0, 1.0)"
0,844735.9,0,0,0,0,0,0,0,0,0,"(0.0, 0.0)","(0.0, 0.0)","(0.0, 0.0)","(0.0, 0.0, 0.0)","(0.0, 0.0, 0.0)","(0.0, 0.0, 0.0)","(0.0, 0.0, 0.0)","(0.0, 0.0, 0.0)","(0.0, 0.0, 0.0)",0,0,0,0,0,0,False,0,0,0,0,0,0,0,0,"(0.0, 6.0, 329.7)","(0.2, 0.0, 0.0, 1.0)"
0,844753.9,0,0,0,0,0,0,0,0,0,"(0.0, 0.0)","(0.0, 0.0)","(0.0, 0.0)","(0.0, 0.0, 0.0)","(0.0, 0.0, 0.0)","(0.0, 0.0, 0.0)","(0.0, 0.0, 0.0)","(0.0, 0.0, 0.0)","(0.0, 0.0, 0.0)",0,0,0,0,0,0,False,0,0,0,0,0,0,0,0,"(0.0, 6.0, 329.9)","(0.2, 0.0, 0.0, 1.0)"
0,844773.9,0,0,0,0,0,0,0,0,0,"(0.0, 0.0)","(0.0, 0.0)","(0.0, 0.0)","(0.0, 0.0, 0.0)","(0.0, 0.0, 0.0)","(0.0, 0.0, 0.0)","(0.0, 0.0, 0.0)","(0.0, 0.0, 0.0)","(0.0, 0.0, 0.0)",0,0,0,0,0,0,False,0,0,0,0,0,0,0,0,"(0.0, 6.0, 330.1)","(0.2, 0.0, 0.0, 1.0)"
0,844797.7,0,0,0,0,0,0,0,0,0,"(0.0, 0.0)","(0.0, 0.0)","(0.0, 0.0)","(0.0, 0.0, 0.0)","(0.0, 0.0, 0.0)","(0.0, 0.0, 0.0)","(0.0, 0.0, 0.0)","(0.0, 0.0, 0.0)","(0.0, 0.0, 0.0)",0,0,0,0,0,0,False,0,0,0,0,0,0,0,0,"(0.0, 6.0, 330.3)","(0.2, 0.0, 0.0, 1.0)"
0,844819.1,0,0,0,0,0,0,0,0,0,"(0.0, 0.0)","(0.0, 0.0)","(0.0, 0.0)","(0.0, 0.0, 0.0)","(0.0, 0.0, 0.0)","(0.0, 0.0, 0.0)","(0.0, 0.0, 0.0)","(0.0, 0.0, 0.0)","(0.0, 0.0, 0.0)",0,0,0,0,0,0,False,0,0,0,0,0,0,0,0,"(0.0, 6.0, 330.5)","(0.2, 0.0, 0.0, 1.0)"
0,844840.9,0,0,0,0,0,0,0,0,0,"(0.0, 0.0)","(0.0, 0.0)","(0.0, 0.0)","(0.0, 0.0, 0.0)","(0.0, 0.0, 0.0)","(0.0, 0.0, 0.0)","(0.0, 0.0, 0.0)","(0.0, 0.0, 0.0)","(0.0, 0.0, 0.0)",0,0,0,0,0,0,False,0,0,0,0,0,0,0,0,"(0.0, 6.0, 330.7)","(0.2, 0.0, 0.0, 1.0)"
0,844863.8,0,0,0,0,0,0,0,0,0,"(0.0, 0.0)","(0.0, 0.0)","(0.0, 0.0)","(0.0, 0.0, 0.0)","(0.0, 0.0, 0.0)","(0.0, 0.0, 0.0)","(0.0, 0.0, 0.0)","(0.0, 0.0, 0.0)","(0.0, 0.0, 0.0)",0,0,0,0,0,0,False,0,0,0,0,0,0,0,0,"(0.0, 6.0, 330.9)","(0.2, 0.0, 0.0, 1.0)"
0,844885.8,0,0,0,0,0,0,0,0,0,"(0.0, 0.0)","(0.0, 0.0)","(0.0, 0.0)","(0.0, 0.0, 0.0)","(0.0, 0.0, 0.0)","(0.0, 0.0, 0.0)","(0.0, 0.0, 0.0)","(0.0, 0.0, 0.0)","(0.0, 0.0, 0.0)",0,0,0,0,0,0,False,0,0,0,0,0,0,0,0,"(0.0, 6.0, 331.1)","(0.2, 0.0, 0.0, 1.0)"
0,844907.7,0,0,0,0,0,0,0,0,0,"(0.0, 0.0)","(0.0, 0.0)","(0.0, 0.0)","(0.0, 0.0, 0.0)","(0.0, 0.0, 0.0)","(0.0, 0.0, 0.0)","(0.0, 0.0, 0.0)","(0.0, 0.0, 0.0)","(0.0, 0.0, 0.0)",0,0,0,0,0,0,False,0,0,0,0,0,0,0,0,"(0.0, 6.0, 331.3)","(0.2, 0.0, 0.0, 1.0)"
0,844930.3,0,0,0,0,0,0,0,0,0,"(0.0, 0.0)","(0.0, 0.0)","(0.0, 0.0)","(0.0, 0.0, 0.0)","(0.0, 0.0, 0.0)","(0.0, 0.0, 0.0)","(0.0, 0.0, 0.0)","(0.0, 0.0, 0.0)","(0.0, 0.0, 0.0)",0,0,0,0,0,0,False,0,0,0,0,0,0,0,0,"(0.0, 6.0, 331.5)","(0.2, 0.0, 0.0, 1.0)"
0,844953,0,0,0,0,0,0,0,0,0,"(0.0, 0.0)","(0.0, 0.0)","(0.0, 0.0)","(0.0, 0.0, 0.0)","(0.0, 0.0, 0.0)","(0.0, 0.0, 0.0)","(0.0, 0.0, 0.0)","(0.0, 0.0, 0.0)","(0.0, 0.0, 0.0)",0,0,0,0,0,0,False,0,0,0,0,0,0,0,0,"(0.0, 6.0, 331.7)","(0.2, 0.0, 0.0, 1.0)"
0,844974.4,0,0,0,0,0,0,0,0,0,"(0.0, 0.0)","(0.0, 0.0)","(0.0, 0.0)","(0.0, 0.0, 0.0)","(0.0, 0.0, 0.0)","(0.0, 0.0, 0.0)","(0.0, 0.0, 0.0)","(0.0, 0.0, 0.0)","(0.0, 0.0, 0.0)",0,0,0,0,0,0,False,0,0,0,0,0,0,0,0,"(0.0, 6.0, 331.9)","(0.2, 0.0, 0.0, 1.0)"
0,844997.2,0,0,0,0,0,0,0,0,0,"(0.0, 0.0)","(0.0, 0.0)","(0.0, 0.0)","(0.0, 0.0, 0.0)","(0.0, 0.0, 0.0)","(0.0, 0.0, 0.0)","(0.0, 0.0, 0.0)","(0.0, 0.0, 0.0)","(0.0, 0.0, 0.0)",0,0,0,0,0,0,False,0,0,0,0,0,0,0,0,"(0.0, 6.0, 332.1)","(0.2, 0.0, 0.0, 1.0)"
0,845019.4,0,0,0,0,0,0,0,0,0,"(0.0, 0.0)","(0.0, 0.0)","(0.0, 0.0)","(0.0, 0.0, 0.0)","(0.0, 0.0, 0.0)","(0.0, 0.0, 0.0)","(0.0, 0.0, 0.0)","(0.0, 0.0, 0.0)","(0.0, 0.0, 0.0)",0,0,0,0,0,0,False,0,0,0,0,0,0,0,0,"(0.0, 6.0, 332.3)","(0.2, 0.0, 0.0, 1.0)"
0,845040.9,0,0,0,0,0,0,0,0,0,"(0.0, 0.0)","(0.0, 0.0)","(0.0, 0.0)","(0.0, 0.0, 0.0)","(0.0, 0.0, 0.0)","(0.0, 0.0, 0.0)","(0.0, 0.0, 0.0)","(0.0, 0.0, 0.0)","(0.0, 0.0, 0.0)",0,0,0,0,0,0,False,0,0,0,0,0,0,0,0,"(0.0, 6.0, 332.5)","(0.2, 0.0, 0.0, 1.0)"
0,845063.7,0,0,0,0,0,0,0,0,0,"(0.0, 0.0)","(0.0, 0.0)","(0.0, 0.0)","(0.0, 0.0, 0.0)","(0.0, 0.0, 0.0)","(0.0, 0.0, 0.0)","(0.0, 0.0, 0.0)","(0.0, 0.0, 0.0)","(0.0, 0.0, 0.0)",0,0,0,0,0,0,False,0,0,0,0,0,0,0,0,"(0.0, 6.0, 332.8)","(0.2, 0.0, 0.0, 1.0)"
0,845086.4,0,0,0,0,0,0,0,0,0,"(0.0, 0.0)","(0.0, 0.0)","(0.0, 0.0)","(0.0, 0.0, 0.0)","(0.0, 0.0, 0.0)","(0.0, 0.0, 0.0)","(0.0, 0.0, 0.0)","(0.0, 0.0, 0.0)","(0.0, 0.0, 0.0)",0,0,0,0,0,0,False,0,0,0,0,0,0,0,0,"(0.0, 6.0, 333.0)","(0.2, 0.0, 0.0, 1.0)"
0,845107.6,0,0,0,0,0,0,0,0,0,"(0.0, 0.0)","(0.0, 0.0)","(0.0, 0.0)","(0.0, 0.0, 0.0)","(0.0, 0.0, 0.0)","(0.0, 0.0, 0.0)","(0.0, 0.0, 0.0)","(0.0, 0.0, 0.0)","(0.0, 0.0, 0.0)",0,0,0,0,0,0,False,0,0,0,0,0,0,0,0,"(0.0, 6.0, 333.2)","(0.2, 0.0, 0.0, 1.0)"
0,845130.1,0,0,0,0,0,0,0,0,0,"(0.0, 0.0)","(0.0, 0.0)","(0.0, 0.0)","(0.0, 0.0, 0.0)","(0.0, 0.0, 0.0)","(0.0, 0.0, 0.0)","(0.0, 0.0, 0.0)","(0.0, 0.0, 0.0)","(0.0, 0.0, 0.0)",0,0,0,0,0,0,False,0,0,0,0,0,0,0,0,"(0.0, 6.0, 333.4)","(0.2, 0.0, 0.0, 1.0)"
0,845152.8,0,0,0,0,0,0,0,0,0,"(0.0, 0.0)","(0.0, 0.0)","(0.0, 0.0)","(0.0, 0.0, 0.0)","(0.0, 0.0, 0.0)","(0.0, 0.0, 0.0)","(0.0, 0.0, 0.0)","(0.0, 0.0, 0.0)","(0.0, 0.0, 0.0)",0,0,0,0,0,0,False,0,0,0,0,0,0,0,0,"(0.0, 6.0, 333.6)","(0.2, 0.0, 0.0, 1.0)"
0,845173.8,0,0,0,0,0,0,0,0,0,"(0.0, 0.0)","(0.0, 0.0)","(0.0, 0.0)","(0.0, 0.0, 0.0)","(0.0, 0.0, 0.0)","(0.0, 0.0, 0.0)","(0.0, 0.0, 0.0)","(0.0, 0.0, 0.0)","(0.0, 0.0, 0.0)",0,0,0,0,0,0,False,0,0,0,0,0,0,0,0,"(0.0, 6.0, 333.8)","(0.2, 0.0, 0.0, 1.0)"
0,845196.8,0,0,0,0,0,0,0,0,0,"(0.0, 0.0)","(0.0, 0.0)","(0.0, 0.0)","(0.0, 0.0, 0.0)","(0.0, 0.0, 0.0)","(0.0, 0.0, 0.0)","(0.0, 0.0, 0.0)","(0.0, 0.0, 0.0)","(0.0, 0.0, 0.0)",0,0,0,0,0,0,False,0,0,0,0,0,0,0,0,"(0.0, 6.0, 334.1)","(0.2, 0.0, 0.0, 1.0)"
0,845219.4,0,0,0,0,0,0,0,0,0,"(0.0, 0.0)","(0.0, 0.0)","(0.0, 0.0)","(0.0, 0.0, 0.0)","(0.0, 0.0, 0.0)","(0.0, 0.0, 0.0)","(0.0, 0.0, 0.0)","(0.0, 0.0, 0.0)","(0.0, 0.0, 0.0)",0,0,0,0,0,0,False,0,0,0,0,0,0,0,0,"(0.0, 6.0, 334.3)","(0.2, 0.0, 0.0, 1.0)"
0,845237.7,0,0,0,0,0,0,0,0,0,"(0.0, 0.0)","(0.0, 0.0)","(0.0, 0.0)","(0.0, 0.0, 0.0)","(0.0, 0.0, 0.0)","(0.0, 0.0, 0.0)","(0.0, 0.0, 0.0)","(0.0, 0.0, 0.0)","(0.0, 0.0, 0.0)",0,0,0,0,0,0,False,0,0,0,0,0,0,0,0,"(0.0, 6.0, 334.5)","(0.2, 0.0, 0.0, 1.0)"
0,845256.7,0,0,0,0,0,0,0,0,0,"(0.0, 0.0)","(0.0, 0.0)","(0.0, 0.0)","(0.0, 0.0, 0.0)","(0.0, 0.0, 0.0)","(0.0, 0.0, 0.0)","(0.0, 0.0, 0.0)","(0.0, 0.0, 0.0)","(0.0, 0.0, 0.0)",0,0,0,0,0,0,False,0,0,0,0,0,0,0,0,"(0.0, 6.0, 334.7)","(0.2, 0.0, 0.0, 1.0)"
0,845280.3,0,0,0,0,0,0,0,0,0,"(0.0, 0.0)","(0.0, 0.0)","(0.0, 0.0)","(0.0, 0.0, 0.0)","(0.0, 0.0, 0.0)","(0.0, 0.0, 0.0)","(0.0, 0.0, 0.0)","(0.0, 0.0, 0.0)","(0.0, 0.0, 0.0)",0,0,0,0,0,0,False,0,0,0,0,0,0,0,0,"(0.0, 6.0, 334.9)","(0.2, 0.0, 0.0, 1.0)"
0,845299.8,0,0,0,0,0,0,0,0,0,"(0.0, 0.0)","(0.0, 0.0)","(0.0, 0.0)","(0.0, 0.0, 0.0)","(0.0, 0.0, 0.0)","(0.0, 0.0, 0.0)","(0.0, 0.0, 0.0)","(0.0, 0.0, 0.0)","(0.0, 0.0, 0.0)",0,0,0,0,0,0,False,0,0,0,0,0,0,0,0,"(0.0, 6.0, 335.1)","(0.2, 0.0, 0.0, 1.0)"
0,845318.7,0,0,0,0,0,0,0,0,0,"(0.0, 0.0)","(0.0, 0.0)","(0.0, 0.0)","(0.0, 0.0, 0.0)","(0.0, 0.0, 0.0)","(0.0, 0.0, 0.0)","(0.0, 0.0, 0.0)","(0.0, 0.0, 0.0)","(0.0, 0.0, 0.0)",0,0,0,0,0,0,False,0,0,0,0,0,0,0,0,"(0.0, 6.0, 335.3)","(0.2, 0.0, 0.0, 1.0)"
0,845335.8,0,0,0,0,0,0,0,0,0,"(0.0, 0.0)","(0.0, 0.0)","(0.0, 0.0)","(0.0, 0.0, 0.0)","(0.0, 0.0, 0.0)","(0.0, 0.0, 0.0)","(0.0, 0.0, 0.0)","(0.0, 0.0, 0.0)","(0.0, 0.0, 0.0)",0,0,0,0,0,0,False,0,0,0,0,0,0,0,0,"(0.0, 6.0, 335.5)","(0.2, 0.0, 0.0, 1.0)"
0,845354.8,0,0,0,0,0,0,0,0,0,"(0.0, 0.0)","(0.0, 0.0)","(0.0, 0.0)","(0.0, 0.0, 0.0)","(0.0, 0.0, 0.0)","(0.0, 0.0, 0.0)","(0.0, 0.0, 0.0)","(0.0, 0.0, 0.0)","(0.0, 0.0, 0.0)",0,0,0,0,0,0,False,0,0,0,0,0,0,0,0,"(0.0, 6.0, 335.8)","(0.2, 0.0, 0.0, 1.0)"
0,845374.4,0,0,0,0,0,0,0,0,0,"(0.0, 0.0)","(0.0, 0.0)","(0.0, 0.0)","(0.0, 0.0, 0.0)","(0.0, 0.0, 0.0)","(0.0, 0.0, 0.0)","(0.0, 0.0, 0.0)","(0.0, 0.0, 0.0)","(0.0, 0.0, 0.0)",0,0,0,0,0,0,False,0,0,0,0,0,0,0,0,"(0.0, 6.0, 336.0)","(0.2, 0.0, 0.0, 1.0)"
0,845393.1,0,0,0,0,0,0,0,0,0,"(0.0, 0.0)","(0.0, 0.0)","(0.0, 0.0)","(0.0, 0.0, 0.0)","(0.0, 0.0, 0.0)","(0.0, 0.0, 0.0)","(0.0, 0.0, 0.0)","(0.0, 0.0, 0.0)","(0.0, 0.0, 0.0)",0,0,0,0,0,0,False,0,0,0,0,0,0,0,0,"(0.0, 6.0, 336.2)","(0.2, 0.0, 0.0, 1.0)"
0,845412.7,0,0,0,0,0,0,0,0,0,"(0.0, 0.0)","(0.0, 0.0)","(0.0, 0.0)","(0.0, 0.0, 0.0)","(0.0, 0.0, 0.0)","(0.0, 0.0, 0.0)","(0.0, 0.0, 0.0)","(0.0, 0.0, 0.0)","(0.0, 0.0, 0.0)",0,0,0,0,0,0,False,0,0,0,0,0,0,0,0,"(0.0, 6.0, 336.4)","(0.2, 0.0, 0.0, 1.0)"
0,845432.3,0,0,0,0,0,0,0,0,0,"(0.0, 0.0)","(0.0, 0.0)","(0.0, 0.0)","(0.0, 0.0, 0.0)","(0.0, 0.0, 0.0)","(0.0, 0.0, 0.0)","(0.0, 0.0, 0.0)","(0.0, 0.0, 0.0)","(0.0, 0.0, 0.0)",0,0,0,0,0,0,False,0,0,0,0,0,0,0,0,"(0.0, 6.0, 336.6)","(0.2, 0.0, 0.0, 1.0)"
0,845452.4,0,0,0,0,0,0,0,0,0,"(0.0, 0.0)","(0.0, 0.0)","(0.0, 0.0)","(0.0, 0.0, 0.0)","(0.0, 0.0, 0.0)","(0.0, 0.0, 0.0)","(0.0, 0.0, 0.0)","(0.0, 0.0, 0.0)","(0.0, 0.0, 0.0)",0,0,0,0,0,0,False,0,0,0,0,0,0,0,0,"(0.0, 6.0, 336.8)","(0.2, 0.0, 0.0, 1.0)"
0,845471.1,0,0,0,0,0,0,0,0,0,"(0.0, 0.0)","(0.0, 0.0)","(0.0, 0.0)","(0.0, 0.0, 0.0)","(0.0, 0.0, 0.0)","(0.0, 0.0, 0.0)","(0.0, 0.0, 0.0)","(0.0, 0.0, 0.0)","(0.0, 0.0, 0.0)",0,0,0,0,0,0,False,0,0,0,0,0,0,0,0,"(0.0, 6.0, 337.0)","(0.2, 0.0, 0.0, 1.0)"
0,845492.8,0,0,0,0,0,0,0,0,0,"(0.0, 0.0)","(0.0, 0.0)","(0.0, 0.0)","(0.0, 0.0, 0.0)","(0.0, 0.0, 0.0)","(0.0, 0.0, 0.0)","(0.0, 0.0, 0.0)","(0.0, 0.0, 0.0)","(0.0, 0.0, 0.0)",0,0,0,0,0,0,False,0,0,0,0,0,0,0,0,"(0.0, 6.0, 337.2)","(0.2, 0.0, 0.0, 1.0)"
0,845511,0,0,0,0,0,0,0,0,0,"(0.0, 0.0)","(0.0, 0.0)","(0.0, 0.0)","(0.0, 0.0, 0.0)","(0.0, 0.0, 0.0)","(0.0, 0.0, 0.0)","(0.0, 0.0, 0.0)","(0.0, 0.0, 0.0)","(0.0, 0.0, 0.0)",0,0,0,0,0,0,False,0,0,0,0,0,0,0,0,"(0.0, 6.0, 337.4)","(0.2, 0.0, 0.0, 1.0)"
0,845530.6,0,0,0,0,0,0,0,0,0,"(0.0, 0.0)","(0.0, 0.0)","(0.0, 0.0)","(0.0, 0.0, 0.0)","(0.0, 0.0, 0.0)","(0.0, 0.0, 0.0)","(0.0, 0.0, 0.0)","(0.0, 0.0, 0.0)","(0.0, 0.0, 0.0)",0,0,0,0,0,0,False,0,0,0,0,0,0,0,0,"(0.0, 6.0, 337.6)","(0.2, 0.0, 0.0, 1.0)"
0,845550,0,0,0,0,0,0,0,0,0,"(0.0, 0.0)","(0.0, 0.0)","(0.0, 0.0)","(0.0, 0.0, 0.0)","(0.0, 0.0, 0.0)","(0.0, 0.0, 0.0)","(0.0, 0.0, 0.0)","(0.0, 0.0, 0.0)","(0.0, 0.0, 0.0)",0,0,0,0,0,0,False,0,0,0,0,0,0,0,0,"(0.0, 6.0, 337.8)","(0.2, 0.0, 0.0, 1.0)"
0,845570.4,0,0,0,0,0,0,0,0,0,"(0.0, 0.0)","(0.0, 0.0)","(0.0, 0.0)","(0.0, 0.0, 0.0)","(0.0, 0.0, 0.0)","(0.0, 0.0, 0.0)","(0.0, 0.0, 0.0)","(0.0, 0.0, 0.0)","(0.0, 0.0, 0.0)",0,0,0,0,0,0,False,0,0,0,0,0,0,0,0,"(0.0, 6.0, 338.0)","(0.2, 0.0, 0.0, 1.0)"
0,845589.1,0,0,0,0,0,0,0,0,0,"(0.0, 0.0)","(0.0, 0.0)","(0.0, 0.0)","(0.0, 0.0, 0.0)","(0.0, 0.0, 0.0)","(0.0, 0.0, 0.0)","(0.0, 0.0, 0.0)","(0.0, 0.0, 0.0)","(0.0, 0.0, 0.0)",0,0,0,0,0,0,False,0,0,0,0,0,0,0,0,"(0.0, 6.0, 338.2)","(0.2, 0.0, 0.0, 1.0)"
0,845607.8,0,0,0,0,0,0,0,0,0,"(0.0, 0.0)","(0.0, 0.0)","(0.0, 0.0)","(0.0, 0.0, 0.0)","(0.0, 0.0, 0.0)","(0.0, 0.0, 0.0)","(0.0, 0.0, 0.0)","(0.0, 0.0, 0.0)","(0.0, 0.0, 0.0)",0,0,0,0,0,0,False,0,0,0,0,0,0,0,0,"(0.0, 6.0, 338.4)","(0.2, 0.0, 0.0, 1.0)"
0,845625.6,0,0,0,0,0,0,0,0,0,"(0.0, 0.0)","(0.0, 0.0)","(0.0, 0.0)","(0.0, 0.0, 0.0)","(0.0, 0.0, 0.0)","(0.0, 0.0, 0.0)","(0.0, 0.0, 0.0)","(0.0, 0.0, 0.0)","(0.0, 0.0, 0.0)",0,0,0,0,0,0,False,0,0,0,0,0,0,0,0,"(0.0, 6.0, 338.6)","(0.2, 0.0, 0.0, 1.0)"
0,845648.8,0,0,0,0,0,0,0,0,0,"(0.0, 0.0)","(0.0, 0.0)","(0.0, 0.0)","(0.0, 0.0, 0.0)","(0.0, 0.0, 0.0)","(0.0, 0.0, 0.0)","(0.0, 0.0, 0.0)","(0.0, 0.0, 0.0)","(0.0, 0.0, 0.0)",0,0,0,0,0,0,False,0,0,0,0,0,0,0,0,"(0.0, 6.0, 338.8)","(0.2, 0.0, 0.0, 1.0)"
0,845668.1,0,0,0,0,0,0,0,0,0,"(0.0, 0.0)","(0.0, 0.0)","(0.0, 0.0)","(0.0, 0.0, 0.0)","(0.0, 0.0, 0.0)","(0.0, 0.0, 0.0)","(0.0, 0.0, 0.0)","(0.0, 0.0, 0.0)","(0.0, 0.0, 0.0)",0,0,0,0,0,0,False,0,0,0,0,0,0,0,0,"(0.0, 6.0, 339.0)","(0.2, 0.0, 0.0, 1.0)"
0,845684.7,0,0,0,0,0,0,0,0,0,"(0.0, 0.0)","(0.0, 0.0)","(0.0, 0.0)","(0.0, 0.0, 0.0)","(0.0, 0.0, 0.0)","(0.0, 0.0, 0.0)","(0.0, 0.0, 0.0)","(0.0, 0.0, 0.0)","(0.0, 0.0, 0.0)",0,0,0,0,0,0,False,0,0,0,0,0,0,0,0,"(0.0, 6.0, 339.1)","(0.2, 0.0, 0.0, 1.0)"
0,845702.9,0,0,0,0,0,0,0,0,0,"(0.0, 0.0)","(0.0, 0.0)","(0.0, 0.0)","(0.0, 0.0, 0.0)","(0.0, 0.0, 0.0)","(0.0, 0.0, 0.0)","(0.0, 0.0, 0.0)","(0.0, 0.0, 0.0)","(0.0, 0.0, 0.0)",0,0,0,0,0,0,False,0,0,0,0,0,0,0,0,"(0.0, 6.0, 339.3)","(0.2, 0.0, 0.0, 1.0)"
0,845720.8,0,0,0,0,0,0,0,0,0,"(0.0, 0.0)","(0.0, 0.0)","(0.0, 0.0)","(0.0, 0.0, 0.0)","(0.0, 0.0, 0.0)","(0.0, 0.0, 0.0)","(0.0, 0.0, 0.0)","(0.0, 0.0, 0.0)","(0.0, 0.0, 0.0)",0,0,0,0,0,0,False,0,0,0,0,0,0,0,0,"(0.0, 6.0, 339.5)","(0.2, 0.0, 0.0, 1.0)"
0,845740.2,0,0,0,0,0,0,0,0,0,"(0.0, 0.0)","(0.0, 0.0)","(0.0, 0.0)","(0.0, 0.0, 0.0)","(0.0, 0.0, 0.0)","(0.0, 0.0, 0.0)","(0.0, 0.0, 0.0)","(0.0, 0.0, 0.0)","(0.0, 0.0, 0.0)",0,0,0,0,0,0,False,0,0,0,0,0,0,0,0,"(0.0, 6.0, 339.7)","(0.2, 0.0, 0.0, 1.0)"
0,845763.9,0,0,0,0,0,0,0,0,0,"(0.0, 0.0)","(0.0, 0.0)","(0.0, 0.0)","(0.0, 0.0, 0.0)","(0.0, 0.0, 0.0)","(0.0, 0.0, 0.0)","(0.0, 0.0, 0.0)","(0.0, 0.0, 0.0)","(0.0, 0.0, 0.0)",0,0,0,0,0,0,False,0,0,0,0,0,0,0,0,"(0.0, 6.0, 339.9)","(0.2, 0.0, 0.0, 1.0)"
0,845784.8,0,0,0,0,0,0,0,0,0,"(0.0, 0.0)","(0.0, 0.0)","(0.0, 0.0)","(0.0, 0.0, 0.0)","(0.0, 0.0, 0.0)","(0.0, 0.0, 0.0)","(0.0, 0.0, 0.0)","(0.0, 0.0, 0.0)","(0.0, 0.0, 0.0)",0,0,0,0,0,0,False,0,0,0,0,0,0,0,0,"(0.0, 6.0, 340.1)","(0.2, 0.0, 0.0, 1.0)"
0,845806.5,0,0,0,0,0,0,0,0,0,"(0.0, 0.0)","(0.0, 0.0)","(0.0, 0.0)","(0.0, 0.0, 0.0)","(0.0, 0.0, 0.0)","(0.0, 0.0, 0.0)","(0.0, 0.0, 0.0)","(0.0, 0.0, 0.0)","(0.0, 0.0, 0.0)",0,0,0,0,0,0,False,0,0,0,0,0,0,0,0,"(0.0, 6.0, 340.3)","(0.2, 0.0, 0.0, 1.0)"
0,845829.9,0,0,0,0,0,0,0,0,0,"(0.0, 0.0)","(0.0, 0.0)","(0.0, 0.0)","(0.0, 0.0, 0.0)","(0.0, 0.0, 0.0)","(0.0, 0.0, 0.0)","(0.0, 0.0, 0.0)","(0.0, 0.0, 0.0)","(0.0, 0.0, 0.0)",0,0,0,0,0,0,False,0,0,0,0,0,0,0,0,"(0.0, 6.0, 340.5)","(0.2, 0.0, 0.0, 1.0)"
0,845852.1,0,0,0,0,0,0,0,0,0,"(0.0, 0.0)","(0.0, 0.0)","(0.0, 0.0)","(0.0, 0.0, 0.0)","(0.0, 0.0, 0.0)","(0.0, 0.0, 0.0)","(0.0, 0.0, 0.0)","(0.0, 0.0, 0.0)","(0.0, 0.0, 0.0)",0,0,0,0,0,0,False,0,0,0,0,0,0,0,0,"(0.0, 6.0, 340.7)","(0.2, 0.0, 0.0, 1.0)"
0,845873.7,0,0,0,0,0,0,0,0,0,"(0.0, 0.0)","(0.0, 0.0)","(0.0, 0.0)","(0.0, 0.0, 0.0)","(0.0, 0.0, 0.0)","(0.0, 0.0, 0.0)","(0.0, 0.0, 0.0)","(0.0, 0.0, 0.0)","(0.0, 0.0, 0.0)",0,0,0,0,0,0,False,0,0,0,0,0,0,0,0,"(0.0, 6.0, 340.9)","(0.2, 0.0, 0.0, 1.0)"
0,845896.6,0,0,0,0,0,0,0,0,0,"(0.0, 0.0)","(0.0, 0.0)","(0.0, 0.0)","(0.0, 0.0, 0.0)","(0.0, 0.0, 0.0)","(0.0, 0.0, 0.0)","(0.0, 0.0, 0.0)","(0.0, 0.0, 0.0)","(0.0, 0.0, 0.0)",0,0,0,0,0,0,False,0,0,0,0,0,0,0,0,"(0.0, 6.0, 341.1)","(0.2, 0.0, 0.0, 1.0)"
0,845919.9,0,0,0,0,0,0,0,0,0,"(0.0, 0.0)","(0.0, 0.0)","(0.0, 0.0)","(0.0, 0.0, 0.0)","(0.0, 0.0, 0.0)","(0.0, 0.0, 0.0)","(0.0, 0.0, 0.0)","(0.0, 0.0, 0.0)","(0.0, 0.0, 0.0)",0,0,0,0,0,0,False,0,0,0,0,0,0,0,0,"(0.0, 6.0, 341.4)","(0.2, 0.0, 0.0, 1.0)"
0,845940,0,0,0,0,0,0,0,0,0,"(0.0, 0.0)","(0.0, 0.0)","(0.0, 0.0)","(0.0, 0.0, 0.0)","(0.0, 0.0, 0.0)","(0.0, 0.0, 0.0)","(0.0, 0.0, 0.0)","(0.0, 0.0, 0.0)","(0.0, 0.0, 0.0)",0,0,0,0,0,0,False,0,0,0,0,0,0,0,0,"(0.0, 6.0, 341.6)","(0.2, 0.0, 0.0, 1.0)"
0,845963,0,0,0,0,0,0,0,0,0,"(0.0, 0.0)","(0.0, 0.0)","(0.0, 0.0)","(0.0, 0.0, 0.0)","(0.0, 0.0, 0.0)","(0.0, 0.0, 0.0)","(0.0, 0.0, 0.0)","(0.0, 0.0, 0.0)","(0.0, 0.0, 0.0)",0,0,0,0,0,0,False,0,0,0,0,0,0,0,0,"(0.0, 6.0, 341.8)","(0.2, 0.0, 0.0, 1.0)"
0,845985.7,0,0,0,0,0,0,0,0,0,"(0.0, 0.0)","(0.0, 0.0)","(0.0, 0.0)","(0.0, 0.0, 0.0)","(0.0, 0.0, 0.0)","(0.0, 0.0, 0.0)","(0.0, 0.0, 0.0)","(0.0, 0.0, 0.0)","(0.0, 0.0, 0.0)",0,0,0,0,0,0,False,0,0,0,0,0,0,0,0,"(0.0, 6.0, 342.0)","(0.2, 0.0, 0.0, 1.0)"
0,846006.5,0,0,0,0,0,0,0,0,0,"(0.0, 0.0)","(0.0, 0.0)","(0.0, 0.0)","(0.0, 0.0, 0.0)","(0.0, 0.0, 0.0)","(0.0, 0.0, 0.0)","(0.0, 0.0, 0.0)","(0.0, 0.0, 0.0)","(0.0, 0.0, 0.0)",0,0,0,0,0,0,False,0,0,0,0,0,0,0,0,"(0.0, 6.0, 342.2)","(0.2, 0.0, 0.0, 1.0)"
0,846029.5,0,0,0,0,0,0,0,0,0,"(0.0, 0.0)","(0.0, 0.0)","(0.0, 0.0)","(0.0, 0.0, 0.0)","(0.0, 0.0, 0.0)","(0.0, 0.0, 0.0)","(0.0, 0.0, 0.0)","(0.0, 0.0, 0.0)","(0.0, 0.0, 0.0)",0,0,0,0,0,0,False,0,0,0,0,0,0,0,0,"(0.0, 6.0, 342.4)","(0.2, 0.0, 0.0, 1.0)"
0,846051.9,0,0,0,0,0,0,0,0,0,"(0.0, 0.0)","(0.0, 0.0)","(0.0, 0.0)","(0.0, 0.0, 0.0)","(0.0, 0.0, 0.0)","(0.0, 0.0, 0.0)","(0.0, 0.0, 0.0)","(0.0, 0.0, 0.0)","(0.0, 0.0, 0.0)",0,0,0,0,0,0,False,0,0,0,0,0,0,0,0,"(0.0, 6.0, 342.6)","(0.2, 0.0, 0.0, 1.0)"
0,846073.3,0,0,0,0,0,0,0,0,0,"(0.0, 0.0)","(0.0, 0.0)","(0.0, 0.0)","(0.0, 0.0, 0.0)","(0.0, 0.0, 0.0)","(0.0, 0.0, 0.0)","(0.0, 0.0, 0.0)","(0.0, 0.0, 0.0)","(0.0, 0.0, 0.0)",0,0,0,0,0,0,False,0,0,0,0,0,0,0,0,"(0.0, 6.0, 342.8)","(0.2, 0.0, 0.0, 1.0)"
0,846096.2,0,0,0,0,0,0,0,0,0,"(0.0, 0.0)","(0.0, 0.0)","(0.0, 0.0)","(0.0, 0.0, 0.0)","(0.0, 0.0, 0.0)","(0.0, 0.0, 0.0)","(0.0, 0.0, 0.0)","(0.0, 0.0, 0.0)","(0.0, 0.0, 0.0)",0,0,0,0,0,0,False,0,0,0,0,0,0,0,0,"(0.0, 6.0, 343.1)","(0.2, 0.0, 0.0, 1.0)"
0,846118.7,0,0,0,0,0,0,0,0,0,"(0.0, 0.0)","(0.0, 0.0)","(0.0, 0.0)","(0.0, 0.0, 0.0)","(0.0, 0.0, 0.0)","(0.0, 0.0, 0.0)","(0.0, 0.0, 0.0)","(0.0, 0.0, 0.0)","(0.0, 0.0, 0.0)",0,0,0,0,0,0,False,0,0,0,0,0,0,0,0,"(0.0, 6.0, 343.3)","(0.2, 0.0, 0.0, 1.0)"
0,846140.1,0,0,0,0,0,0,0,0,0,"(0.0, 0.0)","(0.0, 0.0)","(0.0, 0.0)","(0.0, 0.0, 0.0)","(0.0, 0.0, 0.0)","(0.0, 0.0, 0.0)","(0.0, 0.0, 0.0)","(0.0, 0.0, 0.0)","(0.0, 0.0, 0.0)",0,0,0,0,0,0,False,0,0,0,0,0,0,0,0,"(0.0, 6.0, 343.5)","(0.2, 0.0, 0.0, 1.0)"
0,846163.3,0,0,0,0,0,0,0,0,0,"(0.0, 0.0)","(0.0, 0.0)","(0.0, 0.0)","(0.0, 0.0, 0.0)","(0.0, 0.0, 0.0)","(0.0, 0.0, 0.0)","(0.0, 0.0, 0.0)","(0.0, 0.0, 0.0)","(0.0, 0.0, 0.0)",0,0,0,0,0,0,False,0,0,0,0,0,0,0,0,"(0.0, 6.0, 343.7)","(0.2, 0.0, 0.0, 1.0)"
0,846186.9,0,0,0,0,0,0,0,0,0,"(0.0, 0.0)","(0.0, 0.0)","(0.0, 0.0)","(0.0, 0.0, 0.0)","(0.0, 0.0, 0.0)","(0.0, 0.0, 0.0)","(0.0, 0.0, 0.0)","(0.0, 0.0, 0.0)","(0.0, 0.0, 0.0)",0,0,0,0,0,0,False,0,0,0,0,0,0,0,0,"(0.0, 6.0, 343.9)","(0.2, 0.0, 0.0, 1.0)"
0,846206.1,0,0,0,0,0,0,0,0,0,"(0.0, 0.0)","(0.0, 0.0)","(0.0, 0.0)","(0.0, 0.0, 0.0)","(0.0, 0.0, 0.0)","(0.0, 0.0, 0.0)","(0.0, 0.0, 0.0)","(0.0, 0.0, 0.0)","(0.0, 0.0, 0.0)",0,0,0,0,0,0,False,0,0,0,0,0,0,0,0,"(0.0, 6.0, 344.2)","(0.2, 0.0, 0.0, 1.0)"
0,846225.3,0,0,0,0,0,0,0,0,0,"(0.0, 0.0)","(0.0, 0.0)","(0.0, 0.0)","(0.0, 0.0, 0.0)","(0.0, 0.0, 0.0)","(0.0, 0.0, 0.0)","(0.0, 0.0, 0.0)","(0.0, 0.0, 0.0)","(0.0, 0.0, 0.0)",0,0,0,0,0,0,False,0,0,0,0,0,0,0,0,"(0.0, 6.0, 344.4)","(0.2, 0.0, 0.0, 1.0)"
0,846244.3,0,0,0,0,0,0,0,0,0,"(0.0, 0.0)","(0.0, 0.0)","(0.0, 0.0)","(0.0, 0.0, 0.0)","(0.0, 0.0, 0.0)","(0.0, 0.0, 0.0)","(0.0, 0.0, 0.0)","(0.0, 0.0, 0.0)","(0.0, 0.0, 0.0)",0,0,0,0,0,0,False,0,0,0,0,0,0,0,0,"(0.0, 6.0, 344.6)","(0.2, 0.0, 0.0, 1.0)"
0,846269,0,0,0,0,0,0,0,0,0,"(0.0, 0.0)","(0.0, 0.0)","(0.0, 0.0)","(0.0, 0.0, 0.0)","(0.0, 0.0, 0.0)","(0.0, 0.0, 0.0)","(0.0, 0.0, 0.0)","(0.0, 0.0, 0.0)","(0.0, 0.0, 0.0)",0,0,0,0,0,0,False,0,0,0,0,0,0,0,0,"(0.0, 6.0, 344.8)","(0.2, 0.0, 0.0, 1.0)"
0,846287.5,0,0,0,0,0,0,0,0,0,"(0.0, 0.0)","(0.0, 0.0)","(0.0, 0.0)","(0.0, 0.0, 0.0)","(0.0, 0.0, 0.0)","(0.0, 0.0, 0.0)","(0.0, 0.0, 0.0)","(0.0, 0.0, 0.0)","(0.0, 0.0, 0.0)",0,0,0,0,0,0,False,0,0,0,0,0,0,0,0,"(0.0, 6.0, 345.0)","(0.2, 0.0, 0.0, 1.0)"
0,846305.1,0,0,0,0,0,0,0,0,0,"(0.0, 0.0)","(0.0, 0.0)","(0.0, 0.0)","(0.0, 0.0, 0.0)","(0.0, 0.0, 0.0)","(0.0, 0.0, 0.0)","(0.0, 0.0, 0.0)","(0.0, 0.0, 0.0)","(0.0, 0.0, 0.0)",0,0,0,0,0,0,False,0,0,0,0,0,0,0,0,"(0.0, 6.0, 345.2)","(0.2, 0.0, 0.0, 1.0)"
0,846324.1,0,0,0,0,0,0,0,0,0,"(0.0, 0.0)","(0.0, 0.0)","(0.0, 0.0)","(0.0, 0.0, 0.0)","(0.0, 0.0, 0.0)","(0.0, 0.0, 0.0)","(0.0, 0.0, 0.0)","(0.0, 0.0, 0.0)","(0.0, 0.0, 0.0)",0,0,0,0,0,0,False,0,0,0,0,0,0,0,0,"(0.0, 6.0, 345.4)","(0.2, 0.0, 0.0, 1.0)"
0,846343.8,0,0,0,0,0,0,0,0,0,"(0.0, 0.0)","(0.0, 0.0)","(0.0, 0.0)","(0.0, 0.0, 0.0)","(0.0, 0.0, 0.0)","(0.0, 0.0, 0.0)","(0.0, 0.0, 0.0)","(0.0, 0.0, 0.0)","(0.0, 0.0, 0.0)",0,0,0,0,0,0,False,0,0,0,0,0,0,0,0,"(0.0, 6.0, 345.6)","(0.2, 0.0, 0.0, 1.0)"
0,846363.1,0,0,0,0,0,0,0,0,0,"(0.0, 0.0)","(0.0, 0.0)","(0.0, 0.0)","(0.0, 0.0, 0.0)","(0.0, 0.0, 0.0)","(0.0, 0.0, 0.0)","(0.0, 0.0, 0.0)","(0.0, 0.0, 0.0)","(0.0, 0.0, 0.0)",0,0,0,0,0,0,False,0,0,0,0,0,0,0,0,"(0.0, 6.0, 345.8)","(0.2, 0.0, 0.0, 1.0)"
0,846381.1,0,0,0,0,0,0,0,0,0,"(0.0, 0.0)","(0.0, 0.0)","(0.0, 0.0)","(0.0, 0.0, 0.0)","(0.0, 0.0, 0.0)","(0.0, 0.0, 0.0)","(0.0, 0.0, 0.0)","(0.0, 0.0, 0.0)","(0.0, 0.0, 0.0)",0,0,0,0,0,0,False,0,0,0,0,0,0,0,0,"(0.0, 6.0, 346.0)","(0.2, 0.0, 0.0, 1.0)"
0,846401,0,0,0,0,0,0,0,0,0,"(0.0, 0.0)","(0.0, 0.0)","(0.0, 0.0)","(0.0, 0.0, 0.0)","(0.0, 0.0, 0.0)","(0.0, 0.0, 0.0)","(0.0, 0.0, 0.0)","(0.0, 0.0, 0.0)","(0.0, 0.0, 0.0)",0,0,0,0,0,0,False,0,0,0,0,0,0,0,0,"(0.0, 6.0, 346.2)","(0.2, 0.0, 0.0, 1.0)"
0,846420.3,0,0,0,0,0,0,0,0,0,"(0.0, 0.0)","(0.0, 0.0)","(0.0, 0.0)","(0.0, 0.0, 0.0)","(0.0, 0.0, 0.0)","(0.0, 0.0, 0.0)","(0.0, 0.0, 0.0)","(0.0, 0.0, 0.0)","(0.0, 0.0, 0.0)",0,0,0,0,0,0,False,0,0,0,0,0,0,0,0,"(0.0, 6.0, 346.4)","(0.2, 0.0, 0.0, 1.0)"
0,846438.1,0,0,0,0,0,0,0,0,0,"(0.0, 0.0)","(0.0, 0.0)","(0.0, 0.0)","(0.0, 0.0, 0.0)","(0.0, 0.0, 0.0)","(0.0, 0.0, 0.0)","(0.0, 0.0, 0.0)","(0.0, 0.0, 0.0)","(0.0, 0.0, 0.0)",0,0,0,0,0,0,False,0,0,0,0,0,0,0,0,"(0.0, 6.0, 346.6)","(0.2, 0.0, 0.0, 1.0)"
0,846456.8,0,0,0,0,0,0,0,0,0,"(0.0, 0.0)","(0.0, 0.0)","(0.0, 0.0)","(0.0, 0.0, 0.0)","(0.0, 0.0, 0.0)","(0.0, 0.0, 0.0)","(0.0, 0.0, 0.0)","(0.0, 0.0, 0.0)","(0.0, 0.0, 0.0)",0,0,0,0,0,0,False,0,0,0,0,0,0,0,0,"(0.0, 6.0, 346.8)","(0.2, 0.0, 0.0, 1.0)"
0,846475.6,0,0,0,0,0,0,0,0,0,"(0.0, 0.0)","(0.0, 0.0)","(0.0, 0.0)","(0.0, 0.0, 0.0)","(0.0, 0.0, 0.0)","(0.0, 0.0, 0.0)","(0.0, 0.0, 0.0)","(0.0, 0.0, 0.0)","(0.0, 0.0, 0.0)",0,0,0,0,0,0,False,0,0,0,0,0,0,0,0,"(0.0, 6.0, 347.0)","(0.2, 0.0, 0.0, 1.0)"
0,846494.1,0,0,0,0,0,0,0,0,0,"(0.0, 0.0)","(0.0, 0.0)","(0.0, 0.0)","(0.0, 0.0, 0.0)","(0.0, 0.0, 0.0)","(0.0, 0.0, 0.0)","(0.0, 0.0, 0.0)","(0.0, 0.0, 0.0)","(0.0, 0.0, 0.0)",0,0,0,0,0,0,False,0,0,0,0,0,0,0,0,"(0.0, 6.0, 347.2)","(0.2, 0.0, 0.0, 1.0)"
0,846512.2,0,0,0,0,0,0,0,0,0,"(0.0, 0.0)","(0.0, 0.0)","(0.0, 0.0)","(0.0, 0.0, 0.0)","(0.0, 0.0, 0.0)","(0.0, 0.0, 0.0)","(0.0, 0.0, 0.0)","(0.0, 0.0, 0.0)","(0.0, 0.0, 0.0)",0,0,0,0,0,0,False,0,0,0,0,0,0,0,0,"(0.0, 6.0, 347.4)","(0.2, 0.0, 0.0, 1.0)"
0,846533.6,0,0,0,0,0,0,0,0,0,"(0.0, 0.0)","(0.0, 0.0)","(0.0, 0.0)","(0.0, 0.0, 0.0)","(0.0, 0.0, 0.0)","(0.0, 0.0, 0.0)","(0.0, 0.0, 0.0)","(0.0, 0.0, 0.0)","(0.0, 0.0, 0.0)",0,0,0,0,0,0,False,0,0,0,0,0,0,0,0,"(0.0, 6.0, 347.6)","(0.2, 0.0, 0.0, 1.0)"
0,846552.4,0,0,0,0,0,0,0,0,0,"(0.0, 0.0)","(0.0, 0.0)","(0.0, 0.0)","(0.0, 0.0, 0.0)","(0.0, 0.0, 0.0)","(0.0, 0.0, 0.0)","(0.0, 0.0, 0.0)","(0.0, 0.0, 0.0)","(0.0, 0.0, 0.0)",0,0,0,0,0,0,False,0,0,0,0,0,0,0,0,"(0.0, 6.0, 347.8)","(0.2, 0.0, 0.0, 1.0)"
0,846570.7,0,0,0,0,0,0,0,0,0,"(0.0, 0.0)","(0.0, 0.0)","(0.0, 0.0)","(0.0, 0.0, 0.0)","(0.0, 0.0, 0.0)","(0.0, 0.0, 0.0)","(0.0, 0.0, 0.0)","(0.0, 0.0, 0.0)","(0.0, 0.0, 0.0)",0,0,0,0,0,0,False,0,0,0,0,0,0,0,0,"(0.0, 6.0, 348.0)","(0.2, 0.0, 0.0, 1.0)"
0,846592.3,0,0,0,0,0,0,0,0,0,"(0.0, 0.0)","(0.0, 0.0)","(0.0, 0.0)","(0.0, 0.0, 0.0)","(0.0, 0.0, 0.0)","(0.0, 0.0, 0.0)","(0.0, 0.0, 0.0)","(0.0, 0.0, 0.0)","(0.0, 0.0, 0.0)",0,0,0,0,0,0,False,0,0,0,0,0,0,0,0,"(0.0, 6.0, 348.2)","(0.2, 0.0, 0.0, 1.0)"
0,846610.6,0,0,0,0,0,0,0,0,0,"(0.0, 0.0)","(0.0, 0.0)","(0.0, 0.0)","(0.0, 0.0, 0.0)","(0.0, 0.0, 0.0)","(0.0, 0.0, 0.0)","(0.0, 0.0, 0.0)","(0.0, 0.0, 0.0)","(0.0, 0.0, 0.0)",0,0,0,0,0,0,False,0,0,0,0,0,0,0,0,"(0.0, 6.0, 348.4)","(0.2, 0.0, 0.0, 1.0)"
0,846629.4,0,0,0,0,0,0,0,0,0,"(0.0, 0.0)","(0.0, 0.0)","(0.0, 0.0)","(0.0, 0.0, 0.0)","(0.0, 0.0, 0.0)","(0.0, 0.0, 0.0)","(0.0, 0.0, 0.0)","(0.0, 0.0, 0.0)","(0.0, 0.0, 0.0)",0,0,0,0,0,0,False,0,0,0,0,0,0,0,0,"(0.0, 6.0, 348.6)","(0.2, 0.0, 0.0, 1.0)"
0,846647.9,0,0,0,0,0,0,0,0,0,"(0.0, 0.0)","(0.0, 0.0)","(0.0, 0.0)","(0.0, 0.0, 0.0)","(0.0, 0.0, 0.0)","(0.0, 0.0, 0.0)","(0.0, 0.0, 0.0)","(0.0, 0.0, 0.0)","(0.0, 0.0, 0.0)",0,0,0,0,0,0,False,0,0,0,0,0,0,0,0,"(0.0, 6.0, 348.8)","(0.2, 0.0, 0.0, 1.0)"
0,846665.6,0,0,0,0,0,0,0,0,0,"(0.0, 0.0)","(0.0, 0.0)","(0.0, 0.0)","(0.0, 0.0, 0.0)","(0.0, 0.0, 0.0)","(0.0, 0.0, 0.0)","(0.0, 0.0, 0.0)","(0.0, 0.0, 0.0)","(0.0, 0.0, 0.0)",0,0,0,0,0,0,False,0,0,0,0,0,0,0,0,"(0.0, 6.0, 349.0)","(0.2, 0.0, 0.0, 1.0)"
0,846688.6,0,0,0,0,0,0,0,0,0,"(0.0, 0.0)","(0.0, 0.0)","(0.0, 0.0)","(0.0, 0.0, 0.0)","(0.0, 0.0, 0.0)","(0.0, 0.0, 0.0)","(0.0, 0.0, 0.0)","(0.0, 0.0, 0.0)","(0.0, 0.0, 0.0)",0,0,0,0,0,0,False,0,0,0,0,0,0,0,0,"(0.0, 6.0, 349.2)","(0.2, 0.0, 0.0, 1.0)"
0,846707.4,0,0,0,0,0,0,0,0,0,"(0.0, 0.0)","(0.0, 0.0)","(0.0, 0.0)","(0.0, 0.0, 0.0)","(0.0, 0.0, 0.0)","(0.0, 0.0, 0.0)","(0.0, 0.0, 0.0)","(0.0, 0.0, 0.0)","(0.0, 0.0, 0.0)",0,0,0,0,0,0,False,0,0,0,0,0,0,0,0,"(0.0, 6.0, 349.4)","(0.2, 0.0, 0.0, 1.0)"
0,846728.8,0,0,0,0,0,0,0,0,0,"(0.0, 0.0)","(0.0, 0.0)","(0.0, 0.0)","(0.0, 0.0, 0.0)","(0.0, 0.0, 0.0)","(0.0, 0.0, 0.0)","(0.0, 0.0, 0.0)","(0.0, 0.0, 0.0)","(0.0, 0.0, 0.0)",0,0,0,0,0,0,False,0,0,0,0,0,0,0,0,"(0.0, 6.0, 349.6)","(0.2, 0.0, 0.0, 1.0)"
0,846753,0,0,0,0,0,0,0,0,0,"(0.0, 0.0)","(0.0, 0.0)","(0.0, 0.0)","(0.0, 0.0, 0.0)","(0.0, 0.0, 0.0)","(0.0, 0.0, 0.0)","(0.0, 0.0, 0.0)","(0.0, 0.0, 0.0)","(0.0, 0.0, 0.0)",0,0,0,0,0,0,False,0,0,0,0,0,0,0,0,"(0.0, 6.0, 349.8)","(0.2, 0.0, 0.0, 1.0)"
0,846773,0,0,0,0,0,0,0,0,0,"(0.0, 0.0)","(0.0, 0.0)","(0.0, 0.0)","(0.0, 0.0, 0.0)","(0.0, 0.0, 0.0)","(0.0, 0.0, 0.0)","(0.0, 0.0, 0.0)","(0.0, 0.0, 0.0)","(0.0, 0.0, 0.0)",0,0,0,0,0,0,False,0,0,0,0,0,0,0,0,"(0.0, 6.0, 350.0)","(0.2, 0.0, 0.0, 1.0)"
0,846795.6,0,0,0,0,0,0,0,0,0,"(0.0, 0.0)","(0.0, 0.0)","(0.0, 0.0)","(0.0, 0.0, 0.0)","(0.0, 0.0, 0.0)","(0.0, 0.0, 0.0)","(0.0, 0.0, 0.0)","(0.0, 0.0, 0.0)","(0.0, 0.0, 0.0)",0,0,0,0,0,0,False,0,0,0,0,0,0,0,0,"(0.0, 6.0, 350.2)","(0.2, 0.0, 0.0, 1.0)"
0,846818.4,0,0,0,0,0,0,0,0,0,"(0.0, 0.0)","(0.0, 0.0)","(0.0, 0.0)","(0.0, 0.0, 0.0)","(0.0, 0.0, 0.0)","(0.0, 0.0, 0.0)","(0.0, 0.0, 0.0)","(0.0, 0.0, 0.0)","(0.0, 0.0, 0.0)",0,0,0,0,0,0,False,0,0,0,0,0,0,0,0,"(0.0, 6.0, 350.4)","(0.2, 0.0, 0.0, 1.0)"
0,846839.6,0,0,0,0,0,0,0,0,0,"(0.0, 0.0)","(0.0, 0.0)","(0.0, 0.0)","(0.0, 0.0, 0.0)","(0.0, 0.0, 0.0)","(0.0, 0.0, 0.0)","(0.0, 0.0, 0.0)","(0.0, 0.0, 0.0)","(0.0, 0.0, 0.0)",0,0,0,0,0,0,False,0,0,0,0,0,0,0,0,"(0.0, 6.0, 350.6)","(0.2, 0.0, 0.0, 1.0)"
0,846862.3,0,0,0,0,0,0,0,0,0,"(0.0, 0.0)","(0.0, 0.0)","(0.0, 0.0)","(0.0, 0.0, 0.0)","(0.0, 0.0, 0.0)","(0.0, 0.0, 0.0)","(0.0, 0.0, 0.0)","(0.0, 0.0, 0.0)","(0.0, 0.0, 0.0)",0,0,0,0,0,0,False,0,0,0,0,0,0,0,0,"(0.0, 6.0, 350.8)","(0.2, 0.0, 0.0, 1.0)"
0,846884.9,0,0,0,0,0,0,0,0,0,"(0.0, 0.0)","(0.0, 0.0)","(0.0, 0.0)","(0.0, 0.0, 0.0)","(0.0, 0.0, 0.0)","(0.0, 0.0, 0.0)","(0.0, 0.0, 0.0)","(0.0, 0.0, 0.0)","(0.0, 0.0, 0.0)",0,0,0,0,0,0,False,0,0,0,0,0,0,0,0,"(0.0, 6.0, 351.0)","(0.2, 0.0, 0.0, 1.0)"
0,846906.1,0,0,0,0,0,0,0,0,0,"(0.0, 0.0)","(0.0, 0.0)","(0.0, 0.0)","(0.0, 0.0, 0.0)","(0.0, 0.0, 0.0)","(0.0, 0.0, 0.0)","(0.0, 0.0, 0.0)","(0.0, 0.0, 0.0)","(0.0, 0.0, 0.0)",0,0,0,0,0,0,False,0,0,0,0,0,0,0,0,"(0.0, 6.0, 351.2)","(0.2, 0.0, 0.0, 1.0)"
0,846928.9,0,0,0,0,0,0,0,0,0,"(0.0, 0.0)","(0.0, 0.0)","(0.0, 0.0)","(0.0, 0.0, 0.0)","(0.0, 0.0, 0.0)","(0.0, 0.0, 0.0)","(0.0, 0.0, 0.0)","(0.0, 0.0, 0.0)","(0.0, 0.0, 0.0)",0,0,0,0,0,0,False,0,0,0,0,0,0,0,0,"(0.0, 6.0, 351.4)","(0.2, 0.0, 0.0, 1.0)"
0,846951.8,0,0,0,0,0,0,0,0,0,"(0.0, 0.0)","(0.0, 0.0)","(0.0, 0.0)","(0.0, 0.0, 0.0)","(0.0, 0.0, 0.0)","(0.0, 0.0, 0.0)","(0.0, 0.0, 0.0)","(0.0, 0.0, 0.0)","(0.0, 0.0, 0.0)",0,0,0,0,0,0,False,0,0,0,0,0,0,0,0,"(0.0, 6.0, 351.6)","(0.2, 0.0, 0.0, 1.0)"
0,846972.9,0,0,0,0,0,0,0,0,0,"(0.0, 0.0)","(0.0, 0.0)","(0.0, 0.0)","(0.0, 0.0, 0.0)","(0.0, 0.0, 0.0)","(0.0, 0.0, 0.0)","(0.0, 0.0, 0.0)","(0.0, 0.0, 0.0)","(0.0, 0.0, 0.0)",0,0,0,0,0,0,False,0,0,0,0,0,0,0,0,"(0.0, 6.0, 351.9)","(0.2, 0.0, 0.0, 1.0)"
0,846996.1,0,0,0,0,0,0,0,0,0,"(0.0, 0.0)","(0.0, 0.0)","(0.0, 0.0)","(0.0, 0.0, 0.0)","(0.0, 0.0, 0.0)","(0.0, 0.0, 0.0)","(0.0, 0.0, 0.0)","(0.0, 0.0, 0.0)","(0.0, 0.0, 0.0)",0,0,0,0,0,0,False,0,0,0,0,0,0,0,0,"(0.0, 6.0, 352.1)","(0.2, 0.0, 0.0, 1.0)"
0,847018.3,0,0,0,0,0,0,0,0,0,"(0.0, 0.0)","(0.0, 0.0)","(0.0, 0.0)","(0.0, 0.0, 0.0)","(0.0, 0.0, 0.0)","(0.0, 0.0, 0.0)","(0.0, 0.0, 0.0)","(0.0, 0.0, 0.0)","(0.0, 0.0, 0.0)",0,0,0,0,0,0,False,0,0,0,0,0,0,0,0,"(0.0, 6.0, 352.3)","(0.2, 0.0, 0.0, 1.0)"
0,847039.5,0,0,0,0,0,0,0,0,0,"(0.0, 0.0)","(0.0, 0.0)","(0.0, 0.0)","(0.0, 0.0, 0.0)","(0.0, 0.0, 0.0)","(0.0, 0.0, 0.0)","(0.0, 0.0, 0.0)","(0.0, 0.0, 0.0)","(0.0, 0.0, 0.0)",0,0,0,0,0,0,False,0,0,0,0,0,0,0,0,"(0.0, 6.0, 352.5)","(0.2, 0.0, 0.0, 1.0)"
0,847062.1,0,0,0,0,0,0,0,0,0,"(0.0, 0.0)","(0.0, 0.0)","(0.0, 0.0)","(0.0, 0.0, 0.0)","(0.0, 0.0, 0.0)","(0.0, 0.0, 0.0)","(0.0, 0.0, 0.0)","(0.0, 0.0, 0.0)","(0.0, 0.0, 0.0)",0,0,0,0,0,0,False,0,0,0,0,0,0,0,0,"(0.0, 6.0, 352.7)","(0.2, 0.0, 0.0, 1.0)"
0,847084.8,0,0,0,0,0,0,0,0,0,"(0.0, 0.0)","(0.0, 0.0)","(0.0, 0.0)","(0.0, 0.0, 0.0)","(0.0, 0.0, 0.0)","(0.0, 0.0, 0.0)","(0.0, 0.0, 0.0)","(0.0, 0.0, 0.0)","(0.0, 0.0, 0.0)",0,0,0,0,0,0,False,0,0,0,0,0,0,0,0,"(0.0, 6.0, 352.9)","(0.2, 0.0, 0.0, 1.0)"
0,847106.2,0,0,0,0,0,0,0,0,0,"(0.0, 0.0)","(0.0, 0.0)","(0.0, 0.0)","(0.0, 0.0, 0.0)","(0.0, 0.0, 0.0)","(0.0, 0.0, 0.0)","(0.0, 0.0, 0.0)","(0.0, 0.0, 0.0)","(0.0, 0.0, 0.0)",0,0,0,0,0,0,False,0,0,0,0,0,0,0,0,"(0.0, 6.0, 353.2)","(0.2, 0.0, 0.0, 1.0)"
0,847124.5,0,0,0,0,0,0,0,0,0,"(0.0, 0.0)","(0.0, 0.0)","(0.0, 0.0)","(0.0, 0.0, 0.0)","(0.0, 0.0, 0.0)","(0.0, 0.0, 0.0)","(0.0, 0.0, 0.0)","(0.0, 0.0, 0.0)","(0.0, 0.0, 0.0)",0,0,0,0,0,0,False,0,0,0,0,0,0,0,0,"(0.0, 6.0, 353.4)","(0.2, 0.0, 0.0, 1.0)"
0,847144.4,0,0,0,0,0,0,0,0,0,"(0.0, 0.0)","(0.0, 0.0)","(0.0, 0.0)","(0.0, 0.0, 0.0)","(0.0, 0.0, 0.0)","(0.0, 0.0, 0.0)","(0.0, 0.0, 0.0)","(0.0, 0.0, 0.0)","(0.0, 0.0, 0.0)",0,0,0,0,0,0,False,0,0,0,0,0,0,0,0,"(0.0, 6.0, 353.6)","(0.2, 0.0, 0.0, 1.0)"
0,847166.9,0,0,0,0,0,0,0,0,0,"(0.0, 0.0)","(0.0, 0.0)","(0.0, 0.0)","(0.0, 0.0, 0.0)","(0.0, 0.0, 0.0)","(0.0, 0.0, 0.0)","(0.0, 0.0, 0.0)","(0.0, 0.0, 0.0)","(0.0, 0.0, 0.0)",0,0,0,0,0,0,False,0,0,0,0,0,0,0,0,"(0.0, 6.0, 353.8)","(0.2, 0.0, 0.0, 1.0)"
0,847185.9,0,0,0,0,0,0,0,0,0,"(0.0, 0.0)","(0.0, 0.0)","(0.0, 0.0)","(0.0, 0.0, 0.0)","(0.0, 0.0, 0.0)","(0.0, 0.0, 0.0)","(0.0, 0.0, 0.0)","(0.0, 0.0, 0.0)","(0.0, 0.0, 0.0)",0,0,0,0,0,0,False,0,0,0,0,0,0,0,0,"(0.0, 6.0, 354.0)","(0.2, 0.0, 0.0, 1.0)"
0,847205.3,0,0,0,0,0,0,0,0,0,"(0.0, 0.0)","(0.0, 0.0)","(0.0, 0.0)","(0.0, 0.0, 0.0)","(0.0, 0.0, 0.0)","(0.0, 0.0, 0.0)","(0.0, 0.0, 0.0)","(0.0, 0.0, 0.0)","(0.0, 0.0, 0.0)",0,0,0,0,0,0,False,0,0,0,0,0,0,0,0,"(0.0, 6.0, 354.2)","(0.2, 0.0, 0.0, 1.0)"
0,847224.4,0,0,0,0,0,0,0,0,0,"(0.0, 0.0)","(0.0, 0.0)","(0.0, 0.0)","(0.0, 0.0, 0.0)","(0.0, 0.0, 0.0)","(0.0, 0.0, 0.0)","(0.0, 0.0, 0.0)","(0.0, 0.0, 0.0)","(0.0, 0.0, 0.0)",0,0,0,0,0,0,False,0,0,0,0,0,0,0,0,"(0.0, 6.0, 354.4)","(0.2, 0.0, 0.0, 1.0)"
0,847243.2,0,0,0,0,0,0,0,0,0,"(0.0, 0.0)","(0.0, 0.0)","(0.0, 0.0)","(0.0, 0.0, 0.0)","(0.0, 0.0, 0.0)","(0.0, 0.0, 0.0)","(0.0, 0.0, 0.0)","(0.0, 0.0, 0.0)","(0.0, 0.0, 0.0)",0,0,0,0,0,0,False,0,0,0,0,0,0,0,0,"(0.0, 6.0, 354.6)","(0.2, 0.0, 0.0, 1.0)"
0,847267.8,0,0,0,0,0,0,0,0,0,"(0.0, 0.0)","(0.0, 0.0)","(0.0, 0.0)","(0.0, 0.0, 0.0)","(0.0, 0.0, 0.0)","(0.0, 0.0, 0.0)","(0.0, 0.0, 0.0)","(0.0, 0.0, 0.0)","(0.0, 0.0, 0.0)",0,0,0,0,0,0,False,0,0,0,0,0,0,0,0,"(0.0, 6.0, 354.8)","(0.2, 0.0, 0.0, 1.0)"
0,847288.7,0,0,0,0,0,0,0,0,0,"(0.0, 0.0)","(0.0, 0.0)","(0.0, 0.0)","(0.0, 0.0, 0.0)","(0.0, 0.0, 0.0)","(0.0, 0.0, 0.0)","(0.0, 0.0, 0.0)","(0.0, 0.0, 0.0)","(0.0, 0.0, 0.0)",0,0,0,0,0,0,False,0,0,0,0,0,0,0,0,"(0.0, 6.0, 355.1)","(0.2, 0.0, 0.0, 1.0)"
0,847307,0,0,0,0,0,0,0,0,0,"(0.0, 0.0)","(0.0, 0.0)","(0.0, 0.0)","(0.0, 0.0, 0.0)","(0.0, 0.0, 0.0)","(0.0, 0.0, 0.0)","(0.0, 0.0, 0.0)","(0.0, 0.0, 0.0)","(0.0, 0.0, 0.0)",0,0,0,0,0,0,False,0,0,0,0,0,0,0,0,"(0.0, 6.0, 355.3)","(0.2, 0.0, 0.0, 1.0)"
0,847326.2,0,0,0,0,0,0,0,0,0,"(0.0, 0.0)","(0.0, 0.0)","(0.0, 0.0)","(0.0, 0.0, 0.0)","(0.0, 0.0, 0.0)","(0.0, 0.0, 0.0)","(0.0, 0.0, 0.0)","(0.0, 0.0, 0.0)","(0.0, 0.0, 0.0)",0,0,0,0,0,0,False,0,0,0,0,0,0,0,0,"(0.0, 6.0, 355.5)","(0.2, 0.0, 0.0, 1.0)"
0,847346.5,0,0,0,0,0,0,0,0,0,"(0.0, 0.0)","(0.0, 0.0)","(0.0, 0.0)","(0.0, 0.0, 0.0)","(0.0, 0.0, 0.0)","(0.0, 0.0, 0.0)","(0.0, 0.0, 0.0)","(0.0, 0.0, 0.0)","(0.0, 0.0, 0.0)",0,0,0,0,0,0,False,0,0,0,0,0,0,0,0,"(0.0, 6.0, 355.7)","(0.2, 0.0, 0.0, 1.0)"
0,847369.9,0,0,0,0,0,0,0,0,0,"(0.0, 0.0)","(0.0, 0.0)","(0.0, 0.0)","(0.0, 0.0, 0.0)","(0.0, 0.0, 0.0)","(0.0, 0.0, 0.0)","(0.0, 0.0, 0.0)","(0.0, 0.0, 0.0)","(0.0, 0.0, 0.0)",0,0,0,0,0,0,False,0,0,0,0,0,0,0,0,"(0.0, 6.0, 355.9)","(0.2, 0.0, 0.0, 1.0)"
0,847388.1,0,0,0,0,0,0,0,0,0,"(0.0, 0.0)","(0.0, 0.0)","(0.0, 0.0)","(0.0, 0.0, 0.0)","(0.0, 0.0, 0.0)","(0.0, 0.0, 0.0)","(0.0, 0.0, 0.0)","(0.0, 0.0, 0.0)","(0.0, 0.0, 0.0)",0,0,0,0,0,0,False,0,0,0,0,0,0,0,0,"(0.0, 6.0, 356.1)","(0.2, 0.0, 0.0, 1.0)"
0,847405.9,0,0,0,0,0,0,0,0,0,"(0.0, 0.0)","(0.0, 0.0)","(0.0, 0.0)","(0.0, 0.0, 0.0)","(0.0, 0.0, 0.0)","(0.0, 0.0, 0.0)","(0.0, 0.0, 0.0)","(0.0, 0.0, 0.0)","(0.0, 0.0, 0.0)",0,0,0,0,0,0,False,0,0,0,0,0,0,0,0,"(0.0, 6.0, 356.3)","(0.2, 0.0, 0.0, 1.0)"
0,847422.4,0,0,0,0,0,0,0,0,0,"(0.0, 0.0)","(0.0, 0.0)","(0.0, 0.0)","(0.0, 0.0, 0.0)","(0.0, 0.0, 0.0)","(0.0, 0.0, 0.0)","(0.0, 0.0, 0.0)","(0.0, 0.0, 0.0)","(0.0, 0.0, 0.0)",0,0,0,0,0,0,False,0,0,0,0,0,0,0,0,"(0.0, 6.0, 356.5)","(0.2, 0.0, 0.0, 1.0)"
0,847440.6,0,0,0,0,0,0,0,0,0,"(0.0, 0.0)","(0.0, 0.0)","(0.0, 0.0)","(0.0, 0.0, 0.0)","(0.0, 0.0, 0.0)","(0.0, 0.0, 0.0)","(0.0, 0.0, 0.0)","(0.0, 0.0, 0.0)","(0.0, 0.0, 0.0)",0,0,0,0,0,0,False,0,0,0,0,0,0,0,0,"(0.0, 6.0, 356.7)","(0.2, 0.0, 0.0, 1.0)"
0,847458.8,0,0,0,0,0,0,0,0,0,"(0.0, 0.0)","(0.0, 0.0)","(0.0, 0.0)","(0.0, 0.0, 0.0)","(0.0, 0.0, 0.0)","(0.0, 0.0, 0.0)","(0.0, 0.0, 0.0)","(0.0, 0.0, 0.0)","(0.0, 0.0, 0.0)",0,0,0,0,0,0,False,0,0,0,0,0,0,0,0,"(0.0, 6.0, 356.9)","(0.2, 0.0, 0.0, 1.0)"
0,847478.7,0,0,0,0,0,0,0,0,0,"(0.0, 0.0)","(0.0, 0.0)","(0.0, 0.0)","(0.0, 0.0, 0.0)","(0.0, 0.0, 0.0)","(0.0, 0.0, 0.0)","(0.0, 0.0, 0.0)","(0.0, 0.0, 0.0)","(0.0, 0.0, 0.0)",0,0,0,0,0,0,False,0,0,0,0,0,0,0,0,"(0.0, 6.0, 357.1)","(0.2, 0.0, 0.0, 1.0)"
0,847497.6,0,0,0,0,0,0,0,0,0,"(0.0, 0.0)","(0.0, 0.0)","(0.0, 0.0)","(0.0, 0.0, 0.0)","(0.0, 0.0, 0.0)","(0.0, 0.0, 0.0)","(0.0, 0.0, 0.0)","(0.0, 0.0, 0.0)","(0.0, 0.0, 0.0)",0,0,0,0,0,0,False,0,0,0,0,0,0,0,0,"(0.0, 6.0, 357.3)","(0.2, 0.0, 0.0, 1.0)"
0,847517.4,0,0,0,0,0,0,0,0,0,"(0.0, 0.0)","(0.0, 0.0)","(0.0, 0.0)","(0.0, 0.0, 0.0)","(0.0, 0.0, 0.0)","(0.0, 0.0, 0.0)","(0.0, 0.0, 0.0)","(0.0, 0.0, 0.0)","(0.0, 0.0, 0.0)",0,0,0,0,0,0,False,0,0,0,0,0,0,0,0,"(0.0, 6.0, 357.5)","(0.2, 0.0, 0.0, 1.0)"
0,847536.1,0,0,0,0,0,0,0,0,0,"(0.0, 0.0)","(0.0, 0.0)","(0.0, 0.0)","(0.0, 0.0, 0.0)","(0.0, 0.0, 0.0)","(0.0, 0.0, 0.0)","(0.0, 0.0, 0.0)","(0.0, 0.0, 0.0)","(0.0, 0.0, 0.0)",0,0,0,0,0,0,False,0,0,0,0,0,0,0,0,"(0.0, 6.0, 357.7)","(0.2, 0.0, 0.0, 1.0)"
0,847557.9,0,0,0,0,0,0,0,0,0,"(0.0, 0.0)","(0.0, 0.0)","(0.0, 0.0)","(0.0, 0.0, 0.0)","(0.0, 0.0, 0.0)","(0.0, 0.0, 0.0)","(0.0, 0.0, 0.0)","(0.0, 0.0, 0.0)","(0.0, 0.0, 0.0)",0,0,0,0,0,0,False,0,0,0,0,0,0,0,0,"(0.0, 6.0, 357.9)","(0.2, 0.0, 0.0, 1.0)"
0,847575.3,0,0,0,0,0,0,0,0,0,"(0.0, 0.0)","(0.0, 0.0)","(0.0, 0.0)","(0.0, 0.0, 0.0)","(0.0, 0.0, 0.0)","(0.0, 0.0, 0.0)","(0.0, 0.0, 0.0)","(0.0, 0.0, 0.0)","(0.0, 0.0, 0.0)",0,0,0,0,0,0,False,0,0,0,0,0,0,0,0,"(0.0, 6.0, 358.1)","(0.2, 0.0, 0.0, 1.0)"
0,847594.2,0,0,0,0,0,0,0,0,0,"(0.0, 0.0)","(0.0, 0.0)","(0.0, 0.0)","(0.0, 0.0, 0.0)","(0.0, 0.0, 0.0)","(0.0, 0.0, 0.0)","(0.0, 0.0, 0.0)","(0.0, 0.0, 0.0)","(0.0, 0.0, 0.0)",0,0,0,0,0,0,False,0,0,0,0,0,0,0,0,"(0.0, 6.0, 358.2)","(0.2, 0.0, 0.0, 1.0)"
0,847614.9,0,0,0,0,0,0,0,0,0,"(0.0, 0.0)","(0.0, 0.0)","(0.0, 0.0)","(0.0, 0.0, 0.0)","(0.0, 0.0, 0.0)","(0.0, 0.0, 0.0)","(0.0, 0.0, 0.0)","(0.0, 0.0, 0.0)","(0.0, 0.0, 0.0)",0,0,0,0,0,0,False,0,0,0,0,0,0,0,0,"(0.0, 6.0, 358.4)","(0.2, 0.0, 0.0, 1.0)"
0,847633.6,0,0,0,0,0,0,0,0,0,"(0.0, 0.0)","(0.0, 0.0)","(0.0, 0.0)","(0.0, 0.0, 0.0)","(0.0, 0.0, 0.0)","(0.0, 0.0, 0.0)","(0.0, 0.0, 0.0)","(0.0, 0.0, 0.0)","(0.0, 0.0, 0.0)",0,0,0,0,0,0,False,0,0,0,0,0,0,0,0,"(0.0, 6.0, 358.6)","(0.2, 0.0, 0.0, 1.0)"
0,847653.3,0,0,0,0,0,0,0,0,0,"(0.0, 0.0)","(0.0, 0.0)","(0.0, 0.0)","(0.0, 0.0, 0.0)","(0.0, 0.0, 0.0)","(0.0, 0.0, 0.0)","(0.0, 0.0, 0.0)","(0.0, 0.0, 0.0)","(0.0, 0.0, 0.0)",0,0,0,0,0,0,False,0,0,0,0,0,0,0,0,"(0.0, 6.0, 358.8)","(0.2, 0.0, 0.0, 1.0)"
0,847673.4,0,0,0,0,0,0,0,0,0,"(0.0, 0.0)","(0.0, 0.0)","(0.0, 0.0)","(0.0, 0.0, 0.0)","(0.0, 0.0, 0.0)","(0.0, 0.0, 0.0)","(0.0, 0.0, 0.0)","(0.0, 0.0, 0.0)","(0.0, 0.0, 0.0)",0,0,0,0,0,0,False,0,0,0,0,0,0,0,0,"(0.0, 6.0, 359.0)","(0.2, 0.0, 0.0, 1.0)"
0,847695.8,0,0,0,0,0,0,0,0,0,"(0.0, 0.0)","(0.0, 0.0)","(0.0, 0.0)","(0.0, 0.0, 0.0)","(0.0, 0.0, 0.0)","(0.0, 0.0, 0.0)","(0.0, 0.0, 0.0)","(0.0, 0.0, 0.0)","(0.0, 0.0, 0.0)",0,0,0,0,0,0,False,0,0,0,0,0,0,0,0,"(0.0, 6.0, 359.2)","(0.2, 0.0, 0.0, 1.0)"
0,847718.1,0,0,0,0,0,0,0,0,0,"(0.0, 0.0)","(0.0, 0.0)","(0.0, 0.0)","(0.0, 0.0, 0.0)","(0.0, 0.0, 0.0)","(0.0, 0.0, 0.0)","(0.0, 0.0, 0.0)","(0.0, 0.0, 0.0)","(0.0, 0.0, 0.0)",0,0,0,0,0,0,False,0,0,0,0,0,0,0,0,"(0.0, 6.0, 359.4)","(0.2, 0.0, 0.0, 1.0)"
0,847739.1,0,0,0,0,0,0,0,0,0,"(0.0, 0.0)","(0.0, 0.0)","(0.0, 0.0)","(0.0, 0.0, 0.0)","(0.0, 0.0, 0.0)","(0.0, 0.0, 0.0)","(0.0, 0.0, 0.0)","(0.0, 0.0, 0.0)","(0.0, 0.0, 0.0)",0,0,0,0,0,0,False,0,0,0,0,0,0,0,0,"(0.0, 6.0, 359.6)","(0.2, 0.0, 0.0, 1.0)"
0,847762.1,0,0,0,0,0,0,0,0,0,"(0.0, 0.0)","(0.0, 0.0)","(0.0, 0.0)","(0.0, 0.0, 0.0)","(0.0, 0.0, 0.0)","(0.0, 0.0, 0.0)","(0.0, 0.0, 0.0)","(0.0, 0.0, 0.0)","(0.0, 0.0, 0.0)",0,0,0,0,0,0,False,0,0,0,0,0,0,0,0,"(0.0, 6.0, 359.8)","(0.2, 0.0, 0.0, 1.0)"
0,847784.6,0,0,0,0,0,0,0,0,0,"(0.0, 0.0)","(0.0, 0.0)","(0.0, 0.0)","(0.0, 0.0, 0.0)","(0.0, 0.0, 0.0)","(0.0, 0.0, 0.0)","(0.0, 0.0, 0.0)","(0.0, 0.0, 0.0)","(0.0, 0.0, 0.0)",0,0,0,0,0,0,False,0,0,0,0,0,0,0,0,"(0.0, 6.0, 360.0)","(0.2, 0.0, 0.0, 1.0)"
0,847805.8,0,0,0,0,0,0,0,0,0,"(0.0, 0.0)","(0.0, 0.0)","(0.0, 0.0)","(0.0, 0.0, 0.0)","(0.0, 0.0, 0.0)","(0.0, 0.0, 0.0)","(0.0, 0.0, 0.0)","(0.0, 0.0, 0.0)","(0.0, 0.0, 0.0)",0,0,0,0,0,0,False,0,0,0,0,0,0,0,0,"(0.0, 6.0, 360.2)","(0.2, 0.0, 0.0, 1.0)"
0,847828.3,0,0,0,0,0,0,0,0,0,"(0.0, 0.0)","(0.0, 0.0)","(0.0, 0.0)","(0.0, 0.0, 0.0)","(0.0, 0.0, 0.0)","(0.0, 0.0, 0.0)","(0.0, 0.0, 0.0)","(0.0, 0.0, 0.0)","(0.0, 0.0, 0.0)",0,0,0,0,0,0,False,0,0,0,0,0,0,0,0,"(0.0, 6.0, 360.5)","(0.2, 0.0, 0.0, 1.0)"
0,847851,0,0,0,0,0,0,0,0,0,"(0.0, 0.0)","(0.0, 0.0)","(0.0, 0.0)","(0.0, 0.0, 0.0)","(0.0, 0.0, 0.0)","(0.0, 0.0, 0.0)","(0.0, 0.0, 0.0)","(0.0, 0.0, 0.0)","(0.0, 0.0, 0.0)",0,0,0,0,0,0,False,0,0,0,0,0,0,0,0,"(0.0, 6.0, 360.7)","(0.2, 0.0, 0.0, 1.0)"
0,847872.8,0,0,0,0,0,0,0,0,0,"(0.0, 0.0)","(0.0, 0.0)","(0.0, 0.0)","(0.0, 0.0, 0.0)","(0.0, 0.0, 0.0)","(0.0, 0.0, 0.0)","(0.0, 0.0, 0.0)","(0.0, 0.0, 0.0)","(0.0, 0.0, 0.0)",0,0,0,0,0,0,False,0,0,0,0,0,0,0,0,"(0.0, 6.0, 360.9)","(0.2, 0.0, 0.0, 1.0)"
0,847895.4,0,0,0,0,0,0,0,0,0,"(0.0, 0.0)","(0.0, 0.0)","(0.0, 0.0)","(0.0, 0.0, 0.0)","(0.0, 0.0, 0.0)","(0.0, 0.0, 0.0)","(0.0, 0.0, 0.0)","(0.0, 0.0, 0.0)","(0.0, 0.0, 0.0)",0,0,0,0,0,0,False,0,0,0,0,0,0,0,0,"(0.0, 6.0, 361.1)","(0.2, 0.0, 0.0, 1.0)"
0,847918,0,0,0,0,0,0,0,0,0,"(0.0, 0.0)","(0.0, 0.0)","(0.0, 0.0)","(0.0, 0.0, 0.0)","(0.0, 0.0, 0.0)","(0.0, 0.0, 0.0)","(0.0, 0.0, 0.0)","(0.0, 0.0, 0.0)","(0.0, 0.0, 0.0)",0,0,0,0,0,0,False,0,0,0,0,0,0,0,0,"(0.0, 6.0, 361.3)","(0.2, 0.0, 0.0, 1.0)"
0,847939.4,0,0,0,0,0,0,0,0,0,"(0.0, 0.0)","(0.0, 0.0)","(0.0, 0.0)","(0.0, 0.0, 0.0)","(0.0, 0.0, 0.0)","(0.0, 0.0, 0.0)","(0.0, 0.0, 0.0)","(0.0, 0.0, 0.0)","(0.0, 0.0, 0.0)",0,0,0,0,0,0,False,0,0,0,0,0,0,0,0,"(0.0, 6.0, 361.5)","(0.2, 0.0, 0.0, 1.0)"
0,847961.5,0,0,0,0,0,0,0,0,0,"(0.0, 0.0)","(0.0, 0.0)","(0.0, 0.0)","(0.0, 0.0, 0.0)","(0.0, 0.0, 0.0)","(0.0, 0.0, 0.0)","(0.0, 0.0, 0.0)","(0.0, 0.0, 0.0)","(0.0, 0.0, 0.0)",0,0,0,0,0,0,False,0,0,0,0,0,0,0,0,"(0.0, 6.0, 361.7)","(0.2, 0.0, 0.0, 1.0)"
0,847984.4,0,0,0,0,0,0,0,0,0,"(0.0, 0.0)","(0.0, 0.0)","(0.0, 0.0)","(0.0, 0.0, 0.0)","(0.0, 0.0, 0.0)","(0.0, 0.0, 0.0)","(0.0, 0.0, 0.0)","(0.0, 0.0, 0.0)","(0.0, 0.0, 0.0)",0,0,0,0,0,0,False,0,0,0,0,0,0,0,0,"(0.0, 6.0, 361.9)","(0.2, 0.0, 0.0, 1.0)"
0,848005.8,0,0,0,0,0,0,0,0,0,"(0.0, 0.0)","(0.0, 0.0)","(0.0, 0.0)","(0.0, 0.0, 0.0)","(0.0, 0.0, 0.0)","(0.0, 0.0, 0.0)","(0.0, 0.0, 0.0)","(0.0, 0.0, 0.0)","(0.0, 0.0, 0.0)",0,0,0,0,0,0,False,0,0,0,0,0,0,0,0,"(0.0, 6.0, 362.2)","(0.2, 0.0, 0.0, 1.0)"
0,848028.3,0,0,0,0,0,0,0,0,0,"(0.0, 0.0)","(0.0, 0.0)","(0.0, 0.0)","(0.0, 0.0, 0.0)","(0.0, 0.0, 0.0)","(0.0, 0.0, 0.0)","(0.0, 0.0, 0.0)","(0.0, 0.0, 0.0)","(0.0, 0.0, 0.0)",0,0,0,0,0,0,False,0,0,0,0,0,0,0,0,"(0.0, 6.0, 362.4)","(0.2, 0.0, 0.0, 1.0)"
0,848050.9,0,0,0,0,0,0,0,0,0,"(0.0, 0.0)","(0.0, 0.0)","(0.0, 0.0)","(0.0, 0.0, 0.0)","(0.0, 0.0, 0.0)","(0.0, 0.0, 0.0)","(0.0, 0.0, 0.0)","(0.0, 0.0, 0.0)","(0.0, 0.0, 0.0)",0,0,0,0,0,0,False,0,0,0,0,0,0,0,0,"(0.0, 6.0, 362.6)","(0.2, 0.0, 0.0, 1.0)"
0,848072.7,0,0,0,0,0,0,0,0,0,"(0.0, 0.0)","(0.0, 0.0)","(0.0, 0.0)","(0.0, 0.0, 0.0)","(0.0, 0.0, 0.0)","(0.0, 0.0, 0.0)","(0.0, 0.0, 0.0)","(0.0, 0.0, 0.0)","(0.0, 0.0, 0.0)",0,0,0,0,0,0,False,0,0,0,0,0,0,0,0,"(0.0, 6.0, 362.8)","(0.2, 0.0, 0.0, 1.0)"
0,848093.1,0,0,0,0,0,0,0,0,0,"(0.0, 0.0)","(0.0, 0.0)","(0.0, 0.0)","(0.0, 0.0, 0.0)","(0.0, 0.0, 0.0)","(0.0, 0.0, 0.0)","(0.0, 0.0, 0.0)","(0.0, 0.0, 0.0)","(0.0, 0.0, 0.0)",0,0,0,0,0,0,False,0,0,0,0,0,0,0,0,"(0.0, 6.0, 363.0)","(0.2, 0.0, 0.0, 1.0)"
0,848112.7,0,0,0,0,0,0,0,0,0,"(0.0, 0.0)","(0.0, 0.0)","(0.0, 0.0)","(0.0, 0.0, 0.0)","(0.0, 0.0, 0.0)","(0.0, 0.0, 0.0)","(0.0, 0.0, 0.0)","(0.0, 0.0, 0.0)","(0.0, 0.0, 0.0)",0,0,0,0,0,0,False,0,0,0,0,0,0,0,0,"(0.0, 6.0, 363.2)","(0.2, 0.0, 0.0, 1.0)"
0,848131.7,0,0,0,0,0,0,0,0,0,"(0.0, 0.0)","(0.0, 0.0)","(0.0, 0.0)","(0.0, 0.0, 0.0)","(0.0, 0.0, 0.0)","(0.0, 0.0, 0.0)","(0.0, 0.0, 0.0)","(0.0, 0.0, 0.0)","(0.0, 0.0, 0.0)",0,0,0,0,0,0,False,0,0,0,0,0,0,0,0,"(0.0, 6.0, 363.5)","(0.2, 0.0, 0.0, 1.0)"
0,848151.8,0,0,0,0,0,0,0,0,0,"(0.0, 0.0)","(0.0, 0.0)","(0.0, 0.0)","(0.0, 0.0, 0.0)","(0.0, 0.0, 0.0)","(0.0, 0.0, 0.0)","(0.0, 0.0, 0.0)","(0.0, 0.0, 0.0)","(0.0, 0.0, 0.0)",0,0,0,0,0,0,False,0,0,0,0,0,0,0,0,"(0.0, 6.0, 363.7)","(0.2, 0.0, 0.0, 1.0)"
0,848171.5,0,0,0,0,0,0,0,0,0,"(0.0, 0.0)","(0.0, 0.0)","(0.0, 0.0)","(0.0, 0.0, 0.0)","(0.0, 0.0, 0.0)","(0.0, 0.0, 0.0)","(0.0, 0.0, 0.0)","(0.0, 0.0, 0.0)","(0.0, 0.0, 0.0)",0,0,0,0,0,0,False,0,0,0,0,0,0,0,0,"(0.0, 6.0, 363.9)","(0.2, 0.0, 0.0, 1.0)"
0,848188.8,0,0,0,0,0,0,0,0,0,"(0.0, 0.0)","(0.0, 0.0)","(0.0, 0.0)","(0.0, 0.0, 0.0)","(0.0, 0.0, 0.0)","(0.0, 0.0, 0.0)","(0.0, 0.0, 0.0)","(0.0, 0.0, 0.0)","(0.0, 0.0, 0.0)",0,0,0,0,0,0,False,0,0,0,0,0,0,0,0,"(0.0, 6.0, 364.1)","(0.2, 0.0, 0.0, 1.0)"
0,848206,0,0,0,0,0,0,0,0,0,"(0.0, 0.0)","(0.0, 0.0)","(0.0, 0.0)","(0.0, 0.0, 0.0)","(0.0, 0.0, 0.0)","(0.0, 0.0, 0.0)","(0.0, 0.0, 0.0)","(0.0, 0.0, 0.0)","(0.0, 0.0, 0.0)",0,0,0,0,0,0,False,0,0,0,0,0,0,0,0,"(0.0, 6.0, 364.3)","(0.2, 0.0, 0.0, 1.0)"
0,848224.3,0,0,0,0,0,0,0,0,0,"(0.0, 0.0)","(0.0, 0.0)","(0.0, 0.0)","(0.0, 0.0, 0.0)","(0.0, 0.0, 0.0)","(0.0, 0.0, 0.0)","(0.0, 0.0, 0.0)","(0.0, 0.0, 0.0)","(0.0, 0.0, 0.0)",0,0,0,0,0,0,False,0,0,0,0,0,0,0,0,"(0.0, 6.0, 364.5)","(0.2, 0.0, 0.0, 1.0)"
0,848242.5,0,0,0,0,0,0,0,0,0,"(0.0, 0.0)","(0.0, 0.0)","(0.0, 0.0)","(0.0, 0.0, 0.0)","(0.0, 0.0, 0.0)","(0.0, 0.0, 0.0)","(0.0, 0.0, 0.0)","(0.0, 0.0, 0.0)","(0.0, 0.0, 0.0)",0,0,0,0,0,0,False,0,0,0,0,0,0,0,0,"(0.0, 6.0, 364.7)","(0.2, 0.0, 0.0, 1.0)"
0,848268.3,0,0,0,0,0,0,0,0,0,"(0.0, 0.0)","(0.0, 0.0)","(0.0, 0.0)","(0.0, 0.0, 0.0)","(0.0, 0.0, 0.0)","(0.0, 0.0, 0.0)","(0.0, 0.0, 0.0)","(0.0, 0.0, 0.0)","(0.0, 0.0, 0.0)",0,0,0,0,0,0,False,0,0,0,0,0,0,0,0,"(0.0, 6.0, 364.9)","(0.2, 0.0, 0.0, 1.0)"
0,848288.7,0,0,0,0,0,0,0,0,0,"(0.0, 0.0)","(0.0, 0.0)","(0.0, 0.0)","(0.0, 0.0, 0.0)","(0.0, 0.0, 0.0)","(0.0, 0.0, 0.0)","(0.0, 0.0, 0.0)","(0.0, 0.0, 0.0)","(0.0, 0.0, 0.0)",0,0,0,0,0,0,False,0,0,0,0,0,0,0,0,"(0.0, 6.0, 365.1)","(0.2, 0.0, 0.0, 1.0)"
0,848306.9,0,0,0,0,0,0,0,0,0,"(0.0, 0.0)","(0.0, 0.0)","(0.0, 0.0)","(0.0, 0.0, 0.0)","(0.0, 0.0, 0.0)","(0.0, 0.0, 0.0)","(0.0, 0.0, 0.0)","(0.0, 0.0, 0.0)","(0.0, 0.0, 0.0)",0,0,0,0,0,0,False,0,0,0,0,0,0,0,0,"(0.0, 6.0, 365.3)","(0.2, 0.0, 0.0, 1.0)"
0,848324.8,0,0,0,0,0,0,0,0,0,"(0.0, 0.0)","(0.0, 0.0)","(0.0, 0.0)","(0.0, 0.0, 0.0)","(0.0, 0.0, 0.0)","(0.0, 0.0, 0.0)","(0.0, 0.0, 0.0)","(0.0, 0.0, 0.0)","(0.0, 0.0, 0.0)",0,0,0,0,0,0,False,0,0,0,0,0,0,0,0,"(0.0, 6.0, 365.5)","(0.2, 0.0, 0.0, 1.0)"
0,848343.3,0,0,0,0,0,0,0,0,0,"(0.0, 0.0)","(0.0, 0.0)","(0.0, 0.0)","(0.0, 0.0, 0.0)","(0.0, 0.0, 0.0)","(0.0, 0.0, 0.0)","(0.0, 0.0, 0.0)","(0.0, 0.0, 0.0)","(0.0, 0.0, 0.0)",0,0,0,0,0,0,False,0,0,0,0,0,0,0,0,"(0.0, 6.0, 365.7)","(0.2, 0.0, 0.0, 1.0)"
0,848362.8,0,0,0,0,0,0,0,0,0,"(0.0, 0.0)","(0.0, 0.0)","(0.0, 0.0)","(0.0, 0.0, 0.0)","(0.0, 0.0, 0.0)","(0.0, 0.0, 0.0)","(0.0, 0.0, 0.0)","(0.0, 0.0, 0.0)","(0.0, 0.0, 0.0)",0,0,0,0,0,0,False,0,0,0,0,0,0,0,0,"(0.0, 6.0, 365.9)","(0.2, 0.0, 0.0, 1.0)"
0,848382.9,0,0,0,0,0,0,0,0,0,"(0.0, 0.0)","(0.0, 0.0)","(0.0, 0.0)","(0.0, 0.0, 0.0)","(0.0, 0.0, 0.0)","(0.0, 0.0, 0.0)","(0.0, 0.0, 0.0)","(0.0, 0.0, 0.0)","(0.0, 0.0, 0.0)",0,0,0,0,0,0,False,0,0,0,0,0,0,0,0,"(0.0, 6.0, 366.1)","(0.2, 0.0, 0.0, 1.0)"
0,848403.1,0,0,0,0,0,0,0,0,0,"(0.0, 0.0)","(0.0, 0.0)","(0.0, 0.0)","(0.0, 0.0, 0.0)","(0.0, 0.0, 0.0)","(0.0, 0.0, 0.0)","(0.0, 0.0, 0.0)","(0.0, 0.0, 0.0)","(0.0, 0.0, 0.0)",0,0,0,0,0,0,False,0,0,0,0,0,0,0,0,"(0.0, 6.0, 366.3)","(0.2, 0.0, 0.0, 1.0)"
0,848421.9,0,0,0,0,0,0,0,0,0,"(0.0, 0.0)","(0.0, 0.0)","(0.0, 0.0)","(0.0, 0.0, 0.0)","(0.0, 0.0, 0.0)","(0.0, 0.0, 0.0)","(0.0, 0.0, 0.0)","(0.0, 0.0, 0.0)","(0.0, 0.0, 0.0)",0,0,0,0,0,0,False,0,0,0,0,0,0,0,0,"(0.0, 6.0, 366.5)","(0.2, 0.0, 0.0, 1.0)"
0,848439.6,0,0,0,0,0,0,0,0,0,"(0.0, 0.0)","(0.0, 0.0)","(0.0, 0.0)","(0.0, 0.0, 0.0)","(0.0, 0.0, 0.0)","(0.0, 0.0, 0.0)","(0.0, 0.0, 0.0)","(0.0, 0.0, 0.0)","(0.0, 0.0, 0.0)",0,0,0,0,0,0,False,0,0,0,0,0,0,0,0,"(0.0, 6.0, 366.7)","(0.2, 0.0, 0.0, 1.0)"
0,848457.3,0,0,0,0,0,0,0,0,0,"(0.0, 0.0)","(0.0, 0.0)","(0.0, 0.0)","(0.0, 0.0, 0.0)","(0.0, 0.0, 0.0)","(0.0, 0.0, 0.0)","(0.0, 0.0, 0.0)","(0.0, 0.0, 0.0)","(0.0, 0.0, 0.0)",0,0,0,0,0,0,False,0,0,0,0,0,0,0,0,"(0.0, 6.0, 366.9)","(0.2, 0.0, 0.0, 1.0)"
0,848476.1,0,0,0,0,0,0,0,0,0,"(0.0, 0.0)","(0.0, 0.0)","(0.0, 0.0)","(0.0, 0.0, 0.0)","(0.0, 0.0, 0.0)","(0.0, 0.0, 0.0)","(0.0, 0.0, 0.0)","(0.0, 0.0, 0.0)","(0.0, 0.0, 0.0)",0,0,0,0,0,0,False,0,0,0,0,0,0,0,0,"(0.0, 6.0, 367.1)","(0.2, 0.0, 0.0, 1.0)"
0,848496.1,0,0,0,0,0,0,0,0,0,"(0.0, 0.0)","(0.0, 0.0)","(0.0, 0.0)","(0.0, 0.0, 0.0)","(0.0, 0.0, 0.0)","(0.0, 0.0, 0.0)","(0.0, 0.0, 0.0)","(0.0, 0.0, 0.0)","(0.0, 0.0, 0.0)",0,0,0,0,0,0,False,0,0,0,0,0,0,0,0,"(0.0, 6.0, 367.3)","(0.2, 0.0, 0.0, 1.0)"
0,848515.7,0,0,0,0,0,0,0,0,0,"(0.0, 0.0)","(0.0, 0.0)","(0.0, 0.0)","(0.0, 0.0, 0.0)","(0.0, 0.0, 0.0)","(0.0, 0.0, 0.0)","(0.0, 0.0, 0.0)","(0.0, 0.0, 0.0)","(0.0, 0.0, 0.0)",0,0,0,0,0,0,False,0,0,0,0,0,0,0,0,"(0.0, 6.0, 367.5)","(0.2, 0.0, 0.0, 1.0)"
0,848535.6,0,0,0,0,0,0,0,0,0,"(0.0, 0.0)","(0.0, 0.0)","(0.0, 0.0)","(0.0, 0.0, 0.0)","(0.0, 0.0, 0.0)","(0.0, 0.0, 0.0)","(0.0, 0.0, 0.0)","(0.0, 0.0, 0.0)","(0.0, 0.0, 0.0)",0,0,0,0,0,0,False,0,0,0,0,0,0,0,0,"(0.0, 6.0, 367.7)","(0.2, 0.0, 0.0, 1.0)"
0,848555.9,0,0,0,0,0,0,0,0,0,"(0.0, 0.0)","(0.0, 0.0)","(0.0, 0.0)","(0.0, 0.0, 0.0)","(0.0, 0.0, 0.0)","(0.0, 0.0, 0.0)","(0.0, 0.0, 0.0)","(0.0, 0.0, 0.0)","(0.0, 0.0, 0.0)",0,0,0,0,0,0,False,0,0,0,0,0,0,0,0,"(0.0, 6.0, 367.9)","(0.2, 0.0, 0.0, 1.0)"
0,848579.3,0,0,0,0,0,0,0,0,0,"(0.0, 0.0)","(0.0, 0.0)","(0.0, 0.0)","(0.0, 0.0, 0.0)","(0.0, 0.0, 0.0)","(0.0, 0.0, 0.0)","(0.0, 0.0, 0.0)","(0.0, 0.0, 0.0)","(0.0, 0.0, 0.0)",0,0,0,0,0,0,False,0,0,0,0,0,0,0,0,"(0.0, 6.0, 368.1)","(0.2, 0.0, 0.0, 1.0)"
0,848600.5,0,0,0,0,0,0,0,0,0,"(0.0, 0.0)","(0.0, 0.0)","(0.0, 0.0)","(0.0, 0.0, 0.0)","(0.0, 0.0, 0.0)","(0.0, 0.0, 0.0)","(0.0, 0.0, 0.0)","(0.0, 0.0, 0.0)","(0.0, 0.0, 0.0)",0,0,0,0,0,0,False,0,0,0,0,0,0,0,0,"(0.0, 6.0, 368.3)","(0.2, 0.0, 0.0, 1.0)"
0,848620.7,0,0,0,0,0,0,0,0,0,"(0.0, 0.0)","(0.0, 0.0)","(0.0, 0.0)","(0.0, 0.0, 0.0)","(0.0, 0.0, 0.0)","(0.0, 0.0, 0.0)","(0.0, 0.0, 0.0)","(0.0, 0.0, 0.0)","(0.0, 0.0, 0.0)",0,0,0,0,0,0,False,0,0,0,0,0,0,0,0,"(0.0, 6.0, 368.5)","(0.2, 0.0, 0.0, 1.0)"
0,848641.1,0,0,0,0,0,0,0,0,0,"(0.0, 0.0)","(0.0, 0.0)","(0.0, 0.0)","(0.0, 0.0, 0.0)","(0.0, 0.0, 0.0)","(0.0, 0.0, 0.0)","(0.0, 0.0, 0.0)","(0.0, 0.0, 0.0)","(0.0, 0.0, 0.0)",0,0,0,0,0,0,False,0,0,0,0,0,0,0,0,"(0.0, 6.0, 368.7)","(0.2, 0.0, 0.0, 1.0)"
0,848662,0,0,0,0,0,0,0,0,0,"(0.0, 0.0)","(0.0, 0.0)","(0.0, 0.0)","(0.0, 0.0, 0.0)","(0.0, 0.0, 0.0)","(0.0, 0.0, 0.0)","(0.0, 0.0, 0.0)","(0.0, 0.0, 0.0)","(0.0, 0.0, 0.0)",0,0,0,0,0,0,False,0,0,0,0,0,0,0,0,"(0.0, 6.0, 368.9)","(0.2, 0.0, 0.0, 1.0)"
0,848684.3,0,0,0,0,0,0,0,0,0,"(0.0, 0.0)","(0.0, 0.0)","(0.0, 0.0)","(0.0, 0.0, 0.0)","(0.0, 0.0, 0.0)","(0.0, 0.0, 0.0)","(0.0, 0.0, 0.0)","(0.0, 0.0, 0.0)","(0.0, 0.0, 0.0)",0,0,0,0,0,0,False,0,0,0,0,0,0,0,0,"(0.0, 6.0, 369.1)","(0.2, 0.0, 0.0, 1.0)"
0,848705.8,0,0,0,0,0,0,0,0,0,"(0.0, 0.0)","(0.0, 0.0)","(0.0, 0.0)","(0.0, 0.0, 0.0)","(0.0, 0.0, 0.0)","(0.0, 0.0, 0.0)","(0.0, 0.0, 0.0)","(0.0, 0.0, 0.0)","(0.0, 0.0, 0.0)",0,0,0,0,0,0,False,0,0,0,0,0,0,0,0,"(0.0, 6.0, 369.3)","(0.2, 0.0, 0.0, 1.0)"
0,848728.3,0,0,0,0,0,0,0,0,0,"(0.0, 0.0)","(0.0, 0.0)","(0.0, 0.0)","(0.0, 0.0, 0.0)","(0.0, 0.0, 0.0)","(0.0, 0.0, 0.0)","(0.0, 0.0, 0.0)","(0.0, 0.0, 0.0)","(0.0, 0.0, 0.0)",0,0,0,0,0,0,False,0,0,0,0,0,0,0,0,"(0.0, 6.0, 369.5)","(0.2, 0.0, 0.0, 1.0)"
0,848754.1,0,0,0,0,0,0,0,0,0,"(0.0, 0.0)","(0.0, 0.0)","(0.0, 0.0)","(0.0, 0.0, 0.0)","(0.0, 0.0, 0.0)","(0.0, 0.0, 0.0)","(0.0, 0.0, 0.0)","(0.0, 0.0, 0.0)","(0.0, 0.0, 0.0)",0,0,0,0,0,0,False,0,0,0,0,0,0,0,0,"(0.0, 6.0, 369.7)","(0.2, 0.0, 0.0, 1.0)"
0,848774.4,0,0,0,0,0,0,0,0,0,"(0.0, 0.0)","(0.0, 0.0)","(0.0, 0.0)","(0.0, 0.0, 0.0)","(0.0, 0.0, 0.0)","(0.0, 0.0, 0.0)","(0.0, 0.0, 0.0)","(0.0, 0.0, 0.0)","(0.0, 0.0, 0.0)",0,0,0,0,0,0,False,0,0,0,0,0,0,0,0,"(0.0, 6.0, 369.9)","(0.2, 0.0, 0.0, 1.0)"
0,848795,0,0,0,0,0,0,0,0,0,"(0.0, 0.0)","(0.0, 0.0)","(0.0, 0.0)","(0.0, 0.0, 0.0)","(0.0, 0.0, 0.0)","(0.0, 0.0, 0.0)","(0.0, 0.0, 0.0)","(0.0, 0.0, 0.0)","(0.0, 0.0, 0.0)",0,0,0,0,0,0,False,0,0,0,0,0,0,0,0,"(0.0, 6.0, 370.1)","(0.2, 0.0, 0.0, 1.0)"
0,848817.8,0,0,0,0,0,0,0,0,0,"(0.0, 0.0)","(0.0, 0.0)","(0.0, 0.0)","(0.0, 0.0, 0.0)","(0.0, 0.0, 0.0)","(0.0, 0.0, 0.0)","(0.0, 0.0, 0.0)","(0.0, 0.0, 0.0)","(0.0, 0.0, 0.0)",0,0,0,0,0,0,False,0,0,0,0,0,0,0,0,"(0.0, 6.0, 370.3)","(0.2, 0.0, 0.0, 1.0)"
0,848838.7,0,0,0,0,0,0,0,0,0,"(0.0, 0.0)","(0.0, 0.0)","(0.0, 0.0)","(0.0, 0.0, 0.0)","(0.0, 0.0, 0.0)","(0.0, 0.0, 0.0)","(0.0, 0.0, 0.0)","(0.0, 0.0, 0.0)","(0.0, 0.0, 0.0)",0,0,0,0,0,0,False,0,0,0,0,0,0,0,0,"(0.0, 6.0, 370.5)","(0.2, 0.0, 0.0, 1.0)"
0,848861.6,0,0,0,0,0,0,0,0,0,"(0.0, 0.0)","(0.0, 0.0)","(0.0, 0.0)","(0.0, 0.0, 0.0)","(0.0, 0.0, 0.0)","(0.0, 0.0, 0.0)","(0.0, 0.0, 0.0)","(0.0, 0.0, 0.0)","(0.0, 0.0, 0.0)",0,0,0,0,0,0,False,0,0,0,0,0,0,0,0,"(0.0, 6.0, 370.7)","(0.2, 0.0, 0.0, 1.0)"
0,848884.7,0,0,0,0,0,0,0,0,0,"(0.0, 0.0)","(0.0, 0.0)","(0.0, 0.0)","(0.0, 0.0, 0.0)","(0.0, 0.0, 0.0)","(0.0, 0.0, 0.0)","(0.0, 0.0, 0.0)","(0.0, 0.0, 0.0)","(0.0, 0.0, 0.0)",0,0,0,0,0,0,False,0,0,0,0,0,0,0,0,"(0.0, 6.0, 371.0)","(0.2, 0.0, 0.0, 1.0)"
0,848905.8,0,0,0,0,0,0,0,0,0,"(0.0, 0.0)","(0.0, 0.0)","(0.0, 0.0)","(0.0, 0.0, 0.0)","(0.0, 0.0, 0.0)","(0.0, 0.0, 0.0)","(0.0, 0.0, 0.0)","(0.0, 0.0, 0.0)","(0.0, 0.0, 0.0)",0,0,0,0,0,0,False,0,0,0,0,0,0,0,0,"(0.0, 6.0, 371.2)","(0.2, 0.0, 0.0, 1.0)"
0,848928.1,0,0,0,0,0,0,0,0,0,"(0.0, 0.0)","(0.0, 0.0)","(0.0, 0.0)","(0.0, 0.0, 0.0)","(0.0, 0.0, 0.0)","(0.0, 0.0, 0.0)","(0.0, 0.0, 0.0)","(0.0, 0.0, 0.0)","(0.0, 0.0, 0.0)",0,0,0,0,0,0,False,0,0,0,0,0,0,0,0,"(0.0, 6.0, 371.4)","(0.2, 0.0, 0.0, 1.0)"
0,848950.8,0,0,0,0,0,0,0,0,0,"(0.0, 0.0)","(0.0, 0.0)","(0.0, 0.0)","(0.0, 0.0, 0.0)","(0.0, 0.0, 0.0)","(0.0, 0.0, 0.0)","(0.0, 0.0, 0.0)","(0.0, 0.0, 0.0)","(0.0, 0.0, 0.0)",0,0,0,0,0,0,False,0,0,0,0,0,0,0,0,"(0.0, 6.0, 371.6)","(0.2, 0.0, 0.0, 1.0)"
0,848972.6,0,0,0,0,0,0,0,0,0,"(0.0, 0.0)","(0.0, 0.0)","(0.0, 0.0)","(0.0, 0.0, 0.0)","(0.0, 0.0, 0.0)","(0.0, 0.0, 0.0)","(0.0, 0.0, 0.0)","(0.0, 0.0, 0.0)","(0.0, 0.0, 0.0)",0,0,0,0,0,0,False,0,0,0,0,0,0,0,0,"(0.0, 6.0, 371.8)","(0.2, 0.0, 0.0, 1.0)"
0,848994.8,0,0,0,0,0,0,0,0,0,"(0.0, 0.0)","(0.0, 0.0)","(0.0, 0.0)","(0.0, 0.0, 0.0)","(0.0, 0.0, 0.0)","(0.0, 0.0, 0.0)","(0.0, 0.0, 0.0)","(0.0, 0.0, 0.0)","(0.0, 0.0, 0.0)",0,0,0,0,0,0,False,0,0,0,0,0,0,0,0,"(0.0, 6.0, 372.0)","(0.2, 0.0, 0.0, 1.0)"
0,849014.8,0,0,0,0,0,0,0,0,0,"(0.0, 0.0)","(0.0, 0.0)","(0.0, 0.0)","(0.0, 0.0, 0.0)","(0.0, 0.0, 0.0)","(0.0, 0.0, 0.0)","(0.0, 0.0, 0.0)","(0.0, 0.0, 0.0)","(0.0, 0.0, 0.0)",0,0,0,0,0,0,False,0,0,0,0,0,0,0,0,"(0.0, 6.0, 372.3)","(0.2, 0.0, 0.0, 1.0)"
0,849034,0,0,0,0,0,0,0,0,0,"(0.0, 0.0)","(0.0, 0.0)","(0.0, 0.0)","(0.0, 0.0, 0.0)","(0.0, 0.0, 0.0)","(0.0, 0.0, 0.0)","(0.0, 0.0, 0.0)","(0.0, 0.0, 0.0)","(0.0, 0.0, 0.0)",0,0,0,0,0,0,False,0,0,0,0,0,0,0,0,"(0.0, 6.0, 372.5)","(0.2, 0.0, 0.0, 1.0)"
0,849053.8,0,0,0,0,0,0,0,0,0,"(0.0, 0.0)","(0.0, 0.0)","(0.0, 0.0)","(0.0, 0.0, 0.0)","(0.0, 0.0, 0.0)","(0.0, 0.0, 0.0)","(0.0, 0.0, 0.0)","(0.0, 0.0, 0.0)","(0.0, 0.0, 0.0)",0,0,0,0,0,0,False,0,0,0,0,0,0,0,0,"(0.0, 6.0, 372.7)","(0.2, 0.0, 0.0, 1.0)"
0,849072.8,0,0,0,0,0,0,0,0,0,"(0.0, 0.0)","(0.0, 0.0)","(0.0, 0.0)","(0.0, 0.0, 0.0)","(0.0, 0.0, 0.0)","(0.0, 0.0, 0.0)","(0.0, 0.0, 0.0)","(0.0, 0.0, 0.0)","(0.0, 0.0, 0.0)",0,0,0,0,0,0,False,0,0,0,0,0,0,0,0,"(0.0, 6.0, 372.9)","(0.2, 0.0, 0.0, 1.0)"
0,849091.4,0,0,0,0,0,0,0,0,0,"(0.0, 0.0)","(0.0, 0.0)","(0.0, 0.0)","(0.0, 0.0, 0.0)","(0.0, 0.0, 0.0)","(0.0, 0.0, 0.0)","(0.0, 0.0, 0.0)","(0.0, 0.0, 0.0)","(0.0, 0.0, 0.0)",0,0,0,0,0,0,False,0,0,0,0,0,0,0,0,"(0.0, 6.0, 373.1)","(0.2, 0.0, 0.0, 1.0)"
0,849111.2,0,0,0,0,0,0,0,0,0,"(0.0, 0.0)","(0.0, 0.0)","(0.0, 0.0)","(0.0, 0.0, 0.0)","(0.0, 0.0, 0.0)","(0.0, 0.0, 0.0)","(0.0, 0.0, 0.0)","(0.0, 0.0, 0.0)","(0.0, 0.0, 0.0)",0,0,0,0,0,0,False,0,0,0,0,0,0,0,0,"(0.0, 6.0, 373.3)","(0.2, 0.0, 0.0, 1.0)"
0,849130.4,0,0,0,0,0,0,0,0,0,"(0.0, 0.0)","(0.0, 0.0)","(0.0, 0.0)","(0.0, 0.0, 0.0)","(0.0, 0.0, 0.0)","(0.0, 0.0, 0.0)","(0.0, 0.0, 0.0)","(0.0, 0.0, 0.0)","(0.0, 0.0, 0.0)",0,0,0,0,0,0,False,0,0,0,0,0,0,0,0,"(0.0, 6.0, 373.5)","(0.2, 0.0, 0.0, 1.0)"
0,849147.8,0,0,0,0,0,0,0,0,0,"(0.0, 0.0)","(0.0, 0.0)","(0.0, 0.0)","(0.0, 0.0, 0.0)","(0.0, 0.0, 0.0)","(0.0, 0.0, 0.0)","(0.0, 0.0, 0.0)","(0.0, 0.0, 0.0)","(0.0, 0.0, 0.0)",0,0,0,0,0,0,False,0,0,0,0,0,0,0,0,"(0.0, 6.0, 373.7)","(0.2, 0.0, 0.0, 1.0)"
0,849166.2,0,0,0,0,0,0,0,0,0,"(0.0, 0.0)","(0.0, 0.0)","(0.0, 0.0)","(0.0, 0.0, 0.0)","(0.0, 0.0, 0.0)","(0.0, 0.0, 0.0)","(0.0, 0.0, 0.0)","(0.0, 0.0, 0.0)","(0.0, 0.0, 0.0)",0,0,0,0,0,0,False,0,0,0,0,0,0,0,0,"(0.0, 6.0, 373.9)","(0.2, 0.0, 0.0, 1.0)"
0,849191.3,0,0,0,0,0,0,0,0,0,"(0.0, 0.0)","(0.0, 0.0)","(0.0, 0.0)","(0.0, 0.0, 0.0)","(0.0, 0.0, 0.0)","(0.0, 0.0, 0.0)","(0.0, 0.0, 0.0)","(0.0, 0.0, 0.0)","(0.0, 0.0, 0.0)",0,0,0,0,0,0,False,0,0,0,0,0,0,0,0,"(0.0, 6.0, 374.1)","(0.2, 0.0, 0.0, 1.0)"
0,849208.7,0,0,0,0,0,0,0,0,0,"(0.0, 0.0)","(0.0, 0.0)","(0.0, 0.0)","(0.0, 0.0, 0.0)","(0.0, 0.0, 0.0)","(0.0, 0.0, 0.0)","(0.0, 0.0, 0.0)","(0.0, 0.0, 0.0)","(0.0, 0.0, 0.0)",0,0,0,0,0,0,False,0,0,0,0,0,0,0,0,"(0.0, 6.0, 374.3)","(0.2, 0.0, 0.0, 1.0)"
0,849225.3,0,0,0,0,0,0,0,0,0,"(0.0, 0.0)","(0.0, 0.0)","(0.0, 0.0)","(0.0, 0.0, 0.0)","(0.0, 0.0, 0.0)","(0.0, 0.0, 0.0)","(0.0, 0.0, 0.0)","(0.0, 0.0, 0.0)","(0.0, 0.0, 0.0)",0,0,0,0,0,0,False,0,0,0,0,0,0,0,0,"(0.0, 6.0, 374.5)","(0.2, 0.0, 0.0, 1.0)"
0,849247.3,0,0,0,0,0,0,0,0,0,"(0.0, 0.0)","(0.0, 0.0)","(0.0, 0.0)","(0.0, 0.0, 0.0)","(0.0, 0.0, 0.0)","(0.0, 0.0, 0.0)","(0.0, 0.0, 0.0)","(0.0, 0.0, 0.0)","(0.0, 0.0, 0.0)",0,0,0,0,0,0,False,0,0,0,0,0,0,0,0,"(0.0, 6.0, 374.7)","(0.2, 0.0, 0.0, 1.0)"
0,849270.1,0,0,0,0,0,0,0,0,0,"(0.0, 0.0)","(0.0, 0.0)","(0.0, 0.0)","(0.0, 0.0, 0.0)","(0.0, 0.0, 0.0)","(0.0, 0.0, 0.0)","(0.0, 0.0, 0.0)","(0.0, 0.0, 0.0)","(0.0, 0.0, 0.0)",0,0,0,0,0,0,False,0,0,0,0,0,0,0,0,"(0.0, 6.0, 374.9)","(0.2, 0.0, 0.0, 1.0)"
0,849288.2,0,0,0,0,0,0,0,0,0,"(0.0, 0.0)","(0.0, 0.0)","(0.0, 0.0)","(0.0, 0.0, 0.0)","(0.0, 0.0, 0.0)","(0.0, 0.0, 0.0)","(0.0, 0.0, 0.0)","(0.0, 0.0, 0.0)","(0.0, 0.0, 0.0)",0,0,0,0,0,0,False,0,0,0,0,0,0,0,0,"(0.0, 6.0, 375.1)","(0.2, 0.0, 0.0, 1.0)"
0,849305.8,0,0,0,0,0,0,0,0,0,"(0.0, 0.0)","(0.0, 0.0)","(0.0, 0.0)","(0.0, 0.0, 0.0)","(0.0, 0.0, 0.0)","(0.0, 0.0, 0.0)","(0.0, 0.0, 0.0)","(0.0, 0.0, 0.0)","(0.0, 0.0, 0.0)",0,0,0,0,0,0,False,0,0,0,0,0,0,0,0,"(0.0, 6.0, 375.3)","(0.2, 0.0, 0.0, 1.0)"
0,849323.1,0,0,0,0,0,0,0,0,0,"(0.0, 0.0)","(0.0, 0.0)","(0.0, 0.0)","(0.0, 0.0, 0.0)","(0.0, 0.0, 0.0)","(0.0, 0.0, 0.0)","(0.0, 0.0, 0.0)","(0.0, 0.0, 0.0)","(0.0, 0.0, 0.0)",0,0,0,0,0,0,False,0,0,0,0,0,0,0,0,"(0.0, 6.0, 375.5)","(0.2, 0.0, 0.0, 1.0)"
0,849340.1,0,0,0,0,0,0,0,0,0,"(0.0, 0.0)","(0.0, 0.0)","(0.0, 0.0)","(0.0, 0.0, 0.0)","(0.0, 0.0, 0.0)","(0.0, 0.0, 0.0)","(0.0, 0.0, 0.0)","(0.0, 0.0, 0.0)","(0.0, 0.0, 0.0)",0,0,0,0,0,0,False,0,0,0,0,0,0,0,0,"(0.0, 6.0, 375.7)","(0.2, 0.0, 0.0, 1.0)"
0,849357.9,0,0,0,0,0,0,0,0,0,"(0.0, 0.0)","(0.0, 0.0)","(0.0, 0.0)","(0.0, 0.0, 0.0)","(0.0, 0.0, 0.0)","(0.0, 0.0, 0.0)","(0.0, 0.0, 0.0)","(0.0, 0.0, 0.0)","(0.0, 0.0, 0.0)",0,0,0,0,0,0,False,0,0,0,0,0,0,0,0,"(0.0, 6.0, 375.9)","(0.2, 0.0, 0.0, 1.0)"
0,849376,0,0,0,0,0,0,0,0,0,"(0.0, 0.0)","(0.0, 0.0)","(0.0, 0.0)","(0.0, 0.0, 0.0)","(0.0, 0.0, 0.0)","(0.0, 0.0, 0.0)","(0.0, 0.0, 0.0)","(0.0, 0.0, 0.0)","(0.0, 0.0, 0.0)",0,0,0,0,0,0,False,0,0,0,0,0,0,0,0,"(0.0, 6.0, 376.1)","(0.2, 0.0, 0.0, 1.0)"
0,849394.1,0,0,0,0,0,0,0,0,0,"(0.0, 0.0)","(0.0, 0.0)","(0.0, 0.0)","(0.0, 0.0, 0.0)","(0.0, 0.0, 0.0)","(0.0, 0.0, 0.0)","(0.0, 0.0, 0.0)","(0.0, 0.0, 0.0)","(0.0, 0.0, 0.0)",0,0,0,0,0,0,False,0,0,0,0,0,0,0,0,"(0.0, 6.0, 376.3)","(0.2, 0.0, 0.0, 1.0)"
0,849411.8,0,0,0,0,0,0,0,0,0,"(0.0, 0.0)","(0.0, 0.0)","(0.0, 0.0)","(0.0, 0.0, 0.0)","(0.0, 0.0, 0.0)","(0.0, 0.0, 0.0)","(0.0, 0.0, 0.0)","(0.0, 0.0, 0.0)","(0.0, 0.0, 0.0)",0,0,0,0,0,0,False,0,0,0,0,0,0,0,0,"(0.0, 6.0, 376.5)","(0.2, 0.0, 0.0, 1.0)"
0,849429.8,0,0,0,0,0,0,0,0,0,"(0.0, 0.0)","(0.0, 0.0)","(0.0, 0.0)","(0.0, 0.0, 0.0)","(0.0, 0.0, 0.0)","(0.0, 0.0, 0.0)","(0.0, 0.0, 0.0)","(0.0, 0.0, 0.0)","(0.0, 0.0, 0.0)",0,0,0,0,0,0,False,0,0,0,0,0,0,0,0,"(0.0, 6.0, 376.7)","(0.2, 0.0, 0.0, 1.0)"
0,849449.1,0,0,0,0,0,0,0,0,0,"(0.0, 0.0)","(0.0, 0.0)","(0.0, 0.0)","(0.0, 0.0, 0.0)","(0.0, 0.0, 0.0)","(0.0, 0.0, 0.0)","(0.0, 0.0, 0.0)","(0.0, 0.0, 0.0)","(0.0, 0.0, 0.0)",0,0,0,0,0,0,False,0,0,0,0,0,0,0,0,"(0.0, 6.0, 376.8)","(0.2, 0.0, 0.0, 1.0)"
0,849468.4,0,0,0,0,0,0,0,0,0,"(0.0, 0.0)","(0.0, 0.0)","(0.0, 0.0)","(0.0, 0.0, 0.0)","(0.0, 0.0, 0.0)","(0.0, 0.0, 0.0)","(0.0, 0.0, 0.0)","(0.0, 0.0, 0.0)","(0.0, 0.0, 0.0)",0,0,0,0,0,0,False,0,0,0,0,0,0,0,0,"(0.0, 6.0, 377.0)","(0.2, 0.0, 0.0, 1.0)"
0,849487.6,0,0,0,0,0,0,0,0,0,"(0.0, 0.0)","(0.0, 0.0)","(0.0, 0.0)","(0.0, 0.0, 0.0)","(0.0, 0.0, 0.0)","(0.0, 0.0, 0.0)","(0.0, 0.0, 0.0)","(0.0, 0.0, 0.0)","(0.0, 0.0, 0.0)",0,0,0,0,0,0,False,0,0,0,0,0,0,0,0,"(0.0, 6.0, 377.2)","(0.2, 0.0, 0.0, 1.0)"
0,849505.3,0,0,0,0,0,0,0,0,0,"(0.0, 0.0)","(0.0, 0.0)","(0.0, 0.0)","(0.0, 0.0, 0.0)","(0.0, 0.0, 0.0)","(0.0, 0.0, 0.0)","(0.0, 0.0, 0.0)","(0.0, 0.0, 0.0)","(0.0, 0.0, 0.0)",0,0,0,0,0,0,False,0,0,0,0,0,0,0,0,"(0.0, 6.0, 377.4)","(0.2, 0.0, 0.0, 1.0)"
0,849528.2,0,0,0,0,0,0,0,0,0,"(0.0, 0.0)","(0.0, 0.0)","(0.0, 0.0)","(0.0, 0.0, 0.0)","(0.0, 0.0, 0.0)","(0.0, 0.0, 0.0)","(0.0, 0.0, 0.0)","(0.0, 0.0, 0.0)","(0.0, 0.0, 0.0)",0,0,0,0,0,0,False,0,0,0,0,0,0,0,0,"(0.0, 6.0, 377.6)","(0.2, 0.0, 0.0, 1.0)"
0,849550.3,0,0,0,0,0,0,0,0,0,"(0.0, 0.0)","(0.0, 0.0)","(0.0, 0.0)","(0.0, 0.0, 0.0)","(0.0, 0.0, 0.0)","(0.0, 0.0, 0.0)","(0.0, 0.0, 0.0)","(0.0, 0.0, 0.0)","(0.0, 0.0, 0.0)",0,0,0,0,0,0,False,0,0,0,0,0,0,0,0,"(0.0, 6.0, 377.8)","(0.2, 0.0, 0.0, 1.0)"
0,849571.9,0,0,0,0,0,0,0,0,0,"(0.0, 0.0)","(0.0, 0.0)","(0.0, 0.0)","(0.0, 0.0, 0.0)","(0.0, 0.0, 0.0)","(0.0, 0.0, 0.0)","(0.0, 0.0, 0.0)","(0.0, 0.0, 0.0)","(0.0, 0.0, 0.0)",0,0,0,0,0,0,False,0,0,0,0,0,0,0,0,"(0.0, 6.0, 378.0)","(0.2, 0.0, 0.0, 1.0)"
0,849594.1,0,0,0,0,0,0,0,0,0,"(0.0, 0.0)","(0.0, 0.0)","(0.0, 0.0)","(0.0, 0.0, 0.0)","(0.0, 0.0, 0.0)","(0.0, 0.0, 0.0)","(0.0, 0.0, 0.0)","(0.0, 0.0, 0.0)","(0.0, 0.0, 0.0)",0,0,0,0,0,0,False,0,0,0,0,0,0,0,0,"(0.0, 6.0, 378.2)","(0.2, 0.0, 0.0, 1.0)"
0,849617.4,0,0,0,0,0,0,0,0,0,"(0.0, 0.0)","(0.0, 0.0)","(0.0, 0.0)","(0.0, 0.0, 0.0)","(0.0, 0.0, 0.0)","(0.0, 0.0, 0.0)","(0.0, 0.0, 0.0)","(0.0, 0.0, 0.0)","(0.0, 0.0, 0.0)",0,0,0,0,0,0,False,0,0,0,0,0,0,0,0,"(0.0, 6.0, 378.4)","(0.2, 0.0, 0.0, 1.0)"
0,849638.5,0,0,0,0,0,0,0,0,0,"(0.0, 0.0)","(0.0, 0.0)","(0.0, 0.0)","(0.0, 0.0, 0.0)","(0.0, 0.0, 0.0)","(0.0, 0.0, 0.0)","(0.0, 0.0, 0.0)","(0.0, 0.0, 0.0)","(0.0, 0.0, 0.0)",0,0,0,0,0,0,False,0,0,0,0,0,0,0,0,"(0.0, 6.0, 378.6)","(0.2, 0.0, 0.0, 1.0)"
0,849660.6,0,0,0,0,0,0,0,0,0,"(0.0, 0.0)","(0.0, 0.0)","(0.0, 0.0)","(0.0, 0.0, 0.0)","(0.0, 0.0, 0.0)","(0.0, 0.0, 0.0)","(0.0, 0.0, 0.0)","(0.0, 0.0, 0.0)","(0.0, 0.0, 0.0)",0,0,0,0,0,0,False,0,0,0,0,0,0,0,0,"(0.0, 6.0, 378.8)","(0.2, 0.0, 0.0, 1.0)"
0,849684.2,0,0,0,0,0,0,0,0,0,"(0.0, 0.0)","(0.0, 0.0)","(0.0, 0.0)","(0.0, 0.0, 0.0)","(0.0, 0.0, 0.0)","(0.0, 0.0, 0.0)","(0.0, 0.0, 0.0)","(0.0, 0.0, 0.0)","(0.0, 0.0, 0.0)",0,0,0,0,0,0,False,0,0,0,0,0,0,0,0,"(0.0, 6.0, 379.0)","(0.2, 0.0, 0.0, 1.0)"
0,849706.3,0,0,0,0,0,0,0,0,0,"(0.0, 0.0)","(0.0, 0.0)","(0.0, 0.0)","(0.0, 0.0, 0.0)","(0.0, 0.0, 0.0)","(0.0, 0.0, 0.0)","(0.0, 0.0, 0.0)","(0.0, 0.0, 0.0)","(0.0, 0.0, 0.0)",0,0,0,0,0,0,False,0,0,0,0,0,0,0,0,"(0.0, 6.0, 379.2)","(0.2, 0.0, 0.0, 1.0)"
0,849727.6,0,0,0,0,0,0,0,0,0,"(0.0, 0.0)","(0.0, 0.0)","(0.0, 0.0)","(0.0, 0.0, 0.0)","(0.0, 0.0, 0.0)","(0.0, 0.0, 0.0)","(0.0, 0.0, 0.0)","(0.0, 0.0, 0.0)","(0.0, 0.0, 0.0)",0,0,0,0,0,0,False,0,0,0,0,0,0,0,0,"(0.0, 6.0, 379.4)","(0.2, 0.0, 0.0, 1.0)"
0,849750.6,0,0,0,0,0,0,0,0,0,"(0.0, 0.0)","(0.0, 0.0)","(0.0, 0.0)","(0.0, 0.0, 0.0)","(0.0, 0.0, 0.0)","(0.0, 0.0, 0.0)","(0.0, 0.0, 0.0)","(0.0, 0.0, 0.0)","(0.0, 0.0, 0.0)",0,0,0,0,0,0,False,0,0,0,0,0,0,0,0,"(0.0, 6.0, 379.7)","(0.2, 0.0, 0.0, 1.0)"
0,849771.6,0,0,0,0,0,0,0,0,0,"(0.0, 0.0)","(0.0, 0.0)","(0.0, 0.0)","(0.0, 0.0, 0.0)","(0.0, 0.0, 0.0)","(0.0, 0.0, 0.0)","(0.0, 0.0, 0.0)","(0.0, 0.0, 0.0)","(0.0, 0.0, 0.0)",0,0,0,0,0,0,False,0,0,0,0,0,0,0,0,"(0.0, 6.0, 379.9)","(0.2, 0.0, 0.0, 1.0)"
0,849794.3,0,0,0,0,0,0,0,0,0,"(0.0, 0.0)","(0.0, 0.0)","(0.0, 0.0)","(0.0, 0.0, 0.0)","(0.0, 0.0, 0.0)","(0.0, 0.0, 0.0)","(0.0, 0.0, 0.0)","(0.0, 0.0, 0.0)","(0.0, 0.0, 0.0)",0,0,0,0,0,0,False,0,0,0,0,0,0,0,0,"(0.0, 6.0, 380.1)","(0.2, 0.0, 0.0, 1.0)"
0,849816.8,0,0,0,0,0,0,0,0,0,"(0.0, 0.0)","(0.0, 0.0)","(0.0, 0.0)","(0.0, 0.0, 0.0)","(0.0, 0.0, 0.0)","(0.0, 0.0, 0.0)","(0.0, 0.0, 0.0)","(0.0, 0.0, 0.0)","(0.0, 0.0, 0.0)",0,0,0,0,0,0,False,0,0,0,0,0,0,0,0,"(0.0, 6.0, 380.3)","(0.2, 0.0, 0.0, 1.0)"
0,849838.6,0,0,0,0,0,0,0,0,0,"(0.0, 0.0)","(0.0, 0.0)","(0.0, 0.0)","(0.0, 0.0, 0.0)","(0.0, 0.0, 0.0)","(0.0, 0.0, 0.0)","(0.0, 0.0, 0.0)","(0.0, 0.0, 0.0)","(0.0, 0.0, 0.0)",0,0,0,0,0,0,False,0,0,0,0,0,0,0,0,"(0.0, 6.0, 380.5)","(0.2, 0.0, 0.0, 1.0)"
0,849860.7,0,0,0,0,0,0,0,0,0,"(0.0, 0.0)","(0.0, 0.0)","(0.0, 0.0)","(0.0, 0.0, 0.0)","(0.0, 0.0, 0.0)","(0.0, 0.0, 0.0)","(0.0, 0.0, 0.0)","(0.0, 0.0, 0.0)","(0.0, 0.0, 0.0)",0,0,0,0,0,0,False,0,0,0,0,0,0,0,0,"(0.0, 6.0, 380.7)","(0.2, 0.0, 0.0, 1.0)"
0,849883.7,0,0,0,0,0,0,0,0,0,"(0.0, 0.0)","(0.0, 0.0)","(0.0, 0.0)","(0.0, 0.0, 0.0)","(0.0, 0.0, 0.0)","(0.0, 0.0, 0.0)","(0.0, 0.0, 0.0)","(0.0, 0.0, 0.0)","(0.0, 0.0, 0.0)",0,0,0,0,0,0,False,0,0,0,0,0,0,0,0,"(0.0, 6.0, 380.9)","(0.2, 0.0, 0.0, 1.0)"
0,849905.8,0,0,0,0,0,0,0,0,0,"(0.0, 0.0)","(0.0, 0.0)","(0.0, 0.0)","(0.0, 0.0, 0.0)","(0.0, 0.0, 0.0)","(0.0, 0.0, 0.0)","(0.0, 0.0, 0.0)","(0.0, 0.0, 0.0)","(0.0, 0.0, 0.0)",0,0,0,0,0,0,False,0,0,0,0,0,0,0,0,"(0.0, 6.0, 381.2)","(0.2, 0.0, 0.0, 1.0)"
0,849927.3,0,0,0,0,0,0,0,0,0,"(0.0, 0.0)","(0.0, 0.0)","(0.0, 0.0)","(0.0, 0.0, 0.0)","(0.0, 0.0, 0.0)","(0.0, 0.0, 0.0)","(0.0, 0.0, 0.0)","(0.0, 0.0, 0.0)","(0.0, 0.0, 0.0)",0,0,0,0,0,0,False,0,0,0,0,0,0,0,0,"(0.0, 6.0, 381.4)","(0.2, 0.0, 0.0, 1.0)"
0,849942.8,0,0,0,0,0,0,0,0,0,"(0.0, 0.0)","(0.0, 0.0)","(0.0, 0.0)","(0.0, 0.0, 0.0)","(0.0, 0.0, 0.0)","(0.0, 0.0, 0.0)","(0.0, 0.0, 0.0)","(0.0, 0.0, 0.0)","(0.0, 0.0, 0.0)",0,0,0,0,0,0,False,0,0,0,0,0,0,0,0,"(0.0, 6.0, 381.6)","(0.2, 0.0, 0.0, 1.0)"
0,849960.5,0,0,0,0,0,0,0,0,0,"(0.0, 0.0)","(0.0, 0.0)","(0.0, 0.0)","(0.0, 0.0, 0.0)","(0.0, 0.0, 0.0)","(0.0, 0.0, 0.0)","(0.0, 0.0, 0.0)","(0.0, 0.0, 0.0)","(0.0, 0.0, 0.0)",0,0,0,0,0,0,False,0,0,0,0,0,0,0,0,"(0.0, 6.0, 381.8)","(0.2, 0.0, 0.0, 1.0)"
0,849977.3,0,0,0,0,0,0,0,0,0,"(0.0, 0.0)","(0.0, 0.0)","(0.0, 0.0)","(0.0, 0.0, 0.0)","(0.0, 0.0, 0.0)","(0.0, 0.0, 0.0)","(0.0, 0.0, 0.0)","(0.0, 0.0, 0.0)","(0.0, 0.0, 0.0)",0,0,0,0,0,0,False,0,0,0,0,0,0,0,0,"(0.0, 6.0, 382.0)","(0.2, 0.0, 0.0, 1.0)"
0,849993.9,0,0,0,0,0,0,0,0,0,"(0.0, 0.0)","(0.0, 0.0)","(0.0, 0.0)","(0.0, 0.0, 0.0)","(0.0, 0.0, 0.0)","(0.0, 0.0, 0.0)","(0.0, 0.0, 0.0)","(0.0, 0.0, 0.0)","(0.0, 0.0, 0.0)",0,0,0,0,0,0,False,0,0,0,0,0,0,0,0,"(0.0, 6.0, 382.2)","(0.2, 0.0, 0.0, 1.0)"
0,850010.9,0,0,0,0,0,0,0,0,0,"(0.0, 0.0)","(0.0, 0.0)","(0.0, 0.0)","(0.0, 0.0, 0.0)","(0.0, 0.0, 0.0)","(0.0, 0.0, 0.0)","(0.0, 0.0, 0.0)","(0.0, 0.0, 0.0)","(0.0, 0.0, 0.0)",0,0,0,0,0,0,False,0,0,0,0,0,0,0,0,"(0.0, 6.0, 382.4)","(0.2, 0.0, 0.0, 1.0)"
0,850028.5,0,0,0,0,0,0,0,0,0,"(0.0, 0.0)","(0.0, 0.0)","(0.0, 0.0)","(0.0, 0.0, 0.0)","(0.0, 0.0, 0.0)","(0.0, 0.0, 0.0)","(0.0, 0.0, 0.0)","(0.0, 0.0, 0.0)","(0.0, 0.0, 0.0)",0,0,0,0,0,0,False,0,0,0,0,0,0,0,0,"(0.0, 6.0, 382.6)","(0.2, 0.0, 0.0, 1.0)"
0,850051.2,0,0,0,0,0,0,0,0,0,"(0.0, 0.0)","(0.0, 0.0)","(0.0, 0.0)","(0.0, 0.0, 0.0)","(0.0, 0.0, 0.0)","(0.0, 0.0, 0.0)","(0.0, 0.0, 0.0)","(0.0, 0.0, 0.0)","(0.0, 0.0, 0.0)",0,0,0,0,0,0,False,0,0,0,0,0,0,0,0,"(0.0, 6.0, 382.8)","(0.2, 0.0, 0.0, 1.0)"
0,850069.1,0,0,0,0,0,0,0,0,0,"(0.0, 0.0)","(0.0, 0.0)","(0.0, 0.0)","(0.0, 0.0, 0.0)","(0.0, 0.0, 0.0)","(0.0, 0.0, 0.0)","(0.0, 0.0, 0.0)","(0.0, 0.0, 0.0)","(0.0, 0.0, 0.0)",0,0,0,0,0,0,False,0,0,0,0,0,0,0,0,"(0.0, 6.0, 383.0)","(0.2, 0.0, 0.0, 1.0)"
0,850085,0,0,0,0,0,0,0,0,0,"(0.0, 0.0)","(0.0, 0.0)","(0.0, 0.0)","(0.0, 0.0, 0.0)","(0.0, 0.0, 0.0)","(0.0, 0.0, 0.0)","(0.0, 0.0, 0.0)","(0.0, 0.0, 0.0)","(0.0, 0.0, 0.0)",0,0,0,0,0,0,False,0,0,0,0,0,0,0,0,"(0.0, 6.0, 383.2)","(0.2, 0.0, 0.0, 1.0)"
0,850101.1,0,0,0,0,0,0,0,0,0,"(0.0, 0.0)","(0.0, 0.0)","(0.0, 0.0)","(0.0, 0.0, 0.0)","(0.0, 0.0, 0.0)","(0.0, 0.0, 0.0)","(0.0, 0.0, 0.0)","(0.0, 0.0, 0.0)","(0.0, 0.0, 0.0)",0,0,0,0,0,0,False,0,0,0,0,0,0,0,0,"(0.0, 6.0, 383.4)","(0.2, 0.0, 0.0, 1.0)"
0,850116.3,0,0,0,0,0,0,0,0,0,"(0.0, 0.0)","(0.0, 0.0)","(0.0, 0.0)","(0.0, 0.0, 0.0)","(0.0, 0.0, 0.0)","(0.0, 0.0, 0.0)","(0.0, 0.0, 0.0)","(0.0, 0.0, 0.0)","(0.0, 0.0, 0.0)",0,0,0,0,0,0,False,0,0,0,0,0,0,0,0,"(0.0, 6.0, 383.5)","(0.2, 0.0, 0.0, 1.0)"
0,850133.9,0,0,0,0,0,0,0,0,0,"(0.0, 0.0)","(0.0, 0.0)","(0.0, 0.0)","(0.0, 0.0, 0.0)","(0.0, 0.0, 0.0)","(0.0, 0.0, 0.0)","(0.0, 0.0, 0.0)","(0.0, 0.0, 0.0)","(0.0, 0.0, 0.0)",0,0,0,0,0,0,False,0,0,0,0,0,0,0,0,"(0.0, 6.0, 383.7)","(0.2, 0.0, 0.0, 1.0)"
0,850149.7,0,0,0,0,0,0,0,0,0,"(0.0, 0.0)","(0.0, 0.0)","(0.0, 0.0)","(0.0, 0.0, 0.0)","(0.0, 0.0, 0.0)","(0.0, 0.0, 0.0)","(0.0, 0.0, 0.0)","(0.0, 0.0, 0.0)","(0.0, 0.0, 0.0)",0,0,0,0,0,0,False,0,0,0,0,0,0,0,0,"(0.0, 6.0, 383.9)","(0.2, 0.0, 0.0, 1.0)"
0,850166.8,0,0,0,0,0,0,0,0,0,"(0.0, 0.0)","(0.0, 0.0)","(0.0, 0.0)","(0.0, 0.0, 0.0)","(0.0, 0.0, 0.0)","(0.0, 0.0, 0.0)","(0.0, 0.0, 0.0)","(0.0, 0.0, 0.0)","(0.0, 0.0, 0.0)",0,0,0,0,0,0,False,0,0,0,0,0,0,0,0,"(0.0, 6.0, 384.1)","(0.2, 0.0, 0.0, 1.0)"
0,850186.1,0,0,0,0,0,0,0,0,0,"(0.0, 0.0)","(0.0, 0.0)","(0.0, 0.0)","(0.0, 0.0, 0.0)","(0.0, 0.0, 0.0)","(0.0, 0.0, 0.0)","(0.0, 0.0, 0.0)","(0.0, 0.0, 0.0)","(0.0, 0.0, 0.0)",0,0,0,0,0,0,False,0,0,0,0,0,0,0,0,"(0.0, 6.0, 384.3)","(0.2, 0.0, 0.0, 1.0)"
0,850203,0,0,0,0,0,0,0,0,0,"(0.0, 0.0)","(0.0, 0.0)","(0.0, 0.0)","(0.0, 0.0, 0.0)","(0.0, 0.0, 0.0)","(0.0, 0.0, 0.0)","(0.0, 0.0, 0.0)","(0.0, 0.0, 0.0)","(0.0, 0.0, 0.0)",0,0,0,0,0,0,False,0,0,0,0,0,0,0,0,"(0.0, 6.0, 384.5)","(0.2, 0.0, 0.0, 1.0)"
0,850218.6,0,0,0,0,0,0,0,0,0,"(0.0, 0.0)","(0.0, 0.0)","(0.0, 0.0)","(0.0, 0.0, 0.0)","(0.0, 0.0, 0.0)","(0.0, 0.0, 0.0)","(0.0, 0.0, 0.0)","(0.0, 0.0, 0.0)","(0.0, 0.0, 0.0)",0,0,0,0,0,0,False,0,0,0,0,0,0,0,0,"(0.0, 6.0, 384.6)","(0.2, 0.0, 0.0, 1.0)"
0,850235.2,0,0,0,0,0,0,0,0,0,"(0.0, 0.0)","(0.0, 0.0)","(0.0, 0.0)","(0.0, 0.0, 0.0)","(0.0, 0.0, 0.0)","(0.0, 0.0, 0.0)","(0.0, 0.0, 0.0)","(0.0, 0.0, 0.0)","(0.0, 0.0, 0.0)",0,0,0,0,0,0,False,0,0,0,0,0,0,0,0,"(0.0, 6.0, 384.8)","(0.2, 0.0, 0.0, 1.0)"
0,850251.9,0,0,0,0,0,0,0,0,0,"(0.0, 0.0)","(0.0, 0.0)","(0.0, 0.0)","(0.0, 0.0, 0.0)","(0.0, 0.0, 0.0)","(0.0, 0.0, 0.0)","(0.0, 0.0, 0.0)","(0.0, 0.0, 0.0)","(0.0, 0.0, 0.0)",0,0,0,0,0,0,False,0,0,0,0,0,0,0,0,"(0.0, 6.0, 385.0)","(0.2, 0.0, 0.0, 1.0)"
0,850270.9,0,0,0,0,0,0,0,0,0,"(0.0, 0.0)","(0.0, 0.0)","(0.0, 0.0)","(0.0, 0.0, 0.0)","(0.0, 0.0, 0.0)","(0.0, 0.0, 0.0)","(0.0, 0.0, 0.0)","(0.0, 0.0, 0.0)","(0.0, 0.0, 0.0)",0,0,0,0,0,0,False,0,0,0,0,0,0,0,0,"(0.0, 6.0, 385.2)","(0.2, 0.0, 0.0, 1.0)"
0,850286,0,0,0,0,0,0,0,0,0,"(0.0, 0.0)","(0.0, 0.0)","(0.0, 0.0)","(0.0, 0.0, 0.0)","(0.0, 0.0, 0.0)","(0.0, 0.0, 0.0)","(0.0, 0.0, 0.0)","(0.0, 0.0, 0.0)","(0.0, 0.0, 0.0)",0,0,0,0,0,0,False,0,0,0,0,0,0,0,0,"(0.0, 6.0, 385.3)","(0.2, 0.0, 0.0, 1.0)"
0,850303.2,0,0,0,0,0,0,0,0,0,"(0.0, 0.0)","(0.0, 0.0)","(0.0, 0.0)","(0.0, 0.0, 0.0)","(0.0, 0.0, 0.0)","(0.0, 0.0, 0.0)","(0.0, 0.0, 0.0)","(0.0, 0.0, 0.0)","(0.0, 0.0, 0.0)",0,0,0,0,0,0,False,0,0,0,0,0,0,0,0,"(0.0, 6.0, 385.5)","(0.2, 0.0, 0.0, 1.0)"
0,850320,0,0,0,0,0,0,0,0,0,"(0.0, 0.0)","(0.0, 0.0)","(0.0, 0.0)","(0.0, 0.0, 0.0)","(0.0, 0.0, 0.0)","(0.0, 0.0, 0.0)","(0.0, 0.0, 0.0)","(0.0, 0.0, 0.0)","(0.0, 0.0, 0.0)",0,0,0,0,0,0,False,0,0,0,0,0,0,0,0,"(0.0, 6.0, 385.7)","(0.2, 0.0, 0.0, 1.0)"
0,850337.8,0,0,0,0,0,0,0,0,0,"(0.0, 0.0)","(0.0, 0.0)","(0.0, 0.0)","(0.0, 0.0, 0.0)","(0.0, 0.0, 0.0)","(0.0, 0.0, 0.0)","(0.0, 0.0, 0.0)","(0.0, 0.0, 0.0)","(0.0, 0.0, 0.0)",0,0,0,0,0,0,False,0,0,0,0,0,0,0,0,"(0.0, 6.0, 385.9)","(0.2, 0.0, 0.0, 1.0)"
0,850360.4,0,0,0,0,0,0,0,0,0,"(0.0, 0.0)","(0.0, 0.0)","(0.0, 0.0)","(0.0, 0.0, 0.0)","(0.0, 0.0, 0.0)","(0.0, 0.0, 0.0)","(0.0, 0.0, 0.0)","(0.0, 0.0, 0.0)","(0.0, 0.0, 0.0)",0,0,0,0,0,0,False,0,0,0,0,0,0,0,0,"(0.0, 6.0, 386.0)","(0.2, 0.0, 0.0, 1.0)"
0,850383,0,0,0,0,0,0,0,0,0,"(0.0, 0.0)","(0.0, 0.0)","(0.0, 0.0)","(0.0, 0.0, 0.0)","(0.0, 0.0, 0.0)","(0.0, 0.0, 0.0)","(0.0, 0.0, 0.0)","(0.0, 0.0, 0.0)","(0.0, 0.0, 0.0)",0,0,0,0,0,0,False,0,0,0,0,0,0,0,0,"(0.0, 6.0, 386.2)","(0.2, 0.0, 0.0, 1.0)"
0,850404.7,0,0,0,0,0,0,0,0,0,"(0.0, 0.0)","(0.0, 0.0)","(0.0, 0.0)","(0.0, 0.0, 0.0)","(0.0, 0.0, 0.0)","(0.0, 0.0, 0.0)","(0.0, 0.0, 0.0)","(0.0, 0.0, 0.0)","(0.0, 0.0, 0.0)",0,0,0,0,0,0,False,0,0,0,0,0,0,0,0,"(0.0, 6.0, 386.4)","(0.2, 0.0, 0.0, 1.0)"
0,850426.9,0,0,0,0,0,0,0,0,0,"(0.0, 0.0)","(0.0, 0.0)","(0.0, 0.0)","(0.0, 0.0, 0.0)","(0.0, 0.0, 0.0)","(0.0, 0.0, 0.0)","(0.0, 0.0, 0.0)","(0.0, 0.0, 0.0)","(0.0, 0.0, 0.0)",0,0,0,0,0,0,False,0,0,0,0,0,0,0,0,"(0.0, 6.0, 386.6)","(0.2, 0.0, 0.0, 1.0)"
0,850449.8,0,0,0,0,0,0,0,0,0,"(0.0, 0.0)","(0.0, 0.0)","(0.0, 0.0)","(0.0, 0.0, 0.0)","(0.0, 0.0, 0.0)","(0.0, 0.0, 0.0)","(0.0, 0.0, 0.0)","(0.0, 0.0, 0.0)","(0.0, 0.0, 0.0)",0,0,0,0,0,0,False,0,0,0,0,0,0,0,0,"(0.0, 6.0, 386.8)","(0.2, 0.0, 0.0, 1.0)"
0,850471.9,0,0,0,0,0,0,0,0,0,"(0.0, 0.0)","(0.0, 0.0)","(0.0, 0.0)","(0.0, 0.0, 0.0)","(0.0, 0.0, 0.0)","(0.0, 0.0, 0.0)","(0.0, 0.0, 0.0)","(0.0, 0.0, 0.0)","(0.0, 0.0, 0.0)",0,0,0,0,0,0,False,0,0,0,0,0,0,0,0,"(0.0, 6.0, 387.0)","(0.2, 0.0, 0.0, 1.0)"
0,850494.2,0,0,0,0,0,0,0,0,0,"(0.0, 0.0)","(0.0, 0.0)","(0.0, 0.0)","(0.0, 0.0, 0.0)","(0.0, 0.0, 0.0)","(0.0, 0.0, 0.0)","(0.0, 0.0, 0.0)","(0.0, 0.0, 0.0)","(0.0, 0.0, 0.0)",0,0,0,0,0,0,False,0,0,0,0,0,0,0,0,"(0.0, 6.0, 387.2)","(0.2, 0.0, 0.0, 1.0)"
0,850516.8,0,0,0,0,0,0,0,0,0,"(0.0, 0.0)","(0.0, 0.0)","(0.0, 0.0)","(0.0, 0.0, 0.0)","(0.0, 0.0, 0.0)","(0.0, 0.0, 0.0)","(0.0, 0.0, 0.0)","(0.0, 0.0, 0.0)","(0.0, 0.0, 0.0)",0,0,0,0,0,0,False,0,0,0,0,0,0,0,0,"(0.0, 6.0, 387.4)","(0.2, 0.0, 0.0, 1.0)"
0,850538.1,0,0,0,0,0,0,0,0,0,"(0.0, 0.0)","(0.0, 0.0)","(0.0, 0.0)","(0.0, 0.0, 0.0)","(0.0, 0.0, 0.0)","(0.0, 0.0, 0.0)","(0.0, 0.0, 0.0)","(0.0, 0.0, 0.0)","(0.0, 0.0, 0.0)",0,0,0,0,0,0,False,0,0,0,0,0,0,0,0,"(0.0, 6.0, 387.6)","(0.2, 0.0, 0.0, 1.0)"
0,850560.8,0,0,0,0,0,0,0,0,0,"(0.0, 0.0)","(0.0, 0.0)","(0.0, 0.0)","(0.0, 0.0, 0.0)","(0.0, 0.0, 0.0)","(0.0, 0.0, 0.0)","(0.0, 0.0, 0.0)","(0.0, 0.0, 0.0)","(0.0, 0.0, 0.0)",0,0,0,0,0,0,False,0,0,0,0,0,0,0,0,"(0.0, 6.0, 387.8)","(0.2, 0.0, 0.0, 1.0)"
0,850583.2,0,0,0,0,0,0,0,0,0,"(0.0, 0.0)","(0.0, 0.0)","(0.0, 0.0)","(0.0, 0.0, 0.0)","(0.0, 0.0, 0.0)","(0.0, 0.0, 0.0)","(0.0, 0.0, 0.0)","(0.0, 0.0, 0.0)","(0.0, 0.0, 0.0)",0,0,0,0,0,0,False,0,0,0,0,0,0,0,0,"(0.0, 6.0, 388.0)","(0.2, 0.0, 0.0, 1.0)"
0,850604.9,0,0,0,0,0,0,0,0,0,"(0.0, 0.0)","(0.0, 0.0)","(0.0, 0.0)","(0.0, 0.0, 0.0)","(0.0, 0.0, 0.0)","(0.0, 0.0, 0.0)","(0.0, 0.0, 0.0)","(0.0, 0.0, 0.0)","(0.0, 0.0, 0.0)",0,0,0,0,0,0,False,0,0,0,0,0,0,0,0,"(0.0, 6.0, 388.2)","(0.2, 0.0, 0.0, 1.0)"
0,850627.4,0,0,0,0,0,0,0,0,0,"(0.0, 0.0)","(0.0, 0.0)","(0.0, 0.0)","(0.0, 0.0, 0.0)","(0.0, 0.0, 0.0)","(0.0, 0.0, 0.0)","(0.0, 0.0, 0.0)","(0.0, 0.0, 0.0)","(0.0, 0.0, 0.0)",0,0,0,0,0,0,False,0,0,0,0,0,0,0,0,"(0.0, 6.0, 388.4)","(0.2, 0.0, 0.0, 1.0)"
0,850650.5,0,0,0,0,0,0,0,0,0,"(0.0, 0.0)","(0.0, 0.0)","(0.0, 0.0)","(0.0, 0.0, 0.0)","(0.0, 0.0, 0.0)","(0.0, 0.0, 0.0)","(0.0, 0.0, 0.0)","(0.0, 0.0, 0.0)","(0.0, 0.0, 0.0)",0,0,0,0,0,0,False,0,0,0,0,0,0,0,0,"(0.0, 6.0, 388.6)","(0.2, 0.0, 0.0, 1.0)"
0,850671.5,0,0,0,0,0,0,0,0,0,"(0.0, 0.0)","(0.0, 0.0)","(0.0, 0.0)","(0.0, 0.0, 0.0)","(0.0, 0.0, 0.0)","(0.0, 0.0, 0.0)","(0.0, 0.0, 0.0)","(0.0, 0.0, 0.0)","(0.0, 0.0, 0.0)",0,0,0,0,0,0,False,0,0,0,0,0,0,0,0,"(0.0, 6.0, 388.9)","(0.2, 0.0, 0.0, 1.0)"
0,850694.8,0,0,0,0,0,0,0,0,0,"(0.0, 0.0)","(0.0, 0.0)","(0.0, 0.0)","(0.0, 0.0, 0.0)","(0.0, 0.0, 0.0)","(0.0, 0.0, 0.0)","(0.0, 0.0, 0.0)","(0.0, 0.0, 0.0)","(0.0, 0.0, 0.0)",0,0,0,0,0,0,False,0,0,0,0,0,0,0,0,"(0.0, 6.0, 389.1)","(0.2, 0.0, 0.0, 1.0)"
0,850717.3,0,0,0,0,0,0,0,0,0,"(0.0, 0.0)","(0.0, 0.0)","(0.0, 0.0)","(0.0, 0.0, 0.0)","(0.0, 0.0, 0.0)","(0.0, 0.0, 0.0)","(0.0, 0.0, 0.0)","(0.0, 0.0, 0.0)","(0.0, 0.0, 0.0)",0,0,0,0,0,0,False,0,0,0,0,0,0,0,0,"(0.0, 6.0, 389.3)","(0.2, 0.0, 0.0, 1.0)"
0,850738.3,0,0,0,0,0,0,0,0,0,"(0.0, 0.0)","(0.0, 0.0)","(0.0, 0.0)","(0.0, 0.0, 0.0)","(0.0, 0.0, 0.0)","(0.0, 0.0, 0.0)","(0.0, 0.0, 0.0)","(0.0, 0.0, 0.0)","(0.0, 0.0, 0.0)",0,0,0,0,0,0,False,0,0,0,0,0,0,0,0,"(0.0, 6.0, 389.5)","(0.2, 0.0, 0.0, 1.0)"
0,850760.4,0,0,0,0,0,0,0,0,0,"(0.0, 0.0)","(0.0, 0.0)","(0.0, 0.0)","(0.0, 0.0, 0.0)","(0.0, 0.0, 0.0)","(0.0, 0.0, 0.0)","(0.0, 0.0, 0.0)","(0.0, 0.0, 0.0)","(0.0, 0.0, 0.0)",0,0,0,0,0,0,False,0,0,0,0,0,0,0,0,"(0.0, 6.0, 389.7)","(0.2, 0.0, 0.0, 1.0)"
0,850783.7,0,0,0,0,0,0,0,0,0,"(0.0, 0.0)","(0.0, 0.0)","(0.0, 0.0)","(0.0, 0.0, 0.0)","(0.0, 0.0, 0.0)","(0.0, 0.0, 0.0)","(0.0, 0.0, 0.0)","(0.0, 0.0, 0.0)","(0.0, 0.0, 0.0)",0,0,0,0,0,0,False,0,0,0,0,0,0,0,0,"(0.0, 6.0, 389.9)","(0.2, 0.0, 0.0, 1.0)"
0,850804.7,0,0,0,0,0,0,0,0,0,"(0.0, 0.0)","(0.0, 0.0)","(0.0, 0.0)","(0.0, 0.0, 0.0)","(0.0, 0.0, 0.0)","(0.0, 0.0, 0.0)","(0.0, 0.0, 0.0)","(0.0, 0.0, 0.0)","(0.0, 0.0, 0.0)",0,0,0,0,0,0,False,0,0,0,0,0,0,0,0,"(0.0, 6.0, 390.2)","(0.2, 0.0, 0.0, 1.0)"
0,850826.9,0,0,0,0,0,0,0,0,0,"(0.0, 0.0)","(0.0, 0.0)","(0.0, 0.0)","(0.0, 0.0, 0.0)","(0.0, 0.0, 0.0)","(0.0, 0.0, 0.0)","(0.0, 0.0, 0.0)","(0.0, 0.0, 0.0)","(0.0, 0.0, 0.0)",0,0,0,0,0,0,False,0,0,0,0,0,0,0,0,"(0.0, 6.0, 390.4)","(0.2, 0.0, 0.0, 1.0)"
0,850850.3,0,0,0,0,0,0,0,0,0,"(0.0, 0.0)","(0.0, 0.0)","(0.0, 0.0)","(0.0, 0.0, 0.0)","(0.0, 0.0, 0.0)","(0.0, 0.0, 0.0)","(0.0, 0.0, 0.0)","(0.0, 0.0, 0.0)","(0.0, 0.0, 0.0)",0,0,0,0,0,0,False,0,0,0,0,0,0,0,0,"(0.0, 6.0, 390.6)","(0.2, 0.0, 0.0, 1.0)"
0,850869.4,0,0,0,0,0,0,0,0,0,"(0.0, 0.0)","(0.0, 0.0)","(0.0, 0.0)","(0.0, 0.0, 0.0)","(0.0, 0.0, 0.0)","(0.0, 0.0, 0.0)","(0.0, 0.0, 0.0)","(0.0, 0.0, 0.0)","(0.0, 0.0, 0.0)",0,0,0,0,0,0,False,0,0,0,0,0,0,0,0,"(0.0, 6.0, 390.8)","(0.2, 0.0, 0.0, 1.0)"
0,850887.3,0,0,0,0,0,0,0,0,0,"(0.0, 0.0)","(0.0, 0.0)","(0.0, 0.0)","(0.0, 0.0, 0.0)","(0.0, 0.0, 0.0)","(0.0, 0.0, 0.0)","(0.0, 0.0, 0.0)","(0.0, 0.0, 0.0)","(0.0, 0.0, 0.0)",0,0,0,0,0,0,False,0,0,0,0,0,0,0,0,"(0.0, 6.0, 391.0)","(0.2, 0.0, 0.0, 1.0)"
0,850905.4,0,0,0,0,0,0,0,0,0,"(0.0, 0.0)","(0.0, 0.0)","(0.0, 0.0)","(0.0, 0.0, 0.0)","(0.0, 0.0, 0.0)","(0.0, 0.0, 0.0)","(0.0, 0.0, 0.0)","(0.0, 0.0, 0.0)","(0.0, 0.0, 0.0)",0,0,0,0,0,0,False,0,0,0,0,0,0,0,0,"(0.0, 6.0, 391.2)","(0.2, 0.0, 0.0, 1.0)"
0,850923.3,0,0,0,0,0,0,0,0,0,"(0.0, 0.0)","(0.0, 0.0)","(0.0, 0.0)","(0.0, 0.0, 0.0)","(0.0, 0.0, 0.0)","(0.0, 0.0, 0.0)","(0.0, 0.0, 0.0)","(0.0, 0.0, 0.0)","(0.0, 0.0, 0.0)",0,0,0,0,0,0,False,0,0,0,0,0,0,0,0,"(0.0, 6.0, 391.4)","(0.2, 0.0, 0.0, 1.0)"
0,850941.4,0,0,0,0,0,0,0,0,0,"(0.0, 0.0)","(0.0, 0.0)","(0.0, 0.0)","(0.0, 0.0, 0.0)","(0.0, 0.0, 0.0)","(0.0, 0.0, 0.0)","(0.0, 0.0, 0.0)","(0.0, 0.0, 0.0)","(0.0, 0.0, 0.0)",0,0,0,0,0,0,False,0,0,0,0,0,0,0,0,"(0.0, 6.0, 391.6)","(0.2, 0.0, 0.0, 1.0)"
0,850964.7,0,0,0,0,0,0,0,0,0,"(0.0, 0.0)","(0.0, 0.0)","(0.0, 0.0)","(0.0, 0.0, 0.0)","(0.0, 0.0, 0.0)","(0.0, 0.0, 0.0)","(0.0, 0.0, 0.0)","(0.0, 0.0, 0.0)","(0.0, 0.0, 0.0)",0,0,0,0,0,0,False,0,0,0,0,0,0,0,0,"(0.0, 6.0, 391.8)","(0.2, 0.0, 0.0, 1.0)"
0,850984.9,0,0,0,0,0,0,0,0,0,"(0.0, 0.0)","(0.0, 0.0)","(0.0, 0.0)","(0.0, 0.0, 0.0)","(0.0, 0.0, 0.0)","(0.0, 0.0, 0.0)","(0.0, 0.0, 0.0)","(0.0, 0.0, 0.0)","(0.0, 0.0, 0.0)",0,0,0,0,0,0,False,0,0,0,0,0,0,0,0,"(0.0, 6.0, 392.0)","(0.2, 0.0, 0.0, 1.0)"
0,851002.6,0,0,0,0,0,0,0,0,0,"(0.0, 0.0)","(0.0, 0.0)","(0.0, 0.0)","(0.0, 0.0, 0.0)","(0.0, 0.0, 0.0)","(0.0, 0.0, 0.0)","(0.0, 0.0, 0.0)","(0.0, 0.0, 0.0)","(0.0, 0.0, 0.0)",0,0,0,0,0,0,False,0,0,0,0,0,0,0,0,"(0.0, 6.0, 392.3)","(0.2, 0.0, 0.0, 1.0)"
0,851019.6,0,0,0,0,0,0,0,0,0,"(0.0, 0.0)","(0.0, 0.0)","(0.0, 0.0)","(0.0, 0.0, 0.0)","(0.0, 0.0, 0.0)","(0.0, 0.0, 0.0)","(0.0, 0.0, 0.0)","(0.0, 0.0, 0.0)","(0.0, 0.0, 0.0)",0,0,0,0,0,0,False,0,0,0,0,0,0,0,0,"(0.0, 6.0, 392.5)","(0.2, 0.0, 0.0, 1.0)"
0,851036.4,0,0,0,0,0,0,0,0,0,"(0.0, 0.0)","(0.0, 0.0)","(0.0, 0.0)","(0.0, 0.0, 0.0)","(0.0, 0.0, 0.0)","(0.0, 0.0, 0.0)","(0.0, 0.0, 0.0)","(0.0, 0.0, 0.0)","(0.0, 0.0, 0.0)",0,0,0,0,0,0,False,0,0,0,0,0,0,0,0,"(0.0, 6.0, 392.6)","(0.2, 0.0, 0.0, 1.0)"
0,851053.4,0,0,0,0,0,0,0,0,0,"(0.0, 0.0)","(0.0, 0.0)","(0.0, 0.0)","(0.0, 0.0, 0.0)","(0.0, 0.0, 0.0)","(0.0, 0.0, 0.0)","(0.0, 0.0, 0.0)","(0.0, 0.0, 0.0)","(0.0, 0.0, 0.0)",0,0,0,0,0,0,False,0,0,0,0,0,0,0,0,"(0.0, 6.0, 392.8)","(0.2, 0.0, 0.0, 1.0)"
0,851070.8,0,0,0,0,0,0,0,0,0,"(0.0, 0.0)","(0.0, 0.0)","(0.0, 0.0)","(0.0, 0.0, 0.0)","(0.0, 0.0, 0.0)","(0.0, 0.0, 0.0)","(0.0, 0.0, 0.0)","(0.0, 0.0, 0.0)","(0.0, 0.0, 0.0)",0,0,0,0,0,0,False,0,0,0,0,0,0,0,0,"(0.0, 6.0, 393.0)","(0.2, 0.0, 0.0, 1.0)"
0,851087.5,0,0,0,0,0,0,0,0,0,"(0.0, 0.0)","(0.0, 0.0)","(0.0, 0.0)","(0.0, 0.0, 0.0)","(0.0, 0.0, 0.0)","(0.0, 0.0, 0.0)","(0.0, 0.0, 0.0)","(0.0, 0.0, 0.0)","(0.0, 0.0, 0.0)",0,0,0,0,0,0,False,0,0,0,0,0,0,0,0,"(0.0, 6.0, 393.2)","(0.2, 0.0, 0.0, 1.0)"
0,851103.5,0,0,0,0,0,0,0,0,0,"(0.0, 0.0)","(0.0, 0.0)","(0.0, 0.0)","(0.0, 0.0, 0.0)","(0.0, 0.0, 0.0)","(0.0, 0.0, 0.0)","(0.0, 0.0, 0.0)","(0.0, 0.0, 0.0)","(0.0, 0.0, 0.0)",0,0,0,0,0,0,False,0,0,0,0,0,0,0,0,"(0.0, 6.0, 393.4)","(0.2, 0.0, 0.0, 1.0)"
0,851122.4,0,0,0,0,0,0,0,0,0,"(0.0, 0.0)","(0.0, 0.0)","(0.0, 0.0)","(0.0, 0.0, 0.0)","(0.0, 0.0, 0.0)","(0.0, 0.0, 0.0)","(0.0, 0.0, 0.0)","(0.0, 0.0, 0.0)","(0.0, 0.0, 0.0)",0,0,0,0,0,0,False,0,0,0,0,0,0,0,0,"(0.0, 6.0, 393.6)","(0.2, 0.0, 0.0, 1.0)"
0,851138.4,0,0,0,0,0,0,0,0,0,"(0.0, 0.0)","(0.0, 0.0)","(0.0, 0.0)","(0.0, 0.0, 0.0)","(0.0, 0.0, 0.0)","(0.0, 0.0, 0.0)","(0.0, 0.0, 0.0)","(0.0, 0.0, 0.0)","(0.0, 0.0, 0.0)",0,0,0,0,0,0,False,0,0,0,0,0,0,0,0,"(0.0, 6.0, 393.8)","(0.2, 0.0, 0.0, 1.0)"
0,851154.8,0,0,0,0,0,0,0,0,0,"(0.0, 0.0)","(0.0, 0.0)","(0.0, 0.0)","(0.0, 0.0, 0.0)","(0.0, 0.0, 0.0)","(0.0, 0.0, 0.0)","(0.0, 0.0, 0.0)","(0.0, 0.0, 0.0)","(0.0, 0.0, 0.0)",0,0,0,0,0,0,False,0,0,0,0,0,0,0,0,"(0.0, 6.0, 394.0)","(0.2, 0.0, 0.0, 1.0)"
0,851170.4,0,0,0,0,0,0,0,0,0,"(0.0, 0.0)","(0.0, 0.0)","(0.0, 0.0)","(0.0, 0.0, 0.0)","(0.0, 0.0, 0.0)","(0.0, 0.0, 0.0)","(0.0, 0.0, 0.0)","(0.0, 0.0, 0.0)","(0.0, 0.0, 0.0)",0,0,0,0,0,0,False,0,0,0,0,0,0,0,0,"(0.0, 6.0, 394.1)","(0.2, 0.0, 0.0, 1.0)"
0,851186.6,0,0,0,0,0,0,0,0,0,"(0.0, 0.0)","(0.0, 0.0)","(0.0, 0.0)","(0.0, 0.0, 0.0)","(0.0, 0.0, 0.0)","(0.0, 0.0, 0.0)","(0.0, 0.0, 0.0)","(0.0, 0.0, 0.0)","(0.0, 0.0, 0.0)",0,0,0,0,0,0,False,0,0,0,0,0,0,0,0,"(0.0, 6.0, 394.3)","(0.2, 0.0, 0.0, 1.0)"
0,851203.3,0,0,0,0,0,0,0,0,0,"(0.0, 0.0)","(0.0, 0.0)","(0.0, 0.0)","(0.0, 0.0, 0.0)","(0.0, 0.0, 0.0)","(0.0, 0.0, 0.0)","(0.0, 0.0, 0.0)","(0.0, 0.0, 0.0)","(0.0, 0.0, 0.0)",0,0,0,0,0,0,False,0,0,0,0,0,0,0,0,"(0.0, 6.0, 394.5)","(0.2, 0.0, 0.0, 1.0)"
0,851219.9,0,0,0,0,0,0,0,0,0,"(0.0, 0.0)","(0.0, 0.0)","(0.0, 0.0)","(0.0, 0.0, 0.0)","(0.0, 0.0, 0.0)","(0.0, 0.0, 0.0)","(0.0, 0.0, 0.0)","(0.0, 0.0, 0.0)","(0.0, 0.0, 0.0)",0,0,0,0,0,0,False,0,0,0,0,0,0,0,0,"(0.0, 6.0, 394.7)","(0.2, 0.0, 0.0, 1.0)"
0,851236.3,0,0,0,0,0,0,0,0,0,"(0.0, 0.0)","(0.0, 0.0)","(0.0, 0.0)","(0.0, 0.0, 0.0)","(0.0, 0.0, 0.0)","(0.0, 0.0, 0.0)","(0.0, 0.0, 0.0)","(0.0, 0.0, 0.0)","(0.0, 0.0, 0.0)",0,0,0,0,0,0,False,0,0,0,0,0,0,0,0,"(0.0, 6.0, 394.8)","(0.2, 0.0, 0.0, 1.0)"
0,851253.3,0,0,0,0,0,0,0,0,0,"(0.0, 0.0)","(0.0, 0.0)","(0.0, 0.0)","(0.0, 0.0, 0.0)","(0.0, 0.0, 0.0)","(0.0, 0.0, 0.0)","(0.0, 0.0, 0.0)","(0.0, 0.0, 0.0)","(0.0, 0.0, 0.0)",0,0,0,0,0,0,False,0,0,0,0,0,0,0,0,"(0.0, 6.0, 395.0)","(0.2, 0.0, 0.0, 1.0)"
0,851272.9,0,0,0,0,0,0,0,0,0,"(0.0, 0.0)","(0.0, 0.0)","(0.0, 0.0)","(0.0, 0.0, 0.0)","(0.0, 0.0, 0.0)","(0.0, 0.0, 0.0)","(0.0, 0.0, 0.0)","(0.0, 0.0, 0.0)","(0.0, 0.0, 0.0)",0,0,0,0,0,0,False,0,0,0,0,0,0,0,0,"(0.0, 6.0, 395.2)","(0.2, 0.0, 0.0, 1.0)"
0,851293.7,0,0,0,0,0,0,0,0,0,"(0.0, 0.0)","(0.0, 0.0)","(0.0, 0.0)","(0.0, 0.0, 0.0)","(0.0, 0.0, 0.0)","(0.0, 0.0, 0.0)","(0.0, 0.0, 0.0)","(0.0, 0.0, 0.0)","(0.0, 0.0, 0.0)",0,0,0,0,0,0,False,0,0,0,0,0,0,0,0,"(0.0, 6.0, 395.4)","(0.2, 0.0, 0.0, 1.0)"
0,851316.2,0,0,0,0,0,0,0,0,0,"(0.0, 0.0)","(0.0, 0.0)","(0.0, 0.0)","(0.0, 0.0, 0.0)","(0.0, 0.0, 0.0)","(0.0, 0.0, 0.0)","(0.0, 0.0, 0.0)","(0.0, 0.0, 0.0)","(0.0, 0.0, 0.0)",0,0,0,0,0,0,False,0,0,0,0,0,0,0,0,"(0.0, 6.0, 395.6)","(0.2, 0.0, 0.0, 1.0)"
0,851337.9,0,0,0,0,0,0,0,0,0,"(0.0, 0.0)","(0.0, 0.0)","(0.0, 0.0)","(0.0, 0.0, 0.0)","(0.0, 0.0, 0.0)","(0.0, 0.0, 0.0)","(0.0, 0.0, 0.0)","(0.0, 0.0, 0.0)","(0.0, 0.0, 0.0)",0,0,0,0,0,0,False,0,0,0,0,0,0,0,0,"(0.0, 6.0, 395.7)","(0.2, 0.0, 0.0, 1.0)"
0,851359.8,0,0,0,0,0,0,0,0,0,"(0.0, 0.0)","(0.0, 0.0)","(0.0, 0.0)","(0.0, 0.0, 0.0)","(0.0, 0.0, 0.0)","(0.0, 0.0, 0.0)","(0.0, 0.0, 0.0)","(0.0, 0.0, 0.0)","(0.0, 0.0, 0.0)",0,0,0,0,0,0,False,0,0,0,0,0,0,0,0,"(0.0, 6.0, 395.9)","(0.2, 0.0, 0.0, 1.0)"
0,851382.6,0,0,0,0,0,0,0,0,0,"(0.0, 0.0)","(0.0, 0.0)","(0.0, 0.0)","(0.0, 0.0, 0.0)","(0.0, 0.0, 0.0)","(0.0, 0.0, 0.0)","(0.0, 0.0, 0.0)","(0.0, 0.0, 0.0)","(0.0, 0.0, 0.0)",0,0,0,0,0,0,False,0,0,0,0,0,0,0,0,"(0.0, 6.0, 396.1)","(0.2, 0.0, 0.0, 1.0)"
0,851404.1,0,0,0,0,0,0,0,0,0,"(0.0, 0.0)","(0.0, 0.0)","(0.0, 0.0)","(0.0, 0.0, 0.0)","(0.0, 0.0, 0.0)","(0.0, 0.0, 0.0)","(0.0, 0.0, 0.0)","(0.0, 0.0, 0.0)","(0.0, 0.0, 0.0)",0,0,0,0,0,0,False,0,0,0,0,0,0,0,0,"(0.0, 6.0, 396.3)","(0.2, 0.0, 0.0, 1.0)"
0,851426.5,0,0,0,0,0,0,0,0,0,"(0.0, 0.0)","(0.0, 0.0)","(0.0, 0.0)","(0.0, 0.0, 0.0)","(0.0, 0.0, 0.0)","(0.0, 0.0, 0.0)","(0.0, 0.0, 0.0)","(0.0, 0.0, 0.0)","(0.0, 0.0, 0.0)",0,0,0,0,0,0,False,0,0,0,0,0,0,0,0,"(0.0, 6.0, 396.5)","(0.2, 0.0, 0.0, 1.0)"
0,851449.3,0,0,0,0,0,0,0,0,0,"(0.0, 0.0)","(0.0, 0.0)","(0.0, 0.0)","(0.0, 0.0, 0.0)","(0.0, 0.0, 0.0)","(0.0, 0.0, 0.0)","(0.0, 0.0, 0.0)","(0.0, 0.0, 0.0)","(0.0, 0.0, 0.0)",0,0,0,0,0,0,False,0,0,0,0,0,0,0,0,"(0.0, 6.0, 396.7)","(0.2, 0.0, 0.0, 1.0)"
0,851470.7,0,0,0,0,0,0,0,0,0,"(0.0, 0.0)","(0.0, 0.0)","(0.0, 0.0)","(0.0, 0.0, 0.0)","(0.0, 0.0, 0.0)","(0.0, 0.0, 0.0)","(0.0, 0.0, 0.0)","(0.0, 0.0, 0.0)","(0.0, 0.0, 0.0)",0,0,0,0,0,0,False,0,0,0,0,0,0,0,0,"(0.0, 6.0, 396.9)","(0.2, 0.0, 0.0, 1.0)"
0,851493.1,0,0,0,0,0,0,0,0,0,"(0.0, 0.0)","(0.0, 0.0)","(0.0, 0.0)","(0.0, 0.0, 0.0)","(0.0, 0.0, 0.0)","(0.0, 0.0, 0.0)","(0.0, 0.0, 0.0)","(0.0, 0.0, 0.0)","(0.0, 0.0, 0.0)",0,0,0,0,0,0,False,0,0,0,0,0,0,0,0,"(0.0, 6.0, 397.1)","(0.2, 0.0, 0.0, 1.0)"
0,851515.9,0,0,0,0,0,0,0,0,0,"(0.0, 0.0)","(0.0, 0.0)","(0.0, 0.0)","(0.0, 0.0, 0.0)","(0.0, 0.0, 0.0)","(0.0, 0.0, 0.0)","(0.0, 0.0, 0.0)","(0.0, 0.0, 0.0)","(0.0, 0.0, 0.0)",0,0,0,0,0,0,False,0,0,0,0,0,0,0,0,"(0.0, 6.0, 397.3)","(0.2, 0.0, 0.0, 1.0)"
0,851537.4,0,0,0,0,0,0,0,0,0,"(0.0, 0.0)","(0.0, 0.0)","(0.0, 0.0)","(0.0, 0.0, 0.0)","(0.0, 0.0, 0.0)","(0.0, 0.0, 0.0)","(0.0, 0.0, 0.0)","(0.0, 0.0, 0.0)","(0.0, 0.0, 0.0)",0,0,0,0,0,0,False,0,0,0,0,0,0,0,0,"(0.0, 6.0, 397.6)","(0.2, 0.0, 0.0, 1.0)"
0,851559.6,0,0,0,0,0,0,0,0,0,"(0.0, 0.0)","(0.0, 0.0)","(0.0, 0.0)","(0.0, 0.0, 0.0)","(0.0, 0.0, 0.0)","(0.0, 0.0, 0.0)","(0.0, 0.0, 0.0)","(0.0, 0.0, 0.0)","(0.0, 0.0, 0.0)",0,0,0,0,0,0,False,0,0,0,0,0,0,0,0,"(0.0, 6.0, 397.8)","(0.2, 0.0, 0.0, 1.0)"
0,851582.7,0,0,0,0,0,0,0,0,0,"(0.0, 0.0)","(0.0, 0.0)","(0.0, 0.0)","(0.0, 0.0, 0.0)","(0.0, 0.0, 0.0)","(0.0, 0.0, 0.0)","(0.0, 0.0, 0.0)","(0.0, 0.0, 0.0)","(0.0, 0.0, 0.0)",0,0,0,0,0,0,False,0,0,0,0,0,0,0,0,"(0.0, 6.0, 398.0)","(0.2, 0.0, 0.0, 1.0)"
0,851604.1,0,0,0,0,0,0,0,0,0,"(0.0, 0.0)","(0.0, 0.0)","(0.0, 0.0)","(0.0, 0.0, 0.0)","(0.0, 0.0, 0.0)","(0.0, 0.0, 0.0)","(0.0, 0.0, 0.0)","(0.0, 0.0, 0.0)","(0.0, 0.0, 0.0)",0,0,0,0,0,0,False,0,0,0,0,0,0,0,0,"(0.0, 6.0, 398.2)","(0.2, 0.0, 0.0, 1.0)"
0,851626.8,0,0,0,0,0,0,0,0,0,"(0.0, 0.0)","(0.0, 0.0)","(0.0, 0.0)","(0.0, 0.0, 0.0)","(0.0, 0.0, 0.0)","(0.0, 0.0, 0.0)","(0.0, 0.0, 0.0)","(0.0, 0.0, 0.0)","(0.0, 0.0, 0.0)",0,0,0,0,0,0,False,0,0,0,0,0,0,0,0,"(0.0, 6.0, 398.4)","(0.2, 0.0, 0.0, 1.0)"
0,851649.6,0,0,0,0,0,0,0,0,0,"(0.0, 0.0)","(0.0, 0.0)","(0.0, 0.0)","(0.0, 0.0, 0.0)","(0.0, 0.0, 0.0)","(0.0, 0.0, 0.0)","(0.0, 0.0, 0.0)","(0.0, 0.0, 0.0)","(0.0, 0.0, 0.0)",0,0,0,0,0,0,False,0,0,0,0,0,0,0,0,"(0.0, 6.0, 398.6)","(0.2, 0.0, 0.0, 1.0)"
0,851670.6,0,0,0,0,0,0,0,0,0,"(0.0, 0.0)","(0.0, 0.0)","(0.0, 0.0)","(0.0, 0.0, 0.0)","(0.0, 0.0, 0.0)","(0.0, 0.0, 0.0)","(0.0, 0.0, 0.0)","(0.0, 0.0, 0.0)","(0.0, 0.0, 0.0)",0,0,0,0,0,0,False,0,0,0,0,0,0,0,0,"(0.0, 6.0, 398.8)","(0.2, 0.0, 0.0, 1.0)"
0,851693.4,0,0,0,0,0,0,0,0,0,"(0.0, 0.0)","(0.0, 0.0)","(0.0, 0.0)","(0.0, 0.0, 0.0)","(0.0, 0.0, 0.0)","(0.0, 0.0, 0.0)","(0.0, 0.0, 0.0)","(0.0, 0.0, 0.0)","(0.0, 0.0, 0.0)",0,0,0,0,0,0,False,0,0,0,0,0,0,0,0,"(0.0, 6.0, 399.0)","(0.2, 0.0, 0.0, 1.0)"
0,851715.9,0,0,0,0,0,0,0,0,0,"(0.0, 0.0)","(0.0, 0.0)","(0.0, 0.0)","(0.0, 0.0, 0.0)","(0.0, 0.0, 0.0)","(0.0, 0.0, 0.0)","(0.0, 0.0, 0.0)","(0.0, 0.0, 0.0)","(0.0, 0.0, 0.0)",0,0,0,0,0,0,False,0,0,0,0,0,0,0,0,"(0.0, 6.0, 399.3)","(0.2, 0.0, 0.0, 1.0)"
0,851737.4,0,0,0,0,0,0,0,0,0,"(0.0, 0.0)","(0.0, 0.0)","(0.0, 0.0)","(0.0, 0.0, 0.0)","(0.0, 0.0, 0.0)","(0.0, 0.0, 0.0)","(0.0, 0.0, 0.0)","(0.0, 0.0, 0.0)","(0.0, 0.0, 0.0)",0,0,0,0,0,0,False,0,0,0,0,0,0,0,0,"(0.0, 6.0, 399.5)","(0.2, 0.0, 0.0, 1.0)"
0,851759.4,0,0,0,0,0,0,0,0,0,"(0.0, 0.0)","(0.0, 0.0)","(0.0, 0.0)","(0.0, 0.0, 0.0)","(0.0, 0.0, 0.0)","(0.0, 0.0, 0.0)","(0.0, 0.0, 0.0)","(0.0, 0.0, 0.0)","(0.0, 0.0, 0.0)",0,0,0,0,0,0,False,0,0,0,0,0,0,0,0,"(0.0, 6.0, 399.7)","(0.2, 0.0, 0.0, 1.0)"
0,851782.6,0,0,0,0,0,0,0,0,0,"(0.0, 0.0)","(0.0, 0.0)","(0.0, 0.0)","(0.0, 0.0, 0.0)","(0.0, 0.0, 0.0)","(0.0, 0.0, 0.0)","(0.0, 0.0, 0.0)","(0.0, 0.0, 0.0)","(0.0, 0.0, 0.0)",0,0,0,0,0,0,False,0,0,0,0,0,0,0,0,"(0.0, 6.0, 399.9)","(0.2, 0.0, 0.0, 1.0)"
0,851799.5,0,0,0,0,0,0,0,0,0,"(0.0, 0.0)","(0.0, 0.0)","(0.0, 0.0)","(0.0, 0.0, 0.0)","(0.0, 0.0, 0.0)","(0.0, 0.0, 0.0)","(0.0, 0.0, 0.0)","(0.0, 0.0, 0.0)","(0.0, 0.0, 0.0)",0,0,0,0,0,0,False,0,0,0,0,0,0,0,0,"(0.0, 6.0, 400.1)","(0.2, 0.0, 0.0, 1.0)"
0,851816.6,0,0,0,0,0,0,0,0,0,"(0.0, 0.0)","(0.0, 0.0)","(0.0, 0.0)","(0.0, 0.0, 0.0)","(0.0, 0.0, 0.0)","(0.0, 0.0, 0.0)","(0.0, 0.0, 0.0)","(0.0, 0.0, 0.0)","(0.0, 0.0, 0.0)",0,0,0,0,0,0,False,0,0,0,0,0,0,0,0,"(0.0, 6.0, 400.3)","(0.2, 0.0, 0.0, 1.0)"
0,851833.6,0,0,0,0,0,0,0,0,0,"(0.0, 0.0)","(0.0, 0.0)","(0.0, 0.0)","(0.0, 0.0, 0.0)","(0.0, 0.0, 0.0)","(0.0, 0.0, 0.0)","(0.0, 0.0, 0.0)","(0.0, 0.0, 0.0)","(0.0, 0.0, 0.0)",0,0,0,0,0,0,False,0,0,0,0,0,0,0,0,"(0.0, 6.0, 400.5)","(0.2, 0.0, 0.0, 1.0)"
0,851850.4,0,0,0,0,0,0,0,0,0,"(0.0, 0.0)","(0.0, 0.0)","(0.0, 0.0)","(0.0, 0.0, 0.0)","(0.0, 0.0, 0.0)","(0.0, 0.0, 0.0)","(0.0, 0.0, 0.0)","(0.0, 0.0, 0.0)","(0.0, 0.0, 0.0)",0,0,0,0,0,0,False,0,0,0,0,0,0,0,0,"(0.0, 6.0, 400.7)","(0.2, 0.0, 0.0, 1.0)"
0,851867.8,0,0,0,0,0,0,0,0,0,"(0.0, 0.0)","(0.0, 0.0)","(0.0, 0.0)","(0.0, 0.0, 0.0)","(0.0, 0.0, 0.0)","(0.0, 0.0, 0.0)","(0.0, 0.0, 0.0)","(0.0, 0.0, 0.0)","(0.0, 0.0, 0.0)",0,0,0,0,0,0,False,0,0,0,0,0,0,0,0,"(0.0, 6.0, 400.9)","(0.2, 0.0, 0.0, 1.0)"
0,851884.8,0,0,0,0,0,0,0,0,0,"(0.0, 0.0)","(0.0, 0.0)","(0.0, 0.0)","(0.0, 0.0, 0.0)","(0.0, 0.0, 0.0)","(0.0, 0.0, 0.0)","(0.0, 0.0, 0.0)","(0.0, 0.0, 0.0)","(0.0, 0.0, 0.0)",0,0,0,0,0,0,False,0,0,0,0,0,0,0,0,"(0.0, 6.0, 401.1)","(0.2, 0.0, 0.0, 1.0)"
0,851901.4,0,0,0,0,0,0,0,0,0,"(0.0, 0.0)","(0.0, 0.0)","(0.0, 0.0)","(0.0, 0.0, 0.0)","(0.0, 0.0, 0.0)","(0.0, 0.0, 0.0)","(0.0, 0.0, 0.0)","(0.0, 0.0, 0.0)","(0.0, 0.0, 0.0)",0,0,0,0,0,0,False,0,0,0,0,0,0,0,0,"(0.0, 6.0, 401.3)","(0.2, 0.0, 0.0, 1.0)"
0,851918.2,0,0,0,0,0,0,0,0,0,"(0.0, 0.0)","(0.0, 0.0)","(0.0, 0.0)","(0.0, 0.0, 0.0)","(0.0, 0.0, 0.0)","(0.0, 0.0, 0.0)","(0.0, 0.0, 0.0)","(0.0, 0.0, 0.0)","(0.0, 0.0, 0.0)",0,0,0,0,0,0,False,0,0,0,0,0,0,0,0,"(0.0, 6.0, 401.5)","(0.2, 0.0, 0.0, 1.0)"
0,851934.8,0,0,0,0,0,0,0,0,0,"(0.0, 0.0)","(0.0, 0.0)","(0.0, 0.0)","(0.0, 0.0, 0.0)","(0.0, 0.0, 0.0)","(0.0, 0.0, 0.0)","(0.0, 0.0, 0.0)","(0.0, 0.0, 0.0)","(0.0, 0.0, 0.0)",0,0,0,0,0,0,False,0,0,0,0,0,0,0,0,"(0.0, 6.0, 401.7)","(0.2, 0.0, 0.0, 1.0)"
0,851951.1,0,0,0,0,0,0,0,0,0,"(0.0, 0.0)","(0.0, 0.0)","(0.0, 0.0)","(0.0, 0.0, 0.0)","(0.0, 0.0, 0.0)","(0.0, 0.0, 0.0)","(0.0, 0.0, 0.0)","(0.0, 0.0, 0.0)","(0.0, 0.0, 0.0)",0,0,0,0,0,0,False,0,0,0,0,0,0,0,0,"(0.0, 6.0, 401.9)","(0.2, 0.0, 0.0, 1.0)"
0,851967.9,0,0,0,0,0,0,0,0,0,"(0.0, 0.0)","(0.0, 0.0)","(0.0, 0.0)","(0.0, 0.0, 0.0)","(0.0, 0.0, 0.0)","(0.0, 0.0, 0.0)","(0.0, 0.0, 0.0)","(0.0, 0.0, 0.0)","(0.0, 0.0, 0.0)",0,0,0,0,0,0,False,0,0,0,0,0,0,0,0,"(0.0, 6.0, 402.1)","(0.2, 0.0, 0.0, 1.0)"
0,851984.4,0,0,0,0,0,0,0,0,0,"(0.0, 0.0)","(0.0, 0.0)","(0.0, 0.0)","(0.0, 0.0, 0.0)","(0.0, 0.0, 0.0)","(0.0, 0.0, 0.0)","(0.0, 0.0, 0.0)","(0.0, 0.0, 0.0)","(0.0, 0.0, 0.0)",0,0,0,0,0,0,False,0,0,0,0,0,0,0,0,"(0.0, 6.0, 402.3)","(0.2, 0.0, 0.0, 1.0)"
0,852002.4,0,0,0,0,0,0,0,0,0,"(0.0, 0.0)","(0.0, 0.0)","(0.0, 0.0)","(0.0, 0.0, 0.0)","(0.0, 0.0, 0.0)","(0.0, 0.0, 0.0)","(0.0, 0.0, 0.0)","(0.0, 0.0, 0.0)","(0.0, 0.0, 0.0)",0,0,0,0,0,0,False,0,0,0,0,0,0,0,0,"(0.0, 6.0, 402.4)","(0.2, 0.0, 0.0, 1.0)"
0,852018.9,0,0,0,0,0,0,0,0,0,"(0.0, 0.0)","(0.0, 0.0)","(0.0, 0.0)","(0.0, 0.0, 0.0)","(0.0, 0.0, 0.0)","(0.0, 0.0, 0.0)","(0.0, 0.0, 0.0)","(0.0, 0.0, 0.0)","(0.0, 0.0, 0.0)",0,0,0,0,0,0,False,0,0,0,0,0,0,0,0,"(0.0, 6.0, 402.6)","(0.2, 0.0, 0.0, 1.0)"
0,852036.1,0,0,0,0,0,0,0,0,0,"(0.0, 0.0)","(0.0, 0.0)","(0.0, 0.0)","(0.0, 0.0, 0.0)","(0.0, 0.0, 0.0)","(0.0, 0.0, 0.0)","(0.0, 0.0, 0.0)","(0.0, 0.0, 0.0)","(0.0, 0.0, 0.0)",0,0,0,0,0,0,False,0,0,0,0,0,0,0,0,"(0.0, 6.0, 402.8)","(0.2, 0.0, 0.0, 1.0)"
0,852052.4,0,0,0,0,0,0,0,0,0,"(0.0, 0.0)","(0.0, 0.0)","(0.0, 0.0)","(0.0, 0.0, 0.0)","(0.0, 0.0, 0.0)","(0.0, 0.0, 0.0)","(0.0, 0.0, 0.0)","(0.0, 0.0, 0.0)","(0.0, 0.0, 0.0)",0,0,0,0,0,0,False,0,0,0,0,0,0,0,0,"(0.0, 6.0, 403.0)","(0.2, 0.0, 0.0, 1.0)"
0,852069.9,0,0,0,0,0,0,0,0,0,"(0.0, 0.0)","(0.0, 0.0)","(0.0, 0.0)","(0.0, 0.0, 0.0)","(0.0, 0.0, 0.0)","(0.0, 0.0, 0.0)","(0.0, 0.0, 0.0)","(0.0, 0.0, 0.0)","(0.0, 0.0, 0.0)",0,0,0,0,0,0,False,0,0,0,0,0,0,0,0,"(0.0, 6.0, 403.2)","(0.2, 0.0, 0.0, 1.0)"
0,852086.5,0,0,0,0,0,0,0,0,0,"(0.0, 0.0)","(0.0, 0.0)","(0.0, 0.0)","(0.0, 0.0, 0.0)","(0.0, 0.0, 0.0)","(0.0, 0.0, 0.0)","(0.0, 0.0, 0.0)","(0.0, 0.0, 0.0)","(0.0, 0.0, 0.0)",0,0,0,0,0,0,False,0,0,0,0,0,0,0,0,"(0.0, 6.0, 403.3)","(0.2, 0.0, 0.0, 1.0)"
0,852103.5,0,0,0,0,0,0,0,0,0,"(0.0, 0.0)","(0.0, 0.0)","(0.0, 0.0)","(0.0, 0.0, 0.0)","(0.0, 0.0, 0.0)","(0.0, 0.0, 0.0)","(0.0, 0.0, 0.0)","(0.0, 0.0, 0.0)","(0.0, 0.0, 0.0)",0,0,0,0,0,0,False,0,0,0,0,0,0,0,0,"(0.0, 6.0, 403.5)","(0.2, 0.0, 0.0, 1.0)"
0,852128.8,0,0,0,0,0,0,0,0,0,"(0.0, 0.0)","(0.0, 0.0)","(0.0, 0.0)","(0.0, 0.0, 0.0)","(0.0, 0.0, 0.0)","(0.0, 0.0, 0.0)","(0.0, 0.0, 0.0)","(0.0, 0.0, 0.0)","(0.0, 0.0, 0.0)",0,0,0,0,0,0,False,0,0,0,0,0,0,0,0,"(0.0, 6.0, 403.7)","(0.2, 0.0, 0.0, 1.0)"
0,852146.4,0,0,0,0,0,0,0,0,0,"(0.0, 0.0)","(0.0, 0.0)","(0.0, 0.0)","(0.0, 0.0, 0.0)","(0.0, 0.0, 0.0)","(0.0, 0.0, 0.0)","(0.0, 0.0, 0.0)","(0.0, 0.0, 0.0)","(0.0, 0.0, 0.0)",0,0,0,0,0,0,False,0,0,0,0,0,0,0,0,"(0.0, 6.0, 403.9)","(0.2, 0.0, 0.0, 1.0)"
0,852162.9,0,0,0,0,0,0,0,0,0,"(0.0, 0.0)","(0.0, 0.0)","(0.0, 0.0)","(0.0, 0.0, 0.0)","(0.0, 0.0, 0.0)","(0.0, 0.0, 0.0)","(0.0, 0.0, 0.0)","(0.0, 0.0, 0.0)","(0.0, 0.0, 0.0)",0,0,0,0,0,0,False,0,0,0,0,0,0,0,0,"(0.0, 6.0, 404.1)","(0.2, 0.0, 0.0, 1.0)"
0,852178.9,0,0,0,0,0,0,0,0,0,"(0.0, 0.0)","(0.0, 0.0)","(0.0, 0.0)","(0.0, 0.0, 0.0)","(0.0, 0.0, 0.0)","(0.0, 0.0, 0.0)","(0.0, 0.0, 0.0)","(0.0, 0.0, 0.0)","(0.0, 0.0, 0.0)",0,0,0,0,0,0,False,0,0,0,0,0,0,0,0,"(0.0, 6.0, 404.2)","(0.2, 0.0, 0.0, 1.0)"
0,852197.8,0,0,0,0,0,0,0,0,0,"(0.0, 0.0)","(0.0, 0.0)","(0.0, 0.0)","(0.0, 0.0, 0.0)","(0.0, 0.0, 0.0)","(0.0, 0.0, 0.0)","(0.0, 0.0, 0.0)","(0.0, 0.0, 0.0)","(0.0, 0.0, 0.0)",0,0,0,0,0,0,False,0,0,0,0,0,0,0,0,"(0.0, 6.0, 404.4)","(0.2, 0.0, 0.0, 1.0)"
0,852215.8,0,0,0,0,0,0,0,0,0,"(0.0, 0.0)","(0.0, 0.0)","(0.0, 0.0)","(0.0, 0.0, 0.0)","(0.0, 0.0, 0.0)","(0.0, 0.0, 0.0)","(0.0, 0.0, 0.0)","(0.0, 0.0, 0.0)","(0.0, 0.0, 0.0)",0,0,0,0,0,0,False,0,0,0,0,0,0,0,0,"(0.0, 6.0, 404.6)","(0.2, 0.0, 0.0, 1.0)"
0,852237.3,0,0,0,0,0,0,0,0,0,"(0.0, 0.0)","(0.0, 0.0)","(0.0, 0.0)","(0.0, 0.0, 0.0)","(0.0, 0.0, 0.0)","(0.0, 0.0, 0.0)","(0.0, 0.0, 0.0)","(0.0, 0.0, 0.0)","(0.0, 0.0, 0.0)",0,0,0,0,0,0,False,0,0,0,0,0,0,0,0,"(0.0, 6.0, 404.8)","(0.2, 0.0, 0.0, 1.0)"
0,852259.3,0,0,0,0,0,0,0,0,0,"(0.0, 0.0)","(0.0, 0.0)","(0.0, 0.0)","(0.0, 0.0, 0.0)","(0.0, 0.0, 0.0)","(0.0, 0.0, 0.0)","(0.0, 0.0, 0.0)","(0.0, 0.0, 0.0)","(0.0, 0.0, 0.0)",0,0,0,0,0,0,False,0,0,0,0,0,0,0,0,"(0.0, 6.0, 405.0)","(0.2, 0.0, 0.0, 1.0)"
0,852282.3,0,0,0,0,0,0,0,0,0,"(0.0, 0.0)","(0.0, 0.0)","(0.0, 0.0)","(0.0, 0.0, 0.0)","(0.0, 0.0, 0.0)","(0.0, 0.0, 0.0)","(0.0, 0.0, 0.0)","(0.0, 0.0, 0.0)","(0.0, 0.0, 0.0)",0,0,0,0,0,0,False,0,0,0,0,0,0,0,0,"(0.0, 6.0, 405.2)","(0.2, 0.0, 0.0, 1.0)"
0,852303.7,0,0,0,0,0,0,0,0,0,"(0.0, 0.0)","(0.0, 0.0)","(0.0, 0.0)","(0.0, 0.0, 0.0)","(0.0, 0.0, 0.0)","(0.0, 0.0, 0.0)","(0.0, 0.0, 0.0)","(0.0, 0.0, 0.0)","(0.0, 0.0, 0.0)",0,0,0,0,0,0,False,0,0,0,0,0,0,0,0,"(0.0, 6.0, 405.3)","(0.2, 0.0, 0.0, 1.0)"
0,852326.6,0,0,0,0,0,0,0,0,0,"(0.0, 0.0)","(0.0, 0.0)","(0.0, 0.0)","(0.0, 0.0, 0.0)","(0.0, 0.0, 0.0)","(0.0, 0.0, 0.0)","(0.0, 0.0, 0.0)","(0.0, 0.0, 0.0)","(0.0, 0.0, 0.0)",0,0,0,0,0,0,False,0,0,0,0,0,0,0,0,"(0.0, 6.0, 405.5)","(0.2, 0.0, 0.0, 1.0)"
0,852348.9,0,0,0,0,0,0,0,0,0,"(0.0, 0.0)","(0.0, 0.0)","(0.0, 0.0)","(0.0, 0.0, 0.0)","(0.0, 0.0, 0.0)","(0.0, 0.0, 0.0)","(0.0, 0.0, 0.0)","(0.0, 0.0, 0.0)","(0.0, 0.0, 0.0)",0,0,0,0,0,0,False,0,0,0,0,0,0,0,0,"(0.0, 6.0, 405.7)","(0.2, 0.0, 0.0, 1.0)"
0,852370.8,0,0,0,0,0,0,0,0,0,"(0.0, 0.0)","(0.0, 0.0)","(0.0, 0.0)","(0.0, 0.0, 0.0)","(0.0, 0.0, 0.0)","(0.0, 0.0, 0.0)","(0.0, 0.0, 0.0)","(0.0, 0.0, 0.0)","(0.0, 0.0, 0.0)",0,0,0,0,0,0,False,0,0,0,0,0,0,0,0,"(0.0, 6.0, 405.9)","(0.2, 0.0, 0.0, 1.0)"
0,852392.4,0,0,0,0,0,0,0,0,0,"(0.0, 0.0)","(0.0, 0.0)","(0.0, 0.0)","(0.0, 0.0, 0.0)","(0.0, 0.0, 0.0)","(0.0, 0.0, 0.0)","(0.0, 0.0, 0.0)","(0.0, 0.0, 0.0)","(0.0, 0.0, 0.0)",0,0,0,0,0,0,False,0,0,0,0,0,0,0,0,"(0.0, 6.0, 406.1)","(0.2, 0.0, 0.0, 1.0)"
0,852415.6,0,0,0,0,0,0,0,0,0,"(0.0, 0.0)","(0.0, 0.0)","(0.0, 0.0)","(0.0, 0.0, 0.0)","(0.0, 0.0, 0.0)","(0.0, 0.0, 0.0)","(0.0, 0.0, 0.0)","(0.0, 0.0, 0.0)","(0.0, 0.0, 0.0)",0,0,0,0,0,0,False,0,0,0,0,0,0,0,0,"(0.0, 6.0, 406.4)","(0.2, 0.0, 0.0, 1.0)"
0,852437,0,0,0,0,0,0,0,0,0,"(0.0, 0.0)","(0.0, 0.0)","(0.0, 0.0)","(0.0, 0.0, 0.0)","(0.0, 0.0, 0.0)","(0.0, 0.0, 0.0)","(0.0, 0.0, 0.0)","(0.0, 0.0, 0.0)","(0.0, 0.0, 0.0)",0,0,0,0,0,0,False,0,0,0,0,0,0,0,0,"(0.0, 6.0, 406.6)","(0.2, 0.0, 0.0, 1.0)"
0,852459.2,0,0,0,0,0,0,0,0,0,"(0.0, 0.0)","(0.0, 0.0)","(0.0, 0.0)","(0.0, 0.0, 0.0)","(0.0, 0.0, 0.0)","(0.0, 0.0, 0.0)","(0.0, 0.0, 0.0)","(0.0, 0.0, 0.0)","(0.0, 0.0, 0.0)",0,0,0,0,0,0,False,0,0,0,0,0,0,0,0,"(0.0, 6.0, 406.8)","(0.2, 0.0, 0.0, 1.0)"
0,852481.9,0,0,0,0,0,0,0,0,0,"(0.0, 0.0)","(0.0, 0.0)","(0.0, 0.0)","(0.0, 0.0, 0.0)","(0.0, 0.0, 0.0)","(0.0, 0.0, 0.0)","(0.0, 0.0, 0.0)","(0.0, 0.0, 0.0)","(0.0, 0.0, 0.0)",0,0,0,0,0,0,False,0,0,0,0,0,0,0,0,"(0.0, 6.0, 407.0)","(0.2, 0.0, 0.0, 1.0)"
0,852504,0,0,0,0,0,0,0,0,0,"(0.0, 0.0)","(0.0, 0.0)","(0.0, 0.0)","(0.0, 0.0, 0.0)","(0.0, 0.0, 0.0)","(0.0, 0.0, 0.0)","(0.0, 0.0, 0.0)","(0.0, 0.0, 0.0)","(0.0, 0.0, 0.0)",0,0,0,0,0,0,False,0,0,0,0,0,0,0,0,"(0.0, 6.0, 407.2)","(0.2, 0.0, 0.0, 1.0)"
0,852526.4,0,0,0,0,0,0,0,0,0,"(0.0, 0.0)","(0.0, 0.0)","(0.0, 0.0)","(0.0, 0.0, 0.0)","(0.0, 0.0, 0.0)","(0.0, 0.0, 0.0)","(0.0, 0.0, 0.0)","(0.0, 0.0, 0.0)","(0.0, 0.0, 0.0)",0,0,0,0,0,0,False,0,0,0,0,0,0,0,0,"(0.0, 6.0, 407.4)","(0.2, 0.0, 0.0, 1.0)"
0,852548.9,0,0,0,0,0,0,0,0,0,"(0.0, 0.0)","(0.0, 0.0)","(0.0, 0.0)","(0.0, 0.0, 0.0)","(0.0, 0.0, 0.0)","(0.0, 0.0, 0.0)","(0.0, 0.0, 0.0)","(0.0, 0.0, 0.0)","(0.0, 0.0, 0.0)",0,0,0,0,0,0,False,0,0,0,0,0,0,0,0,"(0.0, 6.0, 407.6)","(0.2, 0.0, 0.0, 1.0)"
0,852570.9,0,0,0,0,0,0,0,0,0,"(0.0, 0.0)","(0.0, 0.0)","(0.0, 0.0)","(0.0, 0.0, 0.0)","(0.0, 0.0, 0.0)","(0.0, 0.0, 0.0)","(0.0, 0.0, 0.0)","(0.0, 0.0, 0.0)","(0.0, 0.0, 0.0)",0,0,0,0,0,0,False,0,0,0,0,0,0,0,0,"(0.0, 6.0, 407.8)","(0.2, 0.0, 0.0, 1.0)"
0,852592.8,0,0,0,0,0,0,0,0,0,"(0.0, 0.0)","(0.0, 0.0)","(0.0, 0.0)","(0.0, 0.0, 0.0)","(0.0, 0.0, 0.0)","(0.0, 0.0, 0.0)","(0.0, 0.0, 0.0)","(0.0, 0.0, 0.0)","(0.0, 0.0, 0.0)",0,0,0,0,0,0,False,0,0,0,0,0,0,0,0,"(0.0, 6.0, 408.0)","(0.2, 0.0, 0.0, 1.0)"
0,852615.4,0,0,0,0,0,0,0,0,0,"(0.0, 0.0)","(0.0, 0.0)","(0.0, 0.0)","(0.0, 0.0, 0.0)","(0.0, 0.0, 0.0)","(0.0, 0.0, 0.0)","(0.0, 0.0, 0.0)","(0.0, 0.0, 0.0)","(0.0, 0.0, 0.0)",0,0,0,0,0,0,False,0,0,0,0,0,0,0,0,"(0.0, 6.0, 408.3)","(0.2, 0.0, 0.0, 1.0)"
0,852637.7,0,0,0,0,0,0,0,0,0,"(0.0, 0.0)","(0.0, 0.0)","(0.0, 0.0)","(0.0, 0.0, 0.0)","(0.0, 0.0, 0.0)","(0.0, 0.0, 0.0)","(0.0, 0.0, 0.0)","(0.0, 0.0, 0.0)","(0.0, 0.0, 0.0)",0,0,0,0,0,0,False,0,0,0,0,0,0,0,0,"(0.0, 6.0, 408.5)","(0.2, 0.0, 0.0, 1.0)"
0,852659.5,0,0,0,0,0,0,0,0,0,"(0.0, 0.0)","(0.0, 0.0)","(0.0, 0.0)","(0.0, 0.0, 0.0)","(0.0, 0.0, 0.0)","(0.0, 0.0, 0.0)","(0.0, 0.0, 0.0)","(0.0, 0.0, 0.0)","(0.0, 0.0, 0.0)",0,0,0,0,0,0,False,0,0,0,0,0,0,0,0,"(0.0, 6.0, 408.7)","(0.2, 0.0, 0.0, 1.0)"
0,852682.9,0,0,0,0,0,0,0,0,0,"(0.0, 0.0)","(0.0, 0.0)","(0.0, 0.0)","(0.0, 0.0, 0.0)","(0.0, 0.0, 0.0)","(0.0, 0.0, 0.0)","(0.0, 0.0, 0.0)","(0.0, 0.0, 0.0)","(0.0, 0.0, 0.0)",0,0,0,0,0,0,False,0,0,0,0,0,0,0,0,"(0.0, 6.0, 408.9)","(0.2, 0.0, 0.0, 1.0)"
0,852701.1,0,0,0,0,0,0,0,0,0,"(0.0, 0.0)","(0.0, 0.0)","(0.0, 0.0)","(0.0, 0.0, 0.0)","(0.0, 0.0, 0.0)","(0.0, 0.0, 0.0)","(0.0, 0.0, 0.0)","(0.0, 0.0, 0.0)","(0.0, 0.0, 0.0)",0,0,0,0,0,0,False,0,0,0,0,0,0,0,0,"(0.0, 6.0, 409.1)","(0.2, 0.0, 0.0, 1.0)"
0,852721.9,0,0,0,0,0,0,0,0,0,"(0.0, 0.0)","(0.0, 0.0)","(0.0, 0.0)","(0.0, 0.0, 0.0)","(0.0, 0.0, 0.0)","(0.0, 0.0, 0.0)","(0.0, 0.0, 0.0)","(0.0, 0.0, 0.0)","(0.0, 0.0, 0.0)",0,0,0,0,0,0,False,0,0,0,0,0,0,0,0,"(0.0, 6.0, 409.3)","(0.2, 0.0, 0.0, 1.0)"
0,852739.1,0,0,0,0,0,0,0,0,0,"(0.0, 0.0)","(0.0, 0.0)","(0.0, 0.0)","(0.0, 0.0, 0.0)","(0.0, 0.0, 0.0)","(0.0, 0.0, 0.0)","(0.0, 0.0, 0.0)","(0.0, 0.0, 0.0)","(0.0, 0.0, 0.0)",0,0,0,0,0,0,False,0,0,0,0,0,0,0,0,"(0.0, 6.0, 409.6)","(0.2, 0.0, 0.0, 1.0)"
0,852756.3,0,0,0,0,0,0,0,0,0,"(0.0, 0.0)","(0.0, 0.0)","(0.0, 0.0)","(0.0, 0.0, 0.0)","(0.0, 0.0, 0.0)","(0.0, 0.0, 0.0)","(0.0, 0.0, 0.0)","(0.0, 0.0, 0.0)","(0.0, 0.0, 0.0)",0,0,0,0,0,0,False,0,0,0,0,0,0,0,0,"(0.0, 6.0, 409.8)","(0.2, 0.0, 0.0, 1.0)"
0,852772.3,0,0,0,0,0,0,0,0,0,"(0.0, 0.0)","(0.0, 0.0)","(0.0, 0.0)","(0.0, 0.0, 0.0)","(0.0, 0.0, 0.0)","(0.0, 0.0, 0.0)","(0.0, 0.0, 0.0)","(0.0, 0.0, 0.0)","(0.0, 0.0, 0.0)",0,0,0,0,0,0,False,0,0,0,0,0,0,0,0,"(0.0, 6.0, 410.0)","(0.2, 0.0, 0.0, 1.0)"
0,852790.1,0,0,0,0,0,0,0,0,0,"(0.0, 0.0)","(0.0, 0.0)","(0.0, 0.0)","(0.0, 0.0, 0.0)","(0.0, 0.0, 0.0)","(0.0, 0.0, 0.0)","(0.0, 0.0, 0.0)","(0.0, 0.0, 0.0)","(0.0, 0.0, 0.0)",0,0,0,0,0,0,False,0,0,0,0,0,0,0,0,"(0.0, 6.0, 410.2)","(0.2, 0.0, 0.0, 1.0)"
0,852807.1,0,0,0,0,0,0,0,0,0,"(0.0, 0.0)","(0.0, 0.0)","(0.0, 0.0)","(0.0, 0.0, 0.0)","(0.0, 0.0, 0.0)","(0.0, 0.0, 0.0)","(0.0, 0.0, 0.0)","(0.0, 0.0, 0.0)","(0.0, 0.0, 0.0)",0,0,0,0,0,0,False,0,0,0,0,0,0,0,0,"(0.0, 6.0, 410.4)","(0.2, 0.0, 0.0, 1.0)"
0,852824.6,0,0,0,0,0,0,0,0,0,"(0.0, 0.0)","(0.0, 0.0)","(0.0, 0.0)","(0.0, 0.0, 0.0)","(0.0, 0.0, 0.0)","(0.0, 0.0, 0.0)","(0.0, 0.0, 0.0)","(0.0, 0.0, 0.0)","(0.0, 0.0, 0.0)",0,0,0,0,0,0,False,0,0,0,0,0,0,0,0,"(0.0, 6.0, 410.6)","(0.2, 0.0, 0.0, 1.0)"
0,852842.3,0,0,0,0,0,0,0,0,0,"(0.0, 0.0)","(0.0, 0.0)","(0.0, 0.0)","(0.0, 0.0, 0.0)","(0.0, 0.0, 0.0)","(0.0, 0.0, 0.0)","(0.0, 0.0, 0.0)","(0.0, 0.0, 0.0)","(0.0, 0.0, 0.0)",0,0,0,0,0,0,False,0,0,0,0,0,0,0,0,"(0.0, 6.0, 410.7)","(0.2, 0.0, 0.0, 1.0)"
0,852859.7,0,0,0,0,0,0,0,0,0,"(0.0, 0.0)","(0.0, 0.0)","(0.0, 0.0)","(0.0, 0.0, 0.0)","(0.0, 0.0, 0.0)","(0.0, 0.0, 0.0)","(0.0, 0.0, 0.0)","(0.0, 0.0, 0.0)","(0.0, 0.0, 0.0)",0,0,0,0,0,0,False,0,0,0,0,0,0,0,0,"(0.0, 6.0, 410.9)","(0.2, 0.0, 0.0, 1.0)"
0,852878.9,0,0,0,0,0,0,0,0,0,"(0.0, 0.0)","(0.0, 0.0)","(0.0, 0.0)","(0.0, 0.0, 0.0)","(0.0, 0.0, 0.0)","(0.0, 0.0, 0.0)","(0.0, 0.0, 0.0)","(0.0, 0.0, 0.0)","(0.0, 0.0, 0.0)",0,0,0,0,0,0,False,0,0,0,0,0,0,0,0,"(0.0, 6.0, 411.1)","(0.2, 0.0, 0.0, 1.0)"
0,852897.4,0,0,0,0,0,0,0,0,0,"(0.0, 0.0)","(0.0, 0.0)","(0.0, 0.0)","(0.0, 0.0, 0.0)","(0.0, 0.0, 0.0)","(0.0, 0.0, 0.0)","(0.0, 0.0, 0.0)","(0.0, 0.0, 0.0)","(0.0, 0.0, 0.0)",0,0,0,0,0,0,False,0,0,0,0,0,0,0,0,"(0.0, 6.0, 411.3)","(0.2, 0.0, 0.0, 1.0)"
0,852914.6,0,0,0,0,0,0,0,0,0,"(0.0, 0.0)","(0.0, 0.0)","(0.0, 0.0)","(0.0, 0.0, 0.0)","(0.0, 0.0, 0.0)","(0.0, 0.0, 0.0)","(0.0, 0.0, 0.0)","(0.0, 0.0, 0.0)","(0.0, 0.0, 0.0)",0,0,0,0,0,0,False,0,0,0,0,0,0,0,0,"(0.0, 6.0, 411.5)","(0.2, 0.0, 0.0, 1.0)"
0,852933.1,0,0,0,0,0,0,0,0,0,"(0.0, 0.0)","(0.0, 0.0)","(0.0, 0.0)","(0.0, 0.0, 0.0)","(0.0, 0.0, 0.0)","(0.0, 0.0, 0.0)","(0.0, 0.0, 0.0)","(0.0, 0.0, 0.0)","(0.0, 0.0, 0.0)",0,0,0,0,0,0,False,0,0,0,0,0,0,0,0,"(0.0, 6.0, 411.7)","(0.2, 0.0, 0.0, 1.0)"
0,852954.7,0,0,0,0,0,0,0,0,0,"(0.0, 0.0)","(0.0, 0.0)","(0.0, 0.0)","(0.0, 0.0, 0.0)","(0.0, 0.0, 0.0)","(0.0, 0.0, 0.0)","(0.0, 0.0, 0.0)","(0.0, 0.0, 0.0)","(0.0, 0.0, 0.0)",0,0,0,0,0,0,False,0,0,0,0,0,0,0,0,"(0.0, 6.0, 411.9)","(0.2, 0.0, 0.0, 1.0)"
0,852970.7,0,0,0,0,0,0,0,0,0,"(0.0, 0.0)","(0.0, 0.0)","(0.0, 0.0)","(0.0, 0.0, 0.0)","(0.0, 0.0, 0.0)","(0.0, 0.0, 0.0)","(0.0, 0.0, 0.0)","(0.0, 0.0, 0.0)","(0.0, 0.0, 0.0)",0,0,0,0,0,0,False,0,0,0,0,0,0,0,0,"(0.0, 6.0, 412.1)","(0.2, 0.0, 0.0, 1.0)"
0,852987.4,0,0,0,0,0,0,0,0,0,"(0.0, 0.0)","(0.0, 0.0)","(0.0, 0.0)","(0.0, 0.0, 0.0)","(0.0, 0.0, 0.0)","(0.0, 0.0, 0.0)","(0.0, 0.0, 0.0)","(0.0, 0.0, 0.0)","(0.0, 0.0, 0.0)",0,0,0,0,0,0,False,0,0,0,0,0,0,0,0,"(0.0, 6.0, 412.3)","(0.2, 0.0, 0.0, 1.0)"
0,853004.2,0,0,0,0,0,0,0,0,0,"(0.0, 0.0)","(0.0, 0.0)","(0.0, 0.0)","(0.0, 0.0, 0.0)","(0.0, 0.0, 0.0)","(0.0, 0.0, 0.0)","(0.0, 0.0, 0.0)","(0.0, 0.0, 0.0)","(0.0, 0.0, 0.0)",0,0,0,0,0,0,False,0,0,0,0,0,0,0,0,"(0.0, 6.0, 412.4)","(0.2, 0.0, 0.0, 1.0)"
0,853021.1,0,0,0,0,0,0,0,0,0,"(0.0, 0.0)","(0.0, 0.0)","(0.0, 0.0)","(0.0, 0.0, 0.0)","(0.0, 0.0, 0.0)","(0.0, 0.0, 0.0)","(0.0, 0.0, 0.0)","(0.0, 0.0, 0.0)","(0.0, 0.0, 0.0)",0,0,0,0,0,0,False,0,0,0,0,0,0,0,0,"(0.0, 6.0, 412.6)","(0.2, 0.0, 0.0, 1.0)"
0,853041.4,0,0,0,0,0,0,0,0,0,"(0.0, 0.0)","(0.0, 0.0)","(0.0, 0.0)","(0.0, 0.0, 0.0)","(0.0, 0.0, 0.0)","(0.0, 0.0, 0.0)","(0.0, 0.0, 0.0)","(0.0, 0.0, 0.0)","(0.0, 0.0, 0.0)",0,0,0,0,0,0,False,0,0,0,0,0,0,0,0,"(0.0, 6.0, 412.8)","(0.2, 0.0, 0.0, 1.0)"
0,853057,0,0,0,0,0,0,0,0,0,"(0.0, 0.0)","(0.0, 0.0)","(0.0, 0.0)","(0.0, 0.0, 0.0)","(0.0, 0.0, 0.0)","(0.0, 0.0, 0.0)","(0.0, 0.0, 0.0)","(0.0, 0.0, 0.0)","(0.0, 0.0, 0.0)",0,0,0,0,0,0,False,0,0,0,0,0,0,0,0,"(0.0, 6.0, 413.0)","(0.2, 0.0, 0.0, 1.0)"
0,853073.1,0,0,0,0,0,0,0,0,0,"(0.0, 0.0)","(0.0, 0.0)","(0.0, 0.0)","(0.0, 0.0, 0.0)","(0.0, 0.0, 0.0)","(0.0, 0.0, 0.0)","(0.0, 0.0, 0.0)","(0.0, 0.0, 0.0)","(0.0, 0.0, 0.0)",0,0,0,0,0,0,False,0,0,0,0,0,0,0,0,"(0.0, 6.0, 413.2)","(0.2, 0.0, 0.0, 1.0)"
0,853089.4,0,0,0,0,0,0,0,0,0,"(0.0, 0.0)","(0.0, 0.0)","(0.0, 0.0)","(0.0, 0.0, 0.0)","(0.0, 0.0, 0.0)","(0.0, 0.0, 0.0)","(0.0, 0.0, 0.0)","(0.0, 0.0, 0.0)","(0.0, 0.0, 0.0)",0,0,0,0,0,0,False,0,0,0,0,0,0,0,0,"(0.0, 6.0, 413.3)","(0.2, 0.0, 0.0, 1.0)"
0,853105.3,0,0,0,0,0,0,0,0,0,"(0.0, 0.0)","(0.0, 0.0)","(0.0, 0.0)","(0.0, 0.0, 0.0)","(0.0, 0.0, 0.0)","(0.0, 0.0, 0.0)","(0.0, 0.0, 0.0)","(0.0, 0.0, 0.0)","(0.0, 0.0, 0.0)",0,0,0,0,0,0,False,0,0,0,0,0,0,0,0,"(0.0, 6.0, 413.5)","(0.2, 0.0, 0.0, 1.0)"
0,853125.8,0,0,0,0,0,0,0,0,0,"(0.0, 0.0)","(0.0, 0.0)","(0.0, 0.0)","(0.0, 0.0, 0.0)","(0.0, 0.0, 0.0)","(0.0, 0.0, 0.0)","(0.0, 0.0, 0.0)","(0.0, 0.0, 0.0)","(0.0, 0.0, 0.0)",0,0,0,0,0,0,False,0,0,0,0,0,0,0,0,"(0.0, 6.0, 413.7)","(0.2, 0.0, 0.0, 1.0)"
0,853148.7,0,0,0,0,0,0,0,0,0,"(0.0, 0.0)","(0.0, 0.0)","(0.0, 0.0)","(0.0, 0.0, 0.0)","(0.0, 0.0, 0.0)","(0.0, 0.0, 0.0)","(0.0, 0.0, 0.0)","(0.0, 0.0, 0.0)","(0.0, 0.0, 0.0)",0,0,0,0,0,0,False,0,0,0,0,0,0,0,0,"(0.0, 6.0, 413.9)","(0.2, 0.0, 0.0, 1.0)"
0,853170.3,0,0,0,0,0,0,0,0,0,"(0.0, 0.0)","(0.0, 0.0)","(0.0, 0.0)","(0.0, 0.0, 0.0)","(0.0, 0.0, 0.0)","(0.0, 0.0, 0.0)","(0.0, 0.0, 0.0)","(0.0, 0.0, 0.0)","(0.0, 0.0, 0.0)",0,0,0,0,0,0,False,0,0,0,0,0,0,0,0,"(0.0, 6.0, 414.1)","(0.2, 0.0, 0.0, 1.0)"
0,853192.1,0,0,0,0,0,0,0,0,0,"(0.0, 0.0)","(0.0, 0.0)","(0.0, 0.0)","(0.0, 0.0, 0.0)","(0.0, 0.0, 0.0)","(0.0, 0.0, 0.0)","(0.0, 0.0, 0.0)","(0.0, 0.0, 0.0)","(0.0, 0.0, 0.0)",0,0,0,0,0,0,False,0,0,0,0,0,0,0,0,"(0.0, 6.0, 414.3)","(0.2, 0.0, 0.0, 1.0)"
0,853215.8,0,0,0,0,0,0,0,0,0,"(0.0, 0.0)","(0.0, 0.0)","(0.0, 0.0)","(0.0, 0.0, 0.0)","(0.0, 0.0, 0.0)","(0.0, 0.0, 0.0)","(0.0, 0.0, 0.0)","(0.0, 0.0, 0.0)","(0.0, 0.0, 0.0)",0,0,0,0,0,0,False,0,0,0,0,0,0,0,0,"(0.0, 6.0, 414.5)","(0.2, 0.0, 0.0, 1.0)"
0,853238.5,0,0,0,0,0,0,0,0,0,"(0.0, 0.0)","(0.0, 0.0)","(0.0, 0.0)","(0.0, 0.0, 0.0)","(0.0, 0.0, 0.0)","(0.0, 0.0, 0.0)","(0.0, 0.0, 0.0)","(0.0, 0.0, 0.0)","(0.0, 0.0, 0.0)",0,0,0,0,0,0,False,0,0,0,0,0,0,0,0,"(0.0, 6.0, 414.7)","(0.2, 0.0, 0.0, 1.0)"
0,853259.1,0,0,0,0,0,0,0,0,0,"(0.0, 0.0)","(0.0, 0.0)","(0.0, 0.0)","(0.0, 0.0, 0.0)","(0.0, 0.0, 0.0)","(0.0, 0.0, 0.0)","(0.0, 0.0, 0.0)","(0.0, 0.0, 0.0)","(0.0, 0.0, 0.0)",0,0,0,0,0,0,False,0,0,0,0,0,0,0,0,"(0.0, 6.0, 414.9)","(0.2, 0.0, 0.0, 1.0)"
0,853282.3,0,0,0,0,0,0,0,0,0,"(0.0, 0.0)","(0.0, 0.0)","(0.0, 0.0)","(0.0, 0.0, 0.0)","(0.0, 0.0, 0.0)","(0.0, 0.0, 0.0)","(0.0, 0.0, 0.0)","(0.0, 0.0, 0.0)","(0.0, 0.0, 0.0)",0,0,0,0,0,0,False,0,0,0,0,0,0,0,0,"(0.0, 6.0, 415.1)","(0.2, 0.0, 0.0, 1.0)"
0,853303.4,0,0,0,0,0,0,0,0,0,"(0.0, 0.0)","(0.0, 0.0)","(0.0, 0.0)","(0.0, 0.0, 0.0)","(0.0, 0.0, 0.0)","(0.0, 0.0, 0.0)","(0.0, 0.0, 0.0)","(0.0, 0.0, 0.0)","(0.0, 0.0, 0.0)",0,0,0,0,0,0,False,0,0,0,0,0,0,0,0,"(0.0, 6.0, 415.3)","(0.2, 0.0, 0.0, 1.0)"
0,853325.9,0,0,0,0,0,0,0,0,0,"(0.0, 0.0)","(0.0, 0.0)","(0.0, 0.0)","(0.0, 0.0, 0.0)","(0.0, 0.0, 0.0)","(0.0, 0.0, 0.0)","(0.0, 0.0, 0.0)","(0.0, 0.0, 0.0)","(0.0, 0.0, 0.0)",0,0,0,0,0,0,False,0,0,0,0,0,0,0,0,"(0.0, 6.0, 415.5)","(0.2, 0.0, 0.0, 1.0)"
0,853349.3,0,0,0,0,0,0,0,0,0,"(0.0, 0.0)","(0.0, 0.0)","(0.0, 0.0)","(0.0, 0.0, 0.0)","(0.0, 0.0, 0.0)","(0.0, 0.0, 0.0)","(0.0, 0.0, 0.0)","(0.0, 0.0, 0.0)","(0.0, 0.0, 0.0)",0,0,0,0,0,0,False,0,0,0,0,0,0,0,0,"(0.0, 6.0, 415.7)","(0.2, 0.0, 0.0, 1.0)"
0,853369.9,0,0,0,0,0,0,0,0,0,"(0.0, 0.0)","(0.0, 0.0)","(0.0, 0.0)","(0.0, 0.0, 0.0)","(0.0, 0.0, 0.0)","(0.0, 0.0, 0.0)","(0.0, 0.0, 0.0)","(0.0, 0.0, 0.0)","(0.0, 0.0, 0.0)",0,0,0,0,0,0,False,0,0,0,0,0,0,0,0,"(0.0, 6.0, 415.9)","(0.2, 0.0, 0.0, 1.0)"
0,853391.9,0,0,0,0,0,0,0,0,0,"(0.0, 0.0)","(0.0, 0.0)","(0.0, 0.0)","(0.0, 0.0, 0.0)","(0.0, 0.0, 0.0)","(0.0, 0.0, 0.0)","(0.0, 0.0, 0.0)","(0.0, 0.0, 0.0)","(0.0, 0.0, 0.0)",0,0,0,0,0,0,False,0,0,0,0,0,0,0,0,"(0.0, 6.0, 416.1)","(0.2, 0.0, 0.0, 1.0)"
0,853415.3,0,0,0,0,0,0,0,0,0,"(0.0, 0.0)","(0.0, 0.0)","(0.0, 0.0)","(0.0, 0.0, 0.0)","(0.0, 0.0, 0.0)","(0.0, 0.0, 0.0)","(0.0, 0.0, 0.0)","(0.0, 0.0, 0.0)","(0.0, 0.0, 0.0)",0,0,0,0,0,0,False,0,0,0,0,0,0,0,0,"(0.0, 6.0, 416.3)","(0.2, 0.0, 0.0, 1.0)"
0,853437.4,0,0,0,0,0,0,0,0,0,"(0.0, 0.0)","(0.0, 0.0)","(0.0, 0.0)","(0.0, 0.0, 0.0)","(0.0, 0.0, 0.0)","(0.0, 0.0, 0.0)","(0.0, 0.0, 0.0)","(0.0, 0.0, 0.0)","(0.0, 0.0, 0.0)",0,0,0,0,0,0,False,0,0,0,0,0,0,0,0,"(0.0, 6.0, 416.5)","(0.2, 0.0, 0.0, 1.0)"
0,853459.4,0,0,0,0,0,0,0,0,0,"(0.0, 0.0)","(0.0, 0.0)","(0.0, 0.0)","(0.0, 0.0, 0.0)","(0.0, 0.0, 0.0)","(0.0, 0.0, 0.0)","(0.0, 0.0, 0.0)","(0.0, 0.0, 0.0)","(0.0, 0.0, 0.0)",0,0,0,0,0,0,False,0,0,0,0,0,0,0,0,"(0.0, 6.0, 416.7)","(0.2, 0.0, 0.0, 1.0)"
0,853482.8,0,0,0,0,0,0,0,0,0,"(0.0, 0.0)","(0.0, 0.0)","(0.0, 0.0)","(0.0, 0.0, 0.0)","(0.0, 0.0, 0.0)","(0.0, 0.0, 0.0)","(0.0, 0.0, 0.0)","(0.0, 0.0, 0.0)","(0.0, 0.0, 0.0)",0,0,0,0,0,0,False,0,0,0,0,0,0,0,0,"(0.0, 6.0, 416.9)","(0.2, 0.0, 0.0, 1.0)"
0,853503.6,0,0,0,0,0,0,0,0,0,"(0.0, 0.0)","(0.0, 0.0)","(0.0, 0.0)","(0.0, 0.0, 0.0)","(0.0, 0.0, 0.0)","(0.0, 0.0, 0.0)","(0.0, 0.0, 0.0)","(0.0, 0.0, 0.0)","(0.0, 0.0, 0.0)",0,0,0,0,0,0,False,0,0,0,0,0,0,0,0,"(0.0, 6.0, 417.2)","(0.2, 0.0, 0.0, 1.0)"
0,853525.8,0,0,0,0,0,0,0,0,0,"(0.0, 0.0)","(0.0, 0.0)","(0.0, 0.0)","(0.0, 0.0, 0.0)","(0.0, 0.0, 0.0)","(0.0, 0.0, 0.0)","(0.0, 0.0, 0.0)","(0.0, 0.0, 0.0)","(0.0, 0.0, 0.0)",0,0,0,0,0,0,False,0,0,0,0,0,0,0,0,"(0.0, 6.0, 417.4)","(0.2, 0.0, 0.0, 1.0)"
0,853548.7,0,0,0,0,0,0,0,0,0,"(0.0, 0.0)","(0.0, 0.0)","(0.0, 0.0)","(0.0, 0.0, 0.0)","(0.0, 0.0, 0.0)","(0.0, 0.0, 0.0)","(0.0, 0.0, 0.0)","(0.0, 0.0, 0.0)","(0.0, 0.0, 0.0)",0,0,0,0,0,0,False,0,0,0,0,0,0,0,0,"(0.0, 6.0, 417.6)","(0.2, 0.0, 0.0, 1.0)"
0,853570.7,0,0,0,0,0,0,0,0,0,"(0.0, 0.0)","(0.0, 0.0)","(0.0, 0.0)","(0.0, 0.0, 0.0)","(0.0, 0.0, 0.0)","(0.0, 0.0, 0.0)","(0.0, 0.0, 0.0)","(0.0, 0.0, 0.0)","(0.0, 0.0, 0.0)",0,0,0,0,0,0,False,0,0,0,0,0,0,0,0,"(0.0, 6.0, 417.8)","(0.2, 0.0, 0.0, 1.0)"
0,853592.2,0,0,0,0,0,0,0,0,0,"(0.0, 0.0)","(0.0, 0.0)","(0.0, 0.0)","(0.0, 0.0, 0.0)","(0.0, 0.0, 0.0)","(0.0, 0.0, 0.0)","(0.0, 0.0, 0.0)","(0.0, 0.0, 0.0)","(0.0, 0.0, 0.0)",0,0,0,0,0,0,False,0,0,0,0,0,0,0,0,"(0.0, 6.0, 418.0)","(0.2, 0.0, 0.0, 1.0)"
0,853608.6,0,0,0,0,0,0,0,0,0,"(0.0, 0.0)","(0.0, 0.0)","(0.0, 0.0)","(0.0, 0.0, 0.0)","(0.0, 0.0, 0.0)","(0.0, 0.0, 0.0)","(0.0, 0.0, 0.0)","(0.0, 0.0, 0.0)","(0.0, 0.0, 0.0)",0,0,0,0,0,0,False,0,0,0,0,0,0,0,0,"(0.0, 6.0, 418.2)","(0.2, 0.0, 0.0, 1.0)"
0,853625.3,0,0,0,0,0,0,0,0,0,"(0.0, 0.0)","(0.0, 0.0)","(0.0, 0.0)","(0.0, 0.0, 0.0)","(0.0, 0.0, 0.0)","(0.0, 0.0, 0.0)","(0.0, 0.0, 0.0)","(0.0, 0.0, 0.0)","(0.0, 0.0, 0.0)",0,0,0,0,0,0,False,0,0,0,0,0,0,0,0,"(0.0, 6.0, 418.4)","(0.2, 0.0, 0.0, 1.0)"
0,853643.1,0,0,0,0,0,0,0,0,0,"(0.0, 0.0)","(0.0, 0.0)","(0.0, 0.0)","(0.0, 0.0, 0.0)","(0.0, 0.0, 0.0)","(0.0, 0.0, 0.0)","(0.0, 0.0, 0.0)","(0.0, 0.0, 0.0)","(0.0, 0.0, 0.0)",0,0,0,0,0,0,False,0,0,0,0,0,0,0,0,"(0.0, 6.0, 418.6)","(0.2, 0.0, 0.0, 1.0)"
0,853661.1,0,0,0,0,0,0,0,0,0,"(0.0, 0.0)","(0.0, 0.0)","(0.0, 0.0)","(0.0, 0.0, 0.0)","(0.0, 0.0, 0.0)","(0.0, 0.0, 0.0)","(0.0, 0.0, 0.0)","(0.0, 0.0, 0.0)","(0.0, 0.0, 0.0)",0,0,0,0,0,0,False,0,0,0,0,0,0,0,0,"(0.0, 6.0, 418.8)","(0.2, 0.0, 0.0, 1.0)"
0,853677.6,0,0,0,0,0,0,0,0,0,"(0.0, 0.0)","(0.0, 0.0)","(0.0, 0.0)","(0.0, 0.0, 0.0)","(0.0, 0.0, 0.0)","(0.0, 0.0, 0.0)","(0.0, 0.0, 0.0)","(0.0, 0.0, 0.0)","(0.0, 0.0, 0.0)",0,0,0,0,0,0,False,0,0,0,0,0,0,0,0,"(0.0, 6.0, 419.0)","(0.2, 0.0, 0.0, 1.0)"
0,853700.2,0,0,0,0,0,0,0,0,0,"(0.0, 0.0)","(0.0, 0.0)","(0.0, 0.0)","(0.0, 0.0, 0.0)","(0.0, 0.0, 0.0)","(0.0, 0.0, 0.0)","(0.0, 0.0, 0.0)","(0.0, 0.0, 0.0)","(0.0, 0.0, 0.0)",0,0,0,0,0,0,False,0,0,0,0,0,0,0,0,"(0.0, 6.0, 419.2)","(0.2, 0.0, 0.0, 1.0)"
0,853717.6,0,0,0,0,0,0,0,0,0,"(0.0, 0.0)","(0.0, 0.0)","(0.0, 0.0)","(0.0, 0.0, 0.0)","(0.0, 0.0, 0.0)","(0.0, 0.0, 0.0)","(0.0, 0.0, 0.0)","(0.0, 0.0, 0.0)","(0.0, 0.0, 0.0)",0,0,0,0,0,0,False,0,0,0,0,0,0,0,0,"(0.0, 6.0, 419.4)","(0.2, 0.0, 0.0, 1.0)"
0,853735.7,0,0,0,0,0,0,0,0,0,"(0.0, 0.0)","(0.0, 0.0)","(0.0, 0.0)","(0.0, 0.0, 0.0)","(0.0, 0.0, 0.0)","(0.0, 0.0, 0.0)","(0.0, 0.0, 0.0)","(0.0, 0.0, 0.0)","(0.0, 0.0, 0.0)",0,0,0,0,0,0,False,0,0,0,0,0,0,0,0,"(0.0, 6.0, 419.6)","(0.2, 0.0, 0.0, 1.0)"
0,853752.9,0,0,0,0,0,0,0,0,0,"(0.0, 0.0)","(0.0, 0.0)","(0.0, 0.0)","(0.0, 0.0, 0.0)","(0.0, 0.0, 0.0)","(0.0, 0.0, 0.0)","(0.0, 0.0, 0.0)","(0.0, 0.0, 0.0)","(0.0, 0.0, 0.0)",0,0,0,0,0,0,False,0,0,0,0,0,0,0,0,"(0.0, 6.0, 419.8)","(0.2, 0.0, 0.0, 1.0)"
0,853771.4,0,0,0,0,0,0,0,0,0,"(0.0, 0.0)","(0.0, 0.0)","(0.0, 0.0)","(0.0, 0.0, 0.0)","(0.0, 0.0, 0.0)","(0.0, 0.0, 0.0)","(0.0, 0.0, 0.0)","(0.0, 0.0, 0.0)","(0.0, 0.0, 0.0)",0,0,0,0,0,0,False,0,0,0,0,0,0,0,0,"(0.0, 6.0, 420.0)","(0.2, 0.0, 0.0, 1.0)"
0,853789.1,0,0,0,0,0,0,0,0,0,"(0.0, 0.0)","(0.0, 0.0)","(0.0, 0.0)","(0.0, 0.0, 0.0)","(0.0, 0.0, 0.0)","(0.0, 0.0, 0.0)","(0.0, 0.0, 0.0)","(0.0, 0.0, 0.0)","(0.0, 0.0, 0.0)",0,0,0,0,0,0,False,0,0,0,0,0,0,0,0,"(0.0, 6.0, 420.2)","(0.2, 0.0, 0.0, 1.0)"
0,853806.6,0,0,0,0,0,0,0,0,0,"(0.0, 0.0)","(0.0, 0.0)","(0.0, 0.0)","(0.0, 0.0, 0.0)","(0.0, 0.0, 0.0)","(0.0, 0.0, 0.0)","(0.0, 0.0, 0.0)","(0.0, 0.0, 0.0)","(0.0, 0.0, 0.0)",0,0,0,0,0,0,False,0,0,0,0,0,0,0,0,"(0.0, 6.0, 420.4)","(0.2, 0.0, 0.0, 1.0)"
0,853823.6,0,0,0,0,0,0,0,0,0,"(0.0, 0.0)","(0.0, 0.0)","(0.0, 0.0)","(0.0, 0.0, 0.0)","(0.0, 0.0, 0.0)","(0.0, 0.0, 0.0)","(0.0, 0.0, 0.0)","(0.0, 0.0, 0.0)","(0.0, 0.0, 0.0)",0,0,0,0,0,0,False,0,0,0,0,0,0,0,0,"(0.0, 6.0, 420.6)","(0.2, 0.0, 0.0, 1.0)"
0,853840.8,0,0,0,0,0,0,0,0,0,"(0.0, 0.0)","(0.0, 0.0)","(0.0, 0.0)","(0.0, 0.0, 0.0)","(0.0, 0.0, 0.0)","(0.0, 0.0, 0.0)","(0.0, 0.0, 0.0)","(0.0, 0.0, 0.0)","(0.0, 0.0, 0.0)",0,0,0,0,0,0,False,0,0,0,0,0,0,0,0,"(0.0, 6.0, 420.8)","(0.2, 0.0, 0.0, 1.0)"
0,853858.6,0,0,0,0,0,0,0,0,0,"(0.0, 0.0)","(0.0, 0.0)","(0.0, 0.0)","(0.0, 0.0, 0.0)","(0.0, 0.0, 0.0)","(0.0, 0.0, 0.0)","(0.0, 0.0, 0.0)","(0.0, 0.0, 0.0)","(0.0, 0.0, 0.0)",0,0,0,0,0,0,False,0,0,0,0,0,0,0,0,"(0.0, 6.0, 421.0)","(0.2, 0.0, 0.0, 1.0)"
0,853881.8,0,0,0,0,0,0,0,0,0,"(0.0, 0.0)","(0.0, 0.0)","(0.0, 0.0)","(0.0, 0.0, 0.0)","(0.0, 0.0, 0.0)","(0.0, 0.0, 0.0)","(0.0, 0.0, 0.0)","(0.0, 0.0, 0.0)","(0.0, 0.0, 0.0)",0,0,0,0,0,0,False,0,0,0,0,0,0,0,0,"(0.0, 6.0, 421.2)","(0.2, 0.0, 0.0, 1.0)"
0,853900.6,0,0,0,0,0,0,0,0,0,"(0.0, 0.0)","(0.0, 0.0)","(0.0, 0.0)","(0.0, 0.0, 0.0)","(0.0, 0.0, 0.0)","(0.0, 0.0, 0.0)","(0.0, 0.0, 0.0)","(0.0, 0.0, 0.0)","(0.0, 0.0, 0.0)",0,0,0,0,0,0,False,0,0,0,0,0,0,0,0,"(0.0, 6.0, 421.3)","(0.2, 0.0, 0.0, 1.0)"
0,853918.7,0,0,0,0,0,0,0,0,0,"(0.0, 0.0)","(0.0, 0.0)","(0.0, 0.0)","(0.0, 0.0, 0.0)","(0.0, 0.0, 0.0)","(0.0, 0.0, 0.0)","(0.0, 0.0, 0.0)","(0.0, 0.0, 0.0)","(0.0, 0.0, 0.0)",0,0,0,0,0,0,False,0,0,0,0,0,0,0,0,"(0.0, 6.0, 421.5)","(0.2, 0.0, 0.0, 1.0)"
0,853935.5,0,0,0,0,0,0,0,0,0,"(0.0, 0.0)","(0.0, 0.0)","(0.0, 0.0)","(0.0, 0.0, 0.0)","(0.0, 0.0, 0.0)","(0.0, 0.0, 0.0)","(0.0, 0.0, 0.0)","(0.0, 0.0, 0.0)","(0.0, 0.0, 0.0)",0,0,0,0,0,0,False,0,0,0,0,0,0,0,0,"(0.0, 6.0, 421.7)","(0.2, 0.0, 0.0, 1.0)"
0,853952.6,0,0,0,0,0,0,0,0,0,"(0.0, 0.0)","(0.0, 0.0)","(0.0, 0.0)","(0.0, 0.0, 0.0)","(0.0, 0.0, 0.0)","(0.0, 0.0, 0.0)","(0.0, 0.0, 0.0)","(0.0, 0.0, 0.0)","(0.0, 0.0, 0.0)",0,0,0,0,0,0,False,0,0,0,0,0,0,0,0,"(0.0, 6.0, 421.9)","(0.2, 0.0, 0.0, 1.0)"
0,853971,0,0,0,0,0,0,0,0,0,"(0.0, 0.0)","(0.0, 0.0)","(0.0, 0.0)","(0.0, 0.0, 0.0)","(0.0, 0.0, 0.0)","(0.0, 0.0, 0.0)","(0.0, 0.0, 0.0)","(0.0, 0.0, 0.0)","(0.0, 0.0, 0.0)",0,0,0,0,0,0,False,0,0,0,0,0,0,0,0,"(0.0, 6.0, 422.1)","(0.2, 0.0, 0.0, 1.0)"
0,853988.1,0,0,0,0,0,0,0,0,0,"(0.0, 0.0)","(0.0, 0.0)","(0.0, 0.0)","(0.0, 0.0, 0.0)","(0.0, 0.0, 0.0)","(0.0, 0.0, 0.0)","(0.0, 0.0, 0.0)","(0.0, 0.0, 0.0)","(0.0, 0.0, 0.0)",0,0,0,0,0,0,False,0,0,0,0,0,0,0,0,"(0.0, 6.0, 422.3)","(0.2, 0.0, 0.0, 1.0)"
0,854008.1,0,0,0,0,0,0,0,0,0,"(0.0, 0.0)","(0.0, 0.0)","(0.0, 0.0)","(0.0, 0.0, 0.0)","(0.0, 0.0, 0.0)","(0.0, 0.0, 0.0)","(0.0, 0.0, 0.0)","(0.0, 0.0, 0.0)","(0.0, 0.0, 0.0)",0,0,0,0,0,0,False,0,0,0,0,0,0,0,0,"(0.0, 6.0, 422.5)","(0.2, 0.0, 0.0, 1.0)"
0,854025.6,0,0,0,0,0,0,0,0,0,"(0.0, 0.0)","(0.0, 0.0)","(0.0, 0.0)","(0.0, 0.0, 0.0)","(0.0, 0.0, 0.0)","(0.0, 0.0, 0.0)","(0.0, 0.0, 0.0)","(0.0, 0.0, 0.0)","(0.0, 0.0, 0.0)",0,0,0,0,0,0,False,0,0,0,0,0,0,0,0,"(0.0, 6.0, 422.6)","(0.2, 0.0, 0.0, 1.0)"
0,854048,0,0,0,0,0,0,0,0,0,"(0.0, 0.0)","(0.0, 0.0)","(0.0, 0.0)","(0.0, 0.0, 0.0)","(0.0, 0.0, 0.0)","(0.0, 0.0, 0.0)","(0.0, 0.0, 0.0)","(0.0, 0.0, 0.0)","(0.0, 0.0, 0.0)",0,0,0,0,0,0,False,0,0,0,0,0,0,0,0,"(0.0, 6.0, 422.8)","(0.2, 0.0, 0.0, 1.0)"
0,854069.8,0,0,0,0,0,0,0,0,0,"(0.0, 0.0)","(0.0, 0.0)","(0.0, 0.0)","(0.0, 0.0, 0.0)","(0.0, 0.0, 0.0)","(0.0, 0.0, 0.0)","(0.0, 0.0, 0.0)","(0.0, 0.0, 0.0)","(0.0, 0.0, 0.0)",0,0,0,0,0,0,False,0,0,0,0,0,0,0,0,"(0.0, 6.0, 423.0)","(0.2, 0.0, 0.0, 1.0)"
0,854092.3,0,0,0,0,0,0,0,0,0,"(0.0, 0.0)","(0.0, 0.0)","(0.0, 0.0)","(0.0, 0.0, 0.0)","(0.0, 0.0, 0.0)","(0.0, 0.0, 0.0)","(0.0, 0.0, 0.0)","(0.0, 0.0, 0.0)","(0.0, 0.0, 0.0)",0,0,0,0,0,0,False,0,0,0,0,0,0,0,0,"(0.0, 6.0, 423.2)","(0.2, 0.0, 0.0, 1.0)"
0,854114.9,0,0,0,0,0,0,0,0,0,"(0.0, 0.0)","(0.0, 0.0)","(0.0, 0.0)","(0.0, 0.0, 0.0)","(0.0, 0.0, 0.0)","(0.0, 0.0, 0.0)","(0.0, 0.0, 0.0)","(0.0, 0.0, 0.0)","(0.0, 0.0, 0.0)",0,0,0,0,0,0,False,0,0,0,0,0,0,0,0,"(0.0, 6.0, 423.4)","(0.2, 0.0, 0.0, 1.0)"
0,854136.7,0,0,0,0,0,0,0,0,0,"(0.0, 0.0)","(0.0, 0.0)","(0.0, 0.0)","(0.0, 0.0, 0.0)","(0.0, 0.0, 0.0)","(0.0, 0.0, 0.0)","(0.0, 0.0, 0.0)","(0.0, 0.0, 0.0)","(0.0, 0.0, 0.0)",0,0,0,0,0,0,False,0,0,0,0,0,0,0,0,"(0.0, 6.0, 423.6)","(0.2, 0.0, 0.0, 1.0)"
0,854158.8,0,0,0,0,0,0,0,0,0,"(0.0, 0.0)","(0.0, 0.0)","(0.0, 0.0)","(0.0, 0.0, 0.0)","(0.0, 0.0, 0.0)","(0.0, 0.0, 0.0)","(0.0, 0.0, 0.0)","(0.0, 0.0, 0.0)","(0.0, 0.0, 0.0)",0,0,0,0,0,0,False,0,0,0,0,0,0,0,0,"(0.0, 6.0, 423.8)","(0.2, 0.0, 0.0, 1.0)"
0,854181.8,0,0,0,0,0,0,0,0,0,"(0.0, 0.0)","(0.0, 0.0)","(0.0, 0.0)","(0.0, 0.0, 0.0)","(0.0, 0.0, 0.0)","(0.0, 0.0, 0.0)","(0.0, 0.0, 0.0)","(0.0, 0.0, 0.0)","(0.0, 0.0, 0.0)",0,0,0,0,0,0,False,0,0,0,0,0,0,0,0,"(0.0, 6.0, 424.0)","(0.2, 0.0, 0.0, 1.0)"
0,854203.5,0,0,0,0,0,0,0,0,0,"(0.0, 0.0)","(0.0, 0.0)","(0.0, 0.0)","(0.0, 0.0, 0.0)","(0.0, 0.0, 0.0)","(0.0, 0.0, 0.0)","(0.0, 0.0, 0.0)","(0.0, 0.0, 0.0)","(0.0, 0.0, 0.0)",0,0,0,0,0,0,False,0,0,0,0,0,0,0,0,"(0.0, 6.0, 424.2)","(0.2, 0.0, 0.0, 1.0)"
0,854225.2,0,0,0,0,0,0,0,0,0,"(0.0, 0.0)","(0.0, 0.0)","(0.0, 0.0)","(0.0, 0.0, 0.0)","(0.0, 0.0, 0.0)","(0.0, 0.0, 0.0)","(0.0, 0.0, 0.0)","(0.0, 0.0, 0.0)","(0.0, 0.0, 0.0)",0,0,0,0,0,0,False,0,0,0,0,0,0,0,0,"(0.0, 6.0, 424.4)","(0.2, 0.0, 0.0, 1.0)"
0,854248.4,0,0,0,0,0,0,0,0,0,"(0.0, 0.0)","(0.0, 0.0)","(0.0, 0.0)","(0.0, 0.0, 0.0)","(0.0, 0.0, 0.0)","(0.0, 0.0, 0.0)","(0.0, 0.0, 0.0)","(0.0, 0.0, 0.0)","(0.0, 0.0, 0.0)",0,0,0,0,0,0,False,0,0,0,0,0,0,0,0,"(0.0, 6.0, 424.7)","(0.2, 0.0, 0.0, 1.0)"
0,854271.9,0,0,0,0,0,0,0,0,0,"(0.0, 0.0)","(0.0, 0.0)","(0.0, 0.0)","(0.0, 0.0, 0.0)","(0.0, 0.0, 0.0)","(0.0, 0.0, 0.0)","(0.0, 0.0, 0.0)","(0.0, 0.0, 0.0)","(0.0, 0.0, 0.0)",0,0,0,0,0,0,False,0,0,0,0,0,0,0,0,"(0.0, 6.0, 424.9)","(0.2, 0.0, 0.0, 1.0)"
0,854292.8,0,0,0,0,0,0,0,0,0,"(0.0, 0.0)","(0.0, 0.0)","(0.0, 0.0)","(0.0, 0.0, 0.0)","(0.0, 0.0, 0.0)","(0.0, 0.0, 0.0)","(0.0, 0.0, 0.0)","(0.0, 0.0, 0.0)","(0.0, 0.0, 0.0)",0,0,0,0,0,0,False,0,0,0,0,0,0,0,0,"(0.0, 6.0, 425.1)","(0.2, 0.0, 0.0, 1.0)"
0,854314.8,0,0,0,0,0,0,0,0,0,"(0.0, 0.0)","(0.0, 0.0)","(0.0, 0.0)","(0.0, 0.0, 0.0)","(0.0, 0.0, 0.0)","(0.0, 0.0, 0.0)","(0.0, 0.0, 0.0)","(0.0, 0.0, 0.0)","(0.0, 0.0, 0.0)",0,0,0,0,0,0,False,0,0,0,0,0,0,0,0,"(0.0, 6.0, 425.3)","(0.2, 0.0, 0.0, 1.0)"
0,854336.5,0,0,0,0,0,0,0,0,0,"(0.0, 0.0)","(0.0, 0.0)","(0.0, 0.0)","(0.0, 0.0, 0.0)","(0.0, 0.0, 0.0)","(0.0, 0.0, 0.0)","(0.0, 0.0, 0.0)","(0.0, 0.0, 0.0)","(0.0, 0.0, 0.0)",0,0,0,0,0,0,False,0,0,0,0,0,0,0,0,"(0.0, 6.0, 425.5)","(0.2, 0.0, 0.0, 1.0)"
0,854358.6,0,0,0,0,0,0,0,0,0,"(0.0, 0.0)","(0.0, 0.0)","(0.0, 0.0)","(0.0, 0.0, 0.0)","(0.0, 0.0, 0.0)","(0.0, 0.0, 0.0)","(0.0, 0.0, 0.0)","(0.0, 0.0, 0.0)","(0.0, 0.0, 0.0)",0,0,0,0,0,0,False,0,0,0,0,0,0,0,0,"(0.0, 6.0, 425.7)","(0.2, 0.0, 0.0, 1.0)"
0,854381.8,0,0,0,0,0,0,0,0,0,"(0.0, 0.0)","(0.0, 0.0)","(0.0, 0.0)","(0.0, 0.0, 0.0)","(0.0, 0.0, 0.0)","(0.0, 0.0, 0.0)","(0.0, 0.0, 0.0)","(0.0, 0.0, 0.0)","(0.0, 0.0, 0.0)",0,0,0,0,0,0,False,0,0,0,0,0,0,0,0,"(0.0, 6.0, 425.9)","(0.2, 0.0, 0.0, 1.0)"
0,854402.9,0,0,0,0,0,0,0,0,0,"(0.0, 0.0)","(0.0, 0.0)","(0.0, 0.0)","(0.0, 0.0, 0.0)","(0.0, 0.0, 0.0)","(0.0, 0.0, 0.0)","(0.0, 0.0, 0.0)","(0.0, 0.0, 0.0)","(0.0, 0.0, 0.0)",0,0,0,0,0,0,False,0,0,0,0,0,0,0,0,"(0.0, 6.0, 426.1)","(0.2, 0.0, 0.0, 1.0)"
0,854424.9,0,0,0,0,0,0,0,0,0,"(0.0, 0.0)","(0.0, 0.0)","(0.0, 0.0)","(0.0, 0.0, 0.0)","(0.0, 0.0, 0.0)","(0.0, 0.0, 0.0)","(0.0, 0.0, 0.0)","(0.0, 0.0, 0.0)","(0.0, 0.0, 0.0)",0,0,0,0,0,0,False,0,0,0,0,0,0,0,0,"(0.0, 6.0, 426.4)","(0.2, 0.0, 0.0, 1.0)"
0,854448.6,0,0,0,0,0,0,0,0,0,"(0.0, 0.0)","(0.0, 0.0)","(0.0, 0.0)","(0.0, 0.0, 0.0)","(0.0, 0.0, 0.0)","(0.0, 0.0, 0.0)","(0.0, 0.0, 0.0)","(0.0, 0.0, 0.0)","(0.0, 0.0, 0.0)",0,0,0,0,0,0,False,0,0,0,0,0,0,0,0,"(0.0, 6.0, 426.6)","(0.2, 0.0, 0.0, 1.0)"
0,854470.6,0,0,0,0,0,0,0,0,0,"(0.0, 0.0)","(0.0, 0.0)","(0.0, 0.0)","(0.0, 0.0, 0.0)","(0.0, 0.0, 0.0)","(0.0, 0.0, 0.0)","(0.0, 0.0, 0.0)","(0.0, 0.0, 0.0)","(0.0, 0.0, 0.0)",0,0,0,0,0,0,False,0,0,0,0,0,0,0,0,"(0.0, 6.0, 426.8)","(0.2, 0.0, 0.0, 1.0)"
0,854491.5,0,0,0,0,0,0,0,0,0,"(0.0, 0.0)","(0.0, 0.0)","(0.0, 0.0)","(0.0, 0.0, 0.0)","(0.0, 0.0, 0.0)","(0.0, 0.0, 0.0)","(0.0, 0.0, 0.0)","(0.0, 0.0, 0.0)","(0.0, 0.0, 0.0)",0,0,0,0,0,0,False,0,0,0,0,0,0,0,0,"(0.0, 6.0, 427.0)","(0.2, 0.0, 0.0, 1.0)"
0,854526.3,0,0,0,0,0,0,0,0,0,"(0.0, 0.0)","(0.0, 0.0)","(0.0, 0.0)","(0.0, 0.0, 0.0)","(0.0, 0.0, 0.0)","(0.0, 0.0, 0.0)","(0.0, 0.0, 0.0)","(0.0, 0.0, 0.0)","(0.0, 0.0, 0.0)",0,0,0,0,0,0,False,0,0,0,0,0,0,0,0,"(0.0, 6.0, 427.2)","(0.2, 0.0, 0.0, 1.0)"
0,854544.3,0,0,0,0,0,0,0,0,0,"(0.0, 0.0)","(0.0, 0.0)","(0.0, 0.0)","(0.0, 0.0, 0.0)","(0.0, 0.0, 0.0)","(0.0, 0.0, 0.0)","(0.0, 0.0, 0.0)","(0.0, 0.0, 0.0)","(0.0, 0.0, 0.0)",0,0,0,0,0,0,False,0,0,0,0,0,0,0,0,"(0.0, 6.0, 427.5)","(0.2, 0.0, 0.0, 1.0)"
0,854561.4,0,0,0,0,0,0,0,0,0,"(0.0, 0.0)","(0.0, 0.0)","(0.0, 0.0)","(0.0, 0.0, 0.0)","(0.0, 0.0, 0.0)","(0.0, 0.0, 0.0)","(0.0, 0.0, 0.0)","(0.0, 0.0, 0.0)","(0.0, 0.0, 0.0)",0,0,0,0,0,0,False,0,0,0,0,0,0,0,0,"(0.0, 6.0, 427.7)","(0.2, 0.0, 0.0, 1.0)"
0,854577,0,0,0,0,0,0,0,0,0,"(0.0, 0.0)","(0.0, 0.0)","(0.0, 0.0)","(0.0, 0.0, 0.0)","(0.0, 0.0, 0.0)","(0.0, 0.0, 0.0)","(0.0, 0.0, 0.0)","(0.0, 0.0, 0.0)","(0.0, 0.0, 0.0)",0,0,0,0,0,0,False,0,0,0,0,0,0,0,0,"(0.0, 6.0, 427.9)","(0.2, 0.0, 0.0, 1.0)"
0,854593.5,0,0,0,0,0,0,0,0,0,"(0.0, 0.0)","(0.0, 0.0)","(0.0, 0.0)","(0.0, 0.0, 0.0)","(0.0, 0.0, 0.0)","(0.0, 0.0, 0.0)","(0.0, 0.0, 0.0)","(0.0, 0.0, 0.0)","(0.0, 0.0, 0.0)",0,0,0,0,0,0,False,0,0,0,0,0,0,0,0,"(0.0, 6.0, 428.1)","(0.2, 0.0, 0.0, 1.0)"
0,854615.5,0,0,0,0,0,0,0,0,0,"(0.0, 0.0)","(0.0, 0.0)","(0.0, 0.0)","(0.0, 0.0, 0.0)","(0.0, 0.0, 0.0)","(0.0, 0.0, 0.0)","(0.0, 0.0, 0.0)","(0.0, 0.0, 0.0)","(0.0, 0.0, 0.0)",0,0,0,0,0,0,False,0,0,0,0,0,0,0,0,"(0.0, 6.0, 428.3)","(0.2, 0.0, 0.0, 1.0)"
0,854632.7,0,0,0,0,0,0,0,0,0,"(0.0, 0.0)","(0.0, 0.0)","(0.0, 0.0)","(0.0, 0.0, 0.0)","(0.0, 0.0, 0.0)","(0.0, 0.0, 0.0)","(0.0, 0.0, 0.0)","(0.0, 0.0, 0.0)","(0.0, 0.0, 0.0)",0,0,0,0,0,0,False,0,0,0,0,0,0,0,0,"(0.0, 6.0, 428.5)","(0.2, 0.0, 0.0, 1.0)"
0,854649.8,0,0,0,0,0,0,0,0,0,"(0.0, 0.0)","(0.0, 0.0)","(0.0, 0.0)","(0.0, 0.0, 0.0)","(0.0, 0.0, 0.0)","(0.0, 0.0, 0.0)","(0.0, 0.0, 0.0)","(0.0, 0.0, 0.0)","(0.0, 0.0, 0.0)",0,0,0,0,0,0,False,0,0,0,0,0,0,0,0,"(0.0, 6.0, 428.7)","(0.2, 0.0, 0.0, 1.0)"
0,854666.7,0,0,0,0,0,0,0,0,0,"(0.0, 0.0)","(0.0, 0.0)","(0.0, 0.0)","(0.0, 0.0, 0.0)","(0.0, 0.0, 0.0)","(0.0, 0.0, 0.0)","(0.0, 0.0, 0.0)","(0.0, 0.0, 0.0)","(0.0, 0.0, 0.0)",0,0,0,0,0,0,False,0,0,0,0,0,0,0,0,"(0.0, 6.0, 428.9)","(0.2, 0.0, 0.0, 1.0)"
0,854683.9,0,0,0,0,0,0,0,0,0,"(0.0, 0.0)","(0.0, 0.0)","(0.0, 0.0)","(0.0, 0.0, 0.0)","(0.0, 0.0, 0.0)","(0.0, 0.0, 0.0)","(0.0, 0.0, 0.0)","(0.0, 0.0, 0.0)","(0.0, 0.0, 0.0)",0,0,0,0,0,0,False,0,0,0,0,0,0,0,0,"(0.0, 6.0, 429.1)","(0.2, 0.0, 0.0, 1.0)"
0,854701.3,0,0,0,0,0,0,0,0,0,"(0.0, 0.0)","(0.0, 0.0)","(0.0, 0.0)","(0.0, 0.0, 0.0)","(0.0, 0.0, 0.0)","(0.0, 0.0, 0.0)","(0.0, 0.0, 0.0)","(0.0, 0.0, 0.0)","(0.0, 0.0, 0.0)",0,0,0,0,0,0,False,0,0,0,0,0,0,0,0,"(0.0, 6.0, 429.3)","(0.2, 0.0, 0.0, 1.0)"
0,854717.3,0,0,0,0,0,0,0,0,0,"(0.0, 0.0)","(0.0, 0.0)","(0.0, 0.0)","(0.0, 0.0, 0.0)","(0.0, 0.0, 0.0)","(0.0, 0.0, 0.0)","(0.0, 0.0, 0.0)","(0.0, 0.0, 0.0)","(0.0, 0.0, 0.0)",0,0,0,0,0,0,False,0,0,0,0,0,0,0,0,"(0.0, 6.0, 429.5)","(0.2, 0.0, 0.0, 1.0)"
0,854734.4,0,0,0,0,0,0,0,0,0,"(0.0, 0.0)","(0.0, 0.0)","(0.0, 0.0)","(0.0, 0.0, 0.0)","(0.0, 0.0, 0.0)","(0.0, 0.0, 0.0)","(0.0, 0.0, 0.0)","(0.0, 0.0, 0.0)","(0.0, 0.0, 0.0)",0,0,0,0,0,0,False,0,0,0,0,0,0,0,0,"(0.0, 6.0, 429.7)","(0.2, 0.0, 0.0, 1.0)"
0,854751.4,0,0,0,0,0,0,0,0,0,"(0.0, 0.0)","(0.0, 0.0)","(0.0, 0.0)","(0.0, 0.0, 0.0)","(0.0, 0.0, 0.0)","(0.0, 0.0, 0.0)","(0.0, 0.0, 0.0)","(0.0, 0.0, 0.0)","(0.0, 0.0, 0.0)",0,0,0,0,0,0,False,0,0,0,0,0,0,0,0,"(0.0, 6.0, 429.9)","(0.2, 0.0, 0.0, 1.0)"
0,854772.4,0,0,0,0,0,0,0,0,0,"(0.0, 0.0)","(0.0, 0.0)","(0.0, 0.0)","(0.0, 0.0, 0.0)","(0.0, 0.0, 0.0)","(0.0, 0.0, 0.0)","(0.0, 0.0, 0.0)","(0.0, 0.0, 0.0)","(0.0, 0.0, 0.0)",0,0,0,0,0,0,False,0,0,0,0,0,0,0,0,"(0.0, 6.0, 430.1)","(0.2, 0.0, 0.0, 1.0)"
0,854789.3,0,0,0,0,0,0,0,0,0,"(0.0, 0.0)","(0.0, 0.0)","(0.0, 0.0)","(0.0, 0.0, 0.0)","(0.0, 0.0, 0.0)","(0.0, 0.0, 0.0)","(0.0, 0.0, 0.0)","(0.0, 0.0, 0.0)","(0.0, 0.0, 0.0)",0,0,0,0,0,0,False,0,0,0,0,0,0,0,0,"(0.0, 6.0, 430.3)","(0.2, 0.0, 0.0, 1.0)"
0,854806.1,0,0,0,0,0,0,0,0,0,"(0.0, 0.0)","(0.0, 0.0)","(0.0, 0.0)","(0.0, 0.0, 0.0)","(0.0, 0.0, 0.0)","(0.0, 0.0, 0.0)","(0.0, 0.0, 0.0)","(0.0, 0.0, 0.0)","(0.0, 0.0, 0.0)",0,0,0,0,0,0,False,0,0,0,0,0,0,0,0,"(0.0, 6.0, 430.4)","(0.2, 0.0, 0.0, 1.0)"
0,854822.6,0,0,0,0,0,0,0,0,0,"(0.0, 0.0)","(0.0, 0.0)","(0.0, 0.0)","(0.0, 0.0, 0.0)","(0.0, 0.0, 0.0)","(0.0, 0.0, 0.0)","(0.0, 0.0, 0.0)","(0.0, 0.0, 0.0)","(0.0, 0.0, 0.0)",0,0,0,0,0,0,False,0,0,0,0,0,0,0,0,"(0.0, 6.0, 430.6)","(0.2, 0.0, 0.0, 1.0)"
0,854839.8,0,0,0,0,0,0,0,0,0,"(0.0, 0.0)","(0.0, 0.0)","(0.0, 0.0)","(0.0, 0.0, 0.0)","(0.0, 0.0, 0.0)","(0.0, 0.0, 0.0)","(0.0, 0.0, 0.0)","(0.0, 0.0, 0.0)","(0.0, 0.0, 0.0)",0,0,0,0,0,0,False,0,0,0,0,0,0,0,0,"(0.0, 6.0, 430.8)","(0.2, 0.0, 0.0, 1.0)"
0,854855.4,0,0,0,0,0,0,0,0,0,"(0.0, 0.0)","(0.0, 0.0)","(0.0, 0.0)","(0.0, 0.0, 0.0)","(0.0, 0.0, 0.0)","(0.0, 0.0, 0.0)","(0.0, 0.0, 0.0)","(0.0, 0.0, 0.0)","(0.0, 0.0, 0.0)",0,0,0,0,0,0,False,0,0,0,0,0,0,0,0,"(0.0, 6.0, 431.0)","(0.2, 0.0, 0.0, 1.0)"
0,854871.7,0,0,0,0,0,0,0,0,0,"(0.0, 0.0)","(0.0, 0.0)","(0.0, 0.0)","(0.0, 0.0, 0.0)","(0.0, 0.0, 0.0)","(0.0, 0.0, 0.0)","(0.0, 0.0, 0.0)","(0.0, 0.0, 0.0)","(0.0, 0.0, 0.0)",0,0,0,0,0,0,False,0,0,0,0,0,0,0,0,"(0.0, 6.0, 431.2)","(0.2, 0.0, 0.0, 1.0)"
0,854889.2,0,0,0,0,0,0,0,0,0,"(0.0, 0.0)","(0.0, 0.0)","(0.0, 0.0)","(0.0, 0.0, 0.0)","(0.0, 0.0, 0.0)","(0.0, 0.0, 0.0)","(0.0, 0.0, 0.0)","(0.0, 0.0, 0.0)","(0.0, 0.0, 0.0)",0,0,0,0,0,0,False,0,0,0,0,0,0,0,0,"(0.0, 6.0, 431.3)","(0.2, 0.0, 0.0, 1.0)"
0,854905.6,0,0,0,0,0,0,0,0,0,"(0.0, 0.0)","(0.0, 0.0)","(0.0, 0.0)","(0.0, 0.0, 0.0)","(0.0, 0.0, 0.0)","(0.0, 0.0, 0.0)","(0.0, 0.0, 0.0)","(0.0, 0.0, 0.0)","(0.0, 0.0, 0.0)",0,0,0,0,0,0,False,0,0,0,0,0,0,0,0,"(0.0, 6.0, 431.5)","(0.2, 0.0, 0.0, 1.0)"
0,854925.1,0,0,0,0,0,0,0,0,0,"(0.0, 0.0)","(0.0, 0.0)","(0.0, 0.0)","(0.0, 0.0, 0.0)","(0.0, 0.0, 0.0)","(0.0, 0.0, 0.0)","(0.0, 0.0, 0.0)","(0.0, 0.0, 0.0)","(0.0, 0.0, 0.0)",0,0,0,0,0,0,False,0,0,0,0,0,0,0,0,"(0.0, 6.0, 431.7)","(0.2, 0.0, 0.0, 1.0)"
0,854947.6,0,0,0,0,0,0,0,0,0,"(0.0, 0.0)","(0.0, 0.0)","(0.0, 0.0)","(0.0, 0.0, 0.0)","(0.0, 0.0, 0.0)","(0.0, 0.0, 0.0)","(0.0, 0.0, 0.0)","(0.0, 0.0, 0.0)","(0.0, 0.0, 0.0)",0,0,0,0,0,0,False,0,0,0,0,0,0,0,0,"(0.0, 6.0, 431.9)","(0.2, 0.0, 0.0, 1.0)"
0,854969.6,0,0,0,0,0,0,0,0,0,"(0.0, 0.0)","(0.0, 0.0)","(0.0, 0.0)","(0.0, 0.0, 0.0)","(0.0, 0.0, 0.0)","(0.0, 0.0, 0.0)","(0.0, 0.0, 0.0)","(0.0, 0.0, 0.0)","(0.0, 0.0, 0.0)",0,0,0,0,0,0,False,0,0,0,0,0,0,0,0,"(0.0, 6.0, 432.1)","(0.2, 0.0, 0.0, 1.0)"
0,854992.1,0,0,0,0,0,0,0,0,0,"(0.0, 0.0)","(0.0, 0.0)","(0.0, 0.0)","(0.0, 0.0, 0.0)","(0.0, 0.0, 0.0)","(0.0, 0.0, 0.0)","(0.0, 0.0, 0.0)","(0.0, 0.0, 0.0)","(0.0, 0.0, 0.0)",0,0,0,0,0,0,False,0,0,0,0,0,0,0,0,"(0.0, 6.0, 432.3)","(0.2, 0.0, 0.0, 1.0)"
0,855014.1,0,0,0,0,0,0,0,0,0,"(0.0, 0.0)","(0.0, 0.0)","(0.0, 0.0)","(0.0, 0.0, 0.0)","(0.0, 0.0, 0.0)","(0.0, 0.0, 0.0)","(0.0, 0.0, 0.0)","(0.0, 0.0, 0.0)","(0.0, 0.0, 0.0)",0,0,0,0,0,0,False,0,0,0,0,0,0,0,0,"(0.0, 6.0, 432.5)","(0.2, 0.0, 0.0, 1.0)"
0,855036.2,0,0,0,0,0,0,0,0,0,"(0.0, 0.0)","(0.0, 0.0)","(0.0, 0.0)","(0.0, 0.0, 0.0)","(0.0, 0.0, 0.0)","(0.0, 0.0, 0.0)","(0.0, 0.0, 0.0)","(0.0, 0.0, 0.0)","(0.0, 0.0, 0.0)",0,0,0,0,0,0,False,0,0,0,0,0,0,0,0,"(0.0, 6.0, 432.6)","(0.2, 0.0, 0.0, 1.0)"
0,855058.5,0,0,0,0,0,0,0,0,0,"(0.0, 0.0)","(0.0, 0.0)","(0.0, 0.0)","(0.0, 0.0, 0.0)","(0.0, 0.0, 0.0)","(0.0, 0.0, 0.0)","(0.0, 0.0, 0.0)","(0.0, 0.0, 0.0)","(0.0, 0.0, 0.0)",0,0,0,0,0,0,False,0,0,0,0,0,0,0,0,"(0.0, 6.0, 432.8)","(0.2, 0.0, 0.0, 1.0)"
0,855081.4,0,0,0,0,0,0,0,0,0,"(0.0, 0.0)","(0.0, 0.0)","(0.0, 0.0)","(0.0, 0.0, 0.0)","(0.0, 0.0, 0.0)","(0.0, 0.0, 0.0)","(0.0, 0.0, 0.0)","(0.0, 0.0, 0.0)","(0.0, 0.0, 0.0)",0,0,0,0,0,0,False,0,0,0,0,0,0,0,0,"(0.0, 6.0, 433.1)","(0.2, 0.0, 0.0, 1.0)"
0,855103.1,0,0,0,0,0,0,0,0,0,"(0.0, 0.0)","(0.0, 0.0)","(0.0, 0.0)","(0.0, 0.0, 0.0)","(0.0, 0.0, 0.0)","(0.0, 0.0, 0.0)","(0.0, 0.0, 0.0)","(0.0, 0.0, 0.0)","(0.0, 0.0, 0.0)",0,0,0,0,0,0,False,0,0,0,0,0,0,0,0,"(0.0, 6.0, 433.3)","(0.2, 0.0, 0.0, 1.0)"
0,855125,0,0,0,0,0,0,0,0,0,"(0.0, 0.0)","(0.0, 0.0)","(0.0, 0.0)","(0.0, 0.0, 0.0)","(0.0, 0.0, 0.0)","(0.0, 0.0, 0.0)","(0.0, 0.0, 0.0)","(0.0, 0.0, 0.0)","(0.0, 0.0, 0.0)",0,0,0,0,0,0,False,0,0,0,0,0,0,0,0,"(0.0, 6.0, 433.5)","(0.2, 0.0, 0.0, 1.0)"
0,855147.3,0,0,0,0,0,0,0,0,0,"(0.0, 0.0)","(0.0, 0.0)","(0.0, 0.0)","(0.0, 0.0, 0.0)","(0.0, 0.0, 0.0)","(0.0, 0.0, 0.0)","(0.0, 0.0, 0.0)","(0.0, 0.0, 0.0)","(0.0, 0.0, 0.0)",0,0,0,0,0,0,False,0,0,0,0,0,0,0,0,"(0.0, 6.0, 433.7)","(0.2, 0.0, 0.0, 1.0)"
0,855169.6,0,0,0,0,0,0,0,0,0,"(0.0, 0.0)","(0.0, 0.0)","(0.0, 0.0)","(0.0, 0.0, 0.0)","(0.0, 0.0, 0.0)","(0.0, 0.0, 0.0)","(0.0, 0.0, 0.0)","(0.0, 0.0, 0.0)","(0.0, 0.0, 0.0)",0,0,0,0,0,0,False,0,0,0,0,0,0,0,0,"(0.0, 6.0, 433.9)","(0.2, 0.0, 0.0, 1.0)"
0,855191.5,0,0,0,0,0,0,0,0,0,"(0.0, 0.0)","(0.0, 0.0)","(0.0, 0.0)","(0.0, 0.0, 0.0)","(0.0, 0.0, 0.0)","(0.0, 0.0, 0.0)","(0.0, 0.0, 0.0)","(0.0, 0.0, 0.0)","(0.0, 0.0, 0.0)",0,0,0,0,0,0,False,0,0,0,0,0,0,0,0,"(0.0, 6.0, 434.1)","(0.2, 0.0, 0.0, 1.0)"
0,855214.3,0,0,0,0,0,0,0,0,0,"(0.0, 0.0)","(0.0, 0.0)","(0.0, 0.0)","(0.0, 0.0, 0.0)","(0.0, 0.0, 0.0)","(0.0, 0.0, 0.0)","(0.0, 0.0, 0.0)","(0.0, 0.0, 0.0)","(0.0, 0.0, 0.0)",0,0,0,0,0,0,False,0,0,0,0,0,0,0,0,"(0.0, 6.0, 434.3)","(0.2, 0.0, 0.0, 1.0)"
0,855236.3,0,0,0,0,0,0,0,0,0,"(0.0, 0.0)","(0.0, 0.0)","(0.0, 0.0)","(0.0, 0.0, 0.0)","(0.0, 0.0, 0.0)","(0.0, 0.0, 0.0)","(0.0, 0.0, 0.0)","(0.0, 0.0, 0.0)","(0.0, 0.0, 0.0)",0,0,0,0,0,0,False,0,0,0,0,0,0,0,0,"(0.0, 6.0, 434.5)","(0.2, 0.0, 0.0, 1.0)"
0,855258.3,0,0,0,0,0,0,0,0,0,"(0.0, 0.0)","(0.0, 0.0)","(0.0, 0.0)","(0.0, 0.0, 0.0)","(0.0, 0.0, 0.0)","(0.0, 0.0, 0.0)","(0.0, 0.0, 0.0)","(0.0, 0.0, 0.0)","(0.0, 0.0, 0.0)",0,0,0,0,0,0,False,0,0,0,0,0,0,0,0,"(0.0, 6.0, 434.7)","(0.2, 0.0, 0.0, 1.0)"
0,855281.2,0,0,0,0,0,0,0,0,0,"(0.0, 0.0)","(0.0, 0.0)","(0.0, 0.0)","(0.0, 0.0, 0.0)","(0.0, 0.0, 0.0)","(0.0, 0.0, 0.0)","(0.0, 0.0, 0.0)","(0.0, 0.0, 0.0)","(0.0, 0.0, 0.0)",0,0,0,0,0,0,False,0,0,0,0,0,0,0,0,"(0.0, 6.0, 434.9)","(0.2, 0.0, 0.0, 1.0)"
0,855302.9,0,0,0,0,0,0,0,0,0,"(0.0, 0.0)","(0.0, 0.0)","(0.0, 0.0)","(0.0, 0.0, 0.0)","(0.0, 0.0, 0.0)","(0.0, 0.0, 0.0)","(0.0, 0.0, 0.0)","(0.0, 0.0, 0.0)","(0.0, 0.0, 0.0)",0,0,0,0,0,0,False,0,0,0,0,0,0,0,0,"(0.0, 6.0, 435.1)","(0.2, 0.0, 0.0, 1.0)"
0,855324.9,0,0,0,0,0,0,0,0,0,"(0.0, 0.0)","(0.0, 0.0)","(0.0, 0.0)","(0.0, 0.0, 0.0)","(0.0, 0.0, 0.0)","(0.0, 0.0, 0.0)","(0.0, 0.0, 0.0)","(0.0, 0.0, 0.0)","(0.0, 0.0, 0.0)",0,0,0,0,0,0,False,0,0,0,0,0,0,0,0,"(0.0, 6.0, 435.4)","(0.2, 0.0, 0.0, 1.0)"
0,855348.1,0,0,0,0,0,0,0,0,0,"(0.0, 0.0)","(0.0, 0.0)","(0.0, 0.0)","(0.0, 0.0, 0.0)","(0.0, 0.0, 0.0)","(0.0, 0.0, 0.0)","(0.0, 0.0, 0.0)","(0.0, 0.0, 0.0)","(0.0, 0.0, 0.0)",0,0,0,0,0,0,False,0,0,0,0,0,0,0,0,"(0.0, 6.0, 435.6)","(0.2, 0.0, 0.0, 1.0)"
0,855369.3,0,0,0,0,0,0,0,0,0,"(0.0, 0.0)","(0.0, 0.0)","(0.0, 0.0)","(0.0, 0.0, 0.0)","(0.0, 0.0, 0.0)","(0.0, 0.0, 0.0)","(0.0, 0.0, 0.0)","(0.0, 0.0, 0.0)","(0.0, 0.0, 0.0)",0,0,0,0,0,0,False,0,0,0,0,0,0,0,0,"(0.0, 6.0, 435.8)","(0.2, 0.0, 0.0, 1.0)"
0,855391.9,0,0,0,0,0,0,0,0,0,"(0.0, 0.0)","(0.0, 0.0)","(0.0, 0.0)","(0.0, 0.0, 0.0)","(0.0, 0.0, 0.0)","(0.0, 0.0, 0.0)","(0.0, 0.0, 0.0)","(0.0, 0.0, 0.0)","(0.0, 0.0, 0.0)",0,0,0,0,0,0,False,0,0,0,0,0,0,0,0,"(0.0, 6.0, 436.0)","(0.2, 0.0, 0.0, 1.0)"
0,855414.1,0,0,0,0,0,0,0,0,0,"(0.0, 0.0)","(0.0, 0.0)","(0.0, 0.0)","(0.0, 0.0, 0.0)","(0.0, 0.0, 0.0)","(0.0, 0.0, 0.0)","(0.0, 0.0, 0.0)","(0.0, 0.0, 0.0)","(0.0, 0.0, 0.0)",0,0,0,0,0,0,False,0,0,0,0,0,0,0,0,"(0.0, 6.0, 436.2)","(0.2, 0.0, 0.0, 1.0)"
0,855435.9,0,0,0,0,0,0,0,0,0,"(0.0, 0.0)","(0.0, 0.0)","(0.0, 0.0)","(0.0, 0.0, 0.0)","(0.0, 0.0, 0.0)","(0.0, 0.0, 0.0)","(0.0, 0.0, 0.0)","(0.0, 0.0, 0.0)","(0.0, 0.0, 0.0)",0,0,0,0,0,0,False,0,0,0,0,0,0,0,0,"(0.0, 6.0, 436.5)","(0.2, 0.0, 0.0, 1.0)"
0,855452.1,0,0,0,0,0,0,0,0,0,"(0.0, 0.0)","(0.0, 0.0)","(0.0, 0.0)","(0.0, 0.0, 0.0)","(0.0, 0.0, 0.0)","(0.0, 0.0, 0.0)","(0.0, 0.0, 0.0)","(0.0, 0.0, 0.0)","(0.0, 0.0, 0.0)",0,0,0,0,0,0,False,0,0,0,0,0,0,0,0,"(0.0, 6.0, 436.7)","(0.2, 0.0, 0.0, 1.0)"
0,855470.4,0,0,0,0,0,0,0,0,0,"(0.0, 0.0)","(0.0, 0.0)","(0.0, 0.0)","(0.0, 0.0, 0.0)","(0.0, 0.0, 0.0)","(0.0, 0.0, 0.0)","(0.0, 0.0, 0.0)","(0.0, 0.0, 0.0)","(0.0, 0.0, 0.0)",0,0,0,0,0,0,False,0,0,0,0,0,0,0,0,"(0.0, 6.0, 436.9)","(0.2, 0.0, 0.0, 1.0)"
0,855490.3,0,0,0,0,0,0,0,0,0,"(0.0, 0.0)","(0.0, 0.0)","(0.0, 0.0)","(0.0, 0.0, 0.0)","(0.0, 0.0, 0.0)","(0.0, 0.0, 0.0)","(0.0, 0.0, 0.0)","(0.0, 0.0, 0.0)","(0.0, 0.0, 0.0)",0,0,0,0,0,0,False,0,0,0,0,0,0,0,0,"(0.0, 6.0, 437.1)","(0.2, 0.0, 0.0, 1.0)"
0,855508.3,0,0,0,0,0,0,0,0,0,"(0.0, 0.0)","(0.0, 0.0)","(0.0, 0.0)","(0.0, 0.0, 0.0)","(0.0, 0.0, 0.0)","(0.0, 0.0, 0.0)","(0.0, 0.0, 0.0)","(0.0, 0.0, 0.0)","(0.0, 0.0, 0.0)",0,0,0,0,0,0,False,0,0,0,0,0,0,0,0,"(0.0, 6.0, 437.3)","(0.2, 0.0, 0.0, 1.0)"
0,855525,0,0,0,0,0,0,0,0,0,"(0.0, 0.0)","(0.0, 0.0)","(0.0, 0.0)","(0.0, 0.0, 0.0)","(0.0, 0.0, 0.0)","(0.0, 0.0, 0.0)","(0.0, 0.0, 0.0)","(0.0, 0.0, 0.0)","(0.0, 0.0, 0.0)",0,0,0,0,0,0,False,0,0,0,0,0,0,0,0,"(0.0, 6.0, 437.5)","(0.2, 0.0, 0.0, 1.0)"
0,855541.4,0,0,0,0,0,0,0,0,0,"(0.0, 0.0)","(0.0, 0.0)","(0.0, 0.0)","(0.0, 0.0, 0.0)","(0.0, 0.0, 0.0)","(0.0, 0.0, 0.0)","(0.0, 0.0, 0.0)","(0.0, 0.0, 0.0)","(0.0, 0.0, 0.0)",0,0,0,0,0,0,False,0,0,0,0,0,0,0,0,"(0.0, 6.0, 437.7)","(0.2, 0.0, 0.0, 1.0)"
0,855558.1,0,0,0,0,0,0,0,0,0,"(0.0, 0.0)","(0.0, 0.0)","(0.0, 0.0)","(0.0, 0.0, 0.0)","(0.0, 0.0, 0.0)","(0.0, 0.0, 0.0)","(0.0, 0.0, 0.0)","(0.0, 0.0, 0.0)","(0.0, 0.0, 0.0)",0,0,0,0,0,0,False,0,0,0,0,0,0,0,0,"(0.0, 6.0, 437.9)","(0.2, 0.0, 0.0, 1.0)"
0,855580.1,0,0,0,0,0,0,0,0,0,"(0.0, 0.0)","(0.0, 0.0)","(0.0, 0.0)","(0.0, 0.0, 0.0)","(0.0, 0.0, 0.0)","(0.0, 0.0, 0.0)","(0.0, 0.0, 0.0)","(0.0, 0.0, 0.0)","(0.0, 0.0, 0.0)",0,0,0,0,0,0,False,0,0,0,0,0,0,0,0,"(0.0, 6.0, 438.1)","(0.2, 0.0, 0.0, 1.0)"
0,855597.5,0,0,0,0,0,0,0,0,0,"(0.0, 0.0)","(0.0, 0.0)","(0.0, 0.0)","(0.0, 0.0, 0.0)","(0.0, 0.0, 0.0)","(0.0, 0.0, 0.0)","(0.0, 0.0, 0.0)","(0.0, 0.0, 0.0)","(0.0, 0.0, 0.0)",0,0,0,0,0,0,False,0,0,0,0,0,0,0,0,"(0.0, 6.0, 438.3)","(0.2, 0.0, 0.0, 1.0)"
0,855619.8,0,0,0,0,0,0,0,0,0,"(0.0, 0.0)","(0.0, 0.0)","(0.0, 0.0)","(0.0, 0.0, 0.0)","(0.0, 0.0, 0.0)","(0.0, 0.0, 0.0)","(0.0, 0.0, 0.0)","(0.0, 0.0, 0.0)","(0.0, 0.0, 0.0)",0,0,0,0,0,0,False,0,0,0,0,0,0,0,0,"(0.0, 6.0, 438.5)","(0.2, 0.0, 0.0, 1.0)"
0,855637.9,0,0,0,0,0,0,0,0,0,"(0.0, 0.0)","(0.0, 0.0)","(0.0, 0.0)","(0.0, 0.0, 0.0)","(0.0, 0.0, 0.0)","(0.0, 0.0, 0.0)","(0.0, 0.0, 0.0)","(0.0, 0.0, 0.0)","(0.0, 0.0, 0.0)",0,0,0,0,0,0,False,0,0,0,0,0,0,0,0,"(0.0, 6.0, 438.7)","(0.2, 0.0, 0.0, 1.0)"
0,855653.6,0,0,0,0,0,0,0,0,0,"(0.0, 0.0)","(0.0, 0.0)","(0.0, 0.0)","(0.0, 0.0, 0.0)","(0.0, 0.0, 0.0)","(0.0, 0.0, 0.0)","(0.0, 0.0, 0.0)","(0.0, 0.0, 0.0)","(0.0, 0.0, 0.0)",0,0,0,0,0,0,False,0,0,0,0,0,0,0,0,"(0.0, 6.0, 438.9)","(0.2, 0.0, 0.0, 1.0)"
0,855670.6,0,0,0,0,0,0,0,0,0,"(0.0, 0.0)","(0.0, 0.0)","(0.0, 0.0)","(0.0, 0.0, 0.0)","(0.0, 0.0, 0.0)","(0.0, 0.0, 0.0)","(0.0, 0.0, 0.0)","(0.0, 0.0, 0.0)","(0.0, 0.0, 0.0)",0,0,0,0,0,0,False,0,0,0,0,0,0,0,0,"(0.0, 6.0, 439.0)","(0.2, 0.0, 0.0, 1.0)"
0,855687.6,0,0,0,0,0,0,0,0,0,"(0.0, 0.0)","(0.0, 0.0)","(0.0, 0.0)","(0.0, 0.0, 0.0)","(0.0, 0.0, 0.0)","(0.0, 0.0, 0.0)","(0.0, 0.0, 0.0)","(0.0, 0.0, 0.0)","(0.0, 0.0, 0.0)",0,0,0,0,0,0,False,0,0,0,0,0,0,0,0,"(0.0, 6.0, 439.2)","(0.2, 0.0, 0.0, 1.0)"
0,855707.2,0,0,0,0,0,0,0,0,0,"(0.0, 0.0)","(0.0, 0.0)","(0.0, 0.0)","(0.0, 0.0, 0.0)","(0.0, 0.0, 0.0)","(0.0, 0.0, 0.0)","(0.0, 0.0, 0.0)","(0.0, 0.0, 0.0)","(0.0, 0.0, 0.0)",0,0,0,0,0,0,False,0,0,0,0,0,0,0,0,"(0.0, 6.0, 439.4)","(0.2, 0.0, 0.0, 1.0)"
0,855724.2,0,0,0,0,0,0,0,0,0,"(0.0, 0.0)","(0.0, 0.0)","(0.0, 0.0)","(0.0, 0.0, 0.0)","(0.0, 0.0, 0.0)","(0.0, 0.0, 0.0)","(0.0, 0.0, 0.0)","(0.0, 0.0, 0.0)","(0.0, 0.0, 0.0)",0,0,0,0,0,0,False,0,0,0,0,0,0,0,0,"(0.0, 6.0, 439.6)","(0.2, 0.0, 0.0, 1.0)"
0,855740.1,0,0,0,0,0,0,0,0,0,"(0.0, 0.0)","(0.0, 0.0)","(0.0, 0.0)","(0.0, 0.0, 0.0)","(0.0, 0.0, 0.0)","(0.0, 0.0, 0.0)","(0.0, 0.0, 0.0)","(0.0, 0.0, 0.0)","(0.0, 0.0, 0.0)",0,0,0,0,0,0,False,0,0,0,0,0,0,0,0,"(0.0, 6.0, 439.8)","(0.2, 0.0, 0.0, 1.0)"
0,855755.6,0,0,0,0,0,0,0,0,0,"(0.0, 0.0)","(0.0, 0.0)","(0.0, 0.0)","(0.0, 0.0, 0.0)","(0.0, 0.0, 0.0)","(0.0, 0.0, 0.0)","(0.0, 0.0, 0.0)","(0.0, 0.0, 0.0)","(0.0, 0.0, 0.0)",0,0,0,0,0,0,False,0,0,0,0,0,0,0,0,"(0.0, 6.0, 440.0)","(0.2, 0.0, 0.0, 1.0)"
0,855772.3,0,0,0,0,0,0,0,0,0,"(0.0, 0.0)","(0.0, 0.0)","(0.0, 0.0)","(0.0, 0.0, 0.0)","(0.0, 0.0, 0.0)","(0.0, 0.0, 0.0)","(0.0, 0.0, 0.0)","(0.0, 0.0, 0.0)","(0.0, 0.0, 0.0)",0,0,0,0,0,0,False,0,0,0,0,0,0,0,0,"(0.0, 6.0, 440.2)","(0.2, 0.0, 0.0, 1.0)"
0,855790.1,0,0,0,0,0,0,0,0,0,"(0.0, 0.0)","(0.0, 0.0)","(0.0, 0.0)","(0.0, 0.0, 0.0)","(0.0, 0.0, 0.0)","(0.0, 0.0, 0.0)","(0.0, 0.0, 0.0)","(0.0, 0.0, 0.0)","(0.0, 0.0, 0.0)",0,0,0,0,0,0,False,0,0,0,0,0,0,0,0,"(0.0, 6.0, 440.3)","(0.2, 0.0, 0.0, 1.0)"
0,855807.8,0,0,0,0,0,0,0,0,0,"(0.0, 0.0)","(0.0, 0.0)","(0.0, 0.0)","(0.0, 0.0, 0.0)","(0.0, 0.0, 0.0)","(0.0, 0.0, 0.0)","(0.0, 0.0, 0.0)","(0.0, 0.0, 0.0)","(0.0, 0.0, 0.0)",0,0,0,0,0,0,False,0,0,0,0,0,0,0,0,"(0.0, 6.0, 440.5)","(0.2, 0.0, 0.0, 1.0)"
0,855828.2,0,0,0,0,0,0,0,0,0,"(0.0, 0.0)","(0.0, 0.0)","(0.0, 0.0)","(0.0, 0.0, 0.0)","(0.0, 0.0, 0.0)","(0.0, 0.0, 0.0)","(0.0, 0.0, 0.0)","(0.0, 0.0, 0.0)","(0.0, 0.0, 0.0)",0,0,0,0,0,0,False,0,0,0,0,0,0,0,0,"(0.0, 6.0, 440.7)","(0.2, 0.0, 0.0, 1.0)"
0,855844.5,0,0,0,0,0,0,0,0,0,"(0.0, 0.0)","(0.0, 0.0)","(0.0, 0.0)","(0.0, 0.0, 0.0)","(0.0, 0.0, 0.0)","(0.0, 0.0, 0.0)","(0.0, 0.0, 0.0)","(0.0, 0.0, 0.0)","(0.0, 0.0, 0.0)",0,0,0,0,0,0,False,0,0,0,0,0,0,0,0,"(0.0, 6.0, 440.9)","(0.2, 0.0, 0.0, 1.0)"
0,855861,0,0,0,0,0,0,0,0,0,"(0.0, 0.0)","(0.0, 0.0)","(0.0, 0.0)","(0.0, 0.0, 0.0)","(0.0, 0.0, 0.0)","(0.0, 0.0, 0.0)","(0.0, 0.0, 0.0)","(0.0, 0.0, 0.0)","(0.0, 0.0, 0.0)",0,0,0,0,0,0,False,0,0,0,0,0,0,0,0,"(0.0, 6.0, 441.1)","(0.2, 0.0, 0.0, 1.0)"
0,855880.8,0,0,0,0,0,0,0,0,0,"(0.0, 0.0)","(0.0, 0.0)","(0.0, 0.0)","(0.0, 0.0, 0.0)","(0.0, 0.0, 0.0)","(0.0, 0.0, 0.0)","(0.0, 0.0, 0.0)","(0.0, 0.0, 0.0)","(0.0, 0.0, 0.0)",0,0,0,0,0,0,False,0,0,0,0,0,0,0,0,"(0.0, 6.0, 441.2)","(0.2, 0.0, 0.0, 1.0)"
0,855902.3,0,0,0,0,0,0,0,0,0,"(0.0, 0.0)","(0.0, 0.0)","(0.0, 0.0)","(0.0, 0.0, 0.0)","(0.0, 0.0, 0.0)","(0.0, 0.0, 0.0)","(0.0, 0.0, 0.0)","(0.0, 0.0, 0.0)","(0.0, 0.0, 0.0)",0,0,0,0,0,0,False,0,0,0,0,0,0,0,0,"(0.0, 6.0, 441.4)","(0.2, 0.0, 0.0, 1.0)"
0,855924.5,0,0,0,0,0,0,0,0,0,"(0.0, 0.0)","(0.0, 0.0)","(0.0, 0.0)","(0.0, 0.0, 0.0)","(0.0, 0.0, 0.0)","(0.0, 0.0, 0.0)","(0.0, 0.0, 0.0)","(0.0, 0.0, 0.0)","(0.0, 0.0, 0.0)",0,0,0,0,0,0,False,0,0,0,0,0,0,0,0,"(0.0, 6.0, 441.6)","(0.2, 0.0, 0.0, 1.0)"
0,855947.3,0,0,0,0,0,0,0,0,0,"(0.0, 0.0)","(0.0, 0.0)","(0.0, 0.0)","(0.0, 0.0, 0.0)","(0.0, 0.0, 0.0)","(0.0, 0.0, 0.0)","(0.0, 0.0, 0.0)","(0.0, 0.0, 0.0)","(0.0, 0.0, 0.0)",0,0,0,0,0,0,False,0,0,0,0,0,0,0,0,"(0.0, 6.0, 441.8)","(0.2, 0.0, 0.0, 1.0)"
0,855969.3,0,0,0,0,0,0,0,0,0,"(0.0, 0.0)","(0.0, 0.0)","(0.0, 0.0)","(0.0, 0.0, 0.0)","(0.0, 0.0, 0.0)","(0.0, 0.0, 0.0)","(0.0, 0.0, 0.0)","(0.0, 0.0, 0.0)","(0.0, 0.0, 0.0)",0,0,0,0,0,0,False,0,0,0,0,0,0,0,0,"(0.0, 6.0, 442.0)","(0.2, 0.0, 0.0, 1.0)"
0,855990.9,0,0,0,0,0,0,0,0,0,"(0.0, 0.0)","(0.0, 0.0)","(0.0, 0.0)","(0.0, 0.0, 0.0)","(0.0, 0.0, 0.0)","(0.0, 0.0, 0.0)","(0.0, 0.0, 0.0)","(0.0, 0.0, 0.0)","(0.0, 0.0, 0.0)",0,0,0,0,0,0,False,0,0,0,0,0,0,0,0,"(0.0, 6.0, 442.2)","(0.2, 0.0, 0.0, 1.0)"
0,856013.8,0,0,0,0,0,0,0,0,0,"(0.0, 0.0)","(0.0, 0.0)","(0.0, 0.0)","(0.0, 0.0, 0.0)","(0.0, 0.0, 0.0)","(0.0, 0.0, 0.0)","(0.0, 0.0, 0.0)","(0.0, 0.0, 0.0)","(0.0, 0.0, 0.0)",0,0,0,0,0,0,False,0,0,0,0,0,0,0,0,"(0.0, 6.0, 442.4)","(0.2, 0.0, 0.0, 1.0)"
0,856035.9,0,0,0,0,0,0,0,0,0,"(0.0, 0.0)","(0.0, 0.0)","(0.0, 0.0)","(0.0, 0.0, 0.0)","(0.0, 0.0, 0.0)","(0.0, 0.0, 0.0)","(0.0, 0.0, 0.0)","(0.0, 0.0, 0.0)","(0.0, 0.0, 0.0)",0,0,0,0,0,0,False,0,0,0,0,0,0,0,0,"(0.0, 6.0, 442.6)","(0.2, 0.0, 0.0, 1.0)"
0,856057.6,0,0,0,0,0,0,0,0,0,"(0.0, 0.0)","(0.0, 0.0)","(0.0, 0.0)","(0.0, 0.0, 0.0)","(0.0, 0.0, 0.0)","(0.0, 0.0, 0.0)","(0.0, 0.0, 0.0)","(0.0, 0.0, 0.0)","(0.0, 0.0, 0.0)",0,0,0,0,0,0,False,0,0,0,0,0,0,0,0,"(0.0, 6.0, 442.8)","(0.2, 0.0, 0.0, 1.0)"
0,856080.5,0,0,0,0,0,0,0,0,0,"(0.0, 0.0)","(0.0, 0.0)","(0.0, 0.0)","(0.0, 0.0, 0.0)","(0.0, 0.0, 0.0)","(0.0, 0.0, 0.0)","(0.0, 0.0, 0.0)","(0.0, 0.0, 0.0)","(0.0, 0.0, 0.0)",0,0,0,0,0,0,False,0,0,0,0,0,0,0,0,"(0.0, 6.0, 443.0)","(0.2, 0.0, 0.0, 1.0)"
0,856102.2,0,0,0,0,0,0,0,0,0,"(0.0, 0.0)","(0.0, 0.0)","(0.0, 0.0)","(0.0, 0.0, 0.0)","(0.0, 0.0, 0.0)","(0.0, 0.0, 0.0)","(0.0, 0.0, 0.0)","(0.0, 0.0, 0.0)","(0.0, 0.0, 0.0)",0,0,0,0,0,0,False,0,0,0,0,0,0,0,0,"(0.0, 6.0, 443.2)","(0.2, 0.0, 0.0, 1.0)"
0,856124.3,0,0,0,0,0,0,0,0,0,"(0.0, 0.0)","(0.0, 0.0)","(0.0, 0.0)","(0.0, 0.0, 0.0)","(0.0, 0.0, 0.0)","(0.0, 0.0, 0.0)","(0.0, 0.0, 0.0)","(0.0, 0.0, 0.0)","(0.0, 0.0, 0.0)",0,0,0,0,0,0,False,0,0,0,0,0,0,0,0,"(0.0, 6.0, 443.4)","(0.2, 0.0, 0.0, 1.0)"
0,856147.1,0,0,0,0,0,0,0,0,0,"(0.0, 0.0)","(0.0, 0.0)","(0.0, 0.0)","(0.0, 0.0, 0.0)","(0.0, 0.0, 0.0)","(0.0, 0.0, 0.0)","(0.0, 0.0, 0.0)","(0.0, 0.0, 0.0)","(0.0, 0.0, 0.0)",0,0,0,0,0,0,False,0,0,0,0,0,0,0,0,"(0.0, 6.0, 443.6)","(0.2, 0.0, 0.0, 1.0)"
0,856168.8,0,0,0,0,0,0,0,0,0,"(0.0, 0.0)","(0.0, 0.0)","(0.0, 0.0)","(0.0, 0.0, 0.0)","(0.0, 0.0, 0.0)","(0.0, 0.0, 0.0)","(0.0, 0.0, 0.0)","(0.0, 0.0, 0.0)","(0.0, 0.0, 0.0)",0,0,0,0,0,0,False,0,0,0,0,0,0,0,0,"(0.0, 6.0, 443.8)","(0.2, 0.0, 0.0, 1.0)"
0,856191,0,0,0,0,0,0,0,0,0,"(0.0, 0.0)","(0.0, 0.0)","(0.0, 0.0)","(0.0, 0.0, 0.0)","(0.0, 0.0, 0.0)","(0.0, 0.0, 0.0)","(0.0, 0.0, 0.0)","(0.0, 0.0, 0.0)","(0.0, 0.0, 0.0)",0,0,0,0,0,0,False,0,0,0,0,0,0,0,0,"(0.0, 6.0, 444.1)","(0.2, 0.0, 0.0, 1.0)"
0,856213.7,0,0,0,0,0,0,0,0,0,"(0.0, 0.0)","(0.0, 0.0)","(0.0, 0.0)","(0.0, 0.0, 0.0)","(0.0, 0.0, 0.0)","(0.0, 0.0, 0.0)","(0.0, 0.0, 0.0)","(0.0, 0.0, 0.0)","(0.0, 0.0, 0.0)",0,0,0,0,0,0,False,0,0,0,0,0,0,0,0,"(0.0, 6.0, 444.3)","(0.2, 0.0, 0.0, 1.0)"
0,856235.5,0,0,0,0,0,0,0,0,0,"(0.0, 0.0)","(0.0, 0.0)","(0.0, 0.0)","(0.0, 0.0, 0.0)","(0.0, 0.0, 0.0)","(0.0, 0.0, 0.0)","(0.0, 0.0, 0.0)","(0.0, 0.0, 0.0)","(0.0, 0.0, 0.0)",0,0,0,0,0,0,False,0,0,0,0,0,0,0,0,"(0.0, 6.0, 444.5)","(0.2, 0.0, 0.0, 1.0)"
0,856257.8,0,0,0,0,0,0,0,0,0,"(0.0, 0.0)","(0.0, 0.0)","(0.0, 0.0)","(0.0, 0.0, 0.0)","(0.0, 0.0, 0.0)","(0.0, 0.0, 0.0)","(0.0, 0.0, 0.0)","(0.0, 0.0, 0.0)","(0.0, 0.0, 0.0)",0,0,0,0,0,0,False,0,0,0,0,0,0,0,0,"(0.0, 6.0, 444.7)","(0.2, 0.0, 0.0, 1.0)"
0,856280.4,0,0,0,0,0,0,0,0,0,"(0.0, 0.0)","(0.0, 0.0)","(0.0, 0.0)","(0.0, 0.0, 0.0)","(0.0, 0.0, 0.0)","(0.0, 0.0, 0.0)","(0.0, 0.0, 0.0)","(0.0, 0.0, 0.0)","(0.0, 0.0, 0.0)",0,0,0,0,0,0,False,0,0,0,0,0,0,0,0,"(0.0, 6.0, 444.9)","(0.2, 0.0, 0.0, 1.0)"
0,856302.3,0,0,0,0,0,0,0,0,0,"(0.0, 0.0)","(0.0, 0.0)","(0.0, 0.0)","(0.0, 0.0, 0.0)","(0.0, 0.0, 0.0)","(0.0, 0.0, 0.0)","(0.0, 0.0, 0.0)","(0.0, 0.0, 0.0)","(0.0, 0.0, 0.0)",0,0,0,0,0,0,False,0,0,0,0,0,0,0,0,"(0.0, 6.0, 445.1)","(0.2, 0.0, 0.0, 1.0)"
0,856324.2,0,0,0,0,0,0,0,0,0,"(0.0, 0.0)","(0.0, 0.0)","(0.0, 0.0)","(0.0, 0.0, 0.0)","(0.0, 0.0, 0.0)","(0.0, 0.0, 0.0)","(0.0, 0.0, 0.0)","(0.0, 0.0, 0.0)","(0.0, 0.0, 0.0)",0,0,0,0,0,0,False,0,0,0,0,0,0,0,0,"(0.0, 6.0, 445.3)","(0.2, 0.0, 0.0, 1.0)"
0,856347.4,0,0,0,0,0,0,0,0,0,"(0.0, 0.0)","(0.0, 0.0)","(0.0, 0.0)","(0.0, 0.0, 0.0)","(0.0, 0.0, 0.0)","(0.0, 0.0, 0.0)","(0.0, 0.0, 0.0)","(0.0, 0.0, 0.0)","(0.0, 0.0, 0.0)",0,0,0,0,0,0,False,0,0,0,0,0,0,0,0,"(0.0, 6.0, 445.6)","(0.2, 0.0, 0.0, 1.0)"
0,856365.7,0,0,0,0,0,0,0,0,0,"(0.0, 0.0)","(0.0, 0.0)","(0.0, 0.0)","(0.0, 0.0, 0.0)","(0.0, 0.0, 0.0)","(0.0, 0.0, 0.0)","(0.0, 0.0, 0.0)","(0.0, 0.0, 0.0)","(0.0, 0.0, 0.0)",0,0,0,0,0,0,False,0,0,0,0,0,0,0,0,"(0.0, 6.0, 445.8)","(0.2, 0.0, 0.0, 1.0)"
0,856384.1,0,0,0,0,0,0,0,0,0,"(0.0, 0.0)","(0.0, 0.0)","(0.0, 0.0)","(0.0, 0.0, 0.0)","(0.0, 0.0, 0.0)","(0.0, 0.0, 0.0)","(0.0, 0.0, 0.0)","(0.0, 0.0, 0.0)","(0.0, 0.0, 0.0)",0,0,0,0,0,0,False,0,0,0,0,0,0,0,0,"(0.0, 6.0, 446.0)","(0.2, 0.0, 0.0, 1.0)"
0,856401.9,0,0,0,0,0,0,0,0,0,"(0.0, 0.0)","(0.0, 0.0)","(0.0, 0.0)","(0.0, 0.0, 0.0)","(0.0, 0.0, 0.0)","(0.0, 0.0, 0.0)","(0.0, 0.0, 0.0)","(0.0, 0.0, 0.0)","(0.0, 0.0, 0.0)",0,0,0,0,0,0,False,0,0,0,0,0,0,0,0,"(0.0, 6.0, 446.2)","(0.2, 0.0, 0.0, 1.0)"
0,856418.3,0,0,0,0,0,0,0,0,0,"(0.0, 0.0)","(0.0, 0.0)","(0.0, 0.0)","(0.0, 0.0, 0.0)","(0.0, 0.0, 0.0)","(0.0, 0.0, 0.0)","(0.0, 0.0, 0.0)","(0.0, 0.0, 0.0)","(0.0, 0.0, 0.0)",0,0,0,0,0,0,False,0,0,0,0,0,0,0,0,"(0.0, 6.0, 446.4)","(0.2, 0.0, 0.0, 1.0)"
0,856437.1,0,0,0,0,0,0,0,0,0,"(0.0, 0.0)","(0.0, 0.0)","(0.0, 0.0)","(0.0, 0.0, 0.0)","(0.0, 0.0, 0.0)","(0.0, 0.0, 0.0)","(0.0, 0.0, 0.0)","(0.0, 0.0, 0.0)","(0.0, 0.0, 0.0)",0,0,0,0,0,0,False,0,0,0,0,0,0,0,0,"(0.0, 6.0, 446.6)","(0.2, 0.0, 0.0, 1.0)"
0,856454.6,0,0,0,0,0,0,0,0,0,"(0.0, 0.0)","(0.0, 0.0)","(0.0, 0.0)","(0.0, 0.0, 0.0)","(0.0, 0.0, 0.0)","(0.0, 0.0, 0.0)","(0.0, 0.0, 0.0)","(0.0, 0.0, 0.0)","(0.0, 0.0, 0.0)",0,0,0,0,0,0,False,0,0,0,0,0,0,0,0,"(0.0, 6.0, 446.8)","(0.2, 0.0, 0.0, 1.0)"
0,856471.4,0,0,0,0,0,0,0,0,0,"(0.0, 0.0)","(0.0, 0.0)","(0.0, 0.0)","(0.0, 0.0, 0.0)","(0.0, 0.0, 0.0)","(0.0, 0.0, 0.0)","(0.0, 0.0, 0.0)","(0.0, 0.0, 0.0)","(0.0, 0.0, 0.0)",0,0,0,0,0,0,False,0,0,0,0,0,0,0,0,"(0.0, 6.0, 447.0)","(0.2, 0.0, 0.0, 1.0)"
0,856489.2,0,0,0,0,0,0,0,0,0,"(0.0, 0.0)","(0.0, 0.0)","(0.0, 0.0)","(0.0, 0.0, 0.0)","(0.0, 0.0, 0.0)","(0.0, 0.0, 0.0)","(0.0, 0.0, 0.0)","(0.0, 0.0, 0.0)","(0.0, 0.0, 0.0)",0,0,0,0,0,0,False,0,0,0,0,0,0,0,0,"(0.0, 6.0, 447.2)","(0.2, 0.0, 0.0, 1.0)"
0,856506.9,0,0,0,0,0,0,0,0,0,"(0.0, 0.0)","(0.0, 0.0)","(0.0, 0.0)","(0.0, 0.0, 0.0)","(0.0, 0.0, 0.0)","(0.0, 0.0, 0.0)","(0.0, 0.0, 0.0)","(0.0, 0.0, 0.0)","(0.0, 0.0, 0.0)",0,0,0,0,0,0,False,0,0,0,0,0,0,0,0,"(0.0, 6.0, 447.4)","(0.2, 0.0, 0.0, 1.0)"
0,856525.3,0,0,0,0,0,0,0,0,0,"(0.0, 0.0)","(0.0, 0.0)","(0.0, 0.0)","(0.0, 0.0, 0.0)","(0.0, 0.0, 0.0)","(0.0, 0.0, 0.0)","(0.0, 0.0, 0.0)","(0.0, 0.0, 0.0)","(0.0, 0.0, 0.0)",0,0,0,0,0,0,False,0,0,0,0,0,0,0,0,"(0.0, 6.0, 447.6)","(0.2, 0.0, 0.0, 1.0)"
0,856541.9,0,0,0,0,0,0,0,0,0,"(0.0, 0.0)","(0.0, 0.0)","(0.0, 0.0)","(0.0, 0.0, 0.0)","(0.0, 0.0, 0.0)","(0.0, 0.0, 0.0)","(0.0, 0.0, 0.0)","(0.0, 0.0, 0.0)","(0.0, 0.0, 0.0)",0,0,0,0,0,0,False,0,0,0,0,0,0,0,0,"(0.0, 6.0, 447.8)","(0.2, 0.0, 0.0, 1.0)"
0,856559.1,0,0,0,0,0,0,0,0,0,"(0.0, 0.0)","(0.0, 0.0)","(0.0, 0.0)","(0.0, 0.0, 0.0)","(0.0, 0.0, 0.0)","(0.0, 0.0, 0.0)","(0.0, 0.0, 0.0)","(0.0, 0.0, 0.0)","(0.0, 0.0, 0.0)",0,0,0,0,0,0,False,0,0,0,0,0,0,0,0,"(0.0, 6.0, 448.0)","(0.2, 0.0, 0.0, 1.0)"
0,856576.4,0,0,0,0,0,0,0,0,0,"(0.0, 0.0)","(0.0, 0.0)","(0.0, 0.0)","(0.0, 0.0, 0.0)","(0.0, 0.0, 0.0)","(0.0, 0.0, 0.0)","(0.0, 0.0, 0.0)","(0.0, 0.0, 0.0)","(0.0, 0.0, 0.0)",0,0,0,0,0,0,False,0,0,0,0,0,0,0,0,"(0.0, 6.0, 448.1)","(0.2, 0.0, 0.0, 1.0)"
0,856594.8,0,0,0,0,0,0,0,0,0,"(0.0, 0.0)","(0.0, 0.0)","(0.0, 0.0)","(0.0, 0.0, 0.0)","(0.0, 0.0, 0.0)","(0.0, 0.0, 0.0)","(0.0, 0.0, 0.0)","(0.0, 0.0, 0.0)","(0.0, 0.0, 0.0)",0,0,0,0,0,0,False,0,0,0,0,0,0,0,0,"(0.0, 6.0, 448.3)","(0.2, 0.0, 0.0, 1.0)"
0,856617.1,0,0,0,0,0,0,0,0,0,"(0.0, 0.0)","(0.0, 0.0)","(0.0, 0.0)","(0.0, 0.0, 0.0)","(0.0, 0.0, 0.0)","(0.0, 0.0, 0.0)","(0.0, 0.0, 0.0)","(0.0, 0.0, 0.0)","(0.0, 0.0, 0.0)",0,0,0,0,0,0,False,0,0,0,0,0,0,0,0,"(0.0, 6.0, 448.5)","(0.2, 0.0, 0.0, 1.0)"
0,856634.9,0,0,0,0,0,0,0,0,0,"(0.0, 0.0)","(0.0, 0.0)","(0.0, 0.0)","(0.0, 0.0, 0.0)","(0.0, 0.0, 0.0)","(0.0, 0.0, 0.0)","(0.0, 0.0, 0.0)","(0.0, 0.0, 0.0)","(0.0, 0.0, 0.0)",0,0,0,0,0,0,False,0,0,0,0,0,0,0,0,"(0.0, 6.0, 448.7)","(0.2, 0.0, 0.0, 1.0)"
0,856651.6,0,0,0,0,0,0,0,0,0,"(0.0, 0.0)","(0.0, 0.0)","(0.0, 0.0)","(0.0, 0.0, 0.0)","(0.0, 0.0, 0.0)","(0.0, 0.0, 0.0)","(0.0, 0.0, 0.0)","(0.0, 0.0, 0.0)","(0.0, 0.0, 0.0)",0,0,0,0,0,0,False,0,0,0,0,0,0,0,0,"(0.0, 6.0, 448.9)","(0.2, 0.0, 0.0, 1.0)"
0,856670.1,0,0,0,0,0,0,0,0,0,"(0.0, 0.0)","(0.0, 0.0)","(0.0, 0.0)","(0.0, 0.0, 0.0)","(0.0, 0.0, 0.0)","(0.0, 0.0, 0.0)","(0.0, 0.0, 0.0)","(0.0, 0.0, 0.0)","(0.0, 0.0, 0.0)",0,0,0,0,0,0,False,0,0,0,0,0,0,0,0,"(0.0, 6.0, 449.1)","(0.2, 0.0, 0.0, 1.0)"
0,856687.8,0,0,0,0,0,0,0,0,0,"(0.0, 0.0)","(0.0, 0.0)","(0.0, 0.0)","(0.0, 0.0, 0.0)","(0.0, 0.0, 0.0)","(0.0, 0.0, 0.0)","(0.0, 0.0, 0.0)","(0.0, 0.0, 0.0)","(0.0, 0.0, 0.0)",0,0,0,0,0,0,False,0,0,0,0,0,0,0,0,"(0.0, 6.0, 449.3)","(0.2, 0.0, 0.0, 1.0)"
0,856706.8,0,0,0,0,0,0,0,0,0,"(0.0, 0.0)","(0.0, 0.0)","(0.0, 0.0)","(0.0, 0.0, 0.0)","(0.0, 0.0, 0.0)","(0.0, 0.0, 0.0)","(0.0, 0.0, 0.0)","(0.0, 0.0, 0.0)","(0.0, 0.0, 0.0)",0,0,0,0,0,0,False,0,0,0,0,0,0,0,0,"(0.0, 6.0, 449.4)","(0.2, 0.0, 0.0, 1.0)"
0,856723.9,0,0,0,0,0,0,0,0,0,"(0.0, 0.0)","(0.0, 0.0)","(0.0, 0.0)","(0.0, 0.0, 0.0)","(0.0, 0.0, 0.0)","(0.0, 0.0, 0.0)","(0.0, 0.0, 0.0)","(0.0, 0.0, 0.0)","(0.0, 0.0, 0.0)",0,0,0,0,0,0,False,0,0,0,0,0,0,0,0,"(0.0, 6.0, 449.6)","(0.2, 0.0, 0.0, 1.0)"
0,856740.7,0,0,0,0,0,0,0,0,0,"(0.0, 0.0)","(0.0, 0.0)","(0.0, 0.0)","(0.0, 0.0, 0.0)","(0.0, 0.0, 0.0)","(0.0, 0.0, 0.0)","(0.0, 0.0, 0.0)","(0.0, 0.0, 0.0)","(0.0, 0.0, 0.0)",0,0,0,0,0,0,False,0,0,0,0,0,0,0,0,"(0.0, 6.0, 449.8)","(0.2, 0.0, 0.0, 1.0)"
0,856757.3,0,0,0,0,0,0,0,0,0,"(0.0, 0.0)","(0.0, 0.0)","(0.0, 0.0)","(0.0, 0.0, 0.0)","(0.0, 0.0, 0.0)","(0.0, 0.0, 0.0)","(0.0, 0.0, 0.0)","(0.0, 0.0, 0.0)","(0.0, 0.0, 0.0)",0,0,0,0,0,0,False,0,0,0,0,0,0,0,0,"(0.0, 6.0, 450.0)","(0.2, 0.0, 0.0, 1.0)"
0,856775.4,0,0,0,0,0,0,0,0,0,"(0.0, 0.0)","(0.0, 0.0)","(0.0, 0.0)","(0.0, 0.0, 0.0)","(0.0, 0.0, 0.0)","(0.0, 0.0, 0.0)","(0.0, 0.0, 0.0)","(0.0, 0.0, 0.0)","(0.0, 0.0, 0.0)",0,0,0,0,0,0,False,0,0,0,0,0,0,0,0,"(0.0, 6.0, 450.2)","(0.2, 0.0, 0.0, 1.0)"
0,856797.3,0,0,0,0,0,0,0,0,0,"(0.0, 0.0)","(0.0, 0.0)","(0.0, 0.0)","(0.0, 0.0, 0.0)","(0.0, 0.0, 0.0)","(0.0, 0.0, 0.0)","(0.0, 0.0, 0.0)","(0.0, 0.0, 0.0)","(0.0, 0.0, 0.0)",0,0,0,0,0,0,False,0,0,0,0,0,0,0,0,"(0.0, 6.0, 450.4)","(0.2, 0.0, 0.0, 1.0)"
0,856815.1,0,0,0,0,0,0,0,0,0,"(0.0, 0.0)","(0.0, 0.0)","(0.0, 0.0)","(0.0, 0.0, 0.0)","(0.0, 0.0, 0.0)","(0.0, 0.0, 0.0)","(0.0, 0.0, 0.0)","(0.0, 0.0, 0.0)","(0.0, 0.0, 0.0)",0,0,0,0,0,0,False,0,0,0,0,0,0,0,0,"(0.0, 6.0, 450.5)","(0.2, 0.0, 0.0, 1.0)"
0,856836.1,0,0,0,0,0,0,0,0,0,"(0.0, 0.0)","(0.0, 0.0)","(0.0, 0.0)","(0.0, 0.0, 0.0)","(0.0, 0.0, 0.0)","(0.0, 0.0, 0.0)","(0.0, 0.0, 0.0)","(0.0, 0.0, 0.0)","(0.0, 0.0, 0.0)",0,0,0,0,0,0,False,0,0,0,0,0,0,0,0,"(0.0, 6.0, 450.7)","(0.2, 0.0, 0.0, 1.0)"
0,856857.3,0,0,0,0,0,0,0,0,0,"(0.0, 0.0)","(0.0, 0.0)","(0.0, 0.0)","(0.0, 0.0, 0.0)","(0.0, 0.0, 0.0)","(0.0, 0.0, 0.0)","(0.0, 0.0, 0.0)","(0.0, 0.0, 0.0)","(0.0, 0.0, 0.0)",0,0,0,0,0,0,False,0,0,0,0,0,0,0,0,"(0.0, 6.0, 450.9)","(0.2, 0.0, 0.0, 1.0)"
0,856880.4,0,0,0,0,0,0,0,0,0,"(0.0, 0.0)","(0.0, 0.0)","(0.0, 0.0)","(0.0, 0.0, 0.0)","(0.0, 0.0, 0.0)","(0.0, 0.0, 0.0)","(0.0, 0.0, 0.0)","(0.0, 0.0, 0.0)","(0.0, 0.0, 0.0)",0,0,0,0,0,0,False,0,0,0,0,0,0,0,0,"(0.0, 6.0, 451.1)","(0.2, 0.0, 0.0, 1.0)"
0,856902.4,0,0,0,0,0,0,0,0,0,"(0.0, 0.0)","(0.0, 0.0)","(0.0, 0.0)","(0.0, 0.0, 0.0)","(0.0, 0.0, 0.0)","(0.0, 0.0, 0.0)","(0.0, 0.0, 0.0)","(0.0, 0.0, 0.0)","(0.0, 0.0, 0.0)",0,0,0,0,0,0,False,0,0,0,0,0,0,0,0,"(0.0, 6.0, 451.3)","(0.2, 0.0, 0.0, 1.0)"
0,856924.2,0,0,0,0,0,0,0,0,0,"(0.0, 0.0)","(0.0, 0.0)","(0.0, 0.0)","(0.0, 0.0, 0.0)","(0.0, 0.0, 0.0)","(0.0, 0.0, 0.0)","(0.0, 0.0, 0.0)","(0.0, 0.0, 0.0)","(0.0, 0.0, 0.0)",0,0,0,0,0,0,False,0,0,0,0,0,0,0,0,"(0.0, 6.0, 451.5)","(0.2, 0.0, 0.0, 1.0)"
0,856947,0,0,0,0,0,0,0,0,0,"(0.0, 0.0)","(0.0, 0.0)","(0.0, 0.0)","(0.0, 0.0, 0.0)","(0.0, 0.0, 0.0)","(0.0, 0.0, 0.0)","(0.0, 0.0, 0.0)","(0.0, 0.0, 0.0)","(0.0, 0.0, 0.0)",0,0,0,0,0,0,False,0,0,0,0,0,0,0,0,"(0.0, 6.0, 451.7)","(0.2, 0.0, 0.0, 1.0)"
0,856969,0,0,0,0,0,0,0,0,0,"(0.0, 0.0)","(0.0, 0.0)","(0.0, 0.0)","(0.0, 0.0, 0.0)","(0.0, 0.0, 0.0)","(0.0, 0.0, 0.0)","(0.0, 0.0, 0.0)","(0.0, 0.0, 0.0)","(0.0, 0.0, 0.0)",0,0,0,0,0,0,False,0,0,0,0,0,0,0,0,"(0.0, 6.0, 451.9)","(0.2, 0.0, 0.0, 1.0)"
0,856990.5,0,0,0,0,0,0,0,0,0,"(0.0, 0.0)","(0.0, 0.0)","(0.0, 0.0)","(0.0, 0.0, 0.0)","(0.0, 0.0, 0.0)","(0.0, 0.0, 0.0)","(0.0, 0.0, 0.0)","(0.0, 0.0, 0.0)","(0.0, 0.0, 0.0)",0,0,0,0,0,0,False,0,0,0,0,0,0,0,0,"(0.0, 6.0, 452.1)","(0.2, 0.0, 0.0, 1.0)"
0,857013.8,0,0,0,0,0,0,0,0,0,"(0.0, 0.0)","(0.0, 0.0)","(0.0, 0.0)","(0.0, 0.0, 0.0)","(0.0, 0.0, 0.0)","(0.0, 0.0, 0.0)","(0.0, 0.0, 0.0)","(0.0, 0.0, 0.0)","(0.0, 0.0, 0.0)",0,0,0,0,0,0,False,0,0,0,0,0,0,0,0,"(0.0, 6.0, 452.3)","(0.2, 0.0, 0.0, 1.0)"
0,857035.6,0,0,0,0,0,0,0,0,0,"(0.0, 0.0)","(0.0, 0.0)","(0.0, 0.0)","(0.0, 0.0, 0.0)","(0.0, 0.0, 0.0)","(0.0, 0.0, 0.0)","(0.0, 0.0, 0.0)","(0.0, 0.0, 0.0)","(0.0, 0.0, 0.0)",0,0,0,0,0,0,False,0,0,0,0,0,0,0,0,"(0.0, 6.0, 452.5)","(0.2, 0.0, 0.0, 1.0)"
0,857057.2,0,0,0,0,0,0,0,0,0,"(0.0, 0.0)","(0.0, 0.0)","(0.0, 0.0)","(0.0, 0.0, 0.0)","(0.0, 0.0, 0.0)","(0.0, 0.0, 0.0)","(0.0, 0.0, 0.0)","(0.0, 0.0, 0.0)","(0.0, 0.0, 0.0)",0,0,0,0,0,0,False,0,0,0,0,0,0,0,0,"(0.0, 6.0, 452.7)","(0.2, 0.0, 0.0, 1.0)"
0,857079.8,0,0,0,0,0,0,0,0,0,"(0.0, 0.0)","(0.0, 0.0)","(0.0, 0.0)","(0.0, 0.0, 0.0)","(0.0, 0.0, 0.0)","(0.0, 0.0, 0.0)","(0.0, 0.0, 0.0)","(0.0, 0.0, 0.0)","(0.0, 0.0, 0.0)",0,0,0,0,0,0,False,0,0,0,0,0,0,0,0,"(0.0, 6.0, 453.0)","(0.2, 0.0, 0.0, 1.0)"
0,857102.8,0,0,0,0,0,0,0,0,0,"(0.0, 0.0)","(0.0, 0.0)","(0.0, 0.0)","(0.0, 0.0, 0.0)","(0.0, 0.0, 0.0)","(0.0, 0.0, 0.0)","(0.0, 0.0, 0.0)","(0.0, 0.0, 0.0)","(0.0, 0.0, 0.0)",0,0,0,0,0,0,False,0,0,0,0,0,0,0,0,"(0.0, 6.0, 453.2)","(0.2, 0.0, 0.0, 1.0)"
0,857123.7,0,0,0,0,0,0,0,0,0,"(0.0, 0.0)","(0.0, 0.0)","(0.0, 0.0)","(0.0, 0.0, 0.0)","(0.0, 0.0, 0.0)","(0.0, 0.0, 0.0)","(0.0, 0.0, 0.0)","(0.0, 0.0, 0.0)","(0.0, 0.0, 0.0)",0,0,0,0,0,0,False,0,0,0,0,0,0,0,0,"(0.0, 6.0, 453.4)","(0.2, 0.0, 0.0, 1.0)"
0,857147.3,0,0,0,0,0,0,0,0,0,"(0.0, 0.0)","(0.0, 0.0)","(0.0, 0.0)","(0.0, 0.0, 0.0)","(0.0, 0.0, 0.0)","(0.0, 0.0, 0.0)","(0.0, 0.0, 0.0)","(0.0, 0.0, 0.0)","(0.0, 0.0, 0.0)",0,0,0,0,0,0,False,0,0,0,0,0,0,0,0,"(0.0, 6.0, 453.6)","(0.2, 0.0, 0.0, 1.0)"
0,857169.2,0,0,0,0,0,0,0,0,0,"(0.0, 0.0)","(0.0, 0.0)","(0.0, 0.0)","(0.0, 0.0, 0.0)","(0.0, 0.0, 0.0)","(0.0, 0.0, 0.0)","(0.0, 0.0, 0.0)","(0.0, 0.0, 0.0)","(0.0, 0.0, 0.0)",0,0,0,0,0,0,False,0,0,0,0,0,0,0,0,"(0.0, 6.0, 453.8)","(0.2, 0.0, 0.0, 1.0)"
0,857190.2,0,0,0,0,0,0,0,0,0,"(0.0, 0.0)","(0.0, 0.0)","(0.0, 0.0)","(0.0, 0.0, 0.0)","(0.0, 0.0, 0.0)","(0.0, 0.0, 0.0)","(0.0, 0.0, 0.0)","(0.0, 0.0, 0.0)","(0.0, 0.0, 0.0)",0,0,0,0,0,0,False,0,0,0,0,0,0,0,0,"(0.0, 6.0, 454.0)","(0.2, 0.0, 0.0, 1.0)"
0,857213.4,0,0,0,0,0,0,0,0,0,"(0.0, 0.0)","(0.0, 0.0)","(0.0, 0.0)","(0.0, 0.0, 0.0)","(0.0, 0.0, 0.0)","(0.0, 0.0, 0.0)","(0.0, 0.0, 0.0)","(0.0, 0.0, 0.0)","(0.0, 0.0, 0.0)",0,0,0,0,0,0,False,0,0,0,0,0,0,0,0,"(0.0, 6.0, 454.2)","(0.2, 0.0, 0.0, 1.0)"
0,857235.7,0,0,0,0,0,0,0,0,0,"(0.0, 0.0)","(0.0, 0.0)","(0.0, 0.0)","(0.0, 0.0, 0.0)","(0.0, 0.0, 0.0)","(0.0, 0.0, 0.0)","(0.0, 0.0, 0.0)","(0.0, 0.0, 0.0)","(0.0, 0.0, 0.0)",0,0,0,0,0,0,False,0,0,0,0,0,0,0,0,"(0.0, 6.0, 454.5)","(0.2, 0.0, 0.0, 1.0)"
0,857257.2,0,0,0,0,0,0,0,0,0,"(0.0, 0.0)","(0.0, 0.0)","(0.0, 0.0)","(0.0, 0.0, 0.0)","(0.0, 0.0, 0.0)","(0.0, 0.0, 0.0)","(0.0, 0.0, 0.0)","(0.0, 0.0, 0.0)","(0.0, 0.0, 0.0)",0,0,0,0,0,0,False,0,0,0,0,0,0,0,0,"(0.0, 6.0, 454.7)","(0.2, 0.0, 0.0, 1.0)"
0,857275,0,0,0,0,0,0,0,0,0,"(0.0, 0.0)","(0.0, 0.0)","(0.0, 0.0)","(0.0, 0.0, 0.0)","(0.0, 0.0, 0.0)","(0.0, 0.0, 0.0)","(0.0, 0.0, 0.0)","(0.0, 0.0, 0.0)","(0.0, 0.0, 0.0)",0,0,0,0,0,0,False,0,0,0,0,0,0,0,0,"(0.0, 6.0, 454.9)","(0.2, 0.0, 0.0, 1.0)"
0,857294.1,0,0,0,0,0,0,0,0,0,"(0.0, 0.0)","(0.0, 0.0)","(0.0, 0.0)","(0.0, 0.0, 0.0)","(0.0, 0.0, 0.0)","(0.0, 0.0, 0.0)","(0.0, 0.0, 0.0)","(0.0, 0.0, 0.0)","(0.0, 0.0, 0.0)",0,0,0,0,0,0,False,0,0,0,0,0,0,0,0,"(0.0, 6.0, 455.1)","(0.2, 0.0, 0.0, 1.0)"
0,857318.1,0,0,0,0,0,0,0,0,0,"(0.0, 0.0)","(0.0, 0.0)","(0.0, 0.0)","(0.0, 0.0, 0.0)","(0.0, 0.0, 0.0)","(0.0, 0.0, 0.0)","(0.0, 0.0, 0.0)","(0.0, 0.0, 0.0)","(0.0, 0.0, 0.0)",0,0,0,0,0,0,False,0,0,0,0,0,0,0,0,"(0.0, 6.0, 455.3)","(0.2, 0.0, 0.0, 1.0)"
0,857341.6,0,0,0,0,0,0,0,0,0,"(0.0, 0.0)","(0.0, 0.0)","(0.0, 0.0)","(0.0, 0.0, 0.0)","(0.0, 0.0, 0.0)","(0.0, 0.0, 0.0)","(0.0, 0.0, 0.0)","(0.0, 0.0, 0.0)","(0.0, 0.0, 0.0)",0,0,0,0,0,0,False,0,0,0,0,0,0,0,0,"(0.0, 6.0, 455.5)","(0.2, 0.0, 0.0, 1.0)"
0,857358.4,0,0,0,0,0,0,0,0,0,"(0.0, 0.0)","(0.0, 0.0)","(0.0, 0.0)","(0.0, 0.0, 0.0)","(0.0, 0.0, 0.0)","(0.0, 0.0, 0.0)","(0.0, 0.0, 0.0)","(0.0, 0.0, 0.0)","(0.0, 0.0, 0.0)",0,0,0,0,0,0,False,0,0,0,0,0,0,0,0,"(0.0, 6.0, 455.7)","(0.2, 0.0, 0.0, 1.0)"
0,857375.3,0,0,0,0,0,0,0,0,0,"(0.0, 0.0)","(0.0, 0.0)","(0.0, 0.0)","(0.0, 0.0, 0.0)","(0.0, 0.0, 0.0)","(0.0, 0.0, 0.0)","(0.0, 0.0, 0.0)","(0.0, 0.0, 0.0)","(0.0, 0.0, 0.0)",0,0,0,0,0,0,False,0,0,0,0,0,0,0,0,"(0.0, 6.0, 455.9)","(0.2, 0.0, 0.0, 1.0)"
0,857391.9,0,0,0,0,0,0,0,0,0,"(0.0, 0.0)","(0.0, 0.0)","(0.0, 0.0)","(0.0, 0.0, 0.0)","(0.0, 0.0, 0.0)","(0.0, 0.0, 0.0)","(0.0, 0.0, 0.0)","(0.0, 0.0, 0.0)","(0.0, 0.0, 0.0)",0,0,0,0,0,0,False,0,0,0,0,0,0,0,0,"(0.0, 6.0, 456.1)","(0.2, 0.0, 0.0, 1.0)"
0,857408.9,0,0,0,0,0,0,0,0,0,"(0.0, 0.0)","(0.0, 0.0)","(0.0, 0.0)","(0.0, 0.0, 0.0)","(0.0, 0.0, 0.0)","(0.0, 0.0, 0.0)","(0.0, 0.0, 0.0)","(0.0, 0.0, 0.0)","(0.0, 0.0, 0.0)",0,0,0,0,0,0,False,0,0,0,0,0,0,0,0,"(0.0, 6.0, 456.3)","(0.2, 0.0, 0.0, 1.0)"
0,857425.3,0,0,0,0,0,0,0,0,0,"(0.0, 0.0)","(0.0, 0.0)","(0.0, 0.0)","(0.0, 0.0, 0.0)","(0.0, 0.0, 0.0)","(0.0, 0.0, 0.0)","(0.0, 0.0, 0.0)","(0.0, 0.0, 0.0)","(0.0, 0.0, 0.0)",0,0,0,0,0,0,False,0,0,0,0,0,0,0,0,"(0.0, 6.0, 456.5)","(0.2, 0.0, 0.0, 1.0)"
0,857441.2,0,0,0,0,0,0,0,0,0,"(0.0, 0.0)","(0.0, 0.0)","(0.0, 0.0)","(0.0, 0.0, 0.0)","(0.0, 0.0, 0.0)","(0.0, 0.0, 0.0)","(0.0, 0.0, 0.0)","(0.0, 0.0, 0.0)","(0.0, 0.0, 0.0)",0,0,0,0,0,0,False,0,0,0,0,0,0,0,0,"(0.0, 6.0, 456.7)","(0.2, 0.0, 0.0, 1.0)"
0,857457,0,0,0,0,0,0,0,0,0,"(0.0, 0.0)","(0.0, 0.0)","(0.0, 0.0)","(0.0, 0.0, 0.0)","(0.0, 0.0, 0.0)","(0.0, 0.0, 0.0)","(0.0, 0.0, 0.0)","(0.0, 0.0, 0.0)","(0.0, 0.0, 0.0)",0,0,0,0,0,0,False,0,0,0,0,0,0,0,0,"(0.0, 6.0, 456.9)","(0.2, 0.0, 0.0, 1.0)"
0,857473.4,0,0,0,0,0,0,0,0,0,"(0.0, 0.0)","(0.0, 0.0)","(0.0, 0.0)","(0.0, 0.0, 0.0)","(0.0, 0.0, 0.0)","(0.0, 0.0, 0.0)","(0.0, 0.0, 0.0)","(0.0, 0.0, 0.0)","(0.0, 0.0, 0.0)",0,0,0,0,0,0,False,0,0,0,0,0,0,0,0,"(0.0, 6.0, 457.1)","(0.2, 0.0, 0.0, 1.0)"
0,857489.3,0,0,0,0,0,0,0,0,0,"(0.0, 0.0)","(0.0, 0.0)","(0.0, 0.0)","(0.0, 0.0, 0.0)","(0.0, 0.0, 0.0)","(0.0, 0.0, 0.0)","(0.0, 0.0, 0.0)","(0.0, 0.0, 0.0)","(0.0, 0.0, 0.0)",0,0,0,0,0,0,False,0,0,0,0,0,0,0,0,"(0.0, 6.0, 457.3)","(0.2, 0.0, 0.0, 1.0)"
0,857506.5,0,0,0,0,0,0,0,0,0,"(0.0, 0.0)","(0.0, 0.0)","(0.0, 0.0)","(0.0, 0.0, 0.0)","(0.0, 0.0, 0.0)","(0.0, 0.0, 0.0)","(0.0, 0.0, 0.0)","(0.0, 0.0, 0.0)","(0.0, 0.0, 0.0)",0,0,0,0,0,0,False,0,0,0,0,0,0,0,0,"(0.0, 6.0, 457.5)","(0.2, 0.0, 0.0, 1.0)"
0,857522.7,0,0,0,0,0,0,0,0,0,"(0.0, 0.0)","(0.0, 0.0)","(0.0, 0.0)","(0.0, 0.0, 0.0)","(0.0, 0.0, 0.0)","(0.0, 0.0, 0.0)","(0.0, 0.0, 0.0)","(0.0, 0.0, 0.0)","(0.0, 0.0, 0.0)",0,0,0,0,0,0,False,0,0,0,0,0,0,0,0,"(0.0, 6.0, 457.7)","(0.2, 0.0, 0.0, 1.0)"
0,857539.4,0,0,0,0,0,0,0,0,0,"(0.0, 0.0)","(0.0, 0.0)","(0.0, 0.0)","(0.0, 0.0, 0.0)","(0.0, 0.0, 0.0)","(0.0, 0.0, 0.0)","(0.0, 0.0, 0.0)","(0.0, 0.0, 0.0)","(0.0, 0.0, 0.0)",0,0,0,0,0,0,False,0,0,0,0,0,0,0,0,"(0.0, 6.0, 457.8)","(0.2, 0.0, 0.0, 1.0)"
0,857555.8,0,0,0,0,0,0,0,0,0,"(0.0, 0.0)","(0.0, 0.0)","(0.0, 0.0)","(0.0, 0.0, 0.0)","(0.0, 0.0, 0.0)","(0.0, 0.0, 0.0)","(0.0, 0.0, 0.0)","(0.0, 0.0, 0.0)","(0.0, 0.0, 0.0)",0,0,0,0,0,0,False,0,0,0,0,0,0,0,0,"(0.0, 6.0, 458.0)","(0.2, 0.0, 0.0, 1.0)"
0,857572.9,0,0,0,0,0,0,0,0,0,"(0.0, 0.0)","(0.0, 0.0)","(0.0, 0.0)","(0.0, 0.0, 0.0)","(0.0, 0.0, 0.0)","(0.0, 0.0, 0.0)","(0.0, 0.0, 0.0)","(0.0, 0.0, 0.0)","(0.0, 0.0, 0.0)",0,0,0,0,0,0,False,0,0,0,0,0,0,0,0,"(0.0, 6.0, 458.2)","(0.2, 0.0, 0.0, 1.0)"
0,857589.3,0,0,0,0,0,0,0,0,0,"(0.0, 0.0)","(0.0, 0.0)","(0.0, 0.0)","(0.0, 0.0, 0.0)","(0.0, 0.0, 0.0)","(0.0, 0.0, 0.0)","(0.0, 0.0, 0.0)","(0.0, 0.0, 0.0)","(0.0, 0.0, 0.0)",0,0,0,0,0,0,False,0,0,0,0,0,0,0,0,"(0.0, 6.0, 458.4)","(0.2, 0.0, 0.0, 1.0)"
0,857605.6,0,0,0,0,0,0,0,0,0,"(0.0, 0.0)","(0.0, 0.0)","(0.0, 0.0)","(0.0, 0.0, 0.0)","(0.0, 0.0, 0.0)","(0.0, 0.0, 0.0)","(0.0, 0.0, 0.0)","(0.0, 0.0, 0.0)","(0.0, 0.0, 0.0)",0,0,0,0,0,0,False,0,0,0,0,0,0,0,0,"(0.0, 6.0, 458.5)","(0.2, 0.0, 0.0, 1.0)"
0,857628.6,0,0,0,0,0,0,0,0,0,"(0.0, 0.0)","(0.0, 0.0)","(0.0, 0.0)","(0.0, 0.0, 0.0)","(0.0, 0.0, 0.0)","(0.0, 0.0, 0.0)","(0.0, 0.0, 0.0)","(0.0, 0.0, 0.0)","(0.0, 0.0, 0.0)",0,0,0,0,0,0,False,0,0,0,0,0,0,0,0,"(0.0, 6.0, 458.7)","(0.2, 0.0, 0.0, 1.0)"
0,857644.4,0,0,0,0,0,0,0,0,0,"(0.0, 0.0)","(0.0, 0.0)","(0.0, 0.0)","(0.0, 0.0, 0.0)","(0.0, 0.0, 0.0)","(0.0, 0.0, 0.0)","(0.0, 0.0, 0.0)","(0.0, 0.0, 0.0)","(0.0, 0.0, 0.0)",0,0,0,0,0,0,False,0,0,0,0,0,0,0,0,"(0.0, 6.0, 458.9)","(0.2, 0.0, 0.0, 1.0)"
0,857661.4,0,0,0,0,0,0,0,0,0,"(0.0, 0.0)","(0.0, 0.0)","(0.0, 0.0)","(0.0, 0.0, 0.0)","(0.0, 0.0, 0.0)","(0.0, 0.0, 0.0)","(0.0, 0.0, 0.0)","(0.0, 0.0, 0.0)","(0.0, 0.0, 0.0)",0,0,0,0,0,0,False,0,0,0,0,0,0,0,0,"(0.0, 6.0, 459.1)","(0.2, 0.0, 0.0, 1.0)"
0,857679.3,0,0,0,0,0,0,0,0,0,"(0.0, 0.0)","(0.0, 0.0)","(0.0, 0.0)","(0.0, 0.0, 0.0)","(0.0, 0.0, 0.0)","(0.0, 0.0, 0.0)","(0.0, 0.0, 0.0)","(0.0, 0.0, 0.0)","(0.0, 0.0, 0.0)",0,0,0,0,0,0,False,0,0,0,0,0,0,0,0,"(0.0, 6.0, 459.3)","(0.2, 0.0, 0.0, 1.0)"
0,857701.6,0,0,0,0,0,0,0,0,0,"(0.0, 0.0)","(0.0, 0.0)","(0.0, 0.0)","(0.0, 0.0, 0.0)","(0.0, 0.0, 0.0)","(0.0, 0.0, 0.0)","(0.0, 0.0, 0.0)","(0.0, 0.0, 0.0)","(0.0, 0.0, 0.0)",0,0,0,0,0,0,False,0,0,0,0,0,0,0,0,"(0.0, 6.0, 459.4)","(0.2, 0.0, 0.0, 1.0)"
0,857723.3,0,0,0,0,0,0,0,0,0,"(0.0, 0.0)","(0.0, 0.0)","(0.0, 0.0)","(0.0, 0.0, 0.0)","(0.0, 0.0, 0.0)","(0.0, 0.0, 0.0)","(0.0, 0.0, 0.0)","(0.0, 0.0, 0.0)","(0.0, 0.0, 0.0)",0,0,0,0,0,0,False,0,0,0,0,0,0,0,0,"(0.0, 6.0, 459.6)","(0.2, 0.0, 0.0, 1.0)"
0,857746.1,0,0,0,0,0,0,0,0,0,"(0.0, 0.0)","(0.0, 0.0)","(0.0, 0.0)","(0.0, 0.0, 0.0)","(0.0, 0.0, 0.0)","(0.0, 0.0, 0.0)","(0.0, 0.0, 0.0)","(0.0, 0.0, 0.0)","(0.0, 0.0, 0.0)",0,0,0,0,0,0,False,0,0,0,0,0,0,0,0,"(0.0, 6.0, 459.8)","(0.2, 0.0, 0.0, 1.0)"
0,857768.4,0,0,0,0,0,0,0,0,0,"(0.0, 0.0)","(0.0, 0.0)","(0.0, 0.0)","(0.0, 0.0, 0.0)","(0.0, 0.0, 0.0)","(0.0, 0.0, 0.0)","(0.0, 0.0, 0.0)","(0.0, 0.0, 0.0)","(0.0, 0.0, 0.0)",0,0,0,0,0,0,False,0,0,0,0,0,0,0,0,"(0.0, 6.0, 460.0)","(0.2, 0.0, 0.0, 1.0)"
0,857790.8,0,0,0,0,0,0,0,0,0,"(0.0, 0.0)","(0.0, 0.0)","(0.0, 0.0)","(0.0, 0.0, 0.0)","(0.0, 0.0, 0.0)","(0.0, 0.0, 0.0)","(0.0, 0.0, 0.0)","(0.0, 0.0, 0.0)","(0.0, 0.0, 0.0)",0,0,0,0,0,0,False,0,0,0,0,0,0,0,0,"(0.0, 6.0, 460.2)","(0.2, 0.0, 0.0, 1.0)"
0,857812.9,0,0,0,0,0,0,0,0,0,"(0.0, 0.0)","(0.0, 0.0)","(0.0, 0.0)","(0.0, 0.0, 0.0)","(0.0, 0.0, 0.0)","(0.0, 0.0, 0.0)","(0.0, 0.0, 0.0)","(0.0, 0.0, 0.0)","(0.0, 0.0, 0.0)",0,0,0,0,0,0,False,0,0,0,0,0,0,0,0,"(0.0, 6.0, 460.4)","(0.2, 0.0, 0.0, 1.0)"
0,857835.4,0,0,0,0,0,0,0,0,0,"(0.0, 0.0)","(0.0, 0.0)","(0.0, 0.0)","(0.0, 0.0, 0.0)","(0.0, 0.0, 0.0)","(0.0, 0.0, 0.0)","(0.0, 0.0, 0.0)","(0.0, 0.0, 0.0)","(0.0, 0.0, 0.0)",0,0,0,0,0,0,False,0,0,0,0,0,0,0,0,"(0.0, 6.0, 460.6)","(0.2, 0.0, 0.0, 1.0)"
0,857856.9,0,0,0,0,0,0,0,0,0,"(0.0, 0.0)","(0.0, 0.0)","(0.0, 0.0)","(0.0, 0.0, 0.0)","(0.0, 0.0, 0.0)","(0.0, 0.0, 0.0)","(0.0, 0.0, 0.0)","(0.0, 0.0, 0.0)","(0.0, 0.0, 0.0)",0,0,0,0,0,0,False,0,0,0,0,0,0,0,0,"(0.0, 6.0, 460.8)","(0.2, 0.0, 0.0, 1.0)"
0,857879.8,0,0,0,0,0,0,0,0,0,"(0.0, 0.0)","(0.0, 0.0)","(0.0, 0.0)","(0.0, 0.0, 0.0)","(0.0, 0.0, 0.0)","(0.0, 0.0, 0.0)","(0.0, 0.0, 0.0)","(0.0, 0.0, 0.0)","(0.0, 0.0, 0.0)",0,0,0,0,0,0,False,0,0,0,0,0,0,0,0,"(0.0, 6.0, 461.0)","(0.2, 0.0, 0.0, 1.0)"
0,857902.4,0,0,0,0,0,0,0,0,0,"(0.0, 0.0)","(0.0, 0.0)","(0.0, 0.0)","(0.0, 0.0, 0.0)","(0.0, 0.0, 0.0)","(0.0, 0.0, 0.0)","(0.0, 0.0, 0.0)","(0.0, 0.0, 0.0)","(0.0, 0.0, 0.0)",0,0,0,0,0,0,False,0,0,0,0,0,0,0,0,"(0.0, 6.0, 461.2)","(0.2, 0.0, 0.0, 1.0)"
0,857923.7,0,0,0,0,0,0,0,0,0,"(0.0, 0.0)","(0.0, 0.0)","(0.0, 0.0)","(0.0, 0.0, 0.0)","(0.0, 0.0, 0.0)","(0.0, 0.0, 0.0)","(0.0, 0.0, 0.0)","(0.0, 0.0, 0.0)","(0.0, 0.0, 0.0)",0,0,0,0,0,0,False,0,0,0,0,0,0,0,0,"(0.0, 6.0, 461.4)","(0.2, 0.0, 0.0, 1.0)"
0,857947.1,0,0,0,0,0,0,0,0,0,"(0.0, 0.0)","(0.0, 0.0)","(0.0, 0.0)","(0.0, 0.0, 0.0)","(0.0, 0.0, 0.0)","(0.0, 0.0, 0.0)","(0.0, 0.0, 0.0)","(0.0, 0.0, 0.0)","(0.0, 0.0, 0.0)",0,0,0,0,0,0,False,0,0,0,0,0,0,0,0,"(0.0, 6.0, 461.6)","(0.2, 0.0, 0.0, 1.0)"
0,857969.3,0,0,0,0,0,0,0,0,0,"(0.0, 0.0)","(0.0, 0.0)","(0.0, 0.0)","(0.0, 0.0, 0.0)","(0.0, 0.0, 0.0)","(0.0, 0.0, 0.0)","(0.0, 0.0, 0.0)","(0.0, 0.0, 0.0)","(0.0, 0.0, 0.0)",0,0,0,0,0,0,False,0,0,0,0,0,0,0,0,"(0.0, 6.0, 461.8)","(0.2, 0.0, 0.0, 1.0)"
0,857990.2,0,0,0,0,0,0,0,0,0,"(0.0, 0.0)","(0.0, 0.0)","(0.0, 0.0)","(0.0, 0.0, 0.0)","(0.0, 0.0, 0.0)","(0.0, 0.0, 0.0)","(0.0, 0.0, 0.0)","(0.0, 0.0, 0.0)","(0.0, 0.0, 0.0)",0,0,0,0,0,0,False,0,0,0,0,0,0,0,0,"(0.0, 6.0, 462.1)","(0.2, 0.0, 0.0, 1.0)"
0,858013.3,0,0,0,0,0,0,0,0,0,"(0.0, 0.0)","(0.0, 0.0)","(0.0, 0.0)","(0.0, 0.0, 0.0)","(0.0, 0.0, 0.0)","(0.0, 0.0, 0.0)","(0.0, 0.0, 0.0)","(0.0, 0.0, 0.0)","(0.0, 0.0, 0.0)",0,0,0,0,0,0,False,0,0,0,0,0,0,0,0,"(0.0, 6.0, 462.3)","(0.2, 0.0, 0.0, 1.0)"
0,858035.7,0,0,0,0,0,0,0,0,0,"(0.0, 0.0)","(0.0, 0.0)","(0.0, 0.0)","(0.0, 0.0, 0.0)","(0.0, 0.0, 0.0)","(0.0, 0.0, 0.0)","(0.0, 0.0, 0.0)","(0.0, 0.0, 0.0)","(0.0, 0.0, 0.0)",0,0,0,0,0,0,False,0,0,0,0,0,0,0,0,"(0.0, 6.0, 462.5)","(0.2, 0.0, 0.0, 1.0)"
0,858057.1,0,0,0,0,0,0,0,0,0,"(0.0, 0.0)","(0.0, 0.0)","(0.0, 0.0)","(0.0, 0.0, 0.0)","(0.0, 0.0, 0.0)","(0.0, 0.0, 0.0)","(0.0, 0.0, 0.0)","(0.0, 0.0, 0.0)","(0.0, 0.0, 0.0)",0,0,0,0,0,0,False,0,0,0,0,0,0,0,0,"(0.0, 6.0, 462.7)","(0.2, 0.0, 0.0, 1.0)"
0,858079.9,0,0,0,0,0,0,0,0,0,"(0.0, 0.0)","(0.0, 0.0)","(0.0, 0.0)","(0.0, 0.0, 0.0)","(0.0, 0.0, 0.0)","(0.0, 0.0, 0.0)","(0.0, 0.0, 0.0)","(0.0, 0.0, 0.0)","(0.0, 0.0, 0.0)",0,0,0,0,0,0,False,0,0,0,0,0,0,0,0,"(0.0, 6.0, 462.9)","(0.2, 0.0, 0.0, 1.0)"
0,858102.6,0,0,0,0,0,0,0,0,0,"(0.0, 0.0)","(0.0, 0.0)","(0.0, 0.0)","(0.0, 0.0, 0.0)","(0.0, 0.0, 0.0)","(0.0, 0.0, 0.0)","(0.0, 0.0, 0.0)","(0.0, 0.0, 0.0)","(0.0, 0.0, 0.0)",0,0,0,0,0,0,False,0,0,0,0,0,0,0,0,"(0.0, 6.0, 463.1)","(0.2, 0.0, 0.0, 1.0)"
0,858123.5,0,0,0,0,0,0,0,0,0,"(0.0, 0.0)","(0.0, 0.0)","(0.0, 0.0)","(0.0, 0.0, 0.0)","(0.0, 0.0, 0.0)","(0.0, 0.0, 0.0)","(0.0, 0.0, 0.0)","(0.0, 0.0, 0.0)","(0.0, 0.0, 0.0)",0,0,0,0,0,0,False,0,0,0,0,0,0,0,0,"(0.0, 6.0, 463.3)","(0.2, 0.0, 0.0, 1.0)"
0,858146.8,0,0,0,0,0,0,0,0,0,"(0.0, 0.0)","(0.0, 0.0)","(0.0, 0.0)","(0.0, 0.0, 0.0)","(0.0, 0.0, 0.0)","(0.0, 0.0, 0.0)","(0.0, 0.0, 0.0)","(0.0, 0.0, 0.0)","(0.0, 0.0, 0.0)",0,0,0,0,0,0,False,0,0,0,0,0,0,0,0,"(0.0, 6.0, 463.6)","(0.2, 0.0, 0.0, 1.0)"
0,858168.8,0,0,0,0,0,0,0,0,0,"(0.0, 0.0)","(0.0, 0.0)","(0.0, 0.0)","(0.0, 0.0, 0.0)","(0.0, 0.0, 0.0)","(0.0, 0.0, 0.0)","(0.0, 0.0, 0.0)","(0.0, 0.0, 0.0)","(0.0, 0.0, 0.0)",0,0,0,0,0,0,False,0,0,0,0,0,0,0,0,"(0.0, 6.0, 463.8)","(0.2, 0.0, 0.0, 1.0)"
0,858190.3,0,0,0,0,0,0,0,0,0,"(0.0, 0.0)","(0.0, 0.0)","(0.0, 0.0)","(0.0, 0.0, 0.0)","(0.0, 0.0, 0.0)","(0.0, 0.0, 0.0)","(0.0, 0.0, 0.0)","(0.0, 0.0, 0.0)","(0.0, 0.0, 0.0)",0,0,0,0,0,0,False,0,0,0,0,0,0,0,0,"(0.0, 6.0, 464.0)","(0.2, 0.0, 0.0, 1.0)"
0,858209.3,0,0,0,0,0,0,0,0,0,"(0.0, 0.0)","(0.0, 0.0)","(0.0, 0.0)","(0.0, 0.0, 0.0)","(0.0, 0.0, 0.0)","(0.0, 0.0, 0.0)","(0.0, 0.0, 0.0)","(0.0, 0.0, 0.0)","(0.0, 0.0, 0.0)",0,0,0,0,0,0,False,0,0,0,0,0,0,0,0,"(0.0, 6.0, 464.2)","(0.2, 0.0, 0.0, 1.0)"
0,858229.1,0,0,0,0,0,0,0,0,0,"(0.0, 0.0)","(0.0, 0.0)","(0.0, 0.0)","(0.0, 0.0, 0.0)","(0.0, 0.0, 0.0)","(0.0, 0.0, 0.0)","(0.0, 0.0, 0.0)","(0.0, 0.0, 0.0)","(0.0, 0.0, 0.0)",0,0,0,0,0,0,False,0,0,0,0,0,0,0,0,"(0.0, 6.0, 464.4)","(0.2, 0.0, 0.0, 1.0)"
0,858253.5,0,0,0,0,0,0,0,0,0,"(0.0, 0.0)","(0.0, 0.0)","(0.0, 0.0)","(0.0, 0.0, 0.0)","(0.0, 0.0, 0.0)","(0.0, 0.0, 0.0)","(0.0, 0.0, 0.0)","(0.0, 0.0, 0.0)","(0.0, 0.0, 0.0)",0,0,0,0,0,0,False,0,0,0,0,0,0,0,0,"(0.0, 6.0, 464.6)","(0.2, 0.0, 0.0, 1.0)"
0,858273.3,0,0,0,0,0,0,0,0,0,"(0.0, 0.0)","(0.0, 0.0)","(0.0, 0.0)","(0.0, 0.0, 0.0)","(0.0, 0.0, 0.0)","(0.0, 0.0, 0.0)","(0.0, 0.0, 0.0)","(0.0, 0.0, 0.0)","(0.0, 0.0, 0.0)",0,0,0,0,0,0,False,0,0,0,0,0,0,0,0,"(0.0, 6.0, 464.9)","(0.2, 0.0, 0.0, 1.0)"
0,858290.3,0,0,0,0,0,0,0,0,0,"(0.0, 0.0)","(0.0, 0.0)","(0.0, 0.0)","(0.0, 0.0, 0.0)","(0.0, 0.0, 0.0)","(0.0, 0.0, 0.0)","(0.0, 0.0, 0.0)","(0.0, 0.0, 0.0)","(0.0, 0.0, 0.0)",0,0,0,0,0,0,False,0,0,0,0,0,0,0,0,"(0.0, 6.0, 465.1)","(0.2, 0.0, 0.0, 1.0)"
0,858307.5,0,0,0,0,0,0,0,0,0,"(0.0, 0.0)","(0.0, 0.0)","(0.0, 0.0)","(0.0, 0.0, 0.0)","(0.0, 0.0, 0.0)","(0.0, 0.0, 0.0)","(0.0, 0.0, 0.0)","(0.0, 0.0, 0.0)","(0.0, 0.0, 0.0)",0,0,0,0,0,0,False,0,0,0,0,0,0,0,0,"(0.0, 6.0, 465.3)","(0.2, 0.0, 0.0, 1.0)"
0,858323.9,0,0,0,0,0,0,0,0,0,"(0.0, 0.0)","(0.0, 0.0)","(0.0, 0.0)","(0.0, 0.0, 0.0)","(0.0, 0.0, 0.0)","(0.0, 0.0, 0.0)","(0.0, 0.0, 0.0)","(0.0, 0.0, 0.0)","(0.0, 0.0, 0.0)",0,0,0,0,0,0,False,0,0,0,0,0,0,0,0,"(0.0, 6.0, 465.5)","(0.2, 0.0, 0.0, 1.0)"
0,858341.9,0,0,0,0,0,0,0,0,0,"(0.0, 0.0)","(0.0, 0.0)","(0.0, 0.0)","(0.0, 0.0, 0.0)","(0.0, 0.0, 0.0)","(0.0, 0.0, 0.0)","(0.0, 0.0, 0.0)","(0.0, 0.0, 0.0)","(0.0, 0.0, 0.0)",0,0,0,0,0,0,False,0,0,0,0,0,0,0,0,"(0.0, 6.0, 465.7)","(0.2, 0.0, 0.0, 1.0)"
0,858359.1,0,0,0,0,0,0,0,0,0,"(0.0, 0.0)","(0.0, 0.0)","(0.0, 0.0)","(0.0, 0.0, 0.0)","(0.0, 0.0, 0.0)","(0.0, 0.0, 0.0)","(0.0, 0.0, 0.0)","(0.0, 0.0, 0.0)","(0.0, 0.0, 0.0)",0,0,0,0,0,0,False,0,0,0,0,0,0,0,0,"(0.0, 6.0, 465.9)","(0.2, 0.0, 0.0, 1.0)"
0,858376.1,0,0,0,0,0,0,0,0,0,"(0.0, 0.0)","(0.0, 0.0)","(0.0, 0.0)","(0.0, 0.0, 0.0)","(0.0, 0.0, 0.0)","(0.0, 0.0, 0.0)","(0.0, 0.0, 0.0)","(0.0, 0.0, 0.0)","(0.0, 0.0, 0.0)",0,0,0,0,0,0,False,0,0,0,0,0,0,0,0,"(0.0, 6.0, 466.1)","(0.2, 0.0, 0.0, 1.0)"
0,858394.8,0,0,0,0,0,0,0,0,0,"(0.0, 0.0)","(0.0, 0.0)","(0.0, 0.0)","(0.0, 0.0, 0.0)","(0.0, 0.0, 0.0)","(0.0, 0.0, 0.0)","(0.0, 0.0, 0.0)","(0.0, 0.0, 0.0)","(0.0, 0.0, 0.0)",0,0,0,0,0,0,False,0,0,0,0,0,0,0,0,"(0.0, 6.0, 466.3)","(0.2, 0.0, 0.0, 1.0)"
0,858413.6,0,0,0,0,0,0,0,0,0,"(0.0, 0.0)","(0.0, 0.0)","(0.0, 0.0)","(0.0, 0.0, 0.0)","(0.0, 0.0, 0.0)","(0.0, 0.0, 0.0)","(0.0, 0.0, 0.0)","(0.0, 0.0, 0.0)","(0.0, 0.0, 0.0)",0,0,0,0,0,0,False,0,0,0,0,0,0,0,0,"(0.0, 6.0, 466.5)","(0.2, 0.0, 0.0, 1.0)"
0,858433.7,0,0,0,0,0,0,0,0,0,"(0.0, 0.0)","(0.0, 0.0)","(0.0, 0.0)","(0.0, 0.0, 0.0)","(0.0, 0.0, 0.0)","(0.0, 0.0, 0.0)","(0.0, 0.0, 0.0)","(0.0, 0.0, 0.0)","(0.0, 0.0, 0.0)",0,0,0,0,0,0,False,0,0,0,0,0,0,0,0,"(0.0, 6.0, 466.6)","(0.2, 0.0, 0.0, 1.0)"
0,858455.8,0,0,0,0,0,0,0,0,0,"(0.0, 0.0)","(0.0, 0.0)","(0.0, 0.0)","(0.0, 0.0, 0.0)","(0.0, 0.0, 0.0)","(0.0, 0.0, 0.0)","(0.0, 0.0, 0.0)","(0.0, 0.0, 0.0)","(0.0, 0.0, 0.0)",0,0,0,0,0,0,False,0,0,0,0,0,0,0,0,"(0.0, 6.0, 466.8)","(0.2, 0.0, 0.0, 1.0)"
0,858473.7,0,0,0,0,0,0,0,0,0,"(0.0, 0.0)","(0.0, 0.0)","(0.0, 0.0)","(0.0, 0.0, 0.0)","(0.0, 0.0, 0.0)","(0.0, 0.0, 0.0)","(0.0, 0.0, 0.0)","(0.0, 0.0, 0.0)","(0.0, 0.0, 0.0)",0,0,0,0,0,0,False,0,0,0,0,0,0,0,0,"(0.0, 6.0, 467.0)","(0.2, 0.0, 0.0, 1.0)"
0,858491.4,0,0,0,0,0,0,0,0,0,"(0.0, 0.0)","(0.0, 0.0)","(0.0, 0.0)","(0.0, 0.0, 0.0)","(0.0, 0.0, 0.0)","(0.0, 0.0, 0.0)","(0.0, 0.0, 0.0)","(0.0, 0.0, 0.0)","(0.0, 0.0, 0.0)",0,0,0,0,0,0,False,0,0,0,0,0,0,0,0,"(0.0, 6.0, 467.2)","(0.2, 0.0, 0.0, 1.0)"
0,858509.9,0,0,0,0,0,0,0,0,0,"(0.0, 0.0)","(0.0, 0.0)","(0.0, 0.0)","(0.0, 0.0, 0.0)","(0.0, 0.0, 0.0)","(0.0, 0.0, 0.0)","(0.0, 0.0, 0.0)","(0.0, 0.0, 0.0)","(0.0, 0.0, 0.0)",0,0,0,0,0,0,False,0,0,0,0,0,0,0,0,"(0.0, 6.0, 467.4)","(0.2, 0.0, 0.0, 1.0)"
0,858528.4,0,0,0,0,0,0,0,0,0,"(0.0, 0.0)","(0.0, 0.0)","(0.0, 0.0)","(0.0, 0.0, 0.0)","(0.0, 0.0, 0.0)","(0.0, 0.0, 0.0)","(0.0, 0.0, 0.0)","(0.0, 0.0, 0.0)","(0.0, 0.0, 0.0)",0,0,0,0,0,0,False,0,0,0,0,0,0,0,0,"(0.0, 6.0, 467.6)","(0.2, 0.0, 0.0, 1.0)"
0,858546.6,0,0,0,0,0,0,0,0,0,"(0.0, 0.0)","(0.0, 0.0)","(0.0, 0.0)","(0.0, 0.0, 0.0)","(0.0, 0.0, 0.0)","(0.0, 0.0, 0.0)","(0.0, 0.0, 0.0)","(0.0, 0.0, 0.0)","(0.0, 0.0, 0.0)",0,0,0,0,0,0,False,0,0,0,0,0,0,0,0,"(0.0, 6.0, 467.8)","(0.2, 0.0, 0.0, 1.0)"
0,858564.6,0,0,0,0,0,0,0,0,0,"(0.0, 0.0)","(0.0, 0.0)","(0.0, 0.0)","(0.0, 0.0, 0.0)","(0.0, 0.0, 0.0)","(0.0, 0.0, 0.0)","(0.0, 0.0, 0.0)","(0.0, 0.0, 0.0)","(0.0, 0.0, 0.0)",0,0,0,0,0,0,False,0,0,0,0,0,0,0,0,"(0.0, 6.0, 468.0)","(0.2, 0.0, 0.0, 1.0)"
0,858583.8,0,0,0,0,0,0,0,0,0,"(0.0, 0.0)","(0.0, 0.0)","(0.0, 0.0)","(0.0, 0.0, 0.0)","(0.0, 0.0, 0.0)","(0.0, 0.0, 0.0)","(0.0, 0.0, 0.0)","(0.0, 0.0, 0.0)","(0.0, 0.0, 0.0)",0,0,0,0,0,0,False,0,0,0,0,0,0,0,0,"(0.0, 6.0, 468.2)","(0.2, 0.0, 0.0, 1.0)"
0,858602.2,0,0,0,0,0,0,0,0,0,"(0.0, 0.0)","(0.0, 0.0)","(0.0, 0.0)","(0.0, 0.0, 0.0)","(0.0, 0.0, 0.0)","(0.0, 0.0, 0.0)","(0.0, 0.0, 0.0)","(0.0, 0.0, 0.0)","(0.0, 0.0, 0.0)",0,0,0,0,0,0,False,0,0,0,0,0,0,0,0,"(0.0, 6.0, 468.4)","(0.2, 0.0, 0.0, 1.0)"
0,858620.1,0,0,0,0,0,0,0,0,0,"(0.0, 0.0)","(0.0, 0.0)","(0.0, 0.0)","(0.0, 0.0, 0.0)","(0.0, 0.0, 0.0)","(0.0, 0.0, 0.0)","(0.0, 0.0, 0.0)","(0.0, 0.0, 0.0)","(0.0, 0.0, 0.0)",0,0,0,0,0,0,False,0,0,0,0,0,0,0,0,"(0.0, 6.0, 468.6)","(0.2, 0.0, 0.0, 1.0)"
0,858640.4,0,0,0,0,0,0,0,0,0,"(0.0, 0.0)","(0.0, 0.0)","(0.0, 0.0)","(0.0, 0.0, 0.0)","(0.0, 0.0, 0.0)","(0.0, 0.0, 0.0)","(0.0, 0.0, 0.0)","(0.0, 0.0, 0.0)","(0.0, 0.0, 0.0)",0,0,0,0,0,0,False,0,0,0,0,0,0,0,0,"(0.0, 6.0, 468.7)","(0.2, 0.0, 0.0, 1.0)"
0,858656.4,0,0,0,0,0,0,0,0,0,"(0.0, 0.0)","(0.0, 0.0)","(0.0, 0.0)","(0.0, 0.0, 0.0)","(0.0, 0.0, 0.0)","(0.0, 0.0, 0.0)","(0.0, 0.0, 0.0)","(0.0, 0.0, 0.0)","(0.0, 0.0, 0.0)",0,0,0,0,0,0,False,0,0,0,0,0,0,0,0,"(0.0, 6.0, 468.9)","(0.2, 0.0, 0.0, 1.0)"
0,858679.3,0,0,0,0,0,0,0,0,0,"(0.0, 0.0)","(0.0, 0.0)","(0.0, 0.0)","(0.0, 0.0, 0.0)","(0.0, 0.0, 0.0)","(0.0, 0.0, 0.0)","(0.0, 0.0, 0.0)","(0.0, 0.0, 0.0)","(0.0, 0.0, 0.0)",0,0,0,0,0,0,False,0,0,0,0,0,0,0,0,"(0.0, 6.0, 469.1)","(0.2, 0.0, 0.0, 1.0)"
0,858701.9,0,0,0,0,0,0,0,0,0,"(0.0, 0.0)","(0.0, 0.0)","(0.0, 0.0)","(0.0, 0.0, 0.0)","(0.0, 0.0, 0.0)","(0.0, 0.0, 0.0)","(0.0, 0.0, 0.0)","(0.0, 0.0, 0.0)","(0.0, 0.0, 0.0)",0,0,0,0,0,0,False,0,0,0,0,0,0,0,0,"(0.0, 6.0, 469.3)","(0.2, 0.0, 0.0, 1.0)"
0,858723.4,0,0,0,0,0,0,0,0,0,"(0.0, 0.0)","(0.0, 0.0)","(0.0, 0.0)","(0.0, 0.0, 0.0)","(0.0, 0.0, 0.0)","(0.0, 0.0, 0.0)","(0.0, 0.0, 0.0)","(0.0, 0.0, 0.0)","(0.0, 0.0, 0.0)",0,0,0,0,0,0,False,0,0,0,0,0,0,0,0,"(0.0, 6.0, 469.5)","(0.2, 0.0, 0.0, 1.0)"
0,858745.8,0,0,0,0,0,0,0,0,0,"(0.0, 0.0)","(0.0, 0.0)","(0.0, 0.0)","(0.0, 0.0, 0.0)","(0.0, 0.0, 0.0)","(0.0, 0.0, 0.0)","(0.0, 0.0, 0.0)","(0.0, 0.0, 0.0)","(0.0, 0.0, 0.0)",0,0,0,0,0,0,False,0,0,0,0,0,0,0,0,"(0.0, 6.0, 469.7)","(0.2, 0.0, 0.0, 1.0)"
0,858772.4,0,0,0,0,0,0,0,0,0,"(0.0, 0.0)","(0.0, 0.0)","(0.0, 0.0)","(0.0, 0.0, 0.0)","(0.0, 0.0, 0.0)","(0.0, 0.0, 0.0)","(0.0, 0.0, 0.0)","(0.0, 0.0, 0.0)","(0.0, 0.0, 0.0)",0,0,0,0,0,0,False,0,0,0,0,0,0,0,0,"(0.0, 6.0, 469.9)","(0.2, 0.0, 0.0, 1.0)"
0,858790.3,0,0,0,0,0,0,0,0,0,"(0.0, 0.0)","(0.0, 0.0)","(0.0, 0.0)","(0.0, 0.0, 0.0)","(0.0, 0.0, 0.0)","(0.0, 0.0, 0.0)","(0.0, 0.0, 0.0)","(0.0, 0.0, 0.0)","(0.0, 0.0, 0.0)",0,0,0,0,0,0,False,0,0,0,0,0,0,0,0,"(0.0, 6.0, 470.1)","(0.2, 0.0, 0.0, 1.0)"
0,858812.7,0,0,0,0,0,0,0,0,0,"(0.0, 0.0)","(0.0, 0.0)","(0.0, 0.0)","(0.0, 0.0, 0.0)","(0.0, 0.0, 0.0)","(0.0, 0.0, 0.0)","(0.0, 0.0, 0.0)","(0.0, 0.0, 0.0)","(0.0, 0.0, 0.0)",0,0,0,0,0,0,False,0,0,0,0,0,0,0,0,"(0.0, 6.0, 470.3)","(0.2, 0.0, 0.0, 1.0)"
0,858835.1,0,0,0,0,0,0,0,0,0,"(0.0, 0.0)","(0.0, 0.0)","(0.0, 0.0)","(0.0, 0.0, 0.0)","(0.0, 0.0, 0.0)","(0.0, 0.0, 0.0)","(0.0, 0.0, 0.0)","(0.0, 0.0, 0.0)","(0.0, 0.0, 0.0)",0,0,0,0,0,0,False,0,0,0,0,0,0,0,0,"(0.0, 6.0, 470.5)","(0.2, 0.0, 0.0, 1.0)"
0,858856.6,0,0,0,0,0,0,0,0,0,"(0.0, 0.0)","(0.0, 0.0)","(0.0, 0.0)","(0.0, 0.0, 0.0)","(0.0, 0.0, 0.0)","(0.0, 0.0, 0.0)","(0.0, 0.0, 0.0)","(0.0, 0.0, 0.0)","(0.0, 0.0, 0.0)",0,0,0,0,0,0,False,0,0,0,0,0,0,0,0,"(0.0, 6.0, 470.7)","(0.2, 0.0, 0.0, 1.0)"
0,858879.4,0,0,0,0,0,0,0,0,0,"(0.0, 0.0)","(0.0, 0.0)","(0.0, 0.0)","(0.0, 0.0, 0.0)","(0.0, 0.0, 0.0)","(0.0, 0.0, 0.0)","(0.0, 0.0, 0.0)","(0.0, 0.0, 0.0)","(0.0, 0.0, 0.0)",0,0,0,0,0,0,False,0,0,0,0,0,0,0,0,"(0.0, 6.0, 471.0)","(0.2, 0.0, 0.0, 1.0)"
0,858902,0,0,0,0,0,0,0,0,0,"(0.0, 0.0)","(0.0, 0.0)","(0.0, 0.0)","(0.0, 0.0, 0.0)","(0.0, 0.0, 0.0)","(0.0, 0.0, 0.0)","(0.0, 0.0, 0.0)","(0.0, 0.0, 0.0)","(0.0, 0.0, 0.0)",0,0,0,0,0,0,False,0,0,0,0,0,0,0,0,"(0.0, 6.0, 471.2)","(0.2, 0.0, 0.0, 1.0)"
0,858922.9,0,0,0,0,0,0,0,0,0,"(0.0, 0.0)","(0.0, 0.0)","(0.0, 0.0)","(0.0, 0.0, 0.0)","(0.0, 0.0, 0.0)","(0.0, 0.0, 0.0)","(0.0, 0.0, 0.0)","(0.0, 0.0, 0.0)","(0.0, 0.0, 0.0)",0,0,0,0,0,0,False,0,0,0,0,0,0,0,0,"(0.0, 6.0, 471.4)","(0.2, 0.0, 0.0, 1.0)"
0,858946,0,0,0,0,0,0,0,0,0,"(0.0, 0.0)","(0.0, 0.0)","(0.0, 0.0)","(0.0, 0.0, 0.0)","(0.0, 0.0, 0.0)","(0.0, 0.0, 0.0)","(0.0, 0.0, 0.0)","(0.0, 0.0, 0.0)","(0.0, 0.0, 0.0)",0,0,0,0,0,0,False,0,0,0,0,0,0,0,0,"(0.0, 6.0, 471.6)","(0.2, 0.0, 0.0, 1.0)"
0,858968.2,0,0,0,0,0,0,0,0,0,"(0.0, 0.0)","(0.0, 0.0)","(0.0, 0.0)","(0.0, 0.0, 0.0)","(0.0, 0.0, 0.0)","(0.0, 0.0, 0.0)","(0.0, 0.0, 0.0)","(0.0, 0.0, 0.0)","(0.0, 0.0, 0.0)",0,0,0,0,0,0,False,0,0,0,0,0,0,0,0,"(0.0, 6.0, 471.8)","(0.2, 0.0, 0.0, 1.0)"
0,858989.5,0,0,0,0,0,0,0,0,0,"(0.0, 0.0)","(0.0, 0.0)","(0.0, 0.0)","(0.0, 0.0, 0.0)","(0.0, 0.0, 0.0)","(0.0, 0.0, 0.0)","(0.0, 0.0, 0.0)","(0.0, 0.0, 0.0)","(0.0, 0.0, 0.0)",0,0,0,0,0,0,False,0,0,0,0,0,0,0,0,"(0.0, 6.0, 472.0)","(0.2, 0.0, 0.0, 1.0)"
0,859012.4,0,0,0,0,0,0,0,0,0,"(0.0, 0.0)","(0.0, 0.0)","(0.0, 0.0)","(0.0, 0.0, 0.0)","(0.0, 0.0, 0.0)","(0.0, 0.0, 0.0)","(0.0, 0.0, 0.0)","(0.0, 0.0, 0.0)","(0.0, 0.0, 0.0)",0,0,0,0,0,0,False,0,0,0,0,0,0,0,0,"(0.0, 6.0, 472.2)","(0.2, 0.0, 0.0, 1.0)"
0,859035.5,0,0,0,0,0,0,0,0,0,"(0.0, 0.0)","(0.0, 0.0)","(0.0, 0.0)","(0.0, 0.0, 0.0)","(0.0, 0.0, 0.0)","(0.0, 0.0, 0.0)","(0.0, 0.0, 0.0)","(0.0, 0.0, 0.0)","(0.0, 0.0, 0.0)",0,0,0,0,0,0,False,0,0,0,0,0,0,0,0,"(0.0, 6.0, 472.5)","(0.2, 0.0, 0.0, 1.0)"
0,859056.1,0,0,0,0,0,0,0,0,0,"(0.0, 0.0)","(0.0, 0.0)","(0.0, 0.0)","(0.0, 0.0, 0.0)","(0.0, 0.0, 0.0)","(0.0, 0.0, 0.0)","(0.0, 0.0, 0.0)","(0.0, 0.0, 0.0)","(0.0, 0.0, 0.0)",0,0,0,0,0,0,False,0,0,0,0,0,0,0,0,"(0.0, 6.0, 472.7)","(0.2, 0.0, 0.0, 1.0)"
0,859079.1,0,0,0,0,0,0,0,0,0,"(0.0, 0.0)","(0.0, 0.0)","(0.0, 0.0)","(0.0, 0.0, 0.0)","(0.0, 0.0, 0.0)","(0.0, 0.0, 0.0)","(0.0, 0.0, 0.0)","(0.0, 0.0, 0.0)","(0.0, 0.0, 0.0)",0,0,0,0,0,0,False,0,0,0,0,0,0,0,0,"(0.0, 6.0, 472.9)","(0.2, 0.0, 0.0, 1.0)"
0,859101.9,0,0,0,0,0,0,0,0,0,"(0.0, 0.0)","(0.0, 0.0)","(0.0, 0.0)","(0.0, 0.0, 0.0)","(0.0, 0.0, 0.0)","(0.0, 0.0, 0.0)","(0.0, 0.0, 0.0)","(0.0, 0.0, 0.0)","(0.0, 0.0, 0.0)",0,0,0,0,0,0,False,0,0,0,0,0,0,0,0,"(0.0, 6.0, 473.1)","(0.2, 0.0, 0.0, 1.0)"
0,859122.9,0,0,0,0,0,0,0,0,0,"(0.0, 0.0)","(0.0, 0.0)","(0.0, 0.0)","(0.0, 0.0, 0.0)","(0.0, 0.0, 0.0)","(0.0, 0.0, 0.0)","(0.0, 0.0, 0.0)","(0.0, 0.0, 0.0)","(0.0, 0.0, 0.0)",0,0,0,0,0,0,False,0,0,0,0,0,0,0,0,"(0.0, 6.0, 473.3)","(0.2, 0.0, 0.0, 1.0)"
0,859145.2,0,0,0,0,0,0,0,0,0,"(0.0, 0.0)","(0.0, 0.0)","(0.0, 0.0)","(0.0, 0.0, 0.0)","(0.0, 0.0, 0.0)","(0.0, 0.0, 0.0)","(0.0, 0.0, 0.0)","(0.0, 0.0, 0.0)","(0.0, 0.0, 0.0)",0,0,0,0,0,0,False,0,0,0,0,0,0,0,0,"(0.0, 6.0, 473.5)","(0.2, 0.0, 0.0, 1.0)"
0,859163.3,0,0,0,0,0,0,0,0,0,"(0.0, 0.0)","(0.0, 0.0)","(0.0, 0.0)","(0.0, 0.0, 0.0)","(0.0, 0.0, 0.0)","(0.0, 0.0, 0.0)","(0.0, 0.0, 0.0)","(0.0, 0.0, 0.0)","(0.0, 0.0, 0.0)",0,0,0,0,0,0,False,0,0,0,0,0,0,0,0,"(0.0, 6.0, 473.8)","(0.2, 0.0, 0.0, 1.0)"
0,859183.3,0,0,0,0,0,0,0,0,0,"(0.0, 0.0)","(0.0, 0.0)","(0.0, 0.0)","(0.0, 0.0, 0.0)","(0.0, 0.0, 0.0)","(0.0, 0.0, 0.0)","(0.0, 0.0, 0.0)","(0.0, 0.0, 0.0)","(0.0, 0.0, 0.0)",0,0,0,0,0,0,False,0,0,0,0,0,0,0,0,"(0.0, 6.0, 474.0)","(0.2, 0.0, 0.0, 1.0)"
0,859202.5,0,0,0,0,0,0,0,0,0,"(0.0, 0.0)","(0.0, 0.0)","(0.0, 0.0)","(0.0, 0.0, 0.0)","(0.0, 0.0, 0.0)","(0.0, 0.0, 0.0)","(0.0, 0.0, 0.0)","(0.0, 0.0, 0.0)","(0.0, 0.0, 0.0)",0,0,0,0,0,0,False,0,0,0,0,0,0,0,0,"(0.0, 6.0, 474.2)","(0.2, 0.0, 0.0, 1.0)"
0,859220.3,0,0,0,0,0,0,0,0,0,"(0.0, 0.0)","(0.0, 0.0)","(0.0, 0.0)","(0.0, 0.0, 0.0)","(0.0, 0.0, 0.0)","(0.0, 0.0, 0.0)","(0.0, 0.0, 0.0)","(0.0, 0.0, 0.0)","(0.0, 0.0, 0.0)",0,0,0,0,0,0,False,0,0,0,0,0,0,0,0,"(0.0, 6.0, 474.4)","(0.2, 0.0, 0.0, 1.0)"
0,859239.3,0,0,0,0,0,0,0,0,0,"(0.0, 0.0)","(0.0, 0.0)","(0.0, 0.0)","(0.0, 0.0, 0.0)","(0.0, 0.0, 0.0)","(0.0, 0.0, 0.0)","(0.0, 0.0, 0.0)","(0.0, 0.0, 0.0)","(0.0, 0.0, 0.0)",0,0,0,0,0,0,False,0,0,0,0,0,0,0,0,"(0.0, 6.0, 474.6)","(0.2, 0.0, 0.0, 1.0)"
0,859256.7,0,0,0,0,0,0,0,0,0,"(0.0, 0.0)","(0.0, 0.0)","(0.0, 0.0)","(0.0, 0.0, 0.0)","(0.0, 0.0, 0.0)","(0.0, 0.0, 0.0)","(0.0, 0.0, 0.0)","(0.0, 0.0, 0.0)","(0.0, 0.0, 0.0)",0,0,0,0,0,0,False,0,0,0,0,0,0,0,0,"(0.0, 6.0, 474.8)","(0.2, 0.0, 0.0, 1.0)"
0,859277.9,0,0,0,0,0,0,0,0,0,"(0.0, 0.0)","(0.0, 0.0)","(0.0, 0.0)","(0.0, 0.0, 0.0)","(0.0, 0.0, 0.0)","(0.0, 0.0, 0.0)","(0.0, 0.0, 0.0)","(0.0, 0.0, 0.0)","(0.0, 0.0, 0.0)",0,0,0,0,0,0,False,0,0,0,0,0,0,0,0,"(0.0, 6.0, 475.0)","(0.2, 0.0, 0.0, 1.0)"
0,859296.5,0,0,0,0,0,0,0,0,0,"(0.0, 0.0)","(0.0, 0.0)","(0.0, 0.0)","(0.0, 0.0, 0.0)","(0.0, 0.0, 0.0)","(0.0, 0.0, 0.0)","(0.0, 0.0, 0.0)","(0.0, 0.0, 0.0)","(0.0, 0.0, 0.0)",0,0,0,0,0,0,False,0,0,0,0,0,0,0,0,"(0.0, 6.0, 475.2)","(0.2, 0.0, 0.0, 1.0)"
0,859312.3,0,0,0,0,0,0,0,0,0,"(0.0, 0.0)","(0.0, 0.0)","(0.0, 0.0)","(0.0, 0.0, 0.0)","(0.0, 0.0, 0.0)","(0.0, 0.0, 0.0)","(0.0, 0.0, 0.0)","(0.0, 0.0, 0.0)","(0.0, 0.0, 0.0)",0,0,0,0,0,0,False,0,0,0,0,0,0,0,0,"(0.0, 6.0, 475.4)","(0.2, 0.0, 0.0, 1.0)"
0,859329.8,0,0,0,0,0,0,0,0,0,"(0.0, 0.0)","(0.0, 0.0)","(0.0, 0.0)","(0.0, 0.0, 0.0)","(0.0, 0.0, 0.0)","(0.0, 0.0, 0.0)","(0.0, 0.0, 0.0)","(0.0, 0.0, 0.0)","(0.0, 0.0, 0.0)",0,0,0,0,0,0,False,0,0,0,0,0,0,0,0,"(0.0, 6.0, 475.6)","(0.2, 0.0, 0.0, 1.0)"
0,859349.7,0,0,0,0,0,0,0,0,0,"(0.0, 0.0)","(0.0, 0.0)","(0.0, 0.0)","(0.0, 0.0, 0.0)","(0.0, 0.0, 0.0)","(0.0, 0.0, 0.0)","(0.0, 0.0, 0.0)","(0.0, 0.0, 0.0)","(0.0, 0.0, 0.0)",0,0,0,0,0,0,False,0,0,0,0,0,0,0,0,"(0.0, 6.0, 475.8)","(0.2, 0.0, 0.0, 1.0)"
0,859368.7,0,0,0,0,0,0,0,0,0,"(0.0, 0.0)","(0.0, 0.0)","(0.0, 0.0)","(0.0, 0.0, 0.0)","(0.0, 0.0, 0.0)","(0.0, 0.0, 0.0)","(0.0, 0.0, 0.0)","(0.0, 0.0, 0.0)","(0.0, 0.0, 0.0)",0,0,0,0,0,0,False,0,0,0,0,0,0,0,0,"(0.0, 6.0, 476.0)","(0.2, 0.0, 0.0, 1.0)"
0,859386.6,0,0,0,0,0,0,0,0,0,"(0.0, 0.0)","(0.0, 0.0)","(0.0, 0.0)","(0.0, 0.0, 0.0)","(0.0, 0.0, 0.0)","(0.0, 0.0, 0.0)","(0.0, 0.0, 0.0)","(0.0, 0.0, 0.0)","(0.0, 0.0, 0.0)",0,0,0,0,0,0,False,0,0,0,0,0,0,0,0,"(0.0, 6.0, 476.2)","(0.2, 0.0, 0.0, 1.0)"
0,859404.8,0,0,0,0,0,0,0,0,0,"(0.0, 0.0)","(0.0, 0.0)","(0.0, 0.0)","(0.0, 0.0, 0.0)","(0.0, 0.0, 0.0)","(0.0, 0.0, 0.0)","(0.0, 0.0, 0.0)","(0.0, 0.0, 0.0)","(0.0, 0.0, 0.0)",0,0,0,0,0,0,False,0,0,0,0,0,0,0,0,"(0.0, 6.0, 476.4)","(0.2, 0.0, 0.0, 1.0)"
0,859424.4,0,0,0,0,0,0,0,0,0,"(0.0, 0.0)","(0.0, 0.0)","(0.0, 0.0)","(0.0, 0.0, 0.0)","(0.0, 0.0, 0.0)","(0.0, 0.0, 0.0)","(0.0, 0.0, 0.0)","(0.0, 0.0, 0.0)","(0.0, 0.0, 0.0)",0,0,0,0,0,0,False,0,0,0,0,0,0,0,0,"(0.0, 6.0, 476.6)","(0.2, 0.0, 0.0, 1.0)"
0,859441.6,0,0,0,0,0,0,0,0,0,"(0.0, 0.0)","(0.0, 0.0)","(0.0, 0.0)","(0.0, 0.0, 0.0)","(0.0, 0.0, 0.0)","(0.0, 0.0, 0.0)","(0.0, 0.0, 0.0)","(0.0, 0.0, 0.0)","(0.0, 0.0, 0.0)",0,0,0,0,0,0,False,0,0,0,0,0,0,0,0,"(0.0, 6.0, 476.8)","(0.2, 0.0, 0.0, 1.0)"
0,859460.3,0,0,0,0,0,0,0,0,0,"(0.0, 0.0)","(0.0, 0.0)","(0.0, 0.0)","(0.0, 0.0, 0.0)","(0.0, 0.0, 0.0)","(0.0, 0.0, 0.0)","(0.0, 0.0, 0.0)","(0.0, 0.0, 0.0)","(0.0, 0.0, 0.0)",0,0,0,0,0,0,False,0,0,0,0,0,0,0,0,"(0.0, 6.0, 476.9)","(0.2, 0.0, 0.0, 1.0)"
0,859479.2,0,0,0,0,0,0,0,0,0,"(0.0, 0.0)","(0.0, 0.0)","(0.0, 0.0)","(0.0, 0.0, 0.0)","(0.0, 0.0, 0.0)","(0.0, 0.0, 0.0)","(0.0, 0.0, 0.0)","(0.0, 0.0, 0.0)","(0.0, 0.0, 0.0)",0,0,0,0,0,0,False,0,0,0,0,0,0,0,0,"(0.0, 6.0, 477.1)","(0.2, 0.0, 0.0, 1.0)"
0,859496.4,0,0,0,0,0,0,0,0,0,"(0.0, 0.0)","(0.0, 0.0)","(0.0, 0.0)","(0.0, 0.0, 0.0)","(0.0, 0.0, 0.0)","(0.0, 0.0, 0.0)","(0.0, 0.0, 0.0)","(0.0, 0.0, 0.0)","(0.0, 0.0, 0.0)",0,0,0,0,0,0,False,0,0,0,0,0,0,0,0,"(0.0, 6.0, 477.3)","(0.2, 0.0, 0.0, 1.0)"
0,859514.7,0,0,0,0,0,0,0,0,0,"(0.0, 0.0)","(0.0, 0.0)","(0.0, 0.0)","(0.0, 0.0, 0.0)","(0.0, 0.0, 0.0)","(0.0, 0.0, 0.0)","(0.0, 0.0, 0.0)","(0.0, 0.0, 0.0)","(0.0, 0.0, 0.0)",0,0,0,0,0,0,False,0,0,0,0,0,0,0,0,"(0.0, 6.0, 477.5)","(0.2, 0.0, 0.0, 1.0)"
0,859532.5,0,0,0,0,0,0,0,0,0,"(0.0, 0.0)","(0.0, 0.0)","(0.0, 0.0)","(0.0, 0.0, 0.0)","(0.0, 0.0, 0.0)","(0.0, 0.0, 0.0)","(0.0, 0.0, 0.0)","(0.0, 0.0, 0.0)","(0.0, 0.0, 0.0)",0,0,0,0,0,0,False,0,0,0,0,0,0,0,0,"(0.0, 6.0, 477.7)","(0.2, 0.0, 0.0, 1.0)"
0,859552.1,0,0,0,0,0,0,0,0,0,"(0.0, 0.0)","(0.0, 0.0)","(0.0, 0.0)","(0.0, 0.0, 0.0)","(0.0, 0.0, 0.0)","(0.0, 0.0, 0.0)","(0.0, 0.0, 0.0)","(0.0, 0.0, 0.0)","(0.0, 0.0, 0.0)",0,0,0,0,0,0,False,0,0,0,0,0,0,0,0,"(0.0, 6.0, 477.9)","(0.2, 0.0, 0.0, 1.0)"
0,859570.9,0,0,0,0,0,0,0,0,0,"(0.0, 0.0)","(0.0, 0.0)","(0.0, 0.0)","(0.0, 0.0, 0.0)","(0.0, 0.0, 0.0)","(0.0, 0.0, 0.0)","(0.0, 0.0, 0.0)","(0.0, 0.0, 0.0)","(0.0, 0.0, 0.0)",0,0,0,0,0,0,False,0,0,0,0,0,0,0,0,"(0.0, 6.0, 478.1)","(0.2, 0.0, 0.0, 1.0)"
0,859587.4,0,0,0,0,0,0,0,0,0,"(0.0, 0.0)","(0.0, 0.0)","(0.0, 0.0)","(0.0, 0.0, 0.0)","(0.0, 0.0, 0.0)","(0.0, 0.0, 0.0)","(0.0, 0.0, 0.0)","(0.0, 0.0, 0.0)","(0.0, 0.0, 0.0)",0,0,0,0,0,0,False,0,0,0,0,0,0,0,0,"(0.0, 6.0, 478.3)","(0.2, 0.0, 0.0, 1.0)"
0,859605.9,0,0,0,0,0,0,0,0,0,"(0.0, 0.0)","(0.0, 0.0)","(0.0, 0.0)","(0.0, 0.0, 0.0)","(0.0, 0.0, 0.0)","(0.0, 0.0, 0.0)","(0.0, 0.0, 0.0)","(0.0, 0.0, 0.0)","(0.0, 0.0, 0.0)",0,0,0,0,0,0,False,0,0,0,0,0,0,0,0,"(0.0, 6.0, 478.4)","(0.2, 0.0, 0.0, 1.0)"
0,859627.4,0,0,0,0,0,0,0,0,0,"(0.0, 0.0)","(0.0, 0.0)","(0.0, 0.0)","(0.0, 0.0, 0.0)","(0.0, 0.0, 0.0)","(0.0, 0.0, 0.0)","(0.0, 0.0, 0.0)","(0.0, 0.0, 0.0)","(0.0, 0.0, 0.0)",0,0,0,0,0,0,False,0,0,0,0,0,0,0,0,"(0.0, 6.0, 478.6)","(0.2, 0.0, 0.0, 1.0)"
0,859645.8,0,0,0,0,0,0,0,0,0,"(0.0, 0.0)","(0.0, 0.0)","(0.0, 0.0)","(0.0, 0.0, 0.0)","(0.0, 0.0, 0.0)","(0.0, 0.0, 0.0)","(0.0, 0.0, 0.0)","(0.0, 0.0, 0.0)","(0.0, 0.0, 0.0)",0,0,0,0,0,0,False,0,0,0,0,0,0,0,0,"(0.0, 6.0, 478.8)","(0.2, 0.0, 0.0, 1.0)"
0,859668.5,0,0,0,0,0,0,0,0,0,"(0.0, 0.0)","(0.0, 0.0)","(0.0, 0.0)","(0.0, 0.0, 0.0)","(0.0, 0.0, 0.0)","(0.0, 0.0, 0.0)","(0.0, 0.0, 0.0)","(0.0, 0.0, 0.0)","(0.0, 0.0, 0.0)",0,0,0,0,0,0,False,0,0,0,0,0,0,0,0,"(0.0, 6.0, 479.0)","(0.2, 0.0, 0.0, 1.0)"
0,859689.6,0,0,0,0,0,0,0,0,0,"(0.0, 0.0)","(0.0, 0.0)","(0.0, 0.0)","(0.0, 0.0, 0.0)","(0.0, 0.0, 0.0)","(0.0, 0.0, 0.0)","(0.0, 0.0, 0.0)","(0.0, 0.0, 0.0)","(0.0, 0.0, 0.0)",0,0,0,0,0,0,False,0,0,0,0,0,0,0,0,"(0.0, 6.0, 479.2)","(0.2, 0.0, 0.0, 1.0)"
0,859712.3,0,0,0,0,0,0,0,0,0,"(0.0, 0.0)","(0.0, 0.0)","(0.0, 0.0)","(0.0, 0.0, 0.0)","(0.0, 0.0, 0.0)","(0.0, 0.0, 0.0)","(0.0, 0.0, 0.0)","(0.0, 0.0, 0.0)","(0.0, 0.0, 0.0)",0,0,0,0,0,0,False,0,0,0,0,0,0,0,0,"(0.0, 6.0, 479.4)","(0.2, 0.0, 0.0, 1.0)"
0,859734.8,0,0,0,0,0,0,0,0,0,"(0.0, 0.0)","(0.0, 0.0)","(0.0, 0.0)","(0.0, 0.0, 0.0)","(0.0, 0.0, 0.0)","(0.0, 0.0, 0.0)","(0.0, 0.0, 0.0)","(0.0, 0.0, 0.0)","(0.0, 0.0, 0.0)",0,0,0,0,0,0,False,0,0,0,0,0,0,0,0,"(0.0, 6.0, 479.6)","(0.2, 0.0, 0.0, 1.0)"
0,859756,0,0,0,0,0,0,0,0,0,"(0.0, 0.0)","(0.0, 0.0)","(0.0, 0.0)","(0.0, 0.0, 0.0)","(0.0, 0.0, 0.0)","(0.0, 0.0, 0.0)","(0.0, 0.0, 0.0)","(0.0, 0.0, 0.0)","(0.0, 0.0, 0.0)",0,0,0,0,0,0,False,0,0,0,0,0,0,0,0,"(0.0, 6.0, 479.8)","(0.2, 0.0, 0.0, 1.0)"
0,859778.8,0,0,0,0,0,0,0,0,0,"(0.0, 0.0)","(0.0, 0.0)","(0.0, 0.0)","(0.0, 0.0, 0.0)","(0.0, 0.0, 0.0)","(0.0, 0.0, 0.0)","(0.0, 0.0, 0.0)","(0.0, 0.0, 0.0)","(0.0, 0.0, 0.0)",0,0,0,0,0,0,False,0,0,0,0,0,0,0,0,"(0.0, 6.0, 480.0)","(0.2, 0.0, 0.0, 1.0)"
0,859801.8,0,0,0,0,0,0,0,0,0,"(0.0, 0.0)","(0.0, 0.0)","(0.0, 0.0)","(0.0, 0.0, 0.0)","(0.0, 0.0, 0.0)","(0.0, 0.0, 0.0)","(0.0, 0.0, 0.0)","(0.0, 0.0, 0.0)","(0.0, 0.0, 0.0)",0,0,0,0,0,0,False,0,0,0,0,0,0,0,0,"(0.0, 6.0, 480.2)","(0.2, 0.0, 0.0, 1.0)"
0,859822.8,0,0,0,0,0,0,0,0,0,"(0.0, 0.0)","(0.0, 0.0)","(0.0, 0.0)","(0.0, 0.0, 0.0)","(0.0, 0.0, 0.0)","(0.0, 0.0, 0.0)","(0.0, 0.0, 0.0)","(0.0, 0.0, 0.0)","(0.0, 0.0, 0.0)",0,0,0,0,0,0,False,0,0,0,0,0,0,0,0,"(0.0, 6.0, 480.4)","(0.2, 0.0, 0.0, 1.0)"
0,859845.4,0,0,0,0,0,0,0,0,0,"(0.0, 0.0)","(0.0, 0.0)","(0.0, 0.0)","(0.0, 0.0, 0.0)","(0.0, 0.0, 0.0)","(0.0, 0.0, 0.0)","(0.0, 0.0, 0.0)","(0.0, 0.0, 0.0)","(0.0, 0.0, 0.0)",0,0,0,0,0,0,False,0,0,0,0,0,0,0,0,"(0.0, 6.0, 480.6)","(0.2, 0.0, 0.0, 1.0)"
0,859867.9,0,0,0,0,0,0,0,0,0,"(0.0, 0.0)","(0.0, 0.0)","(0.0, 0.0)","(0.0, 0.0, 0.0)","(0.0, 0.0, 0.0)","(0.0, 0.0, 0.0)","(0.0, 0.0, 0.0)","(0.0, 0.0, 0.0)","(0.0, 0.0, 0.0)",0,0,0,0,0,0,False,0,0,0,0,0,0,0,0,"(0.0, 6.0, 480.8)","(0.2, 0.0, 0.0, 1.0)"
0,859889.4,0,0,0,0,0,0,0,0,0,"(0.0, 0.0)","(0.0, 0.0)","(0.0, 0.0)","(0.0, 0.0, 0.0)","(0.0, 0.0, 0.0)","(0.0, 0.0, 0.0)","(0.0, 0.0, 0.0)","(0.0, 0.0, 0.0)","(0.0, 0.0, 0.0)",0,0,0,0,0,0,False,0,0,0,0,0,0,0,0,"(0.0, 6.0, 481.0)","(0.2, 0.0, 0.0, 1.0)"
0,859912,0,0,0,0,0,0,0,0,0,"(0.0, 0.0)","(0.0, 0.0)","(0.0, 0.0)","(0.0, 0.0, 0.0)","(0.0, 0.0, 0.0)","(0.0, 0.0, 0.0)","(0.0, 0.0, 0.0)","(0.0, 0.0, 0.0)","(0.0, 0.0, 0.0)",0,0,0,0,0,0,False,0,0,0,0,0,0,0,0,"(0.0, 6.0, 481.3)","(0.2, 0.0, 0.0, 1.0)"
0,859934.3,0,0,0,0,0,0,0,0,0,"(0.0, 0.0)","(0.0, 0.0)","(0.0, 0.0)","(0.0, 0.0, 0.0)","(0.0, 0.0, 0.0)","(0.0, 0.0, 0.0)","(0.0, 0.0, 0.0)","(0.0, 0.0, 0.0)","(0.0, 0.0, 0.0)",0,0,0,0,0,0,False,0,0,0,0,0,0,0,0,"(0.0, 6.0, 481.5)","(0.2, 0.0, 0.0, 1.0)"
0,859956,0,0,0,0,0,0,0,0,0,"(0.0, 0.0)","(0.0, 0.0)","(0.0, 0.0)","(0.0, 0.0, 0.0)","(0.0, 0.0, 0.0)","(0.0, 0.0, 0.0)","(0.0, 0.0, 0.0)","(0.0, 0.0, 0.0)","(0.0, 0.0, 0.0)",0,0,0,0,0,0,False,0,0,0,0,0,0,0,0,"(0.0, 6.0, 481.7)","(0.2, 0.0, 0.0, 1.0)"
0,859978.9,0,0,0,0,0,0,0,0,0,"(0.0, 0.0)","(0.0, 0.0)","(0.0, 0.0)","(0.0, 0.0, 0.0)","(0.0, 0.0, 0.0)","(0.0, 0.0, 0.0)","(0.0, 0.0, 0.0)","(0.0, 0.0, 0.0)","(0.0, 0.0, 0.0)",0,0,0,0,0,0,False,0,0,0,0,0,0,0,0,"(0.0, 6.0, 481.9)","(0.2, 0.0, 0.0, 1.0)"
0,860001.4,0,0,0,0,0,0,0,0,0,"(0.0, 0.0)","(0.0, 0.0)","(0.0, 0.0)","(0.0, 0.0, 0.0)","(0.0, 0.0, 0.0)","(0.0, 0.0, 0.0)","(0.0, 0.0, 0.0)","(0.0, 0.0, 0.0)","(0.0, 0.0, 0.0)",0,0,0,0,0,0,False,0,0,0,0,0,0,0,0,"(0.0, 6.0, 482.1)","(0.2, 0.0, 0.0, 1.0)"
0,860023.4,0,0,0,0,0,0,0,0,0,"(0.0, 0.0)","(0.0, 0.0)","(0.0, 0.0)","(0.0, 0.0, 0.0)","(0.0, 0.0, 0.0)","(0.0, 0.0, 0.0)","(0.0, 0.0, 0.0)","(0.0, 0.0, 0.0)","(0.0, 0.0, 0.0)",0,0,0,0,0,0,False,0,0,0,0,0,0,0,0,"(0.0, 6.0, 482.3)","(0.2, 0.0, 0.0, 1.0)"
0,860045.3,0,0,0,0,0,0,0,0,0,"(0.0, 0.0)","(0.0, 0.0)","(0.0, 0.0)","(0.0, 0.0, 0.0)","(0.0, 0.0, 0.0)","(0.0, 0.0, 0.0)","(0.0, 0.0, 0.0)","(0.0, 0.0, 0.0)","(0.0, 0.0, 0.0)",0,0,0,0,0,0,False,0,0,0,0,0,0,0,0,"(0.0, 6.0, 482.6)","(0.2, 0.0, 0.0, 1.0)"
0,860068.3,0,0,0,0,0,0,0,0,0,"(0.0, 0.0)","(0.0, 0.0)","(0.0, 0.0)","(0.0, 0.0, 0.0)","(0.0, 0.0, 0.0)","(0.0, 0.0, 0.0)","(0.0, 0.0, 0.0)","(0.0, 0.0, 0.0)","(0.0, 0.0, 0.0)",0,0,0,0,0,0,False,0,0,0,0,0,0,0,0,"(0.0, 6.0, 482.8)","(0.2, 0.0, 0.0, 1.0)"
0,860086.9,0,0,0,0,0,0,0,0,0,"(0.0, 0.0)","(0.0, 0.0)","(0.0, 0.0)","(0.0, 0.0, 0.0)","(0.0, 0.0, 0.0)","(0.0, 0.0, 0.0)","(0.0, 0.0, 0.0)","(0.0, 0.0, 0.0)","(0.0, 0.0, 0.0)",0,0,0,0,0,0,False,0,0,0,0,0,0,0,0,"(0.0, 6.0, 483.0)","(0.2, 0.0, 0.0, 1.0)"
0,860106.1,0,0,0,0,0,0,0,0,0,"(0.0, 0.0)","(0.0, 0.0)","(0.0, 0.0)","(0.0, 0.0, 0.0)","(0.0, 0.0, 0.0)","(0.0, 0.0, 0.0)","(0.0, 0.0, 0.0)","(0.0, 0.0, 0.0)","(0.0, 0.0, 0.0)",0,0,0,0,0,0,False,0,0,0,0,0,0,0,0,"(0.0, 6.0, 483.2)","(0.2, 0.0, 0.0, 1.0)"
0,860123.7,0,0,0,0,0,0,0,0,0,"(0.0, 0.0)","(0.0, 0.0)","(0.0, 0.0)","(0.0, 0.0, 0.0)","(0.0, 0.0, 0.0)","(0.0, 0.0, 0.0)","(0.0, 0.0, 0.0)","(0.0, 0.0, 0.0)","(0.0, 0.0, 0.0)",0,0,0,0,0,0,False,0,0,0,0,0,0,0,0,"(0.0, 6.0, 483.4)","(0.2, 0.0, 0.0, 1.0)"
0,860141.1,0,0,0,0,0,0,0,0,0,"(0.0, 0.0)","(0.0, 0.0)","(0.0, 0.0)","(0.0, 0.0, 0.0)","(0.0, 0.0, 0.0)","(0.0, 0.0, 0.0)","(0.0, 0.0, 0.0)","(0.0, 0.0, 0.0)","(0.0, 0.0, 0.0)",0,0,0,0,0,0,False,0,0,0,0,0,0,0,0,"(0.0, 6.0, 483.6)","(0.2, 0.0, 0.0, 1.0)"
0,860158.8,0,0,0,0,0,0,0,0,0,"(0.0, 0.0)","(0.0, 0.0)","(0.0, 0.0)","(0.0, 0.0, 0.0)","(0.0, 0.0, 0.0)","(0.0, 0.0, 0.0)","(0.0, 0.0, 0.0)","(0.0, 0.0, 0.0)","(0.0, 0.0, 0.0)",0,0,0,0,0,0,False,0,0,0,0,0,0,0,0,"(0.0, 6.0, 483.8)","(0.2, 0.0, 0.0, 1.0)"
0,860175.4,0,0,0,0,0,0,0,0,0,"(0.0, 0.0)","(0.0, 0.0)","(0.0, 0.0)","(0.0, 0.0, 0.0)","(0.0, 0.0, 0.0)","(0.0, 0.0, 0.0)","(0.0, 0.0, 0.0)","(0.0, 0.0, 0.0)","(0.0, 0.0, 0.0)",0,0,0,0,0,0,False,0,0,0,0,0,0,0,0,"(0.0, 6.0, 484.0)","(0.2, 0.0, 0.0, 1.0)"
0,860192.6,0,0,0,0,0,0,0,0,0,"(0.0, 0.0)","(0.0, 0.0)","(0.0, 0.0)","(0.0, 0.0, 0.0)","(0.0, 0.0, 0.0)","(0.0, 0.0, 0.0)","(0.0, 0.0, 0.0)","(0.0, 0.0, 0.0)","(0.0, 0.0, 0.0)",0,0,0,0,0,0,False,0,0,0,0,0,0,0,0,"(0.0, 6.0, 484.2)","(0.2, 0.0, 0.0, 1.0)"
0,860210,0,0,0,0,0,0,0,0,0,"(0.0, 0.0)","(0.0, 0.0)","(0.0, 0.0)","(0.0, 0.0, 0.0)","(0.0, 0.0, 0.0)","(0.0, 0.0, 0.0)","(0.0, 0.0, 0.0)","(0.0, 0.0, 0.0)","(0.0, 0.0, 0.0)",0,0,0,0,0,0,False,0,0,0,0,0,0,0,0,"(0.0, 6.0, 484.4)","(0.2, 0.0, 0.0, 1.0)"
0,860227.3,0,0,0,0,0,0,0,0,0,"(0.0, 0.0)","(0.0, 0.0)","(0.0, 0.0)","(0.0, 0.0, 0.0)","(0.0, 0.0, 0.0)","(0.0, 0.0, 0.0)","(0.0, 0.0, 0.0)","(0.0, 0.0, 0.0)","(0.0, 0.0, 0.0)",0,0,0,0,0,0,False,0,0,0,0,0,0,0,0,"(0.0, 6.0, 484.6)","(0.2, 0.0, 0.0, 1.0)"
0,860253.3,0,0,0,0,0,0,0,0,0,"(0.0, 0.0)","(0.0, 0.0)","(0.0, 0.0)","(0.0, 0.0, 0.0)","(0.0, 0.0, 0.0)","(0.0, 0.0, 0.0)","(0.0, 0.0, 0.0)","(0.0, 0.0, 0.0)","(0.0, 0.0, 0.0)",0,0,0,0,0,0,False,0,0,0,0,0,0,0,0,"(0.0, 6.0, 484.8)","(0.2, 0.0, 0.0, 1.0)"
0,860271.2,0,0,0,0,0,0,0,0,0,"(0.0, 0.0)","(0.0, 0.0)","(0.0, 0.0)","(0.0, 0.0, 0.0)","(0.0, 0.0, 0.0)","(0.0, 0.0, 0.0)","(0.0, 0.0, 0.0)","(0.0, 0.0, 0.0)","(0.0, 0.0, 0.0)",0,0,0,0,0,0,False,0,0,0,0,0,0,0,0,"(0.0, 6.0, 485.0)","(0.2, 0.0, 0.0, 1.0)"
0,860289.3,0,0,0,0,0,0,0,0,0,"(0.0, 0.0)","(0.0, 0.0)","(0.0, 0.0)","(0.0, 0.0, 0.0)","(0.0, 0.0, 0.0)","(0.0, 0.0, 0.0)","(0.0, 0.0, 0.0)","(0.0, 0.0, 0.0)","(0.0, 0.0, 0.0)",0,0,0,0,0,0,False,0,0,0,0,0,0,0,0,"(0.0, 6.0, 485.2)","(0.2, 0.0, 0.0, 1.0)"
0,860306.1,0,0,0,0,0,0,0,0,0,"(0.0, 0.0)","(0.0, 0.0)","(0.0, 0.0)","(0.0, 0.0, 0.0)","(0.0, 0.0, 0.0)","(0.0, 0.0, 0.0)","(0.0, 0.0, 0.0)","(0.0, 0.0, 0.0)","(0.0, 0.0, 0.0)",0,0,0,0,0,0,False,0,0,0,0,0,0,0,0,"(0.0, 6.0, 485.4)","(0.2, 0.0, 0.0, 1.0)"
0,860323.4,0,0,0,0,0,0,0,0,0,"(0.0, 0.0)","(0.0, 0.0)","(0.0, 0.0)","(0.0, 0.0, 0.0)","(0.0, 0.0, 0.0)","(0.0, 0.0, 0.0)","(0.0, 0.0, 0.0)","(0.0, 0.0, 0.0)","(0.0, 0.0, 0.0)",0,0,0,0,0,0,False,0,0,0,0,0,0,0,0,"(0.0, 6.0, 485.6)","(0.2, 0.0, 0.0, 1.0)"
0,860340.6,0,0,0,0,0,0,0,0,0,"(0.0, 0.0)","(0.0, 0.0)","(0.0, 0.0)","(0.0, 0.0, 0.0)","(0.0, 0.0, 0.0)","(0.0, 0.0, 0.0)","(0.0, 0.0, 0.0)","(0.0, 0.0, 0.0)","(0.0, 0.0, 0.0)",0,0,0,0,0,0,False,0,0,0,0,0,0,0,0,"(0.0, 6.0, 485.8)","(0.2, 0.0, 0.0, 1.0)"
0,860356.6,0,0,0,0,0,0,0,0,0,"(0.0, 0.0)","(0.0, 0.0)","(0.0, 0.0)","(0.0, 0.0, 0.0)","(0.0, 0.0, 0.0)","(0.0, 0.0, 0.0)","(0.0, 0.0, 0.0)","(0.0, 0.0, 0.0)","(0.0, 0.0, 0.0)",0,0,0,0,0,0,False,0,0,0,0,0,0,0,0,"(0.0, 6.0, 485.9)","(0.2, 0.0, 0.0, 1.0)"
0,860373.4,0,0,0,0,0,0,0,0,0,"(0.0, 0.0)","(0.0, 0.0)","(0.0, 0.0)","(0.0, 0.0, 0.0)","(0.0, 0.0, 0.0)","(0.0, 0.0, 0.0)","(0.0, 0.0, 0.0)","(0.0, 0.0, 0.0)","(0.0, 0.0, 0.0)",0,0,0,0,0,0,False,0,0,0,0,0,0,0,0,"(0.0, 6.0, 486.1)","(0.2, 0.0, 0.0, 1.0)"
0,860390.1,0,0,0,0,0,0,0,0,0,"(0.0, 0.0)","(0.0, 0.0)","(0.0, 0.0)","(0.0, 0.0, 0.0)","(0.0, 0.0, 0.0)","(0.0, 0.0, 0.0)","(0.0, 0.0, 0.0)","(0.0, 0.0, 0.0)","(0.0, 0.0, 0.0)",0,0,0,0,0,0,False,0,0,0,0,0,0,0,0,"(0.0, 6.0, 486.3)","(0.2, 0.0, 0.0, 1.0)"
0,860406.8,0,0,0,0,0,0,0,0,0,"(0.0, 0.0)","(0.0, 0.0)","(0.0, 0.0)","(0.0, 0.0, 0.0)","(0.0, 0.0, 0.0)","(0.0, 0.0, 0.0)","(0.0, 0.0, 0.0)","(0.0, 0.0, 0.0)","(0.0, 0.0, 0.0)",0,0,0,0,0,0,False,0,0,0,0,0,0,0,0,"(0.0, 6.0, 486.5)","(0.2, 0.0, 0.0, 1.0)"
0,860423.3,0,0,0,0,0,0,0,0,0,"(0.0, 0.0)","(0.0, 0.0)","(0.0, 0.0)","(0.0, 0.0, 0.0)","(0.0, 0.0, 0.0)","(0.0, 0.0, 0.0)","(0.0, 0.0, 0.0)","(0.0, 0.0, 0.0)","(0.0, 0.0, 0.0)",0,0,0,0,0,0,False,0,0,0,0,0,0,0,0,"(0.0, 6.0, 486.7)","(0.2, 0.0, 0.0, 1.0)"
0,860440,0,0,0,0,0,0,0,0,0,"(0.0, 0.0)","(0.0, 0.0)","(0.0, 0.0)","(0.0, 0.0, 0.0)","(0.0, 0.0, 0.0)","(0.0, 0.0, 0.0)","(0.0, 0.0, 0.0)","(0.0, 0.0, 0.0)","(0.0, 0.0, 0.0)",0,0,0,0,0,0,False,0,0,0,0,0,0,0,0,"(0.0, 6.0, 486.9)","(0.2, 0.0, 0.0, 1.0)"
0,860456.9,0,0,0,0,0,0,0,0,0,"(0.0, 0.0)","(0.0, 0.0)","(0.0, 0.0)","(0.0, 0.0, 0.0)","(0.0, 0.0, 0.0)","(0.0, 0.0, 0.0)","(0.0, 0.0, 0.0)","(0.0, 0.0, 0.0)","(0.0, 0.0, 0.0)",0,0,0,0,0,0,False,0,0,0,0,0,0,0,0,"(0.0, 6.0, 487.0)","(0.2, 0.0, 0.0, 1.0)"
0,860472.9,0,0,0,0,0,0,0,0,0,"(0.0, 0.0)","(0.0, 0.0)","(0.0, 0.0)","(0.0, 0.0, 0.0)","(0.0, 0.0, 0.0)","(0.0, 0.0, 0.0)","(0.0, 0.0, 0.0)","(0.0, 0.0, 0.0)","(0.0, 0.0, 0.0)",0,0,0,0,0,0,False,0,0,0,0,0,0,0,0,"(0.0, 6.0, 487.2)","(0.2, 0.0, 0.0, 1.0)"
0,860489.3,0,0,0,0,0,0,0,0,0,"(0.0, 0.0)","(0.0, 0.0)","(0.0, 0.0)","(0.0, 0.0, 0.0)","(0.0, 0.0, 0.0)","(0.0, 0.0, 0.0)","(0.0, 0.0, 0.0)","(0.0, 0.0, 0.0)","(0.0, 0.0, 0.0)",0,0,0,0,0,0,False,0,0,0,0,0,0,0,0,"(0.0, 6.0, 487.4)","(0.2, 0.0, 0.0, 1.0)"
0,860511.5,0,0,0,0,0,0,0,0,0,"(0.0, 0.0)","(0.0, 0.0)","(0.0, 0.0)","(0.0, 0.0, 0.0)","(0.0, 0.0, 0.0)","(0.0, 0.0, 0.0)","(0.0, 0.0, 0.0)","(0.0, 0.0, 0.0)","(0.0, 0.0, 0.0)",0,0,0,0,0,0,False,0,0,0,0,0,0,0,0,"(0.0, 6.0, 487.6)","(0.2, 0.0, 0.0, 1.0)"
0,860534.1,0,0,0,0,0,0,0,0,0,"(0.0, 0.0)","(0.0, 0.0)","(0.0, 0.0)","(0.0, 0.0, 0.0)","(0.0, 0.0, 0.0)","(0.0, 0.0, 0.0)","(0.0, 0.0, 0.0)","(0.0, 0.0, 0.0)","(0.0, 0.0, 0.0)",0,0,0,0,0,0,False,0,0,0,0,0,0,0,0,"(0.0, 6.0, 487.7)","(0.2, 0.0, 0.0, 1.0)"
0,860555.6,0,0,0,0,0,0,0,0,0,"(0.0, 0.0)","(0.0, 0.0)","(0.0, 0.0)","(0.0, 0.0, 0.0)","(0.0, 0.0, 0.0)","(0.0, 0.0, 0.0)","(0.0, 0.0, 0.0)","(0.0, 0.0, 0.0)","(0.0, 0.0, 0.0)",0,0,0,0,0,0,False,0,0,0,0,0,0,0,0,"(0.0, 6.0, 487.9)","(0.2, 0.0, 0.0, 1.0)"
0,860578,0,0,0,0,0,0,0,0,0,"(0.0, 0.0)","(0.0, 0.0)","(0.0, 0.0)","(0.0, 0.0, 0.0)","(0.0, 0.0, 0.0)","(0.0, 0.0, 0.0)","(0.0, 0.0, 0.0)","(0.0, 0.0, 0.0)","(0.0, 0.0, 0.0)",0,0,0,0,0,0,False,0,0,0,0,0,0,0,0,"(0.0, 6.0, 488.1)","(0.2, 0.0, 0.0, 1.0)"
0,860603.3,0,0,0,0,0,0,0,0,0,"(0.0, 0.0)","(0.0, 0.0)","(0.0, 0.0)","(0.0, 0.0, 0.0)","(0.0, 0.0, 0.0)","(0.0, 0.0, 0.0)","(0.0, 0.0, 0.0)","(0.0, 0.0, 0.0)","(0.0, 0.0, 0.0)",0,0,0,0,0,0,False,0,0,0,0,0,0,0,0,"(0.0, 6.0, 488.3)","(0.2, 0.0, 0.0, 1.0)"
0,860624.4,0,0,0,0,0,0,0,0,0,"(0.0, 0.0)","(0.0, 0.0)","(0.0, 0.0)","(0.0, 0.0, 0.0)","(0.0, 0.0, 0.0)","(0.0, 0.0, 0.0)","(0.0, 0.0, 0.0)","(0.0, 0.0, 0.0)","(0.0, 0.0, 0.0)",0,0,0,0,0,0,False,0,0,0,0,0,0,0,0,"(0.0, 6.0, 488.5)","(0.2, 0.0, 0.0, 1.0)"
0,860644.9,0,0,0,0,0,0,0,0,0,"(0.0, 0.0)","(0.0, 0.0)","(0.0, 0.0)","(0.0, 0.0, 0.0)","(0.0, 0.0, 0.0)","(0.0, 0.0, 0.0)","(0.0, 0.0, 0.0)","(0.0, 0.0, 0.0)","(0.0, 0.0, 0.0)",0,0,0,0,0,0,False,0,0,0,0,0,0,0,0,"(0.0, 6.0, 488.7)","(0.2, 0.0, 0.0, 1.0)"
0,860667.6,0,0,0,0,0,0,0,0,0,"(0.0, 0.0)","(0.0, 0.0)","(0.0, 0.0)","(0.0, 0.0, 0.0)","(0.0, 0.0, 0.0)","(0.0, 0.0, 0.0)","(0.0, 0.0, 0.0)","(0.0, 0.0, 0.0)","(0.0, 0.0, 0.0)",0,0,0,0,0,0,False,0,0,0,0,0,0,0,0,"(0.0, 6.0, 488.9)","(0.2, 0.0, 0.0, 1.0)"
0,860688.7,0,0,0,0,0,0,0,0,0,"(0.0, 0.0)","(0.0, 0.0)","(0.0, 0.0)","(0.0, 0.0, 0.0)","(0.0, 0.0, 0.0)","(0.0, 0.0, 0.0)","(0.0, 0.0, 0.0)","(0.0, 0.0, 0.0)","(0.0, 0.0, 0.0)",0,0,0,0,0,0,False,0,0,0,0,0,0,0,0,"(0.0, 6.0, 489.1)","(0.2, 0.0, 0.0, 1.0)"
0,860711.8,0,0,0,0,0,0,0,0,0,"(0.0, 0.0)","(0.0, 0.0)","(0.0, 0.0)","(0.0, 0.0, 0.0)","(0.0, 0.0, 0.0)","(0.0, 0.0, 0.0)","(0.0, 0.0, 0.0)","(0.0, 0.0, 0.0)","(0.0, 0.0, 0.0)",0,0,0,0,0,0,False,0,0,0,0,0,0,0,0,"(0.0, 6.0, 489.3)","(0.2, 0.0, 0.0, 1.0)"
0,860734.4,0,0,0,0,0,0,0,0,0,"(0.0, 0.0)","(0.0, 0.0)","(0.0, 0.0)","(0.0, 0.0, 0.0)","(0.0, 0.0, 0.0)","(0.0, 0.0, 0.0)","(0.0, 0.0, 0.0)","(0.0, 0.0, 0.0)","(0.0, 0.0, 0.0)",0,0,0,0,0,0,False,0,0,0,0,0,0,0,0,"(0.0, 6.0, 489.5)","(0.2, 0.0, 0.0, 1.0)"
0,860755.8,0,0,0,0,0,0,0,0,0,"(0.0, 0.0)","(0.0, 0.0)","(0.0, 0.0)","(0.0, 0.0, 0.0)","(0.0, 0.0, 0.0)","(0.0, 0.0, 0.0)","(0.0, 0.0, 0.0)","(0.0, 0.0, 0.0)","(0.0, 0.0, 0.0)",0,0,0,0,0,0,False,0,0,0,0,0,0,0,0,"(0.0, 6.0, 489.7)","(0.2, 0.0, 0.0, 1.0)"
0,860778.1,0,0,0,0,0,0,0,0,0,"(0.0, 0.0)","(0.0, 0.0)","(0.0, 0.0)","(0.0, 0.0, 0.0)","(0.0, 0.0, 0.0)","(0.0, 0.0, 0.0)","(0.0, 0.0, 0.0)","(0.0, 0.0, 0.0)","(0.0, 0.0, 0.0)",0,0,0,0,0,0,False,0,0,0,0,0,0,0,0,"(0.0, 6.0, 489.9)","(0.2, 0.0, 0.0, 1.0)"
0,860801.1,0,0,0,0,0,0,0,0,0,"(0.0, 0.0)","(0.0, 0.0)","(0.0, 0.0)","(0.0, 0.0, 0.0)","(0.0, 0.0, 0.0)","(0.0, 0.0, 0.0)","(0.0, 0.0, 0.0)","(0.0, 0.0, 0.0)","(0.0, 0.0, 0.0)",0,0,0,0,0,0,False,0,0,0,0,0,0,0,0,"(0.0, 6.0, 490.2)","(0.2, 0.0, 0.0, 1.0)"
0,860822,0,0,0,0,0,0,0,0,0,"(0.0, 0.0)","(0.0, 0.0)","(0.0, 0.0)","(0.0, 0.0, 0.0)","(0.0, 0.0, 0.0)","(0.0, 0.0, 0.0)","(0.0, 0.0, 0.0)","(0.0, 0.0, 0.0)","(0.0, 0.0, 0.0)",0,0,0,0,0,0,False,0,0,0,0,0,0,0,0,"(0.0, 6.0, 490.4)","(0.2, 0.0, 0.0, 1.0)"
0,860844.6,0,0,0,0,0,0,0,0,0,"(0.0, 0.0)","(0.0, 0.0)","(0.0, 0.0)","(0.0, 0.0, 0.0)","(0.0, 0.0, 0.0)","(0.0, 0.0, 0.0)","(0.0, 0.0, 0.0)","(0.0, 0.0, 0.0)","(0.0, 0.0, 0.0)",0,0,0,0,0,0,False,0,0,0,0,0,0,0,0,"(0.0, 6.0, 490.6)","(0.2, 0.0, 0.0, 1.0)"
0,860867.9,0,0,0,0,0,0,0,0,0,"(0.0, 0.0)","(0.0, 0.0)","(0.0, 0.0)","(0.0, 0.0, 0.0)","(0.0, 0.0, 0.0)","(0.0, 0.0, 0.0)","(0.0, 0.0, 0.0)","(0.0, 0.0, 0.0)","(0.0, 0.0, 0.0)",0,0,0,0,0,0,False,0,0,0,0,0,0,0,0,"(0.0, 6.0, 490.8)","(0.2, 0.0, 0.0, 1.0)"
0,860888.7,0,0,0,0,0,0,0,0,0,"(0.0, 0.0)","(0.0, 0.0)","(0.0, 0.0)","(0.0, 0.0, 0.0)","(0.0, 0.0, 0.0)","(0.0, 0.0, 0.0)","(0.0, 0.0, 0.0)","(0.0, 0.0, 0.0)","(0.0, 0.0, 0.0)",0,0,0,0,0,0,False,0,0,0,0,0,0,0,0,"(0.0, 6.0, 491.0)","(0.2, 0.0, 0.0, 1.0)"
0,860911,0,0,0,0,0,0,0,0,0,"(0.0, 0.0)","(0.0, 0.0)","(0.0, 0.0)","(0.0, 0.0, 0.0)","(0.0, 0.0, 0.0)","(0.0, 0.0, 0.0)","(0.0, 0.0, 0.0)","(0.0, 0.0, 0.0)","(0.0, 0.0, 0.0)",0,0,0,0,0,0,False,0,0,0,0,0,0,0,0,"(0.0, 6.0, 491.2)","(0.2, 0.0, 0.0, 1.0)"
0,860934.2,0,0,0,0,0,0,0,0,0,"(0.0, 0.0)","(0.0, 0.0)","(0.0, 0.0)","(0.0, 0.0, 0.0)","(0.0, 0.0, 0.0)","(0.0, 0.0, 0.0)","(0.0, 0.0, 0.0)","(0.0, 0.0, 0.0)","(0.0, 0.0, 0.0)",0,0,0,0,0,0,False,0,0,0,0,0,0,0,0,"(0.0, 6.0, 491.4)","(0.2, 0.0, 0.0, 1.0)"
0,860955.4,0,0,0,0,0,0,0,0,0,"(0.0, 0.0)","(0.0, 0.0)","(0.0, 0.0)","(0.0, 0.0, 0.0)","(0.0, 0.0, 0.0)","(0.0, 0.0, 0.0)","(0.0, 0.0, 0.0)","(0.0, 0.0, 0.0)","(0.0, 0.0, 0.0)",0,0,0,0,0,0,False,0,0,0,0,0,0,0,0,"(0.0, 6.0, 491.7)","(0.2, 0.0, 0.0, 1.0)"
0,860977.7,0,0,0,0,0,0,0,0,0,"(0.0, 0.0)","(0.0, 0.0)","(0.0, 0.0)","(0.0, 0.0, 0.0)","(0.0, 0.0, 0.0)","(0.0, 0.0, 0.0)","(0.0, 0.0, 0.0)","(0.0, 0.0, 0.0)","(0.0, 0.0, 0.0)",0,0,0,0,0,0,False,0,0,0,0,0,0,0,0,"(0.0, 6.0, 491.9)","(0.2, 0.0, 0.0, 1.0)"
0,861000.6,0,0,0,0,0,0,0,0,0,"(0.0, 0.0)","(0.0, 0.0)","(0.0, 0.0)","(0.0, 0.0, 0.0)","(0.0, 0.0, 0.0)","(0.0, 0.0, 0.0)","(0.0, 0.0, 0.0)","(0.0, 0.0, 0.0)","(0.0, 0.0, 0.0)",0,0,0,0,0,0,False,0,0,0,0,0,0,0,0,"(0.0, 6.0, 492.1)","(0.2, 0.0, 0.0, 1.0)"
0,861018.4,0,0,0,0,0,0,0,0,0,"(0.0, 0.0)","(0.0, 0.0)","(0.0, 0.0)","(0.0, 0.0, 0.0)","(0.0, 0.0, 0.0)","(0.0, 0.0, 0.0)","(0.0, 0.0, 0.0)","(0.0, 0.0, 0.0)","(0.0, 0.0, 0.0)",0,0,0,0,0,0,False,0,0,0,0,0,0,0,0,"(0.0, 6.0, 492.3)","(0.2, 0.0, 0.0, 1.0)"
0,861035.3,0,0,0,0,0,0,0,0,0,"(0.0, 0.0)","(0.0, 0.0)","(0.0, 0.0)","(0.0, 0.0, 0.0)","(0.0, 0.0, 0.0)","(0.0, 0.0, 0.0)","(0.0, 0.0, 0.0)","(0.0, 0.0, 0.0)","(0.0, 0.0, 0.0)",0,0,0,0,0,0,False,0,0,0,0,0,0,0,0,"(0.0, 6.0, 492.5)","(0.2, 0.0, 0.0, 1.0)"
0,861052.5,0,0,0,0,0,0,0,0,0,"(0.0, 0.0)","(0.0, 0.0)","(0.0, 0.0)","(0.0, 0.0, 0.0)","(0.0, 0.0, 0.0)","(0.0, 0.0, 0.0)","(0.0, 0.0, 0.0)","(0.0, 0.0, 0.0)","(0.0, 0.0, 0.0)",0,0,0,0,0,0,False,0,0,0,0,0,0,0,0,"(0.0, 6.0, 492.7)","(0.2, 0.0, 0.0, 1.0)"
0,861070.5,0,0,0,0,0,0,0,0,0,"(0.0, 0.0)","(0.0, 0.0)","(0.0, 0.0)","(0.0, 0.0, 0.0)","(0.0, 0.0, 0.0)","(0.0, 0.0, 0.0)","(0.0, 0.0, 0.0)","(0.0, 0.0, 0.0)","(0.0, 0.0, 0.0)",0,0,0,0,0,0,False,0,0,0,0,0,0,0,0,"(0.0, 6.0, 492.9)","(0.2, 0.0, 0.0, 1.0)"
0,861087.4,0,0,0,0,0,0,0,0,0,"(0.0, 0.0)","(0.0, 0.0)","(0.0, 0.0)","(0.0, 0.0, 0.0)","(0.0, 0.0, 0.0)","(0.0, 0.0, 0.0)","(0.0, 0.0, 0.0)","(0.0, 0.0, 0.0)","(0.0, 0.0, 0.0)",0,0,0,0,0,0,False,0,0,0,0,0,0,0,0,"(0.0, 6.0, 493.1)","(0.2, 0.0, 0.0, 1.0)"
0,861103.9,0,0,0,0,0,0,0,0,0,"(0.0, 0.0)","(0.0, 0.0)","(0.0, 0.0)","(0.0, 0.0, 0.0)","(0.0, 0.0, 0.0)","(0.0, 0.0, 0.0)","(0.0, 0.0, 0.0)","(0.0, 0.0, 0.0)","(0.0, 0.0, 0.0)",0,0,0,0,0,0,False,0,0,0,0,0,0,0,0,"(0.0, 6.0, 493.3)","(0.2, 0.0, 0.0, 1.0)"
0,861121.8,0,0,0,0,0,0,0,0,0,"(0.0, 0.0)","(0.0, 0.0)","(0.0, 0.0)","(0.0, 0.0, 0.0)","(0.0, 0.0, 0.0)","(0.0, 0.0, 0.0)","(0.0, 0.0, 0.0)","(0.0, 0.0, 0.0)","(0.0, 0.0, 0.0)",0,0,0,0,0,0,False,0,0,0,0,0,0,0,0,"(0.0, 6.0, 493.5)","(0.2, 0.0, 0.0, 1.0)"
0,861138.8,0,0,0,0,0,0,0,0,0,"(0.0, 0.0)","(0.0, 0.0)","(0.0, 0.0)","(0.0, 0.0, 0.0)","(0.0, 0.0, 0.0)","(0.0, 0.0, 0.0)","(0.0, 0.0, 0.0)","(0.0, 0.0, 0.0)","(0.0, 0.0, 0.0)",0,0,0,0,0,0,False,0,0,0,0,0,0,0,0,"(0.0, 6.0, 493.7)","(0.2, 0.0, 0.0, 1.0)"
0,861155.6,0,0,0,0,0,0,0,0,0,"(0.0, 0.0)","(0.0, 0.0)","(0.0, 0.0)","(0.0, 0.0, 0.0)","(0.0, 0.0, 0.0)","(0.0, 0.0, 0.0)","(0.0, 0.0, 0.0)","(0.0, 0.0, 0.0)","(0.0, 0.0, 0.0)",0,0,0,0,0,0,False,0,0,0,0,0,0,0,0,"(0.0, 6.0, 493.9)","(0.2, 0.0, 0.0, 1.0)"
0,861173.3,0,0,0,0,0,0,0,0,0,"(0.0, 0.0)","(0.0, 0.0)","(0.0, 0.0)","(0.0, 0.0, 0.0)","(0.0, 0.0, 0.0)","(0.0, 0.0, 0.0)","(0.0, 0.0, 0.0)","(0.0, 0.0, 0.0)","(0.0, 0.0, 0.0)",0,0,0,0,0,0,False,0,0,0,0,0,0,0,0,"(0.0, 6.0, 494.1)","(0.2, 0.0, 0.0, 1.0)"
0,861190.7,0,0,0,0,0,0,0,0,0,"(0.0, 0.0)","(0.0, 0.0)","(0.0, 0.0)","(0.0, 0.0, 0.0)","(0.0, 0.0, 0.0)","(0.0, 0.0, 0.0)","(0.0, 0.0, 0.0)","(0.0, 0.0, 0.0)","(0.0, 0.0, 0.0)",0,0,0,0,0,0,False,0,0,0,0,0,0,0,0,"(0.0, 6.0, 494.3)","(0.2, 0.0, 0.0, 1.0)"
0,861207.4,0,0,0,0,0,0,0,0,0,"(0.0, 0.0)","(0.0, 0.0)","(0.0, 0.0)","(0.0, 0.0, 0.0)","(0.0, 0.0, 0.0)","(0.0, 0.0, 0.0)","(0.0, 0.0, 0.0)","(0.0, 0.0, 0.0)","(0.0, 0.0, 0.0)",0,0,0,0,0,0,False,0,0,0,0,0,0,0,0,"(0.0, 6.0, 494.5)","(0.2, 0.0, 0.0, 1.0)"
0,861226.7,0,0,0,0,0,0,0,0,0,"(0.0, 0.0)","(0.0, 0.0)","(0.0, 0.0)","(0.0, 0.0, 0.0)","(0.0, 0.0, 0.0)","(0.0, 0.0, 0.0)","(0.0, 0.0, 0.0)","(0.0, 0.0, 0.0)","(0.0, 0.0, 0.0)",0,0,0,0,0,0,False,0,0,0,0,0,0,0,0,"(0.0, 6.0, 494.6)","(0.2, 0.0, 0.0, 1.0)"
0,861244.1,0,0,0,0,0,0,0,0,0,"(0.0, 0.0)","(0.0, 0.0)","(0.0, 0.0)","(0.0, 0.0, 0.0)","(0.0, 0.0, 0.0)","(0.0, 0.0, 0.0)","(0.0, 0.0, 0.0)","(0.0, 0.0, 0.0)","(0.0, 0.0, 0.0)",0,0,0,0,0,0,False,0,0,0,0,0,0,0,0,"(0.0, 6.0, 494.8)","(0.2, 0.0, 0.0, 1.0)"
0,861261,0,0,0,0,0,0,0,0,0,"(0.0, 0.0)","(0.0, 0.0)","(0.0, 0.0)","(0.0, 0.0, 0.0)","(0.0, 0.0, 0.0)","(0.0, 0.0, 0.0)","(0.0, 0.0, 0.0)","(0.0, 0.0, 0.0)","(0.0, 0.0, 0.0)",0,0,0,0,0,0,False,0,0,0,0,0,0,0,0,"(0.0, 6.0, 495.0)","(0.2, 0.0, 0.0, 1.0)"
0,861278.6,0,0,0,0,0,0,0,0,0,"(0.0, 0.0)","(0.0, 0.0)","(0.0, 0.0)","(0.0, 0.0, 0.0)","(0.0, 0.0, 0.0)","(0.0, 0.0, 0.0)","(0.0, 0.0, 0.0)","(0.0, 0.0, 0.0)","(0.0, 0.0, 0.0)",0,0,0,0,0,0,False,0,0,0,0,0,0,0,0,"(0.0, 6.0, 495.2)","(0.2, 0.0, 0.0, 1.0)"
0,861296.6,0,0,0,0,0,0,0,0,0,"(0.0, 0.0)","(0.0, 0.0)","(0.0, 0.0)","(0.0, 0.0, 0.0)","(0.0, 0.0, 0.0)","(0.0, 0.0, 0.0)","(0.0, 0.0, 0.0)","(0.0, 0.0, 0.0)","(0.0, 0.0, 0.0)",0,0,0,0,0,0,False,0,0,0,0,0,0,0,0,"(0.0, 6.0, 495.4)","(0.2, 0.0, 0.0, 1.0)"
0,861315.8,0,0,0,0,0,0,0,0,0,"(0.0, 0.0)","(0.0, 0.0)","(0.0, 0.0)","(0.0, 0.0, 0.0)","(0.0, 0.0, 0.0)","(0.0, 0.0, 0.0)","(0.0, 0.0, 0.0)","(0.0, 0.0, 0.0)","(0.0, 0.0, 0.0)",0,0,0,0,0,0,False,0,0,0,0,0,0,0,0,"(0.0, 6.0, 495.6)","(0.2, 0.0, 0.0, 1.0)"
0,861334.3,0,0,0,0,0,0,0,0,0,"(0.0, 0.0)","(0.0, 0.0)","(0.0, 0.0)","(0.0, 0.0, 0.0)","(0.0, 0.0, 0.0)","(0.0, 0.0, 0.0)","(0.0, 0.0, 0.0)","(0.0, 0.0, 0.0)","(0.0, 0.0, 0.0)",0,0,0,0,0,0,False,0,0,0,0,0,0,0,0,"(0.0, 6.0, 495.7)","(0.2, 0.0, 0.0, 1.0)"
0,861352.9,0,0,0,0,0,0,0,0,0,"(0.0, 0.0)","(0.0, 0.0)","(0.0, 0.0)","(0.0, 0.0, 0.0)","(0.0, 0.0, 0.0)","(0.0, 0.0, 0.0)","(0.0, 0.0, 0.0)","(0.0, 0.0, 0.0)","(0.0, 0.0, 0.0)",0,0,0,0,0,0,False,0,0,0,0,0,0,0,0,"(0.0, 6.0, 495.9)","(0.2, 0.0, 0.0, 1.0)"
0,861370.1,0,0,0,0,0,0,0,0,0,"(0.0, 0.0)","(0.0, 0.0)","(0.0, 0.0)","(0.0, 0.0, 0.0)","(0.0, 0.0, 0.0)","(0.0, 0.0, 0.0)","(0.0, 0.0, 0.0)","(0.0, 0.0, 0.0)","(0.0, 0.0, 0.0)",0,0,0,0,0,0,False,0,0,0,0,0,0,0,0,"(0.0, 6.0, 496.1)","(0.2, 0.0, 0.0, 1.0)"
0,861388.5,0,0,0,0,0,0,0,0,0,"(0.0, 0.0)","(0.0, 0.0)","(0.0, 0.0)","(0.0, 0.0, 0.0)","(0.0, 0.0, 0.0)","(0.0, 0.0, 0.0)","(0.0, 0.0, 0.0)","(0.0, 0.0, 0.0)","(0.0, 0.0, 0.0)",0,0,0,0,0,0,False,0,0,0,0,0,0,0,0,"(0.0, 6.0, 496.3)","(0.2, 0.0, 0.0, 1.0)"
0,861405.1,0,0,0,0,0,0,0,0,0,"(0.0, 0.0)","(0.0, 0.0)","(0.0, 0.0)","(0.0, 0.0, 0.0)","(0.0, 0.0, 0.0)","(0.0, 0.0, 0.0)","(0.0, 0.0, 0.0)","(0.0, 0.0, 0.0)","(0.0, 0.0, 0.0)",0,0,0,0,0,0,False,0,0,0,0,0,0,0,0,"(0.0, 6.0, 496.5)","(0.2, 0.0, 0.0, 1.0)"
0,861422.4,0,0,0,0,0,0,0,0,0,"(0.0, 0.0)","(0.0, 0.0)","(0.0, 0.0)","(0.0, 0.0, 0.0)","(0.0, 0.0, 0.0)","(0.0, 0.0, 0.0)","(0.0, 0.0, 0.0)","(0.0, 0.0, 0.0)","(0.0, 0.0, 0.0)",0,0,0,0,0,0,False,0,0,0,0,0,0,0,0,"(0.0, 6.0, 496.7)","(0.2, 0.0, 0.0, 1.0)"
0,861444.6,0,0,0,0,0,0,0,0,0,"(0.0, 0.0)","(0.0, 0.0)","(0.0, 0.0)","(0.0, 0.0, 0.0)","(0.0, 0.0, 0.0)","(0.0, 0.0, 0.0)","(0.0, 0.0, 0.0)","(0.0, 0.0, 0.0)","(0.0, 0.0, 0.0)",0,0,0,0,0,0,False,0,0,0,0,0,0,0,0,"(0.0, 6.0, 496.8)","(0.2, 0.0, 0.0, 1.0)"
0,861467.1,0,0,0,0,0,0,0,0,0,"(0.0, 0.0)","(0.0, 0.0)","(0.0, 0.0)","(0.0, 0.0, 0.0)","(0.0, 0.0, 0.0)","(0.0, 0.0, 0.0)","(0.0, 0.0, 0.0)","(0.0, 0.0, 0.0)","(0.0, 0.0, 0.0)",0,0,0,0,0,0,False,0,0,0,0,0,0,0,0,"(0.0, 6.0, 497.0)","(0.2, 0.0, 0.0, 1.0)"
0,861488.4,0,0,0,0,0,0,0,0,0,"(0.0, 0.0)","(0.0, 0.0)","(0.0, 0.0)","(0.0, 0.0, 0.0)","(0.0, 0.0, 0.0)","(0.0, 0.0, 0.0)","(0.0, 0.0, 0.0)","(0.0, 0.0, 0.0)","(0.0, 0.0, 0.0)",0,0,0,0,0,0,False,0,0,0,0,0,0,0,0,"(0.0, 6.0, 497.2)","(0.2, 0.0, 0.0, 1.0)"
0,861510.9,0,0,0,0,0,0,0,0,0,"(0.0, 0.0)","(0.0, 0.0)","(0.0, 0.0)","(0.0, 0.0, 0.0)","(0.0, 0.0, 0.0)","(0.0, 0.0, 0.0)","(0.0, 0.0, 0.0)","(0.0, 0.0, 0.0)","(0.0, 0.0, 0.0)",0,0,0,0,0,0,False,0,0,0,0,0,0,0,0,"(0.0, 6.0, 497.4)","(0.2, 0.0, 0.0, 1.0)"
0,861534.1,0,0,0,0,0,0,0,0,0,"(0.0, 0.0)","(0.0, 0.0)","(0.0, 0.0)","(0.0, 0.0, 0.0)","(0.0, 0.0, 0.0)","(0.0, 0.0, 0.0)","(0.0, 0.0, 0.0)","(0.0, 0.0, 0.0)","(0.0, 0.0, 0.0)",0,0,0,0,0,0,False,0,0,0,0,0,0,0,0,"(0.0, 6.0, 497.6)","(0.2, 0.0, 0.0, 1.0)"
0,861555.7,0,0,0,0,0,0,0,0,0,"(0.0, 0.0)","(0.0, 0.0)","(0.0, 0.0)","(0.0, 0.0, 0.0)","(0.0, 0.0, 0.0)","(0.0, 0.0, 0.0)","(0.0, 0.0, 0.0)","(0.0, 0.0, 0.0)","(0.0, 0.0, 0.0)",0,0,0,0,0,0,False,0,0,0,0,0,0,0,0,"(0.0, 6.0, 497.8)","(0.2, 0.0, 0.0, 1.0)"
0,861577.7,0,0,0,0,0,0,0,0,0,"(0.0, 0.0)","(0.0, 0.0)","(0.0, 0.0)","(0.0, 0.0, 0.0)","(0.0, 0.0, 0.0)","(0.0, 0.0, 0.0)","(0.0, 0.0, 0.0)","(0.0, 0.0, 0.0)","(0.0, 0.0, 0.0)",0,0,0,0,0,0,False,0,0,0,0,0,0,0,0,"(0.0, 6.0, 498.0)","(0.2, 0.0, 0.0, 1.0)"
0,861600.7,0,0,0,0,0,0,0,0,0,"(0.0, 0.0)","(0.0, 0.0)","(0.0, 0.0)","(0.0, 0.0, 0.0)","(0.0, 0.0, 0.0)","(0.0, 0.0, 0.0)","(0.0, 0.0, 0.0)","(0.0, 0.0, 0.0)","(0.0, 0.0, 0.0)",0,0,0,0,0,0,False,0,0,0,0,0,0,0,0,"(0.0, 6.0, 498.2)","(0.2, 0.0, 0.0, 1.0)"
0,861623,0,0,0,0,0,0,0,0,0,"(0.0, 0.0)","(0.0, 0.0)","(0.0, 0.0)","(0.0, 0.0, 0.0)","(0.0, 0.0, 0.0)","(0.0, 0.0, 0.0)","(0.0, 0.0, 0.0)","(0.0, 0.0, 0.0)","(0.0, 0.0, 0.0)",0,0,0,0,0,0,False,0,0,0,0,0,0,0,0,"(0.0, 6.0, 498.4)","(0.2, 0.0, 0.0, 1.0)"
0,861644.3,0,0,0,0,0,0,0,0,0,"(0.0, 0.0)","(0.0, 0.0)","(0.0, 0.0)","(0.0, 0.0, 0.0)","(0.0, 0.0, 0.0)","(0.0, 0.0, 0.0)","(0.0, 0.0, 0.0)","(0.0, 0.0, 0.0)","(0.0, 0.0, 0.0)",0,0,0,0,0,0,False,0,0,0,0,0,0,0,0,"(0.0, 6.0, 498.6)","(0.2, 0.0, 0.0, 1.0)"
0,861667.8,0,0,0,0,0,0,0,0,0,"(0.0, 0.0)","(0.0, 0.0)","(0.0, 0.0)","(0.0, 0.0, 0.0)","(0.0, 0.0, 0.0)","(0.0, 0.0, 0.0)","(0.0, 0.0, 0.0)","(0.0, 0.0, 0.0)","(0.0, 0.0, 0.0)",0,0,0,0,0,0,False,0,0,0,0,0,0,0,0,"(0.0, 6.0, 498.8)","(0.2, 0.0, 0.0, 1.0)"
0,861688.6,0,0,0,0,0,0,0,0,0,"(0.0, 0.0)","(0.0, 0.0)","(0.0, 0.0)","(0.0, 0.0, 0.0)","(0.0, 0.0, 0.0)","(0.0, 0.0, 0.0)","(0.0, 0.0, 0.0)","(0.0, 0.0, 0.0)","(0.0, 0.0, 0.0)",0,0,0,0,0,0,False,0,0,0,0,0,0,0,0,"(0.0, 6.0, 499.1)","(0.2, 0.0, 0.0, 1.0)"
0,861711,0,0,0,0,0,0,0,0,0,"(0.0, 0.0)","(0.0, 0.0)","(0.0, 0.0)","(0.0, 0.0, 0.0)","(0.0, 0.0, 0.0)","(0.0, 0.0, 0.0)","(0.0, 0.0, 0.0)","(0.0, 0.0, 0.0)","(0.0, 0.0, 0.0)",0,0,0,0,0,0,False,0,0,0,0,0,0,0,0,"(0.0, 6.0, 499.3)","(0.2, 0.0, 0.0, 1.0)"
0,861734.1,0,0,0,0,0,0,0,0,0,"(0.0, 0.0)","(0.0, 0.0)","(0.0, 0.0)","(0.0, 0.0, 0.0)","(0.0, 0.0, 0.0)","(0.0, 0.0, 0.0)","(0.0, 0.0, 0.0)","(0.0, 0.0, 0.0)","(0.0, 0.0, 0.0)",0,0,0,0,0,0,False,0,0,0,0,0,0,0,0,"(0.0, 6.0, 499.5)","(0.2, 0.0, 0.0, 1.0)"
0,861755.7,0,0,0,0,0,0,0,0,0,"(0.0, 0.0)","(0.0, 0.0)","(0.0, 0.0)","(0.0, 0.0, 0.0)","(0.0, 0.0, 0.0)","(0.0, 0.0, 0.0)","(0.0, 0.0, 0.0)","(0.0, 0.0, 0.0)","(0.0, 0.0, 0.0)",0,0,0,0,0,0,False,0,0,0,0,0,0,0,0,"(0.0, 6.0, 499.7)","(0.2, 0.0, 0.0, 1.0)"
0,861777.9,0,0,0,0,0,0,0,0,0,"(0.0, 0.0)","(0.0, 0.0)","(0.0, 0.0)","(0.0, 0.0, 0.0)","(0.0, 0.0, 0.0)","(0.0, 0.0, 0.0)","(0.0, 0.0, 0.0)","(0.0, 0.0, 0.0)","(0.0, 0.0, 0.0)",0,0,0,0,0,0,False,0,0,0,0,0,0,0,0,"(0.0, 6.0, 499.9)","(0.2, 0.0, 0.0, 1.0)"
0,861800.4,0,0,0,0,0,0,0,0,0,"(0.0, 0.0)","(0.0, 0.0)","(0.0, 0.0)","(0.0, 0.0, 0.0)","(0.0, 0.0, 0.0)","(0.0, 0.0, 0.0)","(0.0, 0.0, 0.0)","(0.0, 0.0, 0.0)","(0.0, 0.0, 0.0)",0,0,0,0,0,0,False,0,0,0,0,0,0,0,0,"(0.0, 6.0, 500.1)","(0.2, 0.0, 0.0, 1.0)"
0,861822.1,0,0,0,0,0,0,0,0,0,"(0.0, 0.0)","(0.0, 0.0)","(0.0, 0.0)","(0.0, 0.0, 0.0)","(0.0, 0.0, 0.0)","(0.0, 0.0, 0.0)","(0.0, 0.0, 0.0)","(0.0, 0.0, 0.0)","(0.0, 0.0, 0.0)",0,0,0,0,0,0,False,0,0,0,0,0,0,0,0,"(0.0, 6.0, 500.3)","(0.2, 0.0, 0.0, 1.0)"
0,861844.3,0,0,0,0,0,0,0,0,0,"(0.0, 0.0)","(0.0, 0.0)","(0.0, 0.0)","(0.0, 0.0, 0.0)","(0.0, 0.0, 0.0)","(0.0, 0.0, 0.0)","(0.0, 0.0, 0.0)","(0.0, 0.0, 0.0)","(0.0, 0.0, 0.0)",0,0,0,0,0,0,False,0,0,0,0,0,0,0,0,"(0.0, 6.0, 500.5)","(0.2, 0.0, 0.0, 1.0)"
0,861867.6,0,0,0,0,0,0,0,0,0,"(0.0, 0.0)","(0.0, 0.0)","(0.0, 0.0)","(0.0, 0.0, 0.0)","(0.0, 0.0, 0.0)","(0.0, 0.0, 0.0)","(0.0, 0.0, 0.0)","(0.0, 0.0, 0.0)","(0.0, 0.0, 0.0)",0,0,0,0,0,0,False,0,0,0,0,0,0,0,0,"(0.0, 6.0, 500.8)","(0.2, 0.0, 0.0, 1.0)"
0,861888.8,0,0,0,0,0,0,0,0,0,"(0.0, 0.0)","(0.0, 0.0)","(0.0, 0.0)","(0.0, 0.0, 0.0)","(0.0, 0.0, 0.0)","(0.0, 0.0, 0.0)","(0.0, 0.0, 0.0)","(0.0, 0.0, 0.0)","(0.0, 0.0, 0.0)",0,0,0,0,0,0,False,0,0,0,0,0,0,0,0,"(0.0, 6.0, 501.0)","(0.2, 0.0, 0.0, 1.0)"
0,861911.3,0,0,0,0,0,0,0,0,0,"(0.0, 0.0)","(0.0, 0.0)","(0.0, 0.0)","(0.0, 0.0, 0.0)","(0.0, 0.0, 0.0)","(0.0, 0.0, 0.0)","(0.0, 0.0, 0.0)","(0.0, 0.0, 0.0)","(0.0, 0.0, 0.0)",0,0,0,0,0,0,False,0,0,0,0,0,0,0,0,"(0.0, 6.0, 501.2)","(0.2, 0.0, 0.0, 1.0)"
0,861933.9,0,0,0,0,0,0,0,0,0,"(0.0, 0.0)","(0.0, 0.0)","(0.0, 0.0)","(0.0, 0.0, 0.0)","(0.0, 0.0, 0.0)","(0.0, 0.0, 0.0)","(0.0, 0.0, 0.0)","(0.0, 0.0, 0.0)","(0.0, 0.0, 0.0)",0,0,0,0,0,0,False,0,0,0,0,0,0,0,0,"(0.0, 6.0, 501.4)","(0.2, 0.0, 0.0, 1.0)"
0,861953.1,0,0,0,0,0,0,0,0,0,"(0.0, 0.0)","(0.0, 0.0)","(0.0, 0.0)","(0.0, 0.0, 0.0)","(0.0, 0.0, 0.0)","(0.0, 0.0, 0.0)","(0.0, 0.0, 0.0)","(0.0, 0.0, 0.0)","(0.0, 0.0, 0.0)",0,0,0,0,0,0,False,0,0,0,0,0,0,0,0,"(0.0, 6.0, 501.6)","(0.2, 0.0, 0.0, 1.0)"
0,861972.4,0,0,0,0,0,0,0,0,0,"(0.0, 0.0)","(0.0, 0.0)","(0.0, 0.0)","(0.0, 0.0, 0.0)","(0.0, 0.0, 0.0)","(0.0, 0.0, 0.0)","(0.0, 0.0, 0.0)","(0.0, 0.0, 0.0)","(0.0, 0.0, 0.0)",0,0,0,0,0,0,False,0,0,0,0,0,0,0,0,"(0.0, 6.0, 501.9)","(0.2, 0.0, 0.0, 1.0)"
0,861990.9,0,0,0,0,0,0,0,0,0,"(0.0, 0.0)","(0.0, 0.0)","(0.0, 0.0)","(0.0, 0.0, 0.0)","(0.0, 0.0, 0.0)","(0.0, 0.0, 0.0)","(0.0, 0.0, 0.0)","(0.0, 0.0, 0.0)","(0.0, 0.0, 0.0)",0,0,0,0,0,0,False,0,0,0,0,0,0,0,0,"(0.0, 6.0, 502.1)","(0.2, 0.0, 0.0, 1.0)"
0,862009.8,0,0,0,0,0,0,0,0,0,"(0.0, 0.0)","(0.0, 0.0)","(0.0, 0.0)","(0.0, 0.0, 0.0)","(0.0, 0.0, 0.0)","(0.0, 0.0, 0.0)","(0.0, 0.0, 0.0)","(0.0, 0.0, 0.0)","(0.0, 0.0, 0.0)",0,0,0,0,0,0,False,0,0,0,0,0,0,0,0,"(0.0, 6.0, 502.3)","(0.2, 0.0, 0.0, 1.0)"
0,862027.2,0,0,0,0,0,0,0,0,0,"(0.0, 0.0)","(0.0, 0.0)","(0.0, 0.0)","(0.0, 0.0, 0.0)","(0.0, 0.0, 0.0)","(0.0, 0.0, 0.0)","(0.0, 0.0, 0.0)","(0.0, 0.0, 0.0)","(0.0, 0.0, 0.0)",0,0,0,0,0,0,False,0,0,0,0,0,0,0,0,"(0.0, 6.0, 502.5)","(0.2, 0.0, 0.0, 1.0)"
0,862044.9,0,0,0,0,0,0,0,0,0,"(0.0, 0.0)","(0.0, 0.0)","(0.0, 0.0)","(0.0, 0.0, 0.0)","(0.0, 0.0, 0.0)","(0.0, 0.0, 0.0)","(0.0, 0.0, 0.0)","(0.0, 0.0, 0.0)","(0.0, 0.0, 0.0)",0,0,0,0,0,0,False,0,0,0,0,0,0,0,0,"(0.0, 6.0, 502.7)","(0.2, 0.0, 0.0, 1.0)"
0,862060.7,0,0,0,0,0,0,0,0,0,"(0.0, 0.0)","(0.0, 0.0)","(0.0, 0.0)","(0.0, 0.0, 0.0)","(0.0, 0.0, 0.0)","(0.0, 0.0, 0.0)","(0.0, 0.0, 0.0)","(0.0, 0.0, 0.0)","(0.0, 0.0, 0.0)",0,0,0,0,0,0,False,0,0,0,0,0,0,0,0,"(0.0, 6.0, 502.9)","(0.2, 0.0, 0.0, 1.0)"
0,862083.2,0,0,0,0,0,0,0,0,0,"(0.0, 0.0)","(0.0, 0.0)","(0.0, 0.0)","(0.0, 0.0, 0.0)","(0.0, 0.0, 0.0)","(0.0, 0.0, 0.0)","(0.0, 0.0, 0.0)","(0.0, 0.0, 0.0)","(0.0, 0.0, 0.0)",0,0,0,0,0,0,False,0,0,0,0,0,0,0,0,"(0.0, 6.0, 503.1)","(0.2, 0.0, 0.0, 1.0)"
0,862100.7,0,0,0,0,0,0,0,0,0,"(0.0, 0.0)","(0.0, 0.0)","(0.0, 0.0)","(0.0, 0.0, 0.0)","(0.0, 0.0, 0.0)","(0.0, 0.0, 0.0)","(0.0, 0.0, 0.0)","(0.0, 0.0, 0.0)","(0.0, 0.0, 0.0)",0,0,0,0,0,0,False,0,0,0,0,0,0,0,0,"(0.0, 6.0, 503.3)","(0.2, 0.0, 0.0, 1.0)"
0,862118.3,0,0,0,0,0,0,0,0,0,"(0.0, 0.0)","(0.0, 0.0)","(0.0, 0.0)","(0.0, 0.0, 0.0)","(0.0, 0.0, 0.0)","(0.0, 0.0, 0.0)","(0.0, 0.0, 0.0)","(0.0, 0.0, 0.0)","(0.0, 0.0, 0.0)",0,0,0,0,0,0,False,0,0,0,0,0,0,0,0,"(0.0, 6.0, 503.5)","(0.2, 0.0, 0.0, 1.0)"
0,862137,0,0,0,0,0,0,0,0,0,"(0.0, 0.0)","(0.0, 0.0)","(0.0, 0.0)","(0.0, 0.0, 0.0)","(0.0, 0.0, 0.0)","(0.0, 0.0, 0.0)","(0.0, 0.0, 0.0)","(0.0, 0.0, 0.0)","(0.0, 0.0, 0.0)",0,0,0,0,0,0,False,0,0,0,0,0,0,0,0,"(0.0, 6.0, 503.7)","(0.2, 0.0, 0.0, 1.0)"
0,862154.9,0,0,0,0,0,0,0,0,0,"(0.0, 0.0)","(0.0, 0.0)","(0.0, 0.0)","(0.0, 0.0, 0.0)","(0.0, 0.0, 0.0)","(0.0, 0.0, 0.0)","(0.0, 0.0, 0.0)","(0.0, 0.0, 0.0)","(0.0, 0.0, 0.0)",0,0,0,0,0,0,False,0,0,0,0,0,0,0,0,"(0.0, 6.0, 503.9)","(0.2, 0.0, 0.0, 1.0)"
0,862172.1,0,0,0,0,0,0,0,0,0,"(0.0, 0.0)","(0.0, 0.0)","(0.0, 0.0)","(0.0, 0.0, 0.0)","(0.0, 0.0, 0.0)","(0.0, 0.0, 0.0)","(0.0, 0.0, 0.0)","(0.0, 0.0, 0.0)","(0.0, 0.0, 0.0)",0,0,0,0,0,0,False,0,0,0,0,0,0,0,0,"(0.0, 6.0, 504.1)","(0.2, 0.0, 0.0, 1.0)"
0,862189.6,0,0,0,0,0,0,0,0,0,"(0.0, 0.0)","(0.0, 0.0)","(0.0, 0.0)","(0.0, 0.0, 0.0)","(0.0, 0.0, 0.0)","(0.0, 0.0, 0.0)","(0.0, 0.0, 0.0)","(0.0, 0.0, 0.0)","(0.0, 0.0, 0.0)",0,0,0,0,0,0,False,0,0,0,0,0,0,0,0,"(0.0, 6.0, 504.2)","(0.2, 0.0, 0.0, 1.0)"
0,862206.9,0,0,0,0,0,0,0,0,0,"(0.0, 0.0)","(0.0, 0.0)","(0.0, 0.0)","(0.0, 0.0, 0.0)","(0.0, 0.0, 0.0)","(0.0, 0.0, 0.0)","(0.0, 0.0, 0.0)","(0.0, 0.0, 0.0)","(0.0, 0.0, 0.0)",0,0,0,0,0,0,False,0,0,0,0,0,0,0,0,"(0.0, 6.0, 504.4)","(0.2, 0.0, 0.0, 1.0)"
0,862223.9,0,0,0,0,0,0,0,0,0,"(0.0, 0.0)","(0.0, 0.0)","(0.0, 0.0)","(0.0, 0.0, 0.0)","(0.0, 0.0, 0.0)","(0.0, 0.0, 0.0)","(0.0, 0.0, 0.0)","(0.0, 0.0, 0.0)","(0.0, 0.0, 0.0)",0,0,0,0,0,0,False,0,0,0,0,0,0,0,0,"(0.0, 6.0, 504.6)","(0.2, 0.0, 0.0, 1.0)"
0,862241.1,0,0,0,0,0,0,0,0,0,"(0.0, 0.0)","(0.0, 0.0)","(0.0, 0.0)","(0.0, 0.0, 0.0)","(0.0, 0.0, 0.0)","(0.0, 0.0, 0.0)","(0.0, 0.0, 0.0)","(0.0, 0.0, 0.0)","(0.0, 0.0, 0.0)",0,0,0,0,0,0,False,0,0,0,0,0,0,0,0,"(0.0, 6.0, 504.8)","(0.2, 0.0, 0.0, 1.0)"
0,862263.9,0,0,0,0,0,0,0,0,0,"(0.0, 0.0)","(0.0, 0.0)","(0.0, 0.0)","(0.0, 0.0, 0.0)","(0.0, 0.0, 0.0)","(0.0, 0.0, 0.0)","(0.0, 0.0, 0.0)","(0.0, 0.0, 0.0)","(0.0, 0.0, 0.0)",0,0,0,0,0,0,False,0,0,0,0,0,0,0,0,"(0.0, 6.0, 505.0)","(0.2, 0.0, 0.0, 1.0)"
0,862282.1,0,0,0,0,0,0,0,0,0,"(0.0, 0.0)","(0.0, 0.0)","(0.0, 0.0)","(0.0, 0.0, 0.0)","(0.0, 0.0, 0.0)","(0.0, 0.0, 0.0)","(0.0, 0.0, 0.0)","(0.0, 0.0, 0.0)","(0.0, 0.0, 0.0)",0,0,0,0,0,0,False,0,0,0,0,0,0,0,0,"(0.0, 6.0, 505.2)","(0.2, 0.0, 0.0, 1.0)"
0,862304.6,0,0,0,0,0,0,0,0,0,"(0.0, 0.0)","(0.0, 0.0)","(0.0, 0.0)","(0.0, 0.0, 0.0)","(0.0, 0.0, 0.0)","(0.0, 0.0, 0.0)","(0.0, 0.0, 0.0)","(0.0, 0.0, 0.0)","(0.0, 0.0, 0.0)",0,0,0,0,0,0,False,0,0,0,0,0,0,0,0,"(0.0, 6.0, 505.4)","(0.2, 0.0, 0.0, 1.0)"
0,862322.1,0,0,0,0,0,0,0,0,0,"(0.0, 0.0)","(0.0, 0.0)","(0.0, 0.0)","(0.0, 0.0, 0.0)","(0.0, 0.0, 0.0)","(0.0, 0.0, 0.0)","(0.0, 0.0, 0.0)","(0.0, 0.0, 0.0)","(0.0, 0.0, 0.0)",0,0,0,0,0,0,False,0,0,0,0,0,0,0,0,"(0.0, 6.0, 505.6)","(0.2, 0.0, 0.0, 1.0)"
0,862339.4,0,0,0,0,0,0,0,0,0,"(0.0, 0.0)","(0.0, 0.0)","(0.0, 0.0)","(0.0, 0.0, 0.0)","(0.0, 0.0, 0.0)","(0.0, 0.0, 0.0)","(0.0, 0.0, 0.0)","(0.0, 0.0, 0.0)","(0.0, 0.0, 0.0)",0,0,0,0,0,0,False,0,0,0,0,0,0,0,0,"(0.0, 6.0, 505.7)","(0.2, 0.0, 0.0, 1.0)"
0,862356.1,0,0,0,0,0,0,0,0,0,"(0.0, 0.0)","(0.0, 0.0)","(0.0, 0.0)","(0.0, 0.0, 0.0)","(0.0, 0.0, 0.0)","(0.0, 0.0, 0.0)","(0.0, 0.0, 0.0)","(0.0, 0.0, 0.0)","(0.0, 0.0, 0.0)",0,0,0,0,0,0,False,0,0,0,0,0,0,0,0,"(0.0, 6.0, 505.9)","(0.2, 0.0, 0.0, 1.0)"
0,862372.5,0,0,0,0,0,0,0,0,0,"(0.0, 0.0)","(0.0, 0.0)","(0.0, 0.0)","(0.0, 0.0, 0.0)","(0.0, 0.0, 0.0)","(0.0, 0.0, 0.0)","(0.0, 0.0, 0.0)","(0.0, 0.0, 0.0)","(0.0, 0.0, 0.0)",0,0,0,0,0,0,False,0,0,0,0,0,0,0,0,"(0.0, 6.0, 506.1)","(0.2, 0.0, 0.0, 1.0)"
0,862390.1,0,0,0,0,0,0,0,0,0,"(0.0, 0.0)","(0.0, 0.0)","(0.0, 0.0)","(0.0, 0.0, 0.0)","(0.0, 0.0, 0.0)","(0.0, 0.0, 0.0)","(0.0, 0.0, 0.0)","(0.0, 0.0, 0.0)","(0.0, 0.0, 0.0)",0,0,0,0,0,0,False,0,0,0,0,0,0,0,0,"(0.0, 6.0, 506.3)","(0.2, 0.0, 0.0, 1.0)"
0,862410.8,0,0,0,0,0,0,0,0,0,"(0.0, 0.0)","(0.0, 0.0)","(0.0, 0.0)","(0.0, 0.0, 0.0)","(0.0, 0.0, 0.0)","(0.0, 0.0, 0.0)","(0.0, 0.0, 0.0)","(0.0, 0.0, 0.0)","(0.0, 0.0, 0.0)",0,0,0,0,0,0,False,0,0,0,0,0,0,0,0,"(0.0, 6.0, 506.5)","(0.2, 0.0, 0.0, 1.0)"
0,862434.6,0,0,0,0,0,0,0,0,0,"(0.0, 0.0)","(0.0, 0.0)","(0.0, 0.0)","(0.0, 0.0, 0.0)","(0.0, 0.0, 0.0)","(0.0, 0.0, 0.0)","(0.0, 0.0, 0.0)","(0.0, 0.0, 0.0)","(0.0, 0.0, 0.0)",0,0,0,0,0,0,False,0,0,0,0,0,0,0,0,"(0.0, 6.0, 506.7)","(0.2, 0.0, 0.0, 1.0)"
0,862457,0,0,0,0,0,0,0,0,0,"(0.0, 0.0)","(0.0, 0.0)","(0.0, 0.0)","(0.0, 0.0, 0.0)","(0.0, 0.0, 0.0)","(0.0, 0.0, 0.0)","(0.0, 0.0, 0.0)","(0.0, 0.0, 0.0)","(0.0, 0.0, 0.0)",0,0,0,0,0,0,False,0,0,0,0,0,0,0,0,"(0.0, 6.0, 506.9)","(0.2, 0.0, 0.0, 1.0)"
0,862479.8,0,0,0,0,0,0,0,0,0,"(0.0, 0.0)","(0.0, 0.0)","(0.0, 0.0)","(0.0, 0.0, 0.0)","(0.0, 0.0, 0.0)","(0.0, 0.0, 0.0)","(0.0, 0.0, 0.0)","(0.0, 0.0, 0.0)","(0.0, 0.0, 0.0)",0,0,0,0,0,0,False,0,0,0,0,0,0,0,0,"(0.0, 6.0, 507.1)","(0.2, 0.0, 0.0, 1.0)"
0,862500.6,0,0,0,0,0,0,0,0,0,"(0.0, 0.0)","(0.0, 0.0)","(0.0, 0.0)","(0.0, 0.0, 0.0)","(0.0, 0.0, 0.0)","(0.0, 0.0, 0.0)","(0.0, 0.0, 0.0)","(0.0, 0.0, 0.0)","(0.0, 0.0, 0.0)",0,0,0,0,0,0,False,0,0,0,0,0,0,0,0,"(0.0, 6.0, 507.3)","(0.2, 0.0, 0.0, 1.0)"
0,862521.6,0,0,0,0,0,0,0,0,0,"(0.0, 0.0)","(0.0, 0.0)","(0.0, 0.0)","(0.0, 0.0, 0.0)","(0.0, 0.0, 0.0)","(0.0, 0.0, 0.0)","(0.0, 0.0, 0.0)","(0.0, 0.0, 0.0)","(0.0, 0.0, 0.0)",0,0,0,0,0,0,False,0,0,0,0,0,0,0,0,"(0.0, 6.0, 507.5)","(0.2, 0.0, 0.0, 1.0)"
0,862544.1,0,0,0,0,0,0,0,0,0,"(0.0, 0.0)","(0.0, 0.0)","(0.0, 0.0)","(0.0, 0.0, 0.0)","(0.0, 0.0, 0.0)","(0.0, 0.0, 0.0)","(0.0, 0.0, 0.0)","(0.0, 0.0, 0.0)","(0.0, 0.0, 0.0)",0,0,0,0,0,0,False,0,0,0,0,0,0,0,0,"(0.0, 6.0, 507.7)","(0.2, 0.0, 0.0, 1.0)"
0,862567.9,0,0,0,0,0,0,0,0,0,"(0.0, 0.0)","(0.0, 0.0)","(0.0, 0.0)","(0.0, 0.0, 0.0)","(0.0, 0.0, 0.0)","(0.0, 0.0, 0.0)","(0.0, 0.0, 0.0)","(0.0, 0.0, 0.0)","(0.0, 0.0, 0.0)",0,0,0,0,0,0,False,0,0,0,0,0,0,0,0,"(0.0, 6.0, 507.9)","(0.2, 0.0, 0.0, 1.0)"
0,862588.5,0,0,0,0,0,0,0,0,0,"(0.0, 0.0)","(0.0, 0.0)","(0.0, 0.0)","(0.0, 0.0, 0.0)","(0.0, 0.0, 0.0)","(0.0, 0.0, 0.0)","(0.0, 0.0, 0.0)","(0.0, 0.0, 0.0)","(0.0, 0.0, 0.0)",0,0,0,0,0,0,False,0,0,0,0,0,0,0,0,"(0.0, 6.0, 508.1)","(0.2, 0.0, 0.0, 1.0)"
0,862610.9,0,0,0,0,0,0,0,0,0,"(0.0, 0.0)","(0.0, 0.0)","(0.0, 0.0)","(0.0, 0.0, 0.0)","(0.0, 0.0, 0.0)","(0.0, 0.0, 0.0)","(0.0, 0.0, 0.0)","(0.0, 0.0, 0.0)","(0.0, 0.0, 0.0)",0,0,0,0,0,0,False,0,0,0,0,0,0,0,0,"(0.0, 6.0, 508.3)","(0.2, 0.0, 0.0, 1.0)"
0,862633.9,0,0,0,0,0,0,0,0,0,"(0.0, 0.0)","(0.0, 0.0)","(0.0, 0.0)","(0.0, 0.0, 0.0)","(0.0, 0.0, 0.0)","(0.0, 0.0, 0.0)","(0.0, 0.0, 0.0)","(0.0, 0.0, 0.0)","(0.0, 0.0, 0.0)",0,0,0,0,0,0,False,0,0,0,0,0,0,0,0,"(0.0, 6.0, 508.5)","(0.2, 0.0, 0.0, 1.0)"
0,862654.8,0,0,0,0,0,0,0,0,0,"(0.0, 0.0)","(0.0, 0.0)","(0.0, 0.0)","(0.0, 0.0, 0.0)","(0.0, 0.0, 0.0)","(0.0, 0.0, 0.0)","(0.0, 0.0, 0.0)","(0.0, 0.0, 0.0)","(0.0, 0.0, 0.0)",0,0,0,0,0,0,False,0,0,0,0,0,0,0,0,"(0.0, 6.0, 508.7)","(0.2, 0.0, 0.0, 1.0)"
0,862677.5,0,0,0,0,0,0,0,0,0,"(0.0, 0.0)","(0.0, 0.0)","(0.0, 0.0)","(0.0, 0.0, 0.0)","(0.0, 0.0, 0.0)","(0.0, 0.0, 0.0)","(0.0, 0.0, 0.0)","(0.0, 0.0, 0.0)","(0.0, 0.0, 0.0)",0,0,0,0,0,0,False,0,0,0,0,0,0,0,0,"(0.0, 6.0, 508.9)","(0.2, 0.0, 0.0, 1.0)"
0,862700.4,0,0,0,0,0,0,0,0,0,"(0.0, 0.0)","(0.0, 0.0)","(0.0, 0.0)","(0.0, 0.0, 0.0)","(0.0, 0.0, 0.0)","(0.0, 0.0, 0.0)","(0.0, 0.0, 0.0)","(0.0, 0.0, 0.0)","(0.0, 0.0, 0.0)",0,0,0,0,0,0,False,0,0,0,0,0,0,0,0,"(0.0, 6.0, 509.1)","(0.2, 0.0, 0.0, 1.0)"
0,862721.8,0,0,0,0,0,0,0,0,0,"(0.0, 0.0)","(0.0, 0.0)","(0.0, 0.0)","(0.0, 0.0, 0.0)","(0.0, 0.0, 0.0)","(0.0, 0.0, 0.0)","(0.0, 0.0, 0.0)","(0.0, 0.0, 0.0)","(0.0, 0.0, 0.0)",0,0,0,0,0,0,False,0,0,0,0,0,0,0,0,"(0.0, 6.0, 509.4)","(0.2, 0.0, 0.0, 1.0)"
0,862744.4,0,0,0,0,0,0,0,0,0,"(0.0, 0.0)","(0.0, 0.0)","(0.0, 0.0)","(0.0, 0.0, 0.0)","(0.0, 0.0, 0.0)","(0.0, 0.0, 0.0)","(0.0, 0.0, 0.0)","(0.0, 0.0, 0.0)","(0.0, 0.0, 0.0)",0,0,0,0,0,0,False,0,0,0,0,0,0,0,0,"(0.0, 6.0, 509.6)","(0.2, 0.0, 0.0, 1.0)"
0,862766.9,0,0,0,0,0,0,0,0,0,"(0.0, 0.0)","(0.0, 0.0)","(0.0, 0.0)","(0.0, 0.0, 0.0)","(0.0, 0.0, 0.0)","(0.0, 0.0, 0.0)","(0.0, 0.0, 0.0)","(0.0, 0.0, 0.0)","(0.0, 0.0, 0.0)",0,0,0,0,0,0,False,0,0,0,0,0,0,0,0,"(0.0, 6.0, 509.8)","(0.2, 0.0, 0.0, 1.0)"
0,862788.3,0,0,0,0,0,0,0,0,0,"(0.0, 0.0)","(0.0, 0.0)","(0.0, 0.0)","(0.0, 0.0, 0.0)","(0.0, 0.0, 0.0)","(0.0, 0.0, 0.0)","(0.0, 0.0, 0.0)","(0.0, 0.0, 0.0)","(0.0, 0.0, 0.0)",0,0,0,0,0,0,False,0,0,0,0,0,0,0,0,"(0.0, 6.0, 510.0)","(0.2, 0.0, 0.0, 1.0)"
0,862810.1,0,0,0,0,0,0,0,0,0,"(0.0, 0.0)","(0.0, 0.0)","(0.0, 0.0)","(0.0, 0.0, 0.0)","(0.0, 0.0, 0.0)","(0.0, 0.0, 0.0)","(0.0, 0.0, 0.0)","(0.0, 0.0, 0.0)","(0.0, 0.0, 0.0)",0,0,0,0,0,0,False,0,0,0,0,0,0,0,0,"(0.0, 6.0, 510.2)","(0.2, 0.0, 0.0, 1.0)"
0,862833.6,0,0,0,0,0,0,0,0,0,"(0.0, 0.0)","(0.0, 0.0)","(0.0, 0.0)","(0.0, 0.0, 0.0)","(0.0, 0.0, 0.0)","(0.0, 0.0, 0.0)","(0.0, 0.0, 0.0)","(0.0, 0.0, 0.0)","(0.0, 0.0, 0.0)",0,0,0,0,0,0,False,0,0,0,0,0,0,0,0,"(0.0, 6.0, 510.4)","(0.2, 0.0, 0.0, 1.0)"
0,862854.9,0,0,0,0,0,0,0,0,0,"(0.0, 0.0)","(0.0, 0.0)","(0.0, 0.0)","(0.0, 0.0, 0.0)","(0.0, 0.0, 0.0)","(0.0, 0.0, 0.0)","(0.0, 0.0, 0.0)","(0.0, 0.0, 0.0)","(0.0, 0.0, 0.0)",0,0,0,0,0,0,False,0,0,0,0,0,0,0,0,"(0.0, 6.0, 510.6)","(0.2, 0.0, 0.0, 1.0)"
0,862873.5,0,0,0,0,0,0,0,0,0,"(0.0, 0.0)","(0.0, 0.0)","(0.0, 0.0)","(0.0, 0.0, 0.0)","(0.0, 0.0, 0.0)","(0.0, 0.0, 0.0)","(0.0, 0.0, 0.0)","(0.0, 0.0, 0.0)","(0.0, 0.0, 0.0)",0,0,0,0,0,0,False,0,0,0,0,0,0,0,0,"(0.0, 6.0, 510.9)","(0.2, 0.0, 0.0, 1.0)"
0,862903.6,0,0,0,0,0,0,0,0,0,"(0.0, 0.0)","(0.0, 0.0)","(0.0, 0.0)","(0.0, 0.0, 0.0)","(0.0, 0.0, 0.0)","(0.0, 0.0, 0.0)","(0.0, 0.0, 0.0)","(0.0, 0.0, 0.0)","(0.0, 0.0, 0.0)",0,0,0,0,0,0,False,0,0,0,0,0,0,0,0,"(0.0, 6.0, 511.1)","(0.2, 0.0, 0.0, 1.0)"
0,862922.8,0,0,0,0,0,0,0,0,0,"(0.0, 0.0)","(0.0, 0.0)","(0.0, 0.0)","(0.0, 0.0, 0.0)","(0.0, 0.0, 0.0)","(0.0, 0.0, 0.0)","(0.0, 0.0, 0.0)","(0.0, 0.0, 0.0)","(0.0, 0.0, 0.0)",0,0,0,0,0,0,False,0,0,0,0,0,0,0,0,"(0.0, 6.0, 511.3)","(0.2, 0.0, 0.0, 1.0)"
0,862939.9,0,0,0,0,0,0,0,0,0,"(0.0, 0.0)","(0.0, 0.0)","(0.0, 0.0)","(0.0, 0.0, 0.0)","(0.0, 0.0, 0.0)","(0.0, 0.0, 0.0)","(0.0, 0.0, 0.0)","(0.0, 0.0, 0.0)","(0.0, 0.0, 0.0)",0,0,0,0,0,0,False,0,0,0,0,0,0,0,0,"(0.0, 6.0, 511.5)","(0.2, 0.0, 0.0, 1.0)"
0,862958.6,0,0,0,0,0,0,0,0,0,"(0.0, 0.0)","(0.0, 0.0)","(0.0, 0.0)","(0.0, 0.0, 0.0)","(0.0, 0.0, 0.0)","(0.0, 0.0, 0.0)","(0.0, 0.0, 0.0)","(0.0, 0.0, 0.0)","(0.0, 0.0, 0.0)",0,0,0,0,0,0,False,0,0,0,0,0,0,0,0,"(0.0, 6.0, 511.7)","(0.2, 0.0, 0.0, 1.0)"
0,862977,0,0,0,0,0,0,0,0,0,"(0.0, 0.0)","(0.0, 0.0)","(0.0, 0.0)","(0.0, 0.0, 0.0)","(0.0, 0.0, 0.0)","(0.0, 0.0, 0.0)","(0.0, 0.0, 0.0)","(0.0, 0.0, 0.0)","(0.0, 0.0, 0.0)",0,0,0,0,0,0,False,0,0,0,0,0,0,0,0,"(0.0, 6.0, 511.9)","(0.2, 0.0, 0.0, 1.0)"
0,862996.7,0,0,0,0,0,0,0,0,0,"(0.0, 0.0)","(0.0, 0.0)","(0.0, 0.0)","(0.0, 0.0, 0.0)","(0.0, 0.0, 0.0)","(0.0, 0.0, 0.0)","(0.0, 0.0, 0.0)","(0.0, 0.0, 0.0)","(0.0, 0.0, 0.0)",0,0,0,0,0,0,False,0,0,0,0,0,0,0,0,"(0.0, 6.0, 512.1)","(0.2, 0.0, 0.0, 1.0)"
0,863015.8,0,0,0,0,0,0,0,0,0,"(0.0, 0.0)","(0.0, 0.0)","(0.0, 0.0)","(0.0, 0.0, 0.0)","(0.0, 0.0, 0.0)","(0.0, 0.0, 0.0)","(0.0, 0.0, 0.0)","(0.0, 0.0, 0.0)","(0.0, 0.0, 0.0)",0,0,0,0,0,0,False,0,0,0,0,0,0,0,0,"(0.0, 6.0, 512.4)","(0.2, 0.0, 0.0, 1.0)"
0,863033.9,0,0,0,0,0,0,0,0,0,"(0.0, 0.0)","(0.0, 0.0)","(0.0, 0.0)","(0.0, 0.0, 0.0)","(0.0, 0.0, 0.0)","(0.0, 0.0, 0.0)","(0.0, 0.0, 0.0)","(0.0, 0.0, 0.0)","(0.0, 0.0, 0.0)",0,0,0,0,0,0,False,0,0,0,0,0,0,0,0,"(0.0, 6.0, 512.6)","(0.2, 0.0, 0.0, 1.0)"
0,863052.1,0,0,0,0,0,0,0,0,0,"(0.0, 0.0)","(0.0, 0.0)","(0.0, 0.0)","(0.0, 0.0, 0.0)","(0.0, 0.0, 0.0)","(0.0, 0.0, 0.0)","(0.0, 0.0, 0.0)","(0.0, 0.0, 0.0)","(0.0, 0.0, 0.0)",0,0,0,0,0,0,False,0,0,0,0,0,0,0,0,"(0.0, 6.0, 512.8)","(0.2, 0.0, 0.0, 1.0)"
0,863068.6,0,0,0,0,0,0,0,0,0,"(0.0, 0.0)","(0.0, 0.0)","(0.0, 0.0)","(0.0, 0.0, 0.0)","(0.0, 0.0, 0.0)","(0.0, 0.0, 0.0)","(0.0, 0.0, 0.0)","(0.0, 0.0, 0.0)","(0.0, 0.0, 0.0)",0,0,0,0,0,0,False,0,0,0,0,0,0,0,0,"(0.0, 6.0, 513.0)","(0.2, 0.0, 0.0, 1.0)"
0,863085.1,0,0,0,0,0,0,0,0,0,"(0.0, 0.0)","(0.0, 0.0)","(0.0, 0.0)","(0.0, 0.0, 0.0)","(0.0, 0.0, 0.0)","(0.0, 0.0, 0.0)","(0.0, 0.0, 0.0)","(0.0, 0.0, 0.0)","(0.0, 0.0, 0.0)",0,0,0,0,0,0,False,0,0,0,0,0,0,0,0,"(0.0, 6.0, 513.2)","(0.2, 0.0, 0.0, 1.0)"
0,863101.1,0,0,0,0,0,0,0,0,0,"(0.0, 0.0)","(0.0, 0.0)","(0.0, 0.0)","(0.0, 0.0, 0.0)","(0.0, 0.0, 0.0)","(0.0, 0.0, 0.0)","(0.0, 0.0, 0.0)","(0.0, 0.0, 0.0)","(0.0, 0.0, 0.0)",0,0,0,0,0,0,False,0,0,0,0,0,0,0,0,"(0.0, 6.0, 513.3)","(0.2, 0.0, 0.0, 1.0)"
0,863117.9,0,0,0,0,0,0,0,0,0,"(0.0, 0.0)","(0.0, 0.0)","(0.0, 0.0)","(0.0, 0.0, 0.0)","(0.0, 0.0, 0.0)","(0.0, 0.0, 0.0)","(0.0, 0.0, 0.0)","(0.0, 0.0, 0.0)","(0.0, 0.0, 0.0)",0,0,0,0,0,0,False,0,0,0,0,0,0,0,0,"(0.0, 6.0, 513.5)","(0.2, 0.0, 0.0, 1.0)"
0,863133.9,0,0,0,0,0,0,0,0,0,"(0.0, 0.0)","(0.0, 0.0)","(0.0, 0.0)","(0.0, 0.0, 0.0)","(0.0, 0.0, 0.0)","(0.0, 0.0, 0.0)","(0.0, 0.0, 0.0)","(0.0, 0.0, 0.0)","(0.0, 0.0, 0.0)",0,0,0,0,0,0,False,0,0,0,0,0,0,0,0,"(0.0, 6.0, 513.7)","(0.2, 0.0, 0.0, 1.0)"
0,863154.7,0,0,0,0,0,0,0,0,0,"(0.0, 0.0)","(0.0, 0.0)","(0.0, 0.0)","(0.0, 0.0, 0.0)","(0.0, 0.0, 0.0)","(0.0, 0.0, 0.0)","(0.0, 0.0, 0.0)","(0.0, 0.0, 0.0)","(0.0, 0.0, 0.0)",0,0,0,0,0,0,False,0,0,0,0,0,0,0,0,"(0.0, 6.0, 513.9)","(0.2, 0.0, 0.0, 1.0)"
0,863171.9,0,0,0,0,0,0,0,0,0,"(0.0, 0.0)","(0.0, 0.0)","(0.0, 0.0)","(0.0, 0.0, 0.0)","(0.0, 0.0, 0.0)","(0.0, 0.0, 0.0)","(0.0, 0.0, 0.0)","(0.0, 0.0, 0.0)","(0.0, 0.0, 0.0)",0,0,0,0,0,0,False,0,0,0,0,0,0,0,0,"(0.0, 6.0, 514.1)","(0.2, 0.0, 0.0, 1.0)"
0,863189.9,0,0,0,0,0,0,0,0,0,"(0.0, 0.0)","(0.0, 0.0)","(0.0, 0.0)","(0.0, 0.0, 0.0)","(0.0, 0.0, 0.0)","(0.0, 0.0, 0.0)","(0.0, 0.0, 0.0)","(0.0, 0.0, 0.0)","(0.0, 0.0, 0.0)",0,0,0,0,0,0,False,0,0,0,0,0,0,0,0,"(0.0, 6.0, 514.3)","(0.2, 0.0, 0.0, 1.0)"
0,863206,0,0,0,0,0,0,0,0,0,"(0.0, 0.0)","(0.0, 0.0)","(0.0, 0.0)","(0.0, 0.0, 0.0)","(0.0, 0.0, 0.0)","(0.0, 0.0, 0.0)","(0.0, 0.0, 0.0)","(0.0, 0.0, 0.0)","(0.0, 0.0, 0.0)",0,0,0,0,0,0,False,0,0,0,0,0,0,0,0,"(0.0, 6.0, 514.5)","(0.2, 0.0, 0.0, 1.0)"
0,863222.6,0,0,0,0,0,0,0,0,0,"(0.0, 0.0)","(0.0, 0.0)","(0.0, 0.0)","(0.0, 0.0, 0.0)","(0.0, 0.0, 0.0)","(0.0, 0.0, 0.0)","(0.0, 0.0, 0.0)","(0.0, 0.0, 0.0)","(0.0, 0.0, 0.0)",0,0,0,0,0,0,False,0,0,0,0,0,0,0,0,"(0.0, 6.0, 514.6)","(0.2, 0.0, 0.0, 1.0)"
0,863248.1,0,0,0,0,0,0,0,0,0,"(0.0, 0.0)","(0.0, 0.0)","(0.0, 0.0)","(0.0, 0.0, 0.0)","(0.0, 0.0, 0.0)","(0.0, 0.0, 0.0)","(0.0, 0.0, 0.0)","(0.0, 0.0, 0.0)","(0.0, 0.0, 0.0)",0,0,0,0,0,0,False,0,0,0,0,0,0,0,0,"(0.0, 6.0, 514.8)","(0.2, 0.0, 0.0, 1.0)"
0,863271.3,0,0,0,0,0,0,0,0,0,"(0.0, 0.0)","(0.0, 0.0)","(0.0, 0.0)","(0.0, 0.0, 0.0)","(0.0, 0.0, 0.0)","(0.0, 0.0, 0.0)","(0.0, 0.0, 0.0)","(0.0, 0.0, 0.0)","(0.0, 0.0, 0.0)",0,0,0,0,0,0,False,0,0,0,0,0,0,0,0,"(0.0, 6.0, 515.0)","(0.2, 0.0, 0.0, 1.0)"
0,863288.5,0,0,0,0,0,0,0,0,0,"(0.0, 0.0)","(0.0, 0.0)","(0.0, 0.0)","(0.0, 0.0, 0.0)","(0.0, 0.0, 0.0)","(0.0, 0.0, 0.0)","(0.0, 0.0, 0.0)","(0.0, 0.0, 0.0)","(0.0, 0.0, 0.0)",0,0,0,0,0,0,False,0,0,0,0,0,0,0,0,"(0.0, 6.0, 515.2)","(0.2, 0.0, 0.0, 1.0)"
0,863310.6,0,0,0,0,0,0,0,0,0,"(0.0, 0.0)","(0.0, 0.0)","(0.0, 0.0)","(0.0, 0.0, 0.0)","(0.0, 0.0, 0.0)","(0.0, 0.0, 0.0)","(0.0, 0.0, 0.0)","(0.0, 0.0, 0.0)","(0.0, 0.0, 0.0)",0,0,0,0,0,0,False,0,0,0,0,0,0,0,0,"(0.0, 6.0, 515.4)","(0.2, 0.0, 0.0, 1.0)"
0,863332.9,0,0,0,0,0,0,0,0,0,"(0.0, 0.0)","(0.0, 0.0)","(0.0, 0.0)","(0.0, 0.0, 0.0)","(0.0, 0.0, 0.0)","(0.0, 0.0, 0.0)","(0.0, 0.0, 0.0)","(0.0, 0.0, 0.0)","(0.0, 0.0, 0.0)",0,0,0,0,0,0,False,0,0,0,0,0,0,0,0,"(0.0, 6.0, 515.6)","(0.2, 0.0, 0.0, 1.0)"
0,863354.8,0,0,0,0,0,0,0,0,0,"(0.0, 0.0)","(0.0, 0.0)","(0.0, 0.0)","(0.0, 0.0, 0.0)","(0.0, 0.0, 0.0)","(0.0, 0.0, 0.0)","(0.0, 0.0, 0.0)","(0.0, 0.0, 0.0)","(0.0, 0.0, 0.0)",0,0,0,0,0,0,False,0,0,0,0,0,0,0,0,"(0.0, 6.0, 515.8)","(0.2, 0.0, 0.0, 1.0)"
0,863376.8,0,0,0,0,0,0,0,0,0,"(0.0, 0.0)","(0.0, 0.0)","(0.0, 0.0)","(0.0, 0.0, 0.0)","(0.0, 0.0, 0.0)","(0.0, 0.0, 0.0)","(0.0, 0.0, 0.0)","(0.0, 0.0, 0.0)","(0.0, 0.0, 0.0)",0,0,0,0,0,0,False,0,0,0,0,0,0,0,0,"(0.0, 6.0, 516.0)","(0.2, 0.0, 0.0, 1.0)"
0,863400.2,0,0,0,0,0,0,0,0,0,"(0.0, 0.0)","(0.0, 0.0)","(0.0, 0.0)","(0.0, 0.0, 0.0)","(0.0, 0.0, 0.0)","(0.0, 0.0, 0.0)","(0.0, 0.0, 0.0)","(0.0, 0.0, 0.0)","(0.0, 0.0, 0.0)",0,0,0,0,0,0,False,0,0,0,0,0,0,0,0,"(0.0, 6.0, 516.2)","(0.2, 0.0, 0.0, 1.0)"
0,863421,0,0,0,0,0,0,0,0,0,"(0.0, 0.0)","(0.0, 0.0)","(0.0, 0.0)","(0.0, 0.0, 0.0)","(0.0, 0.0, 0.0)","(0.0, 0.0, 0.0)","(0.0, 0.0, 0.0)","(0.0, 0.0, 0.0)","(0.0, 0.0, 0.0)",0,0,0,0,0,0,False,0,0,0,0,0,0,0,0,"(0.0, 6.0, 516.4)","(0.2, 0.0, 0.0, 1.0)"
0,863443.6,0,0,0,0,0,0,0,0,0,"(0.0, 0.0)","(0.0, 0.0)","(0.0, 0.0)","(0.0, 0.0, 0.0)","(0.0, 0.0, 0.0)","(0.0, 0.0, 0.0)","(0.0, 0.0, 0.0)","(0.0, 0.0, 0.0)","(0.0, 0.0, 0.0)",0,0,0,0,0,0,False,0,0,0,0,0,0,0,0,"(0.0, 6.0, 516.6)","(0.2, 0.0, 0.0, 1.0)"
0,863466.8,0,0,0,0,0,0,0,0,0,"(0.0, 0.0)","(0.0, 0.0)","(0.0, 0.0)","(0.0, 0.0, 0.0)","(0.0, 0.0, 0.0)","(0.0, 0.0, 0.0)","(0.0, 0.0, 0.0)","(0.0, 0.0, 0.0)","(0.0, 0.0, 0.0)",0,0,0,0,0,0,False,0,0,0,0,0,0,0,0,"(0.0, 6.0, 516.8)","(0.2, 0.0, 0.0, 1.0)"
0,863487.9,0,0,0,0,0,0,0,0,0,"(0.0, 0.0)","(0.0, 0.0)","(0.0, 0.0)","(0.0, 0.0, 0.0)","(0.0, 0.0, 0.0)","(0.0, 0.0, 0.0)","(0.0, 0.0, 0.0)","(0.0, 0.0, 0.0)","(0.0, 0.0, 0.0)",0,0,0,0,0,0,False,0,0,0,0,0,0,0,0,"(0.0, 6.0, 517.0)","(0.2, 0.0, 0.0, 1.0)"
0,863510.6,0,0,0,0,0,0,0,0,0,"(0.0, 0.0)","(0.0, 0.0)","(0.0, 0.0)","(0.0, 0.0, 0.0)","(0.0, 0.0, 0.0)","(0.0, 0.0, 0.0)","(0.0, 0.0, 0.0)","(0.0, 0.0, 0.0)","(0.0, 0.0, 0.0)",0,0,0,0,0,0,False,0,0,0,0,0,0,0,0,"(0.0, 6.0, 517.3)","(0.2, 0.0, 0.0, 1.0)"
0,863532.9,0,0,0,0,0,0,0,0,0,"(0.0, 0.0)","(0.0, 0.0)","(0.0, 0.0)","(0.0, 0.0, 0.0)","(0.0, 0.0, 0.0)","(0.0, 0.0, 0.0)","(0.0, 0.0, 0.0)","(0.0, 0.0, 0.0)","(0.0, 0.0, 0.0)",0,0,0,0,0,0,False,0,0,0,0,0,0,0,0,"(0.0, 6.0, 517.5)","(0.2, 0.0, 0.0, 1.0)"
0,863554.2,0,0,0,0,0,0,0,0,0,"(0.0, 0.0)","(0.0, 0.0)","(0.0, 0.0)","(0.0, 0.0, 0.0)","(0.0, 0.0, 0.0)","(0.0, 0.0, 0.0)","(0.0, 0.0, 0.0)","(0.0, 0.0, 0.0)","(0.0, 0.0, 0.0)",0,0,0,0,0,0,False,0,0,0,0,0,0,0,0,"(0.0, 6.0, 517.7)","(0.2, 0.0, 0.0, 1.0)"
0,863576.9,0,0,0,0,0,0,0,0,0,"(0.0, 0.0)","(0.0, 0.0)","(0.0, 0.0)","(0.0, 0.0, 0.0)","(0.0, 0.0, 0.0)","(0.0, 0.0, 0.0)","(0.0, 0.0, 0.0)","(0.0, 0.0, 0.0)","(0.0, 0.0, 0.0)",0,0,0,0,0,0,False,0,0,0,0,0,0,0,0,"(0.0, 6.0, 517.9)","(0.2, 0.0, 0.0, 1.0)"
0,863599.3,0,0,0,0,0,0,0,0,0,"(0.0, 0.0)","(0.0, 0.0)","(0.0, 0.0)","(0.0, 0.0, 0.0)","(0.0, 0.0, 0.0)","(0.0, 0.0, 0.0)","(0.0, 0.0, 0.0)","(0.0, 0.0, 0.0)","(0.0, 0.0, 0.0)",0,0,0,0,0,0,False,0,0,0,0,0,0,0,0,"(0.0, 6.0, 518.1)","(0.2, 0.0, 0.0, 1.0)"
0,863621,0,0,0,0,0,0,0,0,0,"(0.0, 0.0)","(0.0, 0.0)","(0.0, 0.0)","(0.0, 0.0, 0.0)","(0.0, 0.0, 0.0)","(0.0, 0.0, 0.0)","(0.0, 0.0, 0.0)","(0.0, 0.0, 0.0)","(0.0, 0.0, 0.0)",0,0,0,0,0,0,False,0,0,0,0,0,0,0,0,"(0.0, 6.0, 518.3)","(0.2, 0.0, 0.0, 1.0)"
0,863643.1,0,0,0,0,0,0,0,0,0,"(0.0, 0.0)","(0.0, 0.0)","(0.0, 0.0)","(0.0, 0.0, 0.0)","(0.0, 0.0, 0.0)","(0.0, 0.0, 0.0)","(0.0, 0.0, 0.0)","(0.0, 0.0, 0.0)","(0.0, 0.0, 0.0)",0,0,0,0,0,0,False,0,0,0,0,0,0,0,0,"(0.0, 6.0, 518.5)","(0.2, 0.0, 0.0, 1.0)"
0,863667.2,0,0,0,0,0,0,0,0,0,"(0.0, 0.0)","(0.0, 0.0)","(0.0, 0.0)","(0.0, 0.0, 0.0)","(0.0, 0.0, 0.0)","(0.0, 0.0, 0.0)","(0.0, 0.0, 0.0)","(0.0, 0.0, 0.0)","(0.0, 0.0, 0.0)",0,0,0,0,0,0,False,0,0,0,0,0,0,0,0,"(0.0, 6.0, 518.8)","(0.2, 0.0, 0.0, 1.0)"
0,863687.4,0,0,0,0,0,0,0,0,0,"(0.0, 0.0)","(0.0, 0.0)","(0.0, 0.0)","(0.0, 0.0, 0.0)","(0.0, 0.0, 0.0)","(0.0, 0.0, 0.0)","(0.0, 0.0, 0.0)","(0.0, 0.0, 0.0)","(0.0, 0.0, 0.0)",0,0,0,0,0,0,False,0,0,0,0,0,0,0,0,"(0.0, 6.0, 519.0)","(0.2, 0.0, 0.0, 1.0)"
0,863709.6,0,0,0,0,0,0,0,0,0,"(0.0, 0.0)","(0.0, 0.0)","(0.0, 0.0)","(0.0, 0.0, 0.0)","(0.0, 0.0, 0.0)","(0.0, 0.0, 0.0)","(0.0, 0.0, 0.0)","(0.0, 0.0, 0.0)","(0.0, 0.0, 0.0)",0,0,0,0,0,0,False,0,0,0,0,0,0,0,0,"(0.0, 6.0, 519.2)","(0.2, 0.0, 0.0, 1.0)"
0,863734.3,0,0,0,0,0,0,0,0,0,"(0.0, 0.0)","(0.0, 0.0)","(0.0, 0.0)","(0.0, 0.0, 0.0)","(0.0, 0.0, 0.0)","(0.0, 0.0, 0.0)","(0.0, 0.0, 0.0)","(0.0, 0.0, 0.0)","(0.0, 0.0, 0.0)",0,0,0,0,0,0,False,0,0,0,0,0,0,0,0,"(0.0, 6.0, 519.4)","(0.2, 0.0, 0.0, 1.0)"
0,863754.5,0,0,0,0,0,0,0,0,0,"(0.0, 0.0)","(0.0, 0.0)","(0.0, 0.0)","(0.0, 0.0, 0.0)","(0.0, 0.0, 0.0)","(0.0, 0.0, 0.0)","(0.0, 0.0, 0.0)","(0.0, 0.0, 0.0)","(0.0, 0.0, 0.0)",0,0,0,0,0,0,False,0,0,0,0,0,0,0,0,"(0.0, 6.0, 519.6)","(0.2, 0.0, 0.0, 1.0)"
0,863776.6,0,0,0,0,0,0,0,0,0,"(0.0, 0.0)","(0.0, 0.0)","(0.0, 0.0)","(0.0, 0.0, 0.0)","(0.0, 0.0, 0.0)","(0.0, 0.0, 0.0)","(0.0, 0.0, 0.0)","(0.0, 0.0, 0.0)","(0.0, 0.0, 0.0)",0,0,0,0,0,0,False,0,0,0,0,0,0,0,0,"(0.0, 6.0, 519.9)","(0.2, 0.0, 0.0, 1.0)"
0,863799.6,0,0,0,0,0,0,0,0,0,"(0.0, 0.0)","(0.0, 0.0)","(0.0, 0.0)","(0.0, 0.0, 0.0)","(0.0, 0.0, 0.0)","(0.0, 0.0, 0.0)","(0.0, 0.0, 0.0)","(0.0, 0.0, 0.0)","(0.0, 0.0, 0.0)",0,0,0,0,0,0,False,0,0,0,0,0,0,0,0,"(0.0, 6.0, 520.1)","(0.2, 0.0, 0.0, 1.0)"
0,863818,0,0,0,0,0,0,0,0,0,"(0.0, 0.0)","(0.0, 0.0)","(0.0, 0.0)","(0.0, 0.0, 0.0)","(0.0, 0.0, 0.0)","(0.0, 0.0, 0.0)","(0.0, 0.0, 0.0)","(0.0, 0.0, 0.0)","(0.0, 0.0, 0.0)",0,0,0,0,0,0,False,0,0,0,0,0,0,0,0,"(0.0, 6.0, 520.3)","(0.2, 0.0, 0.0, 1.0)"
0,863836.3,0,0,0,0,0,0,0,0,0,"(0.0, 0.0)","(0.0, 0.0)","(0.0, 0.0)","(0.0, 0.0, 0.0)","(0.0, 0.0, 0.0)","(0.0, 0.0, 0.0)","(0.0, 0.0, 0.0)","(0.0, 0.0, 0.0)","(0.0, 0.0, 0.0)",0,0,0,0,0,0,False,0,0,0,0,0,0,0,0,"(0.0, 6.0, 520.5)","(0.2, 0.0, 0.0, 1.0)"
0,863854.2,0,0,0,0,0,0,0,0,0,"(0.0, 0.0)","(0.0, 0.0)","(0.0, 0.0)","(0.0, 0.0, 0.0)","(0.0, 0.0, 0.0)","(0.0, 0.0, 0.0)","(0.0, 0.0, 0.0)","(0.0, 0.0, 0.0)","(0.0, 0.0, 0.0)",0,0,0,0,0,0,False,0,0,0,0,0,0,0,0,"(0.0, 6.0, 520.7)","(0.2, 0.0, 0.0, 1.0)"
0,863871.9,0,0,0,0,0,0,0,0,0,"(0.0, 0.0)","(0.0, 0.0)","(0.0, 0.0)","(0.0, 0.0, 0.0)","(0.0, 0.0, 0.0)","(0.0, 0.0, 0.0)","(0.0, 0.0, 0.0)","(0.0, 0.0, 0.0)","(0.0, 0.0, 0.0)",0,0,0,0,0,0,False,0,0,0,0,0,0,0,0,"(0.0, 6.0, 520.9)","(0.2, 0.0, 0.0, 1.0)"
0,863890.6,0,0,0,0,0,0,0,0,0,"(0.0, 0.0)","(0.0, 0.0)","(0.0, 0.0)","(0.0, 0.0, 0.0)","(0.0, 0.0, 0.0)","(0.0, 0.0, 0.0)","(0.0, 0.0, 0.0)","(0.0, 0.0, 0.0)","(0.0, 0.0, 0.0)",0,0,0,0,0,0,False,0,0,0,0,0,0,0,0,"(0.0, 6.0, 521.1)","(0.2, 0.0, 0.0, 1.0)"
0,863909,0,0,0,0,0,0,0,0,0,"(0.0, 0.0)","(0.0, 0.0)","(0.0, 0.0)","(0.0, 0.0, 0.0)","(0.0, 0.0, 0.0)","(0.0, 0.0, 0.0)","(0.0, 0.0, 0.0)","(0.0, 0.0, 0.0)","(0.0, 0.0, 0.0)",0,0,0,0,0,0,False,0,0,0,0,0,0,0,0,"(0.0, 6.0, 521.3)","(0.2, 0.0, 0.0, 1.0)"
0,863928.1,0,0,0,0,0,0,0,0,0,"(0.0, 0.0)","(0.0, 0.0)","(0.0, 0.0)","(0.0, 0.0, 0.0)","(0.0, 0.0, 0.0)","(0.0, 0.0, 0.0)","(0.0, 0.0, 0.0)","(0.0, 0.0, 0.0)","(0.0, 0.0, 0.0)",0,0,0,0,0,0,False,0,0,0,0,0,0,0,0,"(0.0, 6.0, 521.5)","(0.2, 0.0, 0.0, 1.0)"
0,863947.9,0,0,0,0,0,0,0,0,0,"(0.0, 0.0)","(0.0, 0.0)","(0.0, 0.0)","(0.0, 0.0, 0.0)","(0.0, 0.0, 0.0)","(0.0, 0.0, 0.0)","(0.0, 0.0, 0.0)","(0.0, 0.0, 0.0)","(0.0, 0.0, 0.0)",0,0,0,0,0,0,False,0,0,0,0,0,0,0,0,"(0.0, 6.0, 521.7)","(0.2, 0.0, 0.0, 1.0)"
0,863968.4,0,0,0,0,0,0,0,0,0,"(0.0, 0.0)","(0.0, 0.0)","(0.0, 0.0)","(0.0, 0.0, 0.0)","(0.0, 0.0, 0.0)","(0.0, 0.0, 0.0)","(0.0, 0.0, 0.0)","(0.0, 0.0, 0.0)","(0.0, 0.0, 0.0)",0,0,0,0,0,0,False,0,0,0,0,0,0,0,0,"(0.0, 6.0, 521.9)","(0.2, 0.0, 0.0, 1.0)"
0,863987.7,0,0,0,0,0,0,0,0,0,"(0.0, 0.0)","(0.0, 0.0)","(0.0, 0.0)","(0.0, 0.0, 0.0)","(0.0, 0.0, 0.0)","(0.0, 0.0, 0.0)","(0.0, 0.0, 0.0)","(0.0, 0.0, 0.0)","(0.0, 0.0, 0.0)",0,0,0,0,0,0,False,0,0,0,0,0,0,0,0,"(0.0, 6.0, 522.1)","(0.2, 0.0, 0.0, 1.0)"
0,864005.8,0,0,0,0,0,0,0,0,0,"(0.0, 0.0)","(0.0, 0.0)","(0.0, 0.0)","(0.0, 0.0, 0.0)","(0.0, 0.0, 0.0)","(0.0, 0.0, 0.0)","(0.0, 0.0, 0.0)","(0.0, 0.0, 0.0)","(0.0, 0.0, 0.0)",0,0,0,0,0,0,False,0,0,0,0,0,0,0,0,"(0.0, 6.0, 522.3)","(0.2, 0.0, 0.0, 1.0)"
0,864024.1,0,0,0,0,0,0,0,0,0,"(0.0, 0.0)","(0.0, 0.0)","(0.0, 0.0)","(0.0, 0.0, 0.0)","(0.0, 0.0, 0.0)","(0.0, 0.0, 0.0)","(0.0, 0.0, 0.0)","(0.0, 0.0, 0.0)","(0.0, 0.0, 0.0)",0,0,0,0,0,0,False,0,0,0,0,0,0,0,0,"(0.0, 6.0, 522.5)","(0.2, 0.0, 0.0, 1.0)"
0,864041.1,0,0,0,0,0,0,0,0,0,"(0.0, 0.0)","(0.0, 0.0)","(0.0, 0.0)","(0.0, 0.0, 0.0)","(0.0, 0.0, 0.0)","(0.0, 0.0, 0.0)","(0.0, 0.0, 0.0)","(0.0, 0.0, 0.0)","(0.0, 0.0, 0.0)",0,0,0,0,0,0,False,0,0,0,0,0,0,0,0,"(0.0, 6.0, 522.7)","(0.2, 0.0, 0.0, 1.0)"
0,864057.9,0,0,0,0,0,0,0,0,0,"(0.0, 0.0)","(0.0, 0.0)","(0.0, 0.0)","(0.0, 0.0, 0.0)","(0.0, 0.0, 0.0)","(0.0, 0.0, 0.0)","(0.0, 0.0, 0.0)","(0.0, 0.0, 0.0)","(0.0, 0.0, 0.0)",0,0,0,0,0,0,False,0,0,0,0,0,0,0,0,"(0.0, 6.0, 522.9)","(0.2, 0.0, 0.0, 1.0)"
0,864074.4,0,0,0,0,0,0,0,0,0,"(0.0, 0.0)","(0.0, 0.0)","(0.0, 0.0)","(0.0, 0.0, 0.0)","(0.0, 0.0, 0.0)","(0.0, 0.0, 0.0)","(0.0, 0.0, 0.0)","(0.0, 0.0, 0.0)","(0.0, 0.0, 0.0)",0,0,0,0,0,0,False,0,0,0,0,0,0,0,0,"(0.0, 6.0, 523.1)","(0.2, 0.0, 0.0, 1.0)"
0,864092.9,0,0,0,0,0,0,0,0,0,"(0.0, 0.0)","(0.0, 0.0)","(0.0, 0.0)","(0.0, 0.0, 0.0)","(0.0, 0.0, 0.0)","(0.0, 0.0, 0.0)","(0.0, 0.0, 0.0)","(0.0, 0.0, 0.0)","(0.0, 0.0, 0.0)",0,0,0,0,0,0,False,0,0,0,0,0,0,0,0,"(0.0, 6.0, 523.3)","(0.2, 0.0, 0.0, 1.0)"
0,864109.9,0,0,0,0,0,0,0,0,0,"(0.0, 0.0)","(0.0, 0.0)","(0.0, 0.0)","(0.0, 0.0, 0.0)","(0.0, 0.0, 0.0)","(0.0, 0.0, 0.0)","(0.0, 0.0, 0.0)","(0.0, 0.0, 0.0)","(0.0, 0.0, 0.0)",0,0,0,0,0,0,False,0,0,0,0,0,0,0,0,"(0.0, 6.0, 523.5)","(0.2, 0.0, 0.0, 1.0)"
0,864127.6,0,0,0,0,0,0,0,0,0,"(0.0, 0.0)","(0.0, 0.0)","(0.0, 0.0)","(0.0, 0.0, 0.0)","(0.0, 0.0, 0.0)","(0.0, 0.0, 0.0)","(0.0, 0.0, 0.0)","(0.0, 0.0, 0.0)","(0.0, 0.0, 0.0)",0,0,0,0,0,0,False,0,0,0,0,0,0,0,0,"(0.0, 6.0, 523.7)","(0.2, 0.0, 0.0, 1.0)"
0,864145.6,0,0,0,0,0,0,0,0,0,"(0.0, 0.0)","(0.0, 0.0)","(0.0, 0.0)","(0.0, 0.0, 0.0)","(0.0, 0.0, 0.0)","(0.0, 0.0, 0.0)","(0.0, 0.0, 0.0)","(0.0, 0.0, 0.0)","(0.0, 0.0, 0.0)",0,0,0,0,0,0,False,0,0,0,0,0,0,0,0,"(0.0, 6.0, 523.8)","(0.2, 0.0, 0.0, 1.0)"
0,864163.3,0,0,0,0,0,0,0,0,0,"(0.0, 0.0)","(0.0, 0.0)","(0.0, 0.0)","(0.0, 0.0, 0.0)","(0.0, 0.0, 0.0)","(0.0, 0.0, 0.0)","(0.0, 0.0, 0.0)","(0.0, 0.0, 0.0)","(0.0, 0.0, 0.0)",0,0,0,0,0,0,False,0,0,0,0,0,0,0,0,"(0.0, 6.0, 524.0)","(0.2, 0.0, 0.0, 1.0)"
0,864181.1,0,0,0,0,0,0,0,0,0,"(0.0, 0.0)","(0.0, 0.0)","(0.0, 0.0)","(0.0, 0.0, 0.0)","(0.0, 0.0, 0.0)","(0.0, 0.0, 0.0)","(0.0, 0.0, 0.0)","(0.0, 0.0, 0.0)","(0.0, 0.0, 0.0)",0,0,0,0,0,0,False,0,0,0,0,0,0,0,0,"(0.0, 6.0, 524.2)","(0.2, 0.0, 0.0, 1.0)"
0,864201.3,0,0,0,0,0,0,0,0,0,"(0.0, 0.0)","(0.0, 0.0)","(0.0, 0.0)","(0.0, 0.0, 0.0)","(0.0, 0.0, 0.0)","(0.0, 0.0, 0.0)","(0.0, 0.0, 0.0)","(0.0, 0.0, 0.0)","(0.0, 0.0, 0.0)",0,0,0,0,0,0,False,0,0,0,0,0,0,0,0,"(0.0, 6.0, 524.4)","(0.2, 0.0, 0.0, 1.0)"
0,864219.8,0,0,0,0,0,0,0,0,0,"(0.0, 0.0)","(0.0, 0.0)","(0.0, 0.0)","(0.0, 0.0, 0.0)","(0.0, 0.0, 0.0)","(0.0, 0.0, 0.0)","(0.0, 0.0, 0.0)","(0.0, 0.0, 0.0)","(0.0, 0.0, 0.0)",0,0,0,0,0,0,False,0,0,0,0,0,0,0,0,"(0.0, 6.0, 524.6)","(0.2, 0.0, 0.0, 1.0)"
0,864236.6,0,0,0,0,0,0,0,0,0,"(0.0, 0.0)","(0.0, 0.0)","(0.0, 0.0)","(0.0, 0.0, 0.0)","(0.0, 0.0, 0.0)","(0.0, 0.0, 0.0)","(0.0, 0.0, 0.0)","(0.0, 0.0, 0.0)","(0.0, 0.0, 0.0)",0,0,0,0,0,0,False,0,0,0,0,0,0,0,0,"(0.0, 6.0, 524.8)","(0.2, 0.0, 0.0, 1.0)"
0,864255.9,0,0,0,0,0,0,0,0,0,"(0.0, 0.0)","(0.0, 0.0)","(0.0, 0.0)","(0.0, 0.0, 0.0)","(0.0, 0.0, 0.0)","(0.0, 0.0, 0.0)","(0.0, 0.0, 0.0)","(0.0, 0.0, 0.0)","(0.0, 0.0, 0.0)",0,0,0,0,0,0,False,0,0,0,0,0,0,0,0,"(0.0, 6.0, 524.9)","(0.2, 0.0, 0.0, 1.0)"
0,864276.8,0,0,0,0,0,0,0,0,0,"(0.0, 0.0)","(0.0, 0.0)","(0.0, 0.0)","(0.0, 0.0, 0.0)","(0.0, 0.0, 0.0)","(0.0, 0.0, 0.0)","(0.0, 0.0, 0.0)","(0.0, 0.0, 0.0)","(0.0, 0.0, 0.0)",0,0,0,0,0,0,False,0,0,0,0,0,0,0,0,"(0.0, 6.0, 525.1)","(0.2, 0.0, 0.0, 1.0)"
0,864299.3,0,0,0,0,0,0,0,0,0,"(0.0, 0.0)","(0.0, 0.0)","(0.0, 0.0)","(0.0, 0.0, 0.0)","(0.0, 0.0, 0.0)","(0.0, 0.0, 0.0)","(0.0, 0.0, 0.0)","(0.0, 0.0, 0.0)","(0.0, 0.0, 0.0)",0,0,0,0,0,0,False,0,0,0,0,0,0,0,0,"(0.0, 6.0, 525.3)","(0.2, 0.0, 0.0, 1.0)"
0,864320.4,0,0,0,0,0,0,0,0,0,"(0.0, 0.0)","(0.0, 0.0)","(0.0, 0.0)","(0.0, 0.0, 0.0)","(0.0, 0.0, 0.0)","(0.0, 0.0, 0.0)","(0.0, 0.0, 0.0)","(0.0, 0.0, 0.0)","(0.0, 0.0, 0.0)",0,0,0,0,0,0,False,0,0,0,0,0,0,0,0,"(0.0, 6.0, 525.5)","(0.2, 0.0, 0.0, 1.0)"
0,864342.6,0,0,0,0,0,0,0,0,0,"(0.0, 0.0)","(0.0, 0.0)","(0.0, 0.0)","(0.0, 0.0, 0.0)","(0.0, 0.0, 0.0)","(0.0, 0.0, 0.0)","(0.0, 0.0, 0.0)","(0.0, 0.0, 0.0)","(0.0, 0.0, 0.0)",0,0,0,0,0,0,False,0,0,0,0,0,0,0,0,"(0.0, 6.0, 525.7)","(0.2, 0.0, 0.0, 1.0)"
0,864365.4,0,0,0,0,0,0,0,0,0,"(0.0, 0.0)","(0.0, 0.0)","(0.0, 0.0)","(0.0, 0.0, 0.0)","(0.0, 0.0, 0.0)","(0.0, 0.0, 0.0)","(0.0, 0.0, 0.0)","(0.0, 0.0, 0.0)","(0.0, 0.0, 0.0)",0,0,0,0,0,0,False,0,0,0,0,0,0,0,0,"(0.0, 6.0, 525.9)","(0.2, 0.0, 0.0, 1.0)"
0,864387.1,0,0,0,0,0,0,0,0,0,"(0.0, 0.0)","(0.0, 0.0)","(0.0, 0.0)","(0.0, 0.0, 0.0)","(0.0, 0.0, 0.0)","(0.0, 0.0, 0.0)","(0.0, 0.0, 0.0)","(0.0, 0.0, 0.0)","(0.0, 0.0, 0.0)",0,0,0,0,0,0,False,0,0,0,0,0,0,0,0,"(0.0, 6.0, 526.1)","(0.2, 0.0, 0.0, 1.0)"
0,864409.5,0,0,0,0,0,0,0,0,0,"(0.0, 0.0)","(0.0, 0.0)","(0.0, 0.0)","(0.0, 0.0, 0.0)","(0.0, 0.0, 0.0)","(0.0, 0.0, 0.0)","(0.0, 0.0, 0.0)","(0.0, 0.0, 0.0)","(0.0, 0.0, 0.0)",0,0,0,0,0,0,False,0,0,0,0,0,0,0,0,"(0.0, 6.0, 526.3)","(0.2, 0.0, 0.0, 1.0)"
0,864432.6,0,0,0,0,0,0,0,0,0,"(0.0, 0.0)","(0.0, 0.0)","(0.0, 0.0)","(0.0, 0.0, 0.0)","(0.0, 0.0, 0.0)","(0.0, 0.0, 0.0)","(0.0, 0.0, 0.0)","(0.0, 0.0, 0.0)","(0.0, 0.0, 0.0)",0,0,0,0,0,0,False,0,0,0,0,0,0,0,0,"(0.0, 6.0, 526.5)","(0.2, 0.0, 0.0, 1.0)"
0,864453.8,0,0,0,0,0,0,0,0,0,"(0.0, 0.0)","(0.0, 0.0)","(0.0, 0.0)","(0.0, 0.0, 0.0)","(0.0, 0.0, 0.0)","(0.0, 0.0, 0.0)","(0.0, 0.0, 0.0)","(0.0, 0.0, 0.0)","(0.0, 0.0, 0.0)",0,0,0,0,0,0,False,0,0,0,0,0,0,0,0,"(0.0, 6.0, 526.7)","(0.2, 0.0, 0.0, 1.0)"
0,864475.8,0,0,0,0,0,0,0,0,0,"(0.0, 0.0)","(0.0, 0.0)","(0.0, 0.0)","(0.0, 0.0, 0.0)","(0.0, 0.0, 0.0)","(0.0, 0.0, 0.0)","(0.0, 0.0, 0.0)","(0.0, 0.0, 0.0)","(0.0, 0.0, 0.0)",0,0,0,0,0,0,False,0,0,0,0,0,0,0,0,"(0.0, 6.0, 526.9)","(0.2, 0.0, 0.0, 1.0)"
0,864498.9,0,0,0,0,0,0,0,0,0,"(0.0, 0.0)","(0.0, 0.0)","(0.0, 0.0)","(0.0, 0.0, 0.0)","(0.0, 0.0, 0.0)","(0.0, 0.0, 0.0)","(0.0, 0.0, 0.0)","(0.0, 0.0, 0.0)","(0.0, 0.0, 0.0)",0,0,0,0,0,0,False,0,0,0,0,0,0,0,0,"(0.0, 6.0, 527.1)","(0.2, 0.0, 0.0, 1.0)"
0,864520.2,0,0,0,0,0,0,0,0,0,"(0.0, 0.0)","(0.0, 0.0)","(0.0, 0.0)","(0.0, 0.0, 0.0)","(0.0, 0.0, 0.0)","(0.0, 0.0, 0.0)","(0.0, 0.0, 0.0)","(0.0, 0.0, 0.0)","(0.0, 0.0, 0.0)",0,0,0,0,0,0,False,0,0,0,0,0,0,0,0,"(0.0, 6.0, 527.4)","(0.2, 0.0, 0.0, 1.0)"
0,864557.9,0,0,0,0,0,0,0,0,0,"(0.0, 0.0)","(0.0, 0.0)","(0.0, 0.0)","(0.0, 0.0, 0.0)","(0.0, 0.0, 0.0)","(0.0, 0.0, 0.0)","(0.0, 0.0, 0.0)","(0.0, 0.0, 0.0)","(0.0, 0.0, 0.0)",0,0,0,0,0,0,False,0,0,0,0,0,0,0,0,"(0.0, 6.0, 527.6)","(0.2, 0.0, 0.0, 1.0)"
0,864574.4,0,0,0,0,0,0,0,0,0,"(0.0, 0.0)","(0.0, 0.0)","(0.0, 0.0)","(0.0, 0.0, 0.0)","(0.0, 0.0, 0.0)","(0.0, 0.0, 0.0)","(0.0, 0.0, 0.0)","(0.0, 0.0, 0.0)","(0.0, 0.0, 0.0)",0,0,0,0,0,0,False,0,0,0,0,0,0,0,0,"(0.0, 6.0, 527.8)","(0.2, 0.0, 0.0, 1.0)"
0,864591.4,0,0,0,0,0,0,0,0,0,"(0.0, 0.0)","(0.0, 0.0)","(0.0, 0.0)","(0.0, 0.0, 0.0)","(0.0, 0.0, 0.0)","(0.0, 0.0, 0.0)","(0.0, 0.0, 0.0)","(0.0, 0.0, 0.0)","(0.0, 0.0, 0.0)",0,0,0,0,0,0,False,0,0,0,0,0,0,0,0,"(0.0, 6.0, 528.0)","(0.2, 0.0, 0.0, 1.0)"
0,864609.3,0,0,0,0,0,0,0,0,0,"(0.0, 0.0)","(0.0, 0.0)","(0.0, 0.0)","(0.0, 0.0, 0.0)","(0.0, 0.0, 0.0)","(0.0, 0.0, 0.0)","(0.0, 0.0, 0.0)","(0.0, 0.0, 0.0)","(0.0, 0.0, 0.0)",0,0,0,0,0,0,False,0,0,0,0,0,0,0,0,"(0.0, 6.0, 528.2)","(0.2, 0.0, 0.0, 1.0)"
0,864632.5,0,0,0,0,0,0,0,0,0,"(0.0, 0.0)","(0.0, 0.0)","(0.0, 0.0)","(0.0, 0.0, 0.0)","(0.0, 0.0, 0.0)","(0.0, 0.0, 0.0)","(0.0, 0.0, 0.0)","(0.0, 0.0, 0.0)","(0.0, 0.0, 0.0)",0,0,0,0,0,0,False,0,0,0,0,0,0,0,0,"(0.0, 6.0, 528.5)","(0.2, 0.0, 0.0, 1.0)"
0,864655.2,0,0,0,0,0,0,0,0,0,"(0.0, 0.0)","(0.0, 0.0)","(0.0, 0.0)","(0.0, 0.0, 0.0)","(0.0, 0.0, 0.0)","(0.0, 0.0, 0.0)","(0.0, 0.0, 0.0)","(0.0, 0.0, 0.0)","(0.0, 0.0, 0.0)",0,0,0,0,0,0,False,0,0,0,0,0,0,0,0,"(0.0, 6.0, 528.7)","(0.2, 0.0, 0.0, 1.0)"
0,864676.1,0,0,0,0,0,0,0,0,0,"(0.0, 0.0)","(0.0, 0.0)","(0.0, 0.0)","(0.0, 0.0, 0.0)","(0.0, 0.0, 0.0)","(0.0, 0.0, 0.0)","(0.0, 0.0, 0.0)","(0.0, 0.0, 0.0)","(0.0, 0.0, 0.0)",0,0,0,0,0,0,False,0,0,0,0,0,0,0,0,"(0.0, 6.0, 528.9)","(0.2, 0.0, 0.0, 1.0)"
0,864699.2,0,0,0,0,0,0,0,0,0,"(0.0, 0.0)","(0.0, 0.0)","(0.0, 0.0)","(0.0, 0.0, 0.0)","(0.0, 0.0, 0.0)","(0.0, 0.0, 0.0)","(0.0, 0.0, 0.0)","(0.0, 0.0, 0.0)","(0.0, 0.0, 0.0)",0,0,0,0,0,0,False,0,0,0,0,0,0,0,0,"(0.0, 6.0, 529.1)","(0.2, 0.0, 0.0, 1.0)"
0,864720.8,0,0,0,0,0,0,0,0,0,"(0.0, 0.0)","(0.0, 0.0)","(0.0, 0.0)","(0.0, 0.0, 0.0)","(0.0, 0.0, 0.0)","(0.0, 0.0, 0.0)","(0.0, 0.0, 0.0)","(0.0, 0.0, 0.0)","(0.0, 0.0, 0.0)",0,0,0,0,0,0,False,0,0,0,0,0,0,0,0,"(0.0, 6.0, 529.3)","(0.2, 0.0, 0.0, 1.0)"
0,864742.9,0,0,0,0,0,0,0,0,0,"(0.0, 0.0)","(0.0, 0.0)","(0.0, 0.0)","(0.0, 0.0, 0.0)","(0.0, 0.0, 0.0)","(0.0, 0.0, 0.0)","(0.0, 0.0, 0.0)","(0.0, 0.0, 0.0)","(0.0, 0.0, 0.0)",0,0,0,0,0,0,False,0,0,0,0,0,0,0,0,"(0.0, 6.0, 529.5)","(0.2, 0.0, 0.0, 1.0)"
0,864761.7,0,0,0,0,0,0,0,0,0,"(0.0, 0.0)","(0.0, 0.0)","(0.0, 0.0)","(0.0, 0.0, 0.0)","(0.0, 0.0, 0.0)","(0.0, 0.0, 0.0)","(0.0, 0.0, 0.0)","(0.0, 0.0, 0.0)","(0.0, 0.0, 0.0)",0,0,0,0,0,0,False,0,0,0,0,0,0,0,0,"(0.0, 6.0, 529.7)","(0.2, 0.0, 0.0, 1.0)"
0,864782.1,0,0,0,0,0,0,0,0,0,"(0.0, 0.0)","(0.0, 0.0)","(0.0, 0.0)","(0.0, 0.0, 0.0)","(0.0, 0.0, 0.0)","(0.0, 0.0, 0.0)","(0.0, 0.0, 0.0)","(0.0, 0.0, 0.0)","(0.0, 0.0, 0.0)",0,0,0,0,0,0,False,0,0,0,0,0,0,0,0,"(0.0, 6.0, 530.0)","(0.2, 0.0, 0.0, 1.0)"
0,864801.3,0,0,0,0,0,0,0,0,0,"(0.0, 0.0)","(0.0, 0.0)","(0.0, 0.0)","(0.0, 0.0, 0.0)","(0.0, 0.0, 0.0)","(0.0, 0.0, 0.0)","(0.0, 0.0, 0.0)","(0.0, 0.0, 0.0)","(0.0, 0.0, 0.0)",0,0,0,0,0,0,False,0,0,0,0,0,0,0,0,"(0.0, 6.0, 530.2)","(0.2, 0.0, 0.0, 1.0)"
0,864819.2,0,0,0,0,0,0,0,0,0,"(0.0, 0.0)","(0.0, 0.0)","(0.0, 0.0)","(0.0, 0.0, 0.0)","(0.0, 0.0, 0.0)","(0.0, 0.0, 0.0)","(0.0, 0.0, 0.0)","(0.0, 0.0, 0.0)","(0.0, 0.0, 0.0)",0,0,0,0,0,0,False,0,0,0,0,0,0,0,0,"(0.0, 6.0, 530.4)","(0.2, 0.0, 0.0, 1.0)"
0,864836.1,0,0,0,0,0,0,0,0,0,"(0.0, 0.0)","(0.0, 0.0)","(0.0, 0.0)","(0.0, 0.0, 0.0)","(0.0, 0.0, 0.0)","(0.0, 0.0, 0.0)","(0.0, 0.0, 0.0)","(0.0, 0.0, 0.0)","(0.0, 0.0, 0.0)",0,0,0,0,0,0,False,0,0,0,0,0,0,0,0,"(0.0, 6.0, 530.6)","(0.2, 0.0, 0.0, 1.0)"
0,864854.6,0,0,0,0,0,0,0,0,0,"(0.0, 0.0)","(0.0, 0.0)","(0.0, 0.0)","(0.0, 0.0, 0.0)","(0.0, 0.0, 0.0)","(0.0, 0.0, 0.0)","(0.0, 0.0, 0.0)","(0.0, 0.0, 0.0)","(0.0, 0.0, 0.0)",0,0,0,0,0,0,False,0,0,0,0,0,0,0,0,"(0.0, 6.0, 530.8)","(0.2, 0.0, 0.0, 1.0)"
0,864873.3,0,0,0,0,0,0,0,0,0,"(0.0, 0.0)","(0.0, 0.0)","(0.0, 0.0)","(0.0, 0.0, 0.0)","(0.0, 0.0, 0.0)","(0.0, 0.0, 0.0)","(0.0, 0.0, 0.0)","(0.0, 0.0, 0.0)","(0.0, 0.0, 0.0)",0,0,0,0,0,0,False,0,0,0,0,0,0,0,0,"(0.0, 6.0, 531.0)","(0.2, 0.0, 0.0, 1.0)"
0,864891.6,0,0,0,0,0,0,0,0,0,"(0.0, 0.0)","(0.0, 0.0)","(0.0, 0.0)","(0.0, 0.0, 0.0)","(0.0, 0.0, 0.0)","(0.0, 0.0, 0.0)","(0.0, 0.0, 0.0)","(0.0, 0.0, 0.0)","(0.0, 0.0, 0.0)",0,0,0,0,0,0,False,0,0,0,0,0,0,0,0,"(0.0, 6.0, 531.2)","(0.2, 0.0, 0.0, 1.0)"
0,864908.9,0,0,0,0,0,0,0,0,0,"(0.0, 0.0)","(0.0, 0.0)","(0.0, 0.0)","(0.0, 0.0, 0.0)","(0.0, 0.0, 0.0)","(0.0, 0.0, 0.0)","(0.0, 0.0, 0.0)","(0.0, 0.0, 0.0)","(0.0, 0.0, 0.0)",0,0,0,0,0,0,False,0,0,0,0,0,0,0,0,"(0.0, 6.0, 531.4)","(0.2, 0.0, 0.0, 1.0)"
0,864927.3,0,0,0,0,0,0,0,0,0,"(0.0, 0.0)","(0.0, 0.0)","(0.0, 0.0)","(0.0, 0.0, 0.0)","(0.0, 0.0, 0.0)","(0.0, 0.0, 0.0)","(0.0, 0.0, 0.0)","(0.0, 0.0, 0.0)","(0.0, 0.0, 0.0)",0,0,0,0,0,0,False,0,0,0,0,0,0,0,0,"(0.0, 6.0, 531.6)","(0.2, 0.0, 0.0, 1.0)"
0,864945.1,0,0,0,0,0,0,0,0,0,"(0.0, 0.0)","(0.0, 0.0)","(0.0, 0.0)","(0.0, 0.0, 0.0)","(0.0, 0.0, 0.0)","(0.0, 0.0, 0.0)","(0.0, 0.0, 0.0)","(0.0, 0.0, 0.0)","(0.0, 0.0, 0.0)",0,0,0,0,0,0,False,0,0,0,0,0,0,0,0,"(0.0, 6.0, 531.8)","(0.2, 0.0, 0.0, 1.0)"
0,864962.4,0,0,0,0,0,0,0,0,0,"(0.0, 0.0)","(0.0, 0.0)","(0.0, 0.0)","(0.0, 0.0, 0.0)","(0.0, 0.0, 0.0)","(0.0, 0.0, 0.0)","(0.0, 0.0, 0.0)","(0.0, 0.0, 0.0)","(0.0, 0.0, 0.0)",0,0,0,0,0,0,False,0,0,0,0,0,0,0,0,"(0.0, 6.0, 532.0)","(0.2, 0.0, 0.0, 1.0)"
0,864980.1,0,0,0,0,0,0,0,0,0,"(0.0, 0.0)","(0.0, 0.0)","(0.0, 0.0)","(0.0, 0.0, 0.0)","(0.0, 0.0, 0.0)","(0.0, 0.0, 0.0)","(0.0, 0.0, 0.0)","(0.0, 0.0, 0.0)","(0.0, 0.0, 0.0)",0,0,0,0,0,0,False,0,0,0,0,0,0,0,0,"(0.0, 6.0, 532.1)","(0.2, 0.0, 0.0, 1.0)"
0,864998.3,0,0,0,0,0,0,0,0,0,"(0.0, 0.0)","(0.0, 0.0)","(0.0, 0.0)","(0.0, 0.0, 0.0)","(0.0, 0.0, 0.0)","(0.0, 0.0, 0.0)","(0.0, 0.0, 0.0)","(0.0, 0.0, 0.0)","(0.0, 0.0, 0.0)",0,0,0,0,0,0,False,0,0,0,0,0,0,0,0,"(0.0, 6.0, 532.3)","(0.2, 0.0, 0.0, 1.0)"
0,865017,0,0,0,0,0,0,0,0,0,"(0.0, 0.0)","(0.0, 0.0)","(0.0, 0.0)","(0.0, 0.0, 0.0)","(0.0, 0.0, 0.0)","(0.0, 0.0, 0.0)","(0.0, 0.0, 0.0)","(0.0, 0.0, 0.0)","(0.0, 0.0, 0.0)",0,0,0,0,0,0,False,0,0,0,0,0,0,0,0,"(0.0, 6.0, 532.5)","(0.2, 0.0, 0.0, 1.0)"
0,865035.6,0,0,0,0,0,0,0,0,0,"(0.0, 0.0)","(0.0, 0.0)","(0.0, 0.0)","(0.0, 0.0, 0.0)","(0.0, 0.0, 0.0)","(0.0, 0.0, 0.0)","(0.0, 0.0, 0.0)","(0.0, 0.0, 0.0)","(0.0, 0.0, 0.0)",0,0,0,0,0,0,False,0,0,0,0,0,0,0,0,"(0.0, 6.0, 532.7)","(0.2, 0.0, 0.0, 1.0)"
0,865054.3,0,0,0,0,0,0,0,0,0,"(0.0, 0.0)","(0.0, 0.0)","(0.0, 0.0)","(0.0, 0.0, 0.0)","(0.0, 0.0, 0.0)","(0.0, 0.0, 0.0)","(0.0, 0.0, 0.0)","(0.0, 0.0, 0.0)","(0.0, 0.0, 0.0)",0,0,0,0,0,0,False,0,0,0,0,0,0,0,0,"(0.0, 6.0, 532.9)","(0.2, 0.0, 0.0, 1.0)"
0,865071.3,0,0,0,0,0,0,0,0,0,"(0.0, 0.0)","(0.0, 0.0)","(0.0, 0.0)","(0.0, 0.0, 0.0)","(0.0, 0.0, 0.0)","(0.0, 0.0, 0.0)","(0.0, 0.0, 0.0)","(0.0, 0.0, 0.0)","(0.0, 0.0, 0.0)",0,0,0,0,0,0,False,0,0,0,0,0,0,0,0,"(0.0, 6.0, 533.1)","(0.2, 0.0, 0.0, 1.0)"
0,865088.8,0,0,0,0,0,0,0,0,0,"(0.0, 0.0)","(0.0, 0.0)","(0.0, 0.0)","(0.0, 0.0, 0.0)","(0.0, 0.0, 0.0)","(0.0, 0.0, 0.0)","(0.0, 0.0, 0.0)","(0.0, 0.0, 0.0)","(0.0, 0.0, 0.0)",0,0,0,0,0,0,False,0,0,0,0,0,0,0,0,"(0.0, 6.0, 533.3)","(0.2, 0.0, 0.0, 1.0)"
0,865106.3,0,0,0,0,0,0,0,0,0,"(0.0, 0.0)","(0.0, 0.0)","(0.0, 0.0)","(0.0, 0.0, 0.0)","(0.0, 0.0, 0.0)","(0.0, 0.0, 0.0)","(0.0, 0.0, 0.0)","(0.0, 0.0, 0.0)","(0.0, 0.0, 0.0)",0,0,0,0,0,0,False,0,0,0,0,0,0,0,0,"(0.0, 6.0, 533.5)","(0.2, 0.0, 0.0, 1.0)"
0,865125.2,0,0,0,0,0,0,0,0,0,"(0.0, 0.0)","(0.0, 0.0)","(0.0, 0.0)","(0.0, 0.0, 0.0)","(0.0, 0.0, 0.0)","(0.0, 0.0, 0.0)","(0.0, 0.0, 0.0)","(0.0, 0.0, 0.0)","(0.0, 0.0, 0.0)",0,0,0,0,0,0,False,0,0,0,0,0,0,0,0,"(0.0, 6.0, 533.6)","(0.2, 0.0, 0.0, 1.0)"
0,865141.8,0,0,0,0,0,0,0,0,0,"(0.0, 0.0)","(0.0, 0.0)","(0.0, 0.0)","(0.0, 0.0, 0.0)","(0.0, 0.0, 0.0)","(0.0, 0.0, 0.0)","(0.0, 0.0, 0.0)","(0.0, 0.0, 0.0)","(0.0, 0.0, 0.0)",0,0,0,0,0,0,False,0,0,0,0,0,0,0,0,"(0.0, 6.0, 533.8)","(0.2, 0.0, 0.0, 1.0)"
0,865159.1,0,0,0,0,0,0,0,0,0,"(0.0, 0.0)","(0.0, 0.0)","(0.0, 0.0)","(0.0, 0.0, 0.0)","(0.0, 0.0, 0.0)","(0.0, 0.0, 0.0)","(0.0, 0.0, 0.0)","(0.0, 0.0, 0.0)","(0.0, 0.0, 0.0)",0,0,0,0,0,0,False,0,0,0,0,0,0,0,0,"(0.0, 6.0, 534.0)","(0.2, 0.0, 0.0, 1.0)"
0,865175.8,0,0,0,0,0,0,0,0,0,"(0.0, 0.0)","(0.0, 0.0)","(0.0, 0.0)","(0.0, 0.0, 0.0)","(0.0, 0.0, 0.0)","(0.0, 0.0, 0.0)","(0.0, 0.0, 0.0)","(0.0, 0.0, 0.0)","(0.0, 0.0, 0.0)",0,0,0,0,0,0,False,0,0,0,0,0,0,0,0,"(0.0, 6.0, 534.2)","(0.2, 0.0, 0.0, 1.0)"
0,865198.7,0,0,0,0,0,0,0,0,0,"(0.0, 0.0)","(0.0, 0.0)","(0.0, 0.0)","(0.0, 0.0, 0.0)","(0.0, 0.0, 0.0)","(0.0, 0.0, 0.0)","(0.0, 0.0, 0.0)","(0.0, 0.0, 0.0)","(0.0, 0.0, 0.0)",0,0,0,0,0,0,False,0,0,0,0,0,0,0,0,"(0.0, 6.0, 534.4)","(0.2, 0.0, 0.0, 1.0)"
0,865220.2,0,0,0,0,0,0,0,0,0,"(0.0, 0.0)","(0.0, 0.0)","(0.0, 0.0)","(0.0, 0.0, 0.0)","(0.0, 0.0, 0.0)","(0.0, 0.0, 0.0)","(0.0, 0.0, 0.0)","(0.0, 0.0, 0.0)","(0.0, 0.0, 0.0)",0,0,0,0,0,0,False,0,0,0,0,0,0,0,0,"(0.0, 6.0, 534.6)","(0.2, 0.0, 0.0, 1.0)"
0,865242.8,0,0,0,0,0,0,0,0,0,"(0.0, 0.0)","(0.0, 0.0)","(0.0, 0.0)","(0.0, 0.0, 0.0)","(0.0, 0.0, 0.0)","(0.0, 0.0, 0.0)","(0.0, 0.0, 0.0)","(0.0, 0.0, 0.0)","(0.0, 0.0, 0.0)",0,0,0,0,0,0,False,0,0,0,0,0,0,0,0,"(0.0, 6.0, 534.8)","(0.2, 0.0, 0.0, 1.0)"
0,865265.1,0,0,0,0,0,0,0,0,0,"(0.0, 0.0)","(0.0, 0.0)","(0.0, 0.0)","(0.0, 0.0, 0.0)","(0.0, 0.0, 0.0)","(0.0, 0.0, 0.0)","(0.0, 0.0, 0.0)","(0.0, 0.0, 0.0)","(0.0, 0.0, 0.0)",0,0,0,0,0,0,False,0,0,0,0,0,0,0,0,"(0.0, 6.0, 534.9)","(0.2, 0.0, 0.0, 1.0)"
0,865286.9,0,0,0,0,0,0,0,0,0,"(0.0, 0.0)","(0.0, 0.0)","(0.0, 0.0)","(0.0, 0.0, 0.0)","(0.0, 0.0, 0.0)","(0.0, 0.0, 0.0)","(0.0, 0.0, 0.0)","(0.0, 0.0, 0.0)","(0.0, 0.0, 0.0)",0,0,0,0,0,0,False,0,0,0,0,0,0,0,0,"(0.0, 6.0, 535.1)","(0.2, 0.0, 0.0, 1.0)"
0,865309.5,0,0,0,0,0,0,0,0,0,"(0.0, 0.0)","(0.0, 0.0)","(0.0, 0.0)","(0.0, 0.0, 0.0)","(0.0, 0.0, 0.0)","(0.0, 0.0, 0.0)","(0.0, 0.0, 0.0)","(0.0, 0.0, 0.0)","(0.0, 0.0, 0.0)",0,0,0,0,0,0,False,0,0,0,0,0,0,0,0,"(0.0, 6.0, 535.3)","(0.2, 0.0, 0.0, 1.0)"
0,865332,0,0,0,0,0,0,0,0,0,"(0.0, 0.0)","(0.0, 0.0)","(0.0, 0.0)","(0.0, 0.0, 0.0)","(0.0, 0.0, 0.0)","(0.0, 0.0, 0.0)","(0.0, 0.0, 0.0)","(0.0, 0.0, 0.0)","(0.0, 0.0, 0.0)",0,0,0,0,0,0,False,0,0,0,0,0,0,0,0,"(0.0, 6.0, 535.5)","(0.2, 0.0, 0.0, 1.0)"
0,865353.4,0,0,0,0,0,0,0,0,0,"(0.0, 0.0)","(0.0, 0.0)","(0.0, 0.0)","(0.0, 0.0, 0.0)","(0.0, 0.0, 0.0)","(0.0, 0.0, 0.0)","(0.0, 0.0, 0.0)","(0.0, 0.0, 0.0)","(0.0, 0.0, 0.0)",0,0,0,0,0,0,False,0,0,0,0,0,0,0,0,"(0.0, 6.0, 535.8)","(0.2, 0.0, 0.0, 1.0)"
0,865375.5,0,0,0,0,0,0,0,0,0,"(0.0, 0.0)","(0.0, 0.0)","(0.0, 0.0)","(0.0, 0.0, 0.0)","(0.0, 0.0, 0.0)","(0.0, 0.0, 0.0)","(0.0, 0.0, 0.0)","(0.0, 0.0, 0.0)","(0.0, 0.0, 0.0)",0,0,0,0,0,0,False,0,0,0,0,0,0,0,0,"(0.0, 6.0, 536.0)","(0.2, 0.0, 0.0, 1.0)"
0,865398.6,0,0,0,0,0,0,0,0,0,"(0.0, 0.0)","(0.0, 0.0)","(0.0, 0.0)","(0.0, 0.0, 0.0)","(0.0, 0.0, 0.0)","(0.0, 0.0, 0.0)","(0.0, 0.0, 0.0)","(0.0, 0.0, 0.0)","(0.0, 0.0, 0.0)",0,0,0,0,0,0,False,0,0,0,0,0,0,0,0,"(0.0, 6.0, 536.2)","(0.2, 0.0, 0.0, 1.0)"
0,865420.3,0,0,0,0,0,0,0,0,0,"(0.0, 0.0)","(0.0, 0.0)","(0.0, 0.0)","(0.0, 0.0, 0.0)","(0.0, 0.0, 0.0)","(0.0, 0.0, 0.0)","(0.0, 0.0, 0.0)","(0.0, 0.0, 0.0)","(0.0, 0.0, 0.0)",0,0,0,0,0,0,False,0,0,0,0,0,0,0,0,"(0.0, 6.0, 536.4)","(0.2, 0.0, 0.0, 1.0)"
0,865444.6,0,0,0,0,0,0,0,0,0,"(0.0, 0.0)","(0.0, 0.0)","(0.0, 0.0)","(0.0, 0.0, 0.0)","(0.0, 0.0, 0.0)","(0.0, 0.0, 0.0)","(0.0, 0.0, 0.0)","(0.0, 0.0, 0.0)","(0.0, 0.0, 0.0)",0,0,0,0,0,0,False,0,0,0,0,0,0,0,0,"(0.0, 6.0, 536.6)","(0.2, 0.0, 0.0, 1.0)"
0,865465.3,0,0,0,0,0,0,0,0,0,"(0.0, 0.0)","(0.0, 0.0)","(0.0, 0.0)","(0.0, 0.0, 0.0)","(0.0, 0.0, 0.0)","(0.0, 0.0, 0.0)","(0.0, 0.0, 0.0)","(0.0, 0.0, 0.0)","(0.0, 0.0, 0.0)",0,0,0,0,0,0,False,0,0,0,0,0,0,0,0,"(0.0, 6.0, 536.8)","(0.2, 0.0, 0.0, 1.0)"
0,865486.8,0,0,0,0,0,0,0,0,0,"(0.0, 0.0)","(0.0, 0.0)","(0.0, 0.0)","(0.0, 0.0, 0.0)","(0.0, 0.0, 0.0)","(0.0, 0.0, 0.0)","(0.0, 0.0, 0.0)","(0.0, 0.0, 0.0)","(0.0, 0.0, 0.0)",0,0,0,0,0,0,False,0,0,0,0,0,0,0,0,"(0.0, 6.0, 537.0)","(0.2, 0.0, 0.0, 1.0)"
0,865508.8,0,0,0,0,0,0,0,0,0,"(0.0, 0.0)","(0.0, 0.0)","(0.0, 0.0)","(0.0, 0.0, 0.0)","(0.0, 0.0, 0.0)","(0.0, 0.0, 0.0)","(0.0, 0.0, 0.0)","(0.0, 0.0, 0.0)","(0.0, 0.0, 0.0)",0,0,0,0,0,0,False,0,0,0,0,0,0,0,0,"(0.0, 6.0, 537.2)","(0.2, 0.0, 0.0, 1.0)"
0,865531.8,0,0,0,0,0,0,0,0,0,"(0.0, 0.0)","(0.0, 0.0)","(0.0, 0.0)","(0.0, 0.0, 0.0)","(0.0, 0.0, 0.0)","(0.0, 0.0, 0.0)","(0.0, 0.0, 0.0)","(0.0, 0.0, 0.0)","(0.0, 0.0, 0.0)",0,0,0,0,0,0,False,0,0,0,0,0,0,0,0,"(0.0, 6.0, 537.4)","(0.2, 0.0, 0.0, 1.0)"
0,865553.9,0,0,0,0,0,0,0,0,0,"(0.0, 0.0)","(0.0, 0.0)","(0.0, 0.0)","(0.0, 0.0, 0.0)","(0.0, 0.0, 0.0)","(0.0, 0.0, 0.0)","(0.0, 0.0, 0.0)","(0.0, 0.0, 0.0)","(0.0, 0.0, 0.0)",0,0,0,0,0,0,False,0,0,0,0,0,0,0,0,"(0.0, 6.0, 537.7)","(0.2, 0.0, 0.0, 1.0)"
0,865576.3,0,0,0,0,0,0,0,0,0,"(0.0, 0.0)","(0.0, 0.0)","(0.0, 0.0)","(0.0, 0.0, 0.0)","(0.0, 0.0, 0.0)","(0.0, 0.0, 0.0)","(0.0, 0.0, 0.0)","(0.0, 0.0, 0.0)","(0.0, 0.0, 0.0)",0,0,0,0,0,0,False,0,0,0,0,0,0,0,0,"(0.0, 6.0, 537.9)","(0.2, 0.0, 0.0, 1.0)"
0,865598.9,0,0,0,0,0,0,0,0,0,"(0.0, 0.0)","(0.0, 0.0)","(0.0, 0.0)","(0.0, 0.0, 0.0)","(0.0, 0.0, 0.0)","(0.0, 0.0, 0.0)","(0.0, 0.0, 0.0)","(0.0, 0.0, 0.0)","(0.0, 0.0, 0.0)",0,0,0,0,0,0,False,0,0,0,0,0,0,0,0,"(0.0, 6.0, 538.1)","(0.2, 0.0, 0.0, 1.0)"
0,865620.4,0,0,0,0,0,0,0,0,0,"(0.0, 0.0)","(0.0, 0.0)","(0.0, 0.0)","(0.0, 0.0, 0.0)","(0.0, 0.0, 0.0)","(0.0, 0.0, 0.0)","(0.0, 0.0, 0.0)","(0.0, 0.0, 0.0)","(0.0, 0.0, 0.0)",0,0,0,0,0,0,False,0,0,0,0,0,0,0,0,"(0.0, 6.0, 538.3)","(0.2, 0.0, 0.0, 1.0)"
0,865642.7,0,0,0,0,0,0,0,0,0,"(0.0, 0.0)","(0.0, 0.0)","(0.0, 0.0)","(0.0, 0.0, 0.0)","(0.0, 0.0, 0.0)","(0.0, 0.0, 0.0)","(0.0, 0.0, 0.0)","(0.0, 0.0, 0.0)","(0.0, 0.0, 0.0)",0,0,0,0,0,0,False,0,0,0,0,0,0,0,0,"(0.0, 6.0, 538.5)","(0.2, 0.0, 0.0, 1.0)"
0,865665.6,0,0,0,0,0,0,0,0,0,"(0.0, 0.0)","(0.0, 0.0)","(0.0, 0.0)","(0.0, 0.0, 0.0)","(0.0, 0.0, 0.0)","(0.0, 0.0, 0.0)","(0.0, 0.0, 0.0)","(0.0, 0.0, 0.0)","(0.0, 0.0, 0.0)",0,0,0,0,0,0,False,0,0,0,0,0,0,0,0,"(0.0, 6.0, 538.7)","(0.2, 0.0, 0.0, 1.0)"
0,865688.3,0,0,0,0,0,0,0,0,0,"(0.0, 0.0)","(0.0, 0.0)","(0.0, 0.0)","(0.0, 0.0, 0.0)","(0.0, 0.0, 0.0)","(0.0, 0.0, 0.0)","(0.0, 0.0, 0.0)","(0.0, 0.0, 0.0)","(0.0, 0.0, 0.0)",0,0,0,0,0,0,False,0,0,0,0,0,0,0,0,"(0.0, 6.0, 539.0)","(0.2, 0.0, 0.0, 1.0)"
0,865706.6,0,0,0,0,0,0,0,0,0,"(0.0, 0.0)","(0.0, 0.0)","(0.0, 0.0)","(0.0, 0.0, 0.0)","(0.0, 0.0, 0.0)","(0.0, 0.0, 0.0)","(0.0, 0.0, 0.0)","(0.0, 0.0, 0.0)","(0.0, 0.0, 0.0)",0,0,0,0,0,0,False,0,0,0,0,0,0,0,0,"(0.0, 6.0, 539.2)","(0.2, 0.0, 0.0, 1.0)"
0,865724.6,0,0,0,0,0,0,0,0,0,"(0.0, 0.0)","(0.0, 0.0)","(0.0, 0.0)","(0.0, 0.0, 0.0)","(0.0, 0.0, 0.0)","(0.0, 0.0, 0.0)","(0.0, 0.0, 0.0)","(0.0, 0.0, 0.0)","(0.0, 0.0, 0.0)",0,0,0,0,0,0,False,0,0,0,0,0,0,0,0,"(0.0, 6.0, 539.4)","(0.2, 0.0, 0.0, 1.0)"
0,865741.5,0,0,0,0,0,0,0,0,0,"(0.0, 0.0)","(0.0, 0.0)","(0.0, 0.0)","(0.0, 0.0, 0.0)","(0.0, 0.0, 0.0)","(0.0, 0.0, 0.0)","(0.0, 0.0, 0.0)","(0.0, 0.0, 0.0)","(0.0, 0.0, 0.0)",0,0,0,0,0,0,False,0,0,0,0,0,0,0,0,"(0.0, 6.0, 539.6)","(0.2, 0.0, 0.0, 1.0)"
0,865762.3,0,0,0,0,0,0,0,0,0,"(0.0, 0.0)","(0.0, 0.0)","(0.0, 0.0)","(0.0, 0.0, 0.0)","(0.0, 0.0, 0.0)","(0.0, 0.0, 0.0)","(0.0, 0.0, 0.0)","(0.0, 0.0, 0.0)","(0.0, 0.0, 0.0)",0,0,0,0,0,0,False,0,0,0,0,0,0,0,0,"(0.0, 6.0, 539.8)","(0.2, 0.0, 0.0, 1.0)"
0,865779.9,0,0,0,0,0,0,0,0,0,"(0.0, 0.0)","(0.0, 0.0)","(0.0, 0.0)","(0.0, 0.0, 0.0)","(0.0, 0.0, 0.0)","(0.0, 0.0, 0.0)","(0.0, 0.0, 0.0)","(0.0, 0.0, 0.0)","(0.0, 0.0, 0.0)",0,0,0,0,0,0,False,0,0,0,0,0,0,0,0,"(0.0, 6.0, 540.0)","(0.2, 0.0, 0.0, 1.0)"
0,865798.2,0,0,0,0,0,0,0,0,0,"(0.0, 0.0)","(0.0, 0.0)","(0.0, 0.0)","(0.0, 0.0, 0.0)","(0.0, 0.0, 0.0)","(0.0, 0.0, 0.0)","(0.0, 0.0, 0.0)","(0.0, 0.0, 0.0)","(0.0, 0.0, 0.0)",0,0,0,0,0,0,False,0,0,0,0,0,0,0,0,"(0.0, 6.0, 540.2)","(0.2, 0.0, 0.0, 1.0)"
0,865817.3,0,0,0,0,0,0,0,0,0,"(0.0, 0.0)","(0.0, 0.0)","(0.0, 0.0)","(0.0, 0.0, 0.0)","(0.0, 0.0, 0.0)","(0.0, 0.0, 0.0)","(0.0, 0.0, 0.0)","(0.0, 0.0, 0.0)","(0.0, 0.0, 0.0)",0,0,0,0,0,0,False,0,0,0,0,0,0,0,0,"(0.0, 6.0, 540.4)","(0.2, 0.0, 0.0, 1.0)"
0,865834.1,0,0,0,0,0,0,0,0,0,"(0.0, 0.0)","(0.0, 0.0)","(0.0, 0.0)","(0.0, 0.0, 0.0)","(0.0, 0.0, 0.0)","(0.0, 0.0, 0.0)","(0.0, 0.0, 0.0)","(0.0, 0.0, 0.0)","(0.0, 0.0, 0.0)",0,0,0,0,0,0,False,0,0,0,0,0,0,0,0,"(0.0, 6.0, 540.6)","(0.2, 0.0, 0.0, 1.0)"
0,865851.7,0,0,0,0,0,0,0,0,0,"(0.0, 0.0)","(0.0, 0.0)","(0.0, 0.0)","(0.0, 0.0, 0.0)","(0.0, 0.0, 0.0)","(0.0, 0.0, 0.0)","(0.0, 0.0, 0.0)","(0.0, 0.0, 0.0)","(0.0, 0.0, 0.0)",0,0,0,0,0,0,False,0,0,0,0,0,0,0,0,"(0.0, 6.0, 540.8)","(0.2, 0.0, 0.0, 1.0)"
0,865868.4,0,0,0,0,0,0,0,0,0,"(0.0, 0.0)","(0.0, 0.0)","(0.0, 0.0)","(0.0, 0.0, 0.0)","(0.0, 0.0, 0.0)","(0.0, 0.0, 0.0)","(0.0, 0.0, 0.0)","(0.0, 0.0, 0.0)","(0.0, 0.0, 0.0)",0,0,0,0,0,0,False,0,0,0,0,0,0,0,0,"(0.0, 6.0, 541.0)","(0.2, 0.0, 0.0, 1.0)"
0,865895,0,0,0,0,0,0,0,0,0,"(0.0, 0.0)","(0.0, 0.0)","(0.0, 0.0)","(0.0, 0.0, 0.0)","(0.0, 0.0, 0.0)","(0.0, 0.0, 0.0)","(0.0, 0.0, 0.0)","(0.0, 0.0, 0.0)","(0.0, 0.0, 0.0)",0,0,0,0,0,0,False,0,0,0,0,0,0,0,0,"(0.0, 6.0, 541.2)","(0.2, 0.0, 0.0, 1.0)"
0,865912.4,0,0,0,0,0,0,0,0,0,"(0.0, 0.0)","(0.0, 0.0)","(0.0, 0.0)","(0.0, 0.0, 0.0)","(0.0, 0.0, 0.0)","(0.0, 0.0, 0.0)","(0.0, 0.0, 0.0)","(0.0, 0.0, 0.0)","(0.0, 0.0, 0.0)",0,0,0,0,0,0,False,0,0,0,0,0,0,0,0,"(0.0, 6.0, 541.4)","(0.2, 0.0, 0.0, 1.0)"
0,865930.1,0,0,0,0,0,0,0,0,0,"(0.0, 0.0)","(0.0, 0.0)","(0.0, 0.0)","(0.0, 0.0, 0.0)","(0.0, 0.0, 0.0)","(0.0, 0.0, 0.0)","(0.0, 0.0, 0.0)","(0.0, 0.0, 0.0)","(0.0, 0.0, 0.0)",0,0,0,0,0,0,False,0,0,0,0,0,0,0,0,"(0.0, 6.0, 541.6)","(0.2, 0.0, 0.0, 1.0)"
0,865947.3,0,0,0,0,0,0,0,0,0,"(0.0, 0.0)","(0.0, 0.0)","(0.0, 0.0)","(0.0, 0.0, 0.0)","(0.0, 0.0, 0.0)","(0.0, 0.0, 0.0)","(0.0, 0.0, 0.0)","(0.0, 0.0, 0.0)","(0.0, 0.0, 0.0)",0,0,0,0,0,0,False,0,0,0,0,0,0,0,0,"(0.0, 6.0, 541.8)","(0.2, 0.0, 0.0, 1.0)"
0,865964.3,0,0,0,0,0,0,0,0,0,"(0.0, 0.0)","(0.0, 0.0)","(0.0, 0.0)","(0.0, 0.0, 0.0)","(0.0, 0.0, 0.0)","(0.0, 0.0, 0.0)","(0.0, 0.0, 0.0)","(0.0, 0.0, 0.0)","(0.0, 0.0, 0.0)",0,0,0,0,0,0,False,0,0,0,0,0,0,0,0,"(0.0, 6.0, 542.0)","(0.2, 0.0, 0.0, 1.0)"
0,865981.2,0,0,0,0,0,0,0,0,0,"(0.0, 0.0)","(0.0, 0.0)","(0.0, 0.0)","(0.0, 0.0, 0.0)","(0.0, 0.0, 0.0)","(0.0, 0.0, 0.0)","(0.0, 0.0, 0.0)","(0.0, 0.0, 0.0)","(0.0, 0.0, 0.0)",0,0,0,0,0,0,False,0,0,0,0,0,0,0,0,"(0.0, 6.0, 542.2)","(0.2, 0.0, 0.0, 1.0)"
0,865998.4,0,0,0,0,0,0,0,0,0,"(0.0, 0.0)","(0.0, 0.0)","(0.0, 0.0)","(0.0, 0.0, 0.0)","(0.0, 0.0, 0.0)","(0.0, 0.0, 0.0)","(0.0, 0.0, 0.0)","(0.0, 0.0, 0.0)","(0.0, 0.0, 0.0)",0,0,0,0,0,0,False,0,0,0,0,0,0,0,0,"(0.0, 6.0, 542.4)","(0.2, 0.0, 0.0, 1.0)"
0,866017.4,0,0,0,0,0,0,0,0,0,"(0.0, 0.0)","(0.0, 0.0)","(0.0, 0.0)","(0.0, 0.0, 0.0)","(0.0, 0.0, 0.0)","(0.0, 0.0, 0.0)","(0.0, 0.0, 0.0)","(0.0, 0.0, 0.0)","(0.0, 0.0, 0.0)",0,0,0,0,0,0,False,0,0,0,0,0,0,0,0,"(0.0, 6.0, 542.5)","(0.2, 0.0, 0.0, 1.0)"
0,866034.4,0,0,0,0,0,0,0,0,0,"(0.0, 0.0)","(0.0, 0.0)","(0.0, 0.0)","(0.0, 0.0, 0.0)","(0.0, 0.0, 0.0)","(0.0, 0.0, 0.0)","(0.0, 0.0, 0.0)","(0.0, 0.0, 0.0)","(0.0, 0.0, 0.0)",0,0,0,0,0,0,False,0,0,0,0,0,0,0,0,"(0.0, 6.0, 542.7)","(0.2, 0.0, 0.0, 1.0)"
0,866053.2,0,0,0,0,0,0,0,0,0,"(0.0, 0.0)","(0.0, 0.0)","(0.0, 0.0)","(0.0, 0.0, 0.0)","(0.0, 0.0, 0.0)","(0.0, 0.0, 0.0)","(0.0, 0.0, 0.0)","(0.0, 0.0, 0.0)","(0.0, 0.0, 0.0)",0,0,0,0,0,0,False,0,0,0,0,0,0,0,0,"(0.0, 6.0, 542.9)","(0.2, 0.0, 0.0, 1.0)"
0,866069.9,0,0,0,0,0,0,0,0,0,"(0.0, 0.0)","(0.0, 0.0)","(0.0, 0.0)","(0.0, 0.0, 0.0)","(0.0, 0.0, 0.0)","(0.0, 0.0, 0.0)","(0.0, 0.0, 0.0)","(0.0, 0.0, 0.0)","(0.0, 0.0, 0.0)",0,0,0,0,0,0,False,0,0,0,0,0,0,0,0,"(0.0, 6.0, 543.1)","(0.2, 0.0, 0.0, 1.0)"
0,866086.5,0,0,0,0,0,0,0,0,0,"(0.0, 0.0)","(0.0, 0.0)","(0.0, 0.0)","(0.0, 0.0, 0.0)","(0.0, 0.0, 0.0)","(0.0, 0.0, 0.0)","(0.0, 0.0, 0.0)","(0.0, 0.0, 0.0)","(0.0, 0.0, 0.0)",0,0,0,0,0,0,False,0,0,0,0,0,0,0,0,"(0.0, 6.0, 543.3)","(0.2, 0.0, 0.0, 1.0)"
0,866104.3,0,0,0,0,0,0,0,0,0,"(0.0, 0.0)","(0.0, 0.0)","(0.0, 0.0)","(0.0, 0.0, 0.0)","(0.0, 0.0, 0.0)","(0.0, 0.0, 0.0)","(0.0, 0.0, 0.0)","(0.0, 0.0, 0.0)","(0.0, 0.0, 0.0)",0,0,0,0,0,0,False,0,0,0,0,0,0,0,0,"(0.0, 6.0, 543.5)","(0.2, 0.0, 0.0, 1.0)"
0,866120.9,0,0,0,0,0,0,0,0,0,"(0.0, 0.0)","(0.0, 0.0)","(0.0, 0.0)","(0.0, 0.0, 0.0)","(0.0, 0.0, 0.0)","(0.0, 0.0, 0.0)","(0.0, 0.0, 0.0)","(0.0, 0.0, 0.0)","(0.0, 0.0, 0.0)",0,0,0,0,0,0,False,0,0,0,0,0,0,0,0,"(0.0, 6.0, 543.6)","(0.2, 0.0, 0.0, 1.0)"
0,866141.8,0,0,0,0,0,0,0,0,0,"(0.0, 0.0)","(0.0, 0.0)","(0.0, 0.0)","(0.0, 0.0, 0.0)","(0.0, 0.0, 0.0)","(0.0, 0.0, 0.0)","(0.0, 0.0, 0.0)","(0.0, 0.0, 0.0)","(0.0, 0.0, 0.0)",0,0,0,0,0,0,False,0,0,0,0,0,0,0,0,"(0.0, 6.0, 543.8)","(0.2, 0.0, 0.0, 1.0)"
0,866164.8,0,0,0,0,0,0,0,0,0,"(0.0, 0.0)","(0.0, 0.0)","(0.0, 0.0)","(0.0, 0.0, 0.0)","(0.0, 0.0, 0.0)","(0.0, 0.0, 0.0)","(0.0, 0.0, 0.0)","(0.0, 0.0, 0.0)","(0.0, 0.0, 0.0)",0,0,0,0,0,0,False,0,0,0,0,0,0,0,0,"(0.0, 6.0, 544.0)","(0.2, 0.0, 0.0, 1.0)"
0,866186.4,0,0,0,0,0,0,0,0,0,"(0.0, 0.0)","(0.0, 0.0)","(0.0, 0.0)","(0.0, 0.0, 0.0)","(0.0, 0.0, 0.0)","(0.0, 0.0, 0.0)","(0.0, 0.0, 0.0)","(0.0, 0.0, 0.0)","(0.0, 0.0, 0.0)",0,0,0,0,0,0,False,0,0,0,0,0,0,0,0,"(0.0, 6.0, 544.2)","(0.2, 0.0, 0.0, 1.0)"
0,866208.4,0,0,0,0,0,0,0,0,0,"(0.0, 0.0)","(0.0, 0.0)","(0.0, 0.0)","(0.0, 0.0, 0.0)","(0.0, 0.0, 0.0)","(0.0, 0.0, 0.0)","(0.0, 0.0, 0.0)","(0.0, 0.0, 0.0)","(0.0, 0.0, 0.0)",0,0,0,0,0,0,False,0,0,0,0,0,0,0,0,"(0.0, 6.0, 544.4)","(0.2, 0.0, 0.0, 1.0)"
0,866231.7,0,0,0,0,0,0,0,0,0,"(0.0, 0.0)","(0.0, 0.0)","(0.0, 0.0)","(0.0, 0.0, 0.0)","(0.0, 0.0, 0.0)","(0.0, 0.0, 0.0)","(0.0, 0.0, 0.0)","(0.0, 0.0, 0.0)","(0.0, 0.0, 0.0)",0,0,0,0,0,0,False,0,0,0,0,0,0,0,0,"(0.0, 6.0, 544.6)","(0.2, 0.0, 0.0, 1.0)"
0,866254.4,0,0,0,0,0,0,0,0,0,"(0.0, 0.0)","(0.0, 0.0)","(0.0, 0.0)","(0.0, 0.0, 0.0)","(0.0, 0.0, 0.0)","(0.0, 0.0, 0.0)","(0.0, 0.0, 0.0)","(0.0, 0.0, 0.0)","(0.0, 0.0, 0.0)",0,0,0,0,0,0,False,0,0,0,0,0,0,0,0,"(0.0, 6.0, 544.8)","(0.2, 0.0, 0.0, 1.0)"
0,866275.1,0,0,0,0,0,0,0,0,0,"(0.0, 0.0)","(0.0, 0.0)","(0.0, 0.0)","(0.0, 0.0, 0.0)","(0.0, 0.0, 0.0)","(0.0, 0.0, 0.0)","(0.0, 0.0, 0.0)","(0.0, 0.0, 0.0)","(0.0, 0.0, 0.0)",0,0,0,0,0,0,False,0,0,0,0,0,0,0,0,"(0.0, 6.0, 545.0)","(0.2, 0.0, 0.0, 1.0)"
0,866297.9,0,0,0,0,0,0,0,0,0,"(0.0, 0.0)","(0.0, 0.0)","(0.0, 0.0)","(0.0, 0.0, 0.0)","(0.0, 0.0, 0.0)","(0.0, 0.0, 0.0)","(0.0, 0.0, 0.0)","(0.0, 0.0, 0.0)","(0.0, 0.0, 0.0)",0,0,0,0,0,0,False,0,0,0,0,0,0,0,0,"(0.0, 6.0, 545.2)","(0.2, 0.0, 0.0, 1.0)"
0,866320.2,0,0,0,0,0,0,0,0,0,"(0.0, 0.0)","(0.0, 0.0)","(0.0, 0.0)","(0.0, 0.0, 0.0)","(0.0, 0.0, 0.0)","(0.0, 0.0, 0.0)","(0.0, 0.0, 0.0)","(0.0, 0.0, 0.0)","(0.0, 0.0, 0.0)",0,0,0,0,0,0,False,0,0,0,0,0,0,0,0,"(0.0, 6.0, 545.4)","(0.2, 0.0, 0.0, 1.0)"
0,866342.1,0,0,0,0,0,0,0,0,0,"(0.0, 0.0)","(0.0, 0.0)","(0.0, 0.0)","(0.0, 0.0, 0.0)","(0.0, 0.0, 0.0)","(0.0, 0.0, 0.0)","(0.0, 0.0, 0.0)","(0.0, 0.0, 0.0)","(0.0, 0.0, 0.0)",0,0,0,0,0,0,False,0,0,0,0,0,0,0,0,"(0.0, 6.0, 545.6)","(0.2, 0.0, 0.0, 1.0)"
0,866364.9,0,0,0,0,0,0,0,0,0,"(0.0, 0.0)","(0.0, 0.0)","(0.0, 0.0)","(0.0, 0.0, 0.0)","(0.0, 0.0, 0.0)","(0.0, 0.0, 0.0)","(0.0, 0.0, 0.0)","(0.0, 0.0, 0.0)","(0.0, 0.0, 0.0)",0,0,0,0,0,0,False,0,0,0,0,0,0,0,0,"(0.0, 6.0, 545.8)","(0.2, 0.0, 0.0, 1.0)"
0,866386.8,0,0,0,0,0,0,0,0,0,"(0.0, 0.0)","(0.0, 0.0)","(0.0, 0.0)","(0.0, 0.0, 0.0)","(0.0, 0.0, 0.0)","(0.0, 0.0, 0.0)","(0.0, 0.0, 0.0)","(0.0, 0.0, 0.0)","(0.0, 0.0, 0.0)",0,0,0,0,0,0,False,0,0,0,0,0,0,0,0,"(0.0, 6.0, 546.0)","(0.2, 0.0, 0.0, 1.0)"
0,866408.6,0,0,0,0,0,0,0,0,0,"(0.0, 0.0)","(0.0, 0.0)","(0.0, 0.0)","(0.0, 0.0, 0.0)","(0.0, 0.0, 0.0)","(0.0, 0.0, 0.0)","(0.0, 0.0, 0.0)","(0.0, 0.0, 0.0)","(0.0, 0.0, 0.0)",0,0,0,0,0,0,False,0,0,0,0,0,0,0,0,"(0.0, 6.0, 546.2)","(0.2, 0.0, 0.0, 1.0)"
0,866431.5,0,0,0,0,0,0,0,0,0,"(0.0, 0.0)","(0.0, 0.0)","(0.0, 0.0)","(0.0, 0.0, 0.0)","(0.0, 0.0, 0.0)","(0.0, 0.0, 0.0)","(0.0, 0.0, 0.0)","(0.0, 0.0, 0.0)","(0.0, 0.0, 0.0)",0,0,0,0,0,0,False,0,0,0,0,0,0,0,0,"(0.0, 6.0, 546.5)","(0.2, 0.0, 0.0, 1.0)"
0,866453.3,0,0,0,0,0,0,0,0,0,"(0.0, 0.0)","(0.0, 0.0)","(0.0, 0.0)","(0.0, 0.0, 0.0)","(0.0, 0.0, 0.0)","(0.0, 0.0, 0.0)","(0.0, 0.0, 0.0)","(0.0, 0.0, 0.0)","(0.0, 0.0, 0.0)",0,0,0,0,0,0,False,0,0,0,0,0,0,0,0,"(0.0, 6.0, 546.7)","(0.2, 0.0, 0.0, 1.0)"
0,866475.3,0,0,0,0,0,0,0,0,0,"(0.0, 0.0)","(0.0, 0.0)","(0.0, 0.0)","(0.0, 0.0, 0.0)","(0.0, 0.0, 0.0)","(0.0, 0.0, 0.0)","(0.0, 0.0, 0.0)","(0.0, 0.0, 0.0)","(0.0, 0.0, 0.0)",0,0,0,0,0,0,False,0,0,0,0,0,0,0,0,"(0.0, 6.0, 546.9)","(0.2, 0.0, 0.0, 1.0)"
0,866498.5,0,0,0,0,0,0,0,0,0,"(0.0, 0.0)","(0.0, 0.0)","(0.0, 0.0)","(0.0, 0.0, 0.0)","(0.0, 0.0, 0.0)","(0.0, 0.0, 0.0)","(0.0, 0.0, 0.0)","(0.0, 0.0, 0.0)","(0.0, 0.0, 0.0)",0,0,0,0,0,0,False,0,0,0,0,0,0,0,0,"(0.0, 6.0, 547.1)","(0.2, 0.0, 0.0, 1.0)"
0,866520,0,0,0,0,0,0,0,0,0,"(0.0, 0.0)","(0.0, 0.0)","(0.0, 0.0)","(0.0, 0.0, 0.0)","(0.0, 0.0, 0.0)","(0.0, 0.0, 0.0)","(0.0, 0.0, 0.0)","(0.0, 0.0, 0.0)","(0.0, 0.0, 0.0)",0,0,0,0,0,0,False,0,0,0,0,0,0,0,0,"(0.0, 6.0, 547.3)","(0.2, 0.0, 0.0, 1.0)"
0,866541.8,0,0,0,0,0,0,0,0,0,"(0.0, 0.0)","(0.0, 0.0)","(0.0, 0.0)","(0.0, 0.0, 0.0)","(0.0, 0.0, 0.0)","(0.0, 0.0, 0.0)","(0.0, 0.0, 0.0)","(0.0, 0.0, 0.0)","(0.0, 0.0, 0.0)",0,0,0,0,0,0,False,0,0,0,0,0,0,0,0,"(0.0, 6.0, 547.5)","(0.2, 0.0, 0.0, 1.0)"
0,866564.4,0,0,0,0,0,0,0,0,0,"(0.0, 0.0)","(0.0, 0.0)","(0.0, 0.0)","(0.0, 0.0, 0.0)","(0.0, 0.0, 0.0)","(0.0, 0.0, 0.0)","(0.0, 0.0, 0.0)","(0.0, 0.0, 0.0)","(0.0, 0.0, 0.0)",0,0,0,0,0,0,False,0,0,0,0,0,0,0,0,"(0.0, 6.0, 547.7)","(0.2, 0.0, 0.0, 1.0)"
0,866586.4,0,0,0,0,0,0,0,0,0,"(0.0, 0.0)","(0.0, 0.0)","(0.0, 0.0)","(0.0, 0.0, 0.0)","(0.0, 0.0, 0.0)","(0.0, 0.0, 0.0)","(0.0, 0.0, 0.0)","(0.0, 0.0, 0.0)","(0.0, 0.0, 0.0)",0,0,0,0,0,0,False,0,0,0,0,0,0,0,0,"(0.0, 6.0, 548.0)","(0.2, 0.0, 0.0, 1.0)"
0,866608.4,0,0,0,0,0,0,0,0,0,"(0.0, 0.0)","(0.0, 0.0)","(0.0, 0.0)","(0.0, 0.0, 0.0)","(0.0, 0.0, 0.0)","(0.0, 0.0, 0.0)","(0.0, 0.0, 0.0)","(0.0, 0.0, 0.0)","(0.0, 0.0, 0.0)",0,0,0,0,0,0,False,0,0,0,0,0,0,0,0,"(0.0, 6.0, 548.2)","(0.2, 0.0, 0.0, 1.0)"
0,866631.4,0,0,0,0,0,0,0,0,0,"(0.0, 0.0)","(0.0, 0.0)","(0.0, 0.0)","(0.0, 0.0, 0.0)","(0.0, 0.0, 0.0)","(0.0, 0.0, 0.0)","(0.0, 0.0, 0.0)","(0.0, 0.0, 0.0)","(0.0, 0.0, 0.0)",0,0,0,0,0,0,False,0,0,0,0,0,0,0,0,"(0.0, 6.0, 548.4)","(0.2, 0.0, 0.0, 1.0)"
0,866652.6,0,0,0,0,0,0,0,0,0,"(0.0, 0.0)","(0.0, 0.0)","(0.0, 0.0)","(0.0, 0.0, 0.0)","(0.0, 0.0, 0.0)","(0.0, 0.0, 0.0)","(0.0, 0.0, 0.0)","(0.0, 0.0, 0.0)","(0.0, 0.0, 0.0)",0,0,0,0,0,0,False,0,0,0,0,0,0,0,0,"(0.0, 6.0, 548.6)","(0.2, 0.0, 0.0, 1.0)"
0,866672.2,0,0,0,0,0,0,0,0,0,"(0.0, 0.0)","(0.0, 0.0)","(0.0, 0.0)","(0.0, 0.0, 0.0)","(0.0, 0.0, 0.0)","(0.0, 0.0, 0.0)","(0.0, 0.0, 0.0)","(0.0, 0.0, 0.0)","(0.0, 0.0, 0.0)",0,0,0,0,0,0,False,0,0,0,0,0,0,0,0,"(0.0, 6.0, 548.8)","(0.2, 0.0, 0.0, 1.0)"
0,866689.1,0,0,0,0,0,0,0,0,0,"(0.0, 0.0)","(0.0, 0.0)","(0.0, 0.0)","(0.0, 0.0, 0.0)","(0.0, 0.0, 0.0)","(0.0, 0.0, 0.0)","(0.0, 0.0, 0.0)","(0.0, 0.0, 0.0)","(0.0, 0.0, 0.0)",0,0,0,0,0,0,False,0,0,0,0,0,0,0,0,"(0.0, 6.0, 549.0)","(0.2, 0.0, 0.0, 1.0)"
0,866709.8,0,0,0,0,0,0,0,0,0,"(0.0, 0.0)","(0.0, 0.0)","(0.0, 0.0)","(0.0, 0.0, 0.0)","(0.0, 0.0, 0.0)","(0.0, 0.0, 0.0)","(0.0, 0.0, 0.0)","(0.0, 0.0, 0.0)","(0.0, 0.0, 0.0)",0,0,0,0,0,0,False,0,0,0,0,0,0,0,0,"(0.0, 6.0, 549.3)","(0.2, 0.0, 0.0, 1.0)"
0,866727.3,0,0,0,0,0,0,0,0,0,"(0.0, 0.0)","(0.0, 0.0)","(0.0, 0.0)","(0.0, 0.0, 0.0)","(0.0, 0.0, 0.0)","(0.0, 0.0, 0.0)","(0.0, 0.0, 0.0)","(0.0, 0.0, 0.0)","(0.0, 0.0, 0.0)",0,0,0,0,0,0,False,0,0,0,0,0,0,0,0,"(0.0, 6.0, 549.5)","(0.2, 0.0, 0.0, 1.0)"
0,866744.7,0,0,0,0,0,0,0,0,0,"(0.0, 0.0)","(0.0, 0.0)","(0.0, 0.0)","(0.0, 0.0, 0.0)","(0.0, 0.0, 0.0)","(0.0, 0.0, 0.0)","(0.0, 0.0, 0.0)","(0.0, 0.0, 0.0)","(0.0, 0.0, 0.0)",0,0,0,0,0,0,False,0,0,0,0,0,0,0,0,"(0.0, 6.0, 549.7)","(0.2, 0.0, 0.0, 1.0)"
0,866761.1,0,0,0,0,0,0,0,0,0,"(0.0, 0.0)","(0.0, 0.0)","(0.0, 0.0)","(0.0, 0.0, 0.0)","(0.0, 0.0, 0.0)","(0.0, 0.0, 0.0)","(0.0, 0.0, 0.0)","(0.0, 0.0, 0.0)","(0.0, 0.0, 0.0)",0,0,0,0,0,0,False,0,0,0,0,0,0,0,0,"(0.0, 6.0, 549.9)","(0.2, 0.0, 0.0, 1.0)"
0,866778.3,0,0,0,0,0,0,0,0,0,"(0.0, 0.0)","(0.0, 0.0)","(0.0, 0.0)","(0.0, 0.0, 0.0)","(0.0, 0.0, 0.0)","(0.0, 0.0, 0.0)","(0.0, 0.0, 0.0)","(0.0, 0.0, 0.0)","(0.0, 0.0, 0.0)",0,0,0,0,0,0,False,0,0,0,0,0,0,0,0,"(0.0, 6.0, 550.1)","(0.2, 0.0, 0.0, 1.0)"
0,866795.5,0,0,0,0,0,0,0,0,0,"(0.0, 0.0)","(0.0, 0.0)","(0.0, 0.0)","(0.0, 0.0, 0.0)","(0.0, 0.0, 0.0)","(0.0, 0.0, 0.0)","(0.0, 0.0, 0.0)","(0.0, 0.0, 0.0)","(0.0, 0.0, 0.0)",0,0,0,0,0,0,False,0,0,0,0,0,0,0,0,"(0.0, 6.0, 550.3)","(0.2, 0.0, 0.0, 1.0)"
0,866814,0,0,0,0,0,0,0,0,0,"(0.0, 0.0)","(0.0, 0.0)","(0.0, 0.0)","(0.0, 0.0, 0.0)","(0.0, 0.0, 0.0)","(0.0, 0.0, 0.0)","(0.0, 0.0, 0.0)","(0.0, 0.0, 0.0)","(0.0, 0.0, 0.0)",0,0,0,0,0,0,False,0,0,0,0,0,0,0,0,"(0.0, 6.0, 550.5)","(0.2, 0.0, 0.0, 1.0)"
0,866830.9,0,0,0,0,0,0,0,0,0,"(0.0, 0.0)","(0.0, 0.0)","(0.0, 0.0)","(0.0, 0.0, 0.0)","(0.0, 0.0, 0.0)","(0.0, 0.0, 0.0)","(0.0, 0.0, 0.0)","(0.0, 0.0, 0.0)","(0.0, 0.0, 0.0)",0,0,0,0,0,0,False,0,0,0,0,0,0,0,0,"(0.0, 6.0, 550.6)","(0.2, 0.0, 0.0, 1.0)"
0,866849.3,0,0,0,0,0,0,0,0,0,"(0.0, 0.0)","(0.0, 0.0)","(0.0, 0.0)","(0.0, 0.0, 0.0)","(0.0, 0.0, 0.0)","(0.0, 0.0, 0.0)","(0.0, 0.0, 0.0)","(0.0, 0.0, 0.0)","(0.0, 0.0, 0.0)",0,0,0,0,0,0,False,0,0,0,0,0,0,0,0,"(0.0, 6.0, 550.8)","(0.2, 0.0, 0.0, 1.0)"
0,866867.9,0,0,0,0,0,0,0,0,0,"(0.0, 0.0)","(0.0, 0.0)","(0.0, 0.0)","(0.0, 0.0, 0.0)","(0.0, 0.0, 0.0)","(0.0, 0.0, 0.0)","(0.0, 0.0, 0.0)","(0.0, 0.0, 0.0)","(0.0, 0.0, 0.0)",0,0,0,0,0,0,False,0,0,0,0,0,0,0,0,"(0.0, 6.0, 551.0)","(0.2, 0.0, 0.0, 1.0)"
0,866885.3,0,0,0,0,0,0,0,0,0,"(0.0, 0.0)","(0.0, 0.0)","(0.0, 0.0)","(0.0, 0.0, 0.0)","(0.0, 0.0, 0.0)","(0.0, 0.0, 0.0)","(0.0, 0.0, 0.0)","(0.0, 0.0, 0.0)","(0.0, 0.0, 0.0)",0,0,0,0,0,0,False,0,0,0,0,0,0,0,0,"(0.0, 6.0, 551.2)","(0.2, 0.0, 0.0, 1.0)"
0,866903.3,0,0,0,0,0,0,0,0,0,"(0.0, 0.0)","(0.0, 0.0)","(0.0, 0.0)","(0.0, 0.0, 0.0)","(0.0, 0.0, 0.0)","(0.0, 0.0, 0.0)","(0.0, 0.0, 0.0)","(0.0, 0.0, 0.0)","(0.0, 0.0, 0.0)",0,0,0,0,0,0,False,0,0,0,0,0,0,0,0,"(0.0, 6.0, 551.4)","(0.2, 0.0, 0.0, 1.0)"
0,866924,0,0,0,0,0,0,0,0,0,"(0.0, 0.0)","(0.0, 0.0)","(0.0, 0.0)","(0.0, 0.0, 0.0)","(0.0, 0.0, 0.0)","(0.0, 0.0, 0.0)","(0.0, 0.0, 0.0)","(0.0, 0.0, 0.0)","(0.0, 0.0, 0.0)",0,0,0,0,0,0,False,0,0,0,0,0,0,0,0,"(0.0, 6.0, 551.6)","(0.2, 0.0, 0.0, 1.0)"
0,866941,0,0,0,0,0,0,0,0,0,"(0.0, 0.0)","(0.0, 0.0)","(0.0, 0.0)","(0.0, 0.0, 0.0)","(0.0, 0.0, 0.0)","(0.0, 0.0, 0.0)","(0.0, 0.0, 0.0)","(0.0, 0.0, 0.0)","(0.0, 0.0, 0.0)",0,0,0,0,0,0,False,0,0,0,0,0,0,0,0,"(0.0, 6.0, 551.8)","(0.2, 0.0, 0.0, 1.0)"
0,866959.1,0,0,0,0,0,0,0,0,0,"(0.0, 0.0)","(0.0, 0.0)","(0.0, 0.0)","(0.0, 0.0, 0.0)","(0.0, 0.0, 0.0)","(0.0, 0.0, 0.0)","(0.0, 0.0, 0.0)","(0.0, 0.0, 0.0)","(0.0, 0.0, 0.0)",0,0,0,0,0,0,False,0,0,0,0,0,0,0,0,"(0.0, 6.0, 552.0)","(0.2, 0.0, 0.0, 1.0)"
0,866975.5,0,0,0,0,0,0,0,0,0,"(0.0, 0.0)","(0.0, 0.0)","(0.0, 0.0)","(0.0, 0.0, 0.0)","(0.0, 0.0, 0.0)","(0.0, 0.0, 0.0)","(0.0, 0.0, 0.0)","(0.0, 0.0, 0.0)","(0.0, 0.0, 0.0)",0,0,0,0,0,0,False,0,0,0,0,0,0,0,0,"(0.0, 6.0, 552.1)","(0.2, 0.0, 0.0, 1.0)"
0,866992.9,0,0,0,0,0,0,0,0,0,"(0.0, 0.0)","(0.0, 0.0)","(0.0, 0.0)","(0.0, 0.0, 0.0)","(0.0, 0.0, 0.0)","(0.0, 0.0, 0.0)","(0.0, 0.0, 0.0)","(0.0, 0.0, 0.0)","(0.0, 0.0, 0.0)",0,0,0,0,0,0,False,0,0,0,0,0,0,0,0,"(0.0, 6.0, 552.3)","(0.2, 0.0, 0.0, 1.0)"
0,867009.6,0,0,0,0,0,0,0,0,0,"(0.0, 0.0)","(0.0, 0.0)","(0.0, 0.0)","(0.0, 0.0, 0.0)","(0.0, 0.0, 0.0)","(0.0, 0.0, 0.0)","(0.0, 0.0, 0.0)","(0.0, 0.0, 0.0)","(0.0, 0.0, 0.0)",0,0,0,0,0,0,False,0,0,0,0,0,0,0,0,"(0.0, 6.0, 552.5)","(0.2, 0.0, 0.0, 1.0)"
0,867027.3,0,0,0,0,0,0,0,0,0,"(0.0, 0.0)","(0.0, 0.0)","(0.0, 0.0)","(0.0, 0.0, 0.0)","(0.0, 0.0, 0.0)","(0.0, 0.0, 0.0)","(0.0, 0.0, 0.0)","(0.0, 0.0, 0.0)","(0.0, 0.0, 0.0)",0,0,0,0,0,0,False,0,0,0,0,0,0,0,0,"(0.0, 6.0, 552.7)","(0.2, 0.0, 0.0, 1.0)"
0,867045.4,0,0,0,0,0,0,0,0,0,"(0.0, 0.0)","(0.0, 0.0)","(0.0, 0.0)","(0.0, 0.0, 0.0)","(0.0, 0.0, 0.0)","(0.0, 0.0, 0.0)","(0.0, 0.0, 0.0)","(0.0, 0.0, 0.0)","(0.0, 0.0, 0.0)",0,0,0,0,0,0,False,0,0,0,0,0,0,0,0,"(0.0, 6.0, 552.9)","(0.2, 0.0, 0.0, 1.0)"
0,867068.1,0,0,0,0,0,0,0,0,0,"(0.0, 0.0)","(0.0, 0.0)","(0.0, 0.0)","(0.0, 0.0, 0.0)","(0.0, 0.0, 0.0)","(0.0, 0.0, 0.0)","(0.0, 0.0, 0.0)","(0.0, 0.0, 0.0)","(0.0, 0.0, 0.0)",0,0,0,0,0,0,False,0,0,0,0,0,0,0,0,"(0.0, 6.0, 553.1)","(0.2, 0.0, 0.0, 1.0)"
0,867086.1,0,0,0,0,0,0,0,0,0,"(0.0, 0.0)","(0.0, 0.0)","(0.0, 0.0)","(0.0, 0.0, 0.0)","(0.0, 0.0, 0.0)","(0.0, 0.0, 0.0)","(0.0, 0.0, 0.0)","(0.0, 0.0, 0.0)","(0.0, 0.0, 0.0)",0,0,0,0,0,0,False,0,0,0,0,0,0,0,0,"(0.0, 6.0, 553.2)","(0.2, 0.0, 0.0, 1.0)"
0,867108.1,0,0,0,0,0,0,0,0,0,"(0.0, 0.0)","(0.0, 0.0)","(0.0, 0.0)","(0.0, 0.0, 0.0)","(0.0, 0.0, 0.0)","(0.0, 0.0, 0.0)","(0.0, 0.0, 0.0)","(0.0, 0.0, 0.0)","(0.0, 0.0, 0.0)",0,0,0,0,0,0,False,0,0,0,0,0,0,0,0,"(0.0, 6.0, 553.4)","(0.2, 0.0, 0.0, 1.0)"
0,867131.1,0,0,0,0,0,0,0,0,0,"(0.0, 0.0)","(0.0, 0.0)","(0.0, 0.0)","(0.0, 0.0, 0.0)","(0.0, 0.0, 0.0)","(0.0, 0.0, 0.0)","(0.0, 0.0, 0.0)","(0.0, 0.0, 0.0)","(0.0, 0.0, 0.0)",0,0,0,0,0,0,False,0,0,0,0,0,0,0,0,"(0.0, 6.0, 553.6)","(0.2, 0.0, 0.0, 1.0)"
0,867152.5,0,0,0,0,0,0,0,0,0,"(0.0, 0.0)","(0.0, 0.0)","(0.0, 0.0)","(0.0, 0.0, 0.0)","(0.0, 0.0, 0.0)","(0.0, 0.0, 0.0)","(0.0, 0.0, 0.0)","(0.0, 0.0, 0.0)","(0.0, 0.0, 0.0)",0,0,0,0,0,0,False,0,0,0,0,0,0,0,0,"(0.0, 6.0, 553.8)","(0.2, 0.0, 0.0, 1.0)"
0,867174.7,0,0,0,0,0,0,0,0,0,"(0.0, 0.0)","(0.0, 0.0)","(0.0, 0.0)","(0.0, 0.0, 0.0)","(0.0, 0.0, 0.0)","(0.0, 0.0, 0.0)","(0.0, 0.0, 0.0)","(0.0, 0.0, 0.0)","(0.0, 0.0, 0.0)",0,0,0,0,0,0,False,0,0,0,0,0,0,0,0,"(0.0, 6.0, 554.0)","(0.2, 0.0, 0.0, 1.0)"
0,867197.6,0,0,0,0,0,0,0,0,0,"(0.0, 0.0)","(0.0, 0.0)","(0.0, 0.0)","(0.0, 0.0, 0.0)","(0.0, 0.0, 0.0)","(0.0, 0.0, 0.0)","(0.0, 0.0, 0.0)","(0.0, 0.0, 0.0)","(0.0, 0.0, 0.0)",0,0,0,0,0,0,False,0,0,0,0,0,0,0,0,"(0.0, 6.0, 554.2)","(0.2, 0.0, 0.0, 1.0)"
0,867219.4,0,0,0,0,0,0,0,0,0,"(0.0, 0.0)","(0.0, 0.0)","(0.0, 0.0)","(0.0, 0.0, 0.0)","(0.0, 0.0, 0.0)","(0.0, 0.0, 0.0)","(0.0, 0.0, 0.0)","(0.0, 0.0, 0.0)","(0.0, 0.0, 0.0)",0,0,0,0,0,0,False,0,0,0,0,0,0,0,0,"(0.0, 6.0, 554.4)","(0.2, 0.0, 0.0, 1.0)"
0,867241.4,0,0,0,0,0,0,0,0,0,"(0.0, 0.0)","(0.0, 0.0)","(0.0, 0.0)","(0.0, 0.0, 0.0)","(0.0, 0.0, 0.0)","(0.0, 0.0, 0.0)","(0.0, 0.0, 0.0)","(0.0, 0.0, 0.0)","(0.0, 0.0, 0.0)",0,0,0,0,0,0,False,0,0,0,0,0,0,0,0,"(0.0, 6.0, 554.6)","(0.2, 0.0, 0.0, 1.0)"
0,867267.2,0,0,0,0,0,0,0,0,0,"(0.0, 0.0)","(0.0, 0.0)","(0.0, 0.0)","(0.0, 0.0, 0.0)","(0.0, 0.0, 0.0)","(0.0, 0.0, 0.0)","(0.0, 0.0, 0.0)","(0.0, 0.0, 0.0)","(0.0, 0.0, 0.0)",0,0,0,0,0,0,False,0,0,0,0,0,0,0,0,"(0.0, 6.0, 554.8)","(0.2, 0.0, 0.0, 1.0)"
0,867285.8,0,0,0,0,0,0,0,0,0,"(0.0, 0.0)","(0.0, 0.0)","(0.0, 0.0)","(0.0, 0.0, 0.0)","(0.0, 0.0, 0.0)","(0.0, 0.0, 0.0)","(0.0, 0.0, 0.0)","(0.0, 0.0, 0.0)","(0.0, 0.0, 0.0)",0,0,0,0,0,0,False,0,0,0,0,0,0,0,0,"(0.0, 6.0, 555.0)","(0.2, 0.0, 0.0, 1.0)"
0,867308.1,0,0,0,0,0,0,0,0,0,"(0.0, 0.0)","(0.0, 0.0)","(0.0, 0.0)","(0.0, 0.0, 0.0)","(0.0, 0.0, 0.0)","(0.0, 0.0, 0.0)","(0.0, 0.0, 0.0)","(0.0, 0.0, 0.0)","(0.0, 0.0, 0.0)",0,0,0,0,0,0,False,0,0,0,0,0,0,0,0,"(0.0, 6.0, 555.3)","(0.2, 0.0, 0.0, 1.0)"
0,867331.9,0,0,0,0,0,0,0,0,0,"(0.0, 0.0)","(0.0, 0.0)","(0.0, 0.0)","(0.0, 0.0, 0.0)","(0.0, 0.0, 0.0)","(0.0, 0.0, 0.0)","(0.0, 0.0, 0.0)","(0.0, 0.0, 0.0)","(0.0, 0.0, 0.0)",0,0,0,0,0,0,False,0,0,0,0,0,0,0,0,"(0.0, 6.0, 555.5)","(0.2, 0.0, 0.0, 1.0)"
0,867352.4,0,0,0,0,0,0,0,0,0,"(0.0, 0.0)","(0.0, 0.0)","(0.0, 0.0)","(0.0, 0.0, 0.0)","(0.0, 0.0, 0.0)","(0.0, 0.0, 0.0)","(0.0, 0.0, 0.0)","(0.0, 0.0, 0.0)","(0.0, 0.0, 0.0)",0,0,0,0,0,0,False,0,0,0,0,0,0,0,0,"(0.0, 6.0, 555.7)","(0.2, 0.0, 0.0, 1.0)"
0,867374.5,0,0,0,0,0,0,0,0,0,"(0.0, 0.0)","(0.0, 0.0)","(0.0, 0.0)","(0.0, 0.0, 0.0)","(0.0, 0.0, 0.0)","(0.0, 0.0, 0.0)","(0.0, 0.0, 0.0)","(0.0, 0.0, 0.0)","(0.0, 0.0, 0.0)",0,0,0,0,0,0,False,0,0,0,0,0,0,0,0,"(0.0, 6.0, 555.9)","(0.2, 0.0, 0.0, 1.0)"
0,867397.8,0,0,0,0,0,0,0,0,0,"(0.0, 0.0)","(0.0, 0.0)","(0.0, 0.0)","(0.0, 0.0, 0.0)","(0.0, 0.0, 0.0)","(0.0, 0.0, 0.0)","(0.0, 0.0, 0.0)","(0.0, 0.0, 0.0)","(0.0, 0.0, 0.0)",0,0,0,0,0,0,False,0,0,0,0,0,0,0,0,"(0.0, 6.0, 556.1)","(0.2, 0.0, 0.0, 1.0)"
0,867419.4,0,0,0,0,0,0,0,0,0,"(0.0, 0.0)","(0.0, 0.0)","(0.0, 0.0)","(0.0, 0.0, 0.0)","(0.0, 0.0, 0.0)","(0.0, 0.0, 0.0)","(0.0, 0.0, 0.0)","(0.0, 0.0, 0.0)","(0.0, 0.0, 0.0)",0,0,0,0,0,0,False,0,0,0,0,0,0,0,0,"(0.0, 6.0, 556.3)","(0.2, 0.0, 0.0, 1.0)"
0,867441.4,0,0,0,0,0,0,0,0,0,"(0.0, 0.0)","(0.0, 0.0)","(0.0, 0.0)","(0.0, 0.0, 0.0)","(0.0, 0.0, 0.0)","(0.0, 0.0, 0.0)","(0.0, 0.0, 0.0)","(0.0, 0.0, 0.0)","(0.0, 0.0, 0.0)",0,0,0,0,0,0,False,0,0,0,0,0,0,0,0,"(0.0, 6.0, 556.5)","(0.2, 0.0, 0.0, 1.0)"
0,867464,0,0,0,0,0,0,0,0,0,"(0.0, 0.0)","(0.0, 0.0)","(0.0, 0.0)","(0.0, 0.0, 0.0)","(0.0, 0.0, 0.0)","(0.0, 0.0, 0.0)","(0.0, 0.0, 0.0)","(0.0, 0.0, 0.0)","(0.0, 0.0, 0.0)",0,0,0,0,0,0,False,0,0,0,0,0,0,0,0,"(0.0, 6.0, 556.7)","(0.2, 0.0, 0.0, 1.0)"
0,867486,0,0,0,0,0,0,0,0,0,"(0.0, 0.0)","(0.0, 0.0)","(0.0, 0.0)","(0.0, 0.0, 0.0)","(0.0, 0.0, 0.0)","(0.0, 0.0, 0.0)","(0.0, 0.0, 0.0)","(0.0, 0.0, 0.0)","(0.0, 0.0, 0.0)",0,0,0,0,0,0,False,0,0,0,0,0,0,0,0,"(0.0, 6.0, 557.0)","(0.2, 0.0, 0.0, 1.0)"
0,867507.8,0,0,0,0,0,0,0,0,0,"(0.0, 0.0)","(0.0, 0.0)","(0.0, 0.0)","(0.0, 0.0, 0.0)","(0.0, 0.0, 0.0)","(0.0, 0.0, 0.0)","(0.0, 0.0, 0.0)","(0.0, 0.0, 0.0)","(0.0, 0.0, 0.0)",0,0,0,0,0,0,False,0,0,0,0,0,0,0,0,"(0.0, 6.0, 557.2)","(0.2, 0.0, 0.0, 1.0)"
0,867531.2,0,0,0,0,0,0,0,0,0,"(0.0, 0.0)","(0.0, 0.0)","(0.0, 0.0)","(0.0, 0.0, 0.0)","(0.0, 0.0, 0.0)","(0.0, 0.0, 0.0)","(0.0, 0.0, 0.0)","(0.0, 0.0, 0.0)","(0.0, 0.0, 0.0)",0,0,0,0,0,0,False,0,0,0,0,0,0,0,0,"(0.0, 6.0, 557.4)","(0.2, 0.0, 0.0, 1.0)"
0,867552.4,0,0,0,0,0,0,0,0,0,"(0.0, 0.0)","(0.0, 0.0)","(0.0, 0.0)","(0.0, 0.0, 0.0)","(0.0, 0.0, 0.0)","(0.0, 0.0, 0.0)","(0.0, 0.0, 0.0)","(0.0, 0.0, 0.0)","(0.0, 0.0, 0.0)",0,0,0,0,0,0,False,0,0,0,0,0,0,0,0,"(0.0, 6.0, 557.6)","(0.2, 0.0, 0.0, 1.0)"
0,867574.6,0,0,0,0,0,0,0,0,0,"(0.0, 0.0)","(0.0, 0.0)","(0.0, 0.0)","(0.0, 0.0, 0.0)","(0.0, 0.0, 0.0)","(0.0, 0.0, 0.0)","(0.0, 0.0, 0.0)","(0.0, 0.0, 0.0)","(0.0, 0.0, 0.0)",0,0,0,0,0,0,False,0,0,0,0,0,0,0,0,"(0.0, 6.0, 557.8)","(0.2, 0.0, 0.0, 1.0)"
0,867592.8,0,0,0,0,0,0,0,0,0,"(0.0, 0.0)","(0.0, 0.0)","(0.0, 0.0)","(0.0, 0.0, 0.0)","(0.0, 0.0, 0.0)","(0.0, 0.0, 0.0)","(0.0, 0.0, 0.0)","(0.0, 0.0, 0.0)","(0.0, 0.0, 0.0)",0,0,0,0,0,0,False,0,0,0,0,0,0,0,0,"(0.0, 6.0, 558.1)","(0.2, 0.0, 0.0, 1.0)"
0,867614.1,0,0,0,0,0,0,0,0,0,"(0.0, 0.0)","(0.0, 0.0)","(0.0, 0.0)","(0.0, 0.0, 0.0)","(0.0, 0.0, 0.0)","(0.0, 0.0, 0.0)","(0.0, 0.0, 0.0)","(0.0, 0.0, 0.0)","(0.0, 0.0, 0.0)",0,0,0,0,0,0,False,0,0,0,0,0,0,0,0,"(0.0, 6.0, 558.3)","(0.2, 0.0, 0.0, 1.0)"
0,867640.6,0,0,0,0,0,0,0,0,0,"(0.0, 0.0)","(0.0, 0.0)","(0.0, 0.0)","(0.0, 0.0, 0.0)","(0.0, 0.0, 0.0)","(0.0, 0.0, 0.0)","(0.0, 0.0, 0.0)","(0.0, 0.0, 0.0)","(0.0, 0.0, 0.0)",0,0,0,0,0,0,False,0,0,0,0,0,0,0,0,"(0.0, 6.0, 558.5)","(0.2, 0.0, 0.0, 1.0)"
0,867659.9,0,0,0,0,0,0,0,0,0,"(0.0, 0.0)","(0.0, 0.0)","(0.0, 0.0)","(0.0, 0.0, 0.0)","(0.0, 0.0, 0.0)","(0.0, 0.0, 0.0)","(0.0, 0.0, 0.0)","(0.0, 0.0, 0.0)","(0.0, 0.0, 0.0)",0,0,0,0,0,0,False,0,0,0,0,0,0,0,0,"(0.0, 6.0, 558.7)","(0.2, 0.0, 0.0, 1.0)"
0,867678.3,0,0,0,0,0,0,0,0,0,"(0.0, 0.0)","(0.0, 0.0)","(0.0, 0.0)","(0.0, 0.0, 0.0)","(0.0, 0.0, 0.0)","(0.0, 0.0, 0.0)","(0.0, 0.0, 0.0)","(0.0, 0.0, 0.0)","(0.0, 0.0, 0.0)",0,0,0,0,0,0,False,0,0,0,0,0,0,0,0,"(0.0, 6.0, 558.9)","(0.2, 0.0, 0.0, 1.0)"
0,867697.9,0,0,0,0,0,0,0,0,0,"(0.0, 0.0)","(0.0, 0.0)","(0.0, 0.0)","(0.0, 0.0, 0.0)","(0.0, 0.0, 0.0)","(0.0, 0.0, 0.0)","(0.0, 0.0, 0.0)","(0.0, 0.0, 0.0)","(0.0, 0.0, 0.0)",0,0,0,0,0,0,False,0,0,0,0,0,0,0,0,"(0.0, 6.0, 559.1)","(0.2, 0.0, 0.0, 1.0)"
0,867718.4,0,0,0,0,0,0,0,0,0,"(0.0, 0.0)","(0.0, 0.0)","(0.0, 0.0)","(0.0, 0.0, 0.0)","(0.0, 0.0, 0.0)","(0.0, 0.0, 0.0)","(0.0, 0.0, 0.0)","(0.0, 0.0, 0.0)","(0.0, 0.0, 0.0)",0,0,0,0,0,0,False,0,0,0,0,0,0,0,0,"(0.0, 6.0, 559.3)","(0.2, 0.0, 0.0, 1.0)"
0,867736.7,0,0,0,0,0,0,0,0,0,"(0.0, 0.0)","(0.0, 0.0)","(0.0, 0.0)","(0.0, 0.0, 0.0)","(0.0, 0.0, 0.0)","(0.0, 0.0, 0.0)","(0.0, 0.0, 0.0)","(0.0, 0.0, 0.0)","(0.0, 0.0, 0.0)",0,0,0,0,0,0,False,0,0,0,0,0,0,0,0,"(0.0, 6.0, 559.5)","(0.2, 0.0, 0.0, 1.0)"
0,867755.6,0,0,0,0,0,0,0,0,0,"(0.0, 0.0)","(0.0, 0.0)","(0.0, 0.0)","(0.0, 0.0, 0.0)","(0.0, 0.0, 0.0)","(0.0, 0.0, 0.0)","(0.0, 0.0, 0.0)","(0.0, 0.0, 0.0)","(0.0, 0.0, 0.0)",0,0,0,0,0,0,False,0,0,0,0,0,0,0,0,"(0.0, 6.0, 559.8)","(0.2, 0.0, 0.0, 1.0)"
0,867773.8,0,0,0,0,0,0,0,0,0,"(0.0, 0.0)","(0.0, 0.0)","(0.0, 0.0)","(0.0, 0.0, 0.0)","(0.0, 0.0, 0.0)","(0.0, 0.0, 0.0)","(0.0, 0.0, 0.0)","(0.0, 0.0, 0.0)","(0.0, 0.0, 0.0)",0,0,0,0,0,0,False,0,0,0,0,0,0,0,0,"(0.0, 6.0, 560.0)","(0.2, 0.0, 0.0, 1.0)"
0,867793.8,0,0,0,0,0,0,0,0,0,"(0.0, 0.0)","(0.0, 0.0)","(0.0, 0.0)","(0.0, 0.0, 0.0)","(0.0, 0.0, 0.0)","(0.0, 0.0, 0.0)","(0.0, 0.0, 0.0)","(0.0, 0.0, 0.0)","(0.0, 0.0, 0.0)",0,0,0,0,0,0,False,0,0,0,0,0,0,0,0,"(0.0, 6.0, 560.2)","(0.2, 0.0, 0.0, 1.0)"
0,867813.2,0,0,0,0,0,0,0,0,0,"(0.0, 0.0)","(0.0, 0.0)","(0.0, 0.0)","(0.0, 0.0, 0.0)","(0.0, 0.0, 0.0)","(0.0, 0.0, 0.0)","(0.0, 0.0, 0.0)","(0.0, 0.0, 0.0)","(0.0, 0.0, 0.0)",0,0,0,0,0,0,False,0,0,0,0,0,0,0,0,"(0.0, 6.0, 560.4)","(0.2, 0.0, 0.0, 1.0)"
0,867833.4,0,0,0,0,0,0,0,0,0,"(0.0, 0.0)","(0.0, 0.0)","(0.0, 0.0)","(0.0, 0.0, 0.0)","(0.0, 0.0, 0.0)","(0.0, 0.0, 0.0)","(0.0, 0.0, 0.0)","(0.0, 0.0, 0.0)","(0.0, 0.0, 0.0)",0,0,0,0,0,0,False,0,0,0,0,0,0,0,0,"(0.0, 6.0, 560.6)","(0.2, 0.0, 0.0, 1.0)"
0,867852.8,0,0,0,0,0,0,0,0,0,"(0.0, 0.0)","(0.0, 0.0)","(0.0, 0.0)","(0.0, 0.0, 0.0)","(0.0, 0.0, 0.0)","(0.0, 0.0, 0.0)","(0.0, 0.0, 0.0)","(0.0, 0.0, 0.0)","(0.0, 0.0, 0.0)",0,0,0,0,0,0,False,0,0,0,0,0,0,0,0,"(0.0, 6.0, 560.8)","(0.2, 0.0, 0.0, 1.0)"
0,867871.8,0,0,0,0,0,0,0,0,0,"(0.0, 0.0)","(0.0, 0.0)","(0.0, 0.0)","(0.0, 0.0, 0.0)","(0.0, 0.0, 0.0)","(0.0, 0.0, 0.0)","(0.0, 0.0, 0.0)","(0.0, 0.0, 0.0)","(0.0, 0.0, 0.0)",0,0,0,0,0,0,False,0,0,0,0,0,0,0,0,"(0.0, 6.0, 561.0)","(0.2, 0.0, 0.0, 1.0)"
0,867892.2,0,0,0,0,0,0,0,0,0,"(0.0, 0.0)","(0.0, 0.0)","(0.0, 0.0)","(0.0, 0.0, 0.0)","(0.0, 0.0, 0.0)","(0.0, 0.0, 0.0)","(0.0, 0.0, 0.0)","(0.0, 0.0, 0.0)","(0.0, 0.0, 0.0)",0,0,0,0,0,0,False,0,0,0,0,0,0,0,0,"(0.0, 6.0, 561.2)","(0.2, 0.0, 0.0, 1.0)"
0,867912,0,0,0,0,0,0,0,0,0,"(0.0, 0.0)","(0.0, 0.0)","(0.0, 0.0)","(0.0, 0.0, 0.0)","(0.0, 0.0, 0.0)","(0.0, 0.0, 0.0)","(0.0, 0.0, 0.0)","(0.0, 0.0, 0.0)","(0.0, 0.0, 0.0)",0,0,0,0,0,0,False,0,0,0,0,0,0,0,0,"(0.0, 6.0, 561.4)","(0.2, 0.0, 0.0, 1.0)"
0,867930.4,0,0,0,0,0,0,0,0,0,"(0.0, 0.0)","(0.0, 0.0)","(0.0, 0.0)","(0.0, 0.0, 0.0)","(0.0, 0.0, 0.0)","(0.0, 0.0, 0.0)","(0.0, 0.0, 0.0)","(0.0, 0.0, 0.0)","(0.0, 0.0, 0.0)",0,0,0,0,0,0,False,0,0,0,0,0,0,0,0,"(0.0, 6.0, 561.6)","(0.2, 0.0, 0.0, 1.0)"
0,867951.4,0,0,0,0,0,0,0,0,0,"(0.0, 0.0)","(0.0, 0.0)","(0.0, 0.0)","(0.0, 0.0, 0.0)","(0.0, 0.0, 0.0)","(0.0, 0.0, 0.0)","(0.0, 0.0, 0.0)","(0.0, 0.0, 0.0)","(0.0, 0.0, 0.0)",0,0,0,0,0,0,False,0,0,0,0,0,0,0,0,"(0.0, 6.0, 561.8)","(0.2, 0.0, 0.0, 1.0)"
0,867970.1,0,0,0,0,0,0,0,0,0,"(0.0, 0.0)","(0.0, 0.0)","(0.0, 0.0)","(0.0, 0.0, 0.0)","(0.0, 0.0, 0.0)","(0.0, 0.0, 0.0)","(0.0, 0.0, 0.0)","(0.0, 0.0, 0.0)","(0.0, 0.0, 0.0)",0,0,0,0,0,0,False,0,0,0,0,0,0,0,0,"(0.0, 6.0, 562.0)","(0.2, 0.0, 0.0, 1.0)"
0,867989.1,0,0,0,0,0,0,0,0,0,"(0.0, 0.0)","(0.0, 0.0)","(0.0, 0.0)","(0.0, 0.0, 0.0)","(0.0, 0.0, 0.0)","(0.0, 0.0, 0.0)","(0.0, 0.0, 0.0)","(0.0, 0.0, 0.0)","(0.0, 0.0, 0.0)",0,0,0,0,0,0,False,0,0,0,0,0,0,0,0,"(0.0, 6.0, 562.2)","(0.2, 0.0, 0.0, 1.0)"
0,868007.2,0,0,0,0,0,0,0,0,0,"(0.0, 0.0)","(0.0, 0.0)","(0.0, 0.0)","(0.0, 0.0, 0.0)","(0.0, 0.0, 0.0)","(0.0, 0.0, 0.0)","(0.0, 0.0, 0.0)","(0.0, 0.0, 0.0)","(0.0, 0.0, 0.0)",0,0,0,0,0,0,False,0,0,0,0,0,0,0,0,"(0.0, 6.0, 562.4)","(0.2, 0.0, 0.0, 1.0)"
0,868024.8,0,0,0,0,0,0,0,0,0,"(0.0, 0.0)","(0.0, 0.0)","(0.0, 0.0)","(0.0, 0.0, 0.0)","(0.0, 0.0, 0.0)","(0.0, 0.0, 0.0)","(0.0, 0.0, 0.0)","(0.0, 0.0, 0.0)","(0.0, 0.0, 0.0)",0,0,0,0,0,0,False,0,0,0,0,0,0,0,0,"(0.0, 6.0, 562.6)","(0.2, 0.0, 0.0, 1.0)"
0,868042.7,0,0,0,0,0,0,0,0,0,"(0.0, 0.0)","(0.0, 0.0)","(0.0, 0.0)","(0.0, 0.0, 0.0)","(0.0, 0.0, 0.0)","(0.0, 0.0, 0.0)","(0.0, 0.0, 0.0)","(0.0, 0.0, 0.0)","(0.0, 0.0, 0.0)",0,0,0,0,0,0,False,0,0,0,0,0,0,0,0,"(0.0, 6.0, 562.7)","(0.2, 0.0, 0.0, 1.0)"
0,868063.8,0,0,0,0,0,0,0,0,0,"(0.0, 0.0)","(0.0, 0.0)","(0.0, 0.0)","(0.0, 0.0, 0.0)","(0.0, 0.0, 0.0)","(0.0, 0.0, 0.0)","(0.0, 0.0, 0.0)","(0.0, 0.0, 0.0)","(0.0, 0.0, 0.0)",0,0,0,0,0,0,False,0,0,0,0,0,0,0,0,"(0.0, 6.0, 562.9)","(0.2, 0.0, 0.0, 1.0)"
0,868085.5,0,0,0,0,0,0,0,0,0,"(0.0, 0.0)","(0.0, 0.0)","(0.0, 0.0)","(0.0, 0.0, 0.0)","(0.0, 0.0, 0.0)","(0.0, 0.0, 0.0)","(0.0, 0.0, 0.0)","(0.0, 0.0, 0.0)","(0.0, 0.0, 0.0)",0,0,0,0,0,0,False,0,0,0,0,0,0,0,0,"(0.0, 6.0, 563.1)","(0.2, 0.0, 0.0, 1.0)"
0,868108,0,0,0,0,0,0,0,0,0,"(0.0, 0.0)","(0.0, 0.0)","(0.0, 0.0)","(0.0, 0.0, 0.0)","(0.0, 0.0, 0.0)","(0.0, 0.0, 0.0)","(0.0, 0.0, 0.0)","(0.0, 0.0, 0.0)","(0.0, 0.0, 0.0)",0,0,0,0,0,0,False,0,0,0,0,0,0,0,0,"(0.0, 6.0, 563.3)","(0.2, 0.0, 0.0, 1.0)"
0,868130.5,0,0,0,0,0,0,0,0,0,"(0.0, 0.0)","(0.0, 0.0)","(0.0, 0.0)","(0.0, 0.0, 0.0)","(0.0, 0.0, 0.0)","(0.0, 0.0, 0.0)","(0.0, 0.0, 0.0)","(0.0, 0.0, 0.0)","(0.0, 0.0, 0.0)",0,0,0,0,0,0,False,0,0,0,0,0,0,0,0,"(0.0, 6.0, 563.5)","(0.2, 0.0, 0.0, 1.0)"
0,868152.4,0,0,0,0,0,0,0,0,0,"(0.0, 0.0)","(0.0, 0.0)","(0.0, 0.0)","(0.0, 0.0, 0.0)","(0.0, 0.0, 0.0)","(0.0, 0.0, 0.0)","(0.0, 0.0, 0.0)","(0.0, 0.0, 0.0)","(0.0, 0.0, 0.0)",0,0,0,0,0,0,False,0,0,0,0,0,0,0,0,"(0.0, 6.0, 563.7)","(0.2, 0.0, 0.0, 1.0)"
0,868173.9,0,0,0,0,0,0,0,0,0,"(0.0, 0.0)","(0.0, 0.0)","(0.0, 0.0)","(0.0, 0.0, 0.0)","(0.0, 0.0, 0.0)","(0.0, 0.0, 0.0)","(0.0, 0.0, 0.0)","(0.0, 0.0, 0.0)","(0.0, 0.0, 0.0)",0,0,0,0,0,0,False,0,0,0,0,0,0,0,0,"(0.0, 6.0, 563.9)","(0.2, 0.0, 0.0, 1.0)"
0,868197.3,0,0,0,0,0,0,0,0,0,"(0.0, 0.0)","(0.0, 0.0)","(0.0, 0.0)","(0.0, 0.0, 0.0)","(0.0, 0.0, 0.0)","(0.0, 0.0, 0.0)","(0.0, 0.0, 0.0)","(0.0, 0.0, 0.0)","(0.0, 0.0, 0.0)",0,0,0,0,0,0,False,0,0,0,0,0,0,0,0,"(0.0, 6.0, 564.2)","(0.2, 0.0, 0.0, 1.0)"
0,868219.1,0,0,0,0,0,0,0,0,0,"(0.0, 0.0)","(0.0, 0.0)","(0.0, 0.0)","(0.0, 0.0, 0.0)","(0.0, 0.0, 0.0)","(0.0, 0.0, 0.0)","(0.0, 0.0, 0.0)","(0.0, 0.0, 0.0)","(0.0, 0.0, 0.0)",0,0,0,0,0,0,False,0,0,0,0,0,0,0,0,"(0.0, 6.0, 564.4)","(0.2, 0.0, 0.0, 1.0)"
0,868240.7,0,0,0,0,0,0,0,0,0,"(0.0, 0.0)","(0.0, 0.0)","(0.0, 0.0)","(0.0, 0.0, 0.0)","(0.0, 0.0, 0.0)","(0.0, 0.0, 0.0)","(0.0, 0.0, 0.0)","(0.0, 0.0, 0.0)","(0.0, 0.0, 0.0)",0,0,0,0,0,0,False,0,0,0,0,0,0,0,0,"(0.0, 6.0, 564.6)","(0.2, 0.0, 0.0, 1.0)"
0,868263.6,0,0,0,0,0,0,0,0,0,"(0.0, 0.0)","(0.0, 0.0)","(0.0, 0.0)","(0.0, 0.0, 0.0)","(0.0, 0.0, 0.0)","(0.0, 0.0, 0.0)","(0.0, 0.0, 0.0)","(0.0, 0.0, 0.0)","(0.0, 0.0, 0.0)",0,0,0,0,0,0,False,0,0,0,0,0,0,0,0,"(0.0, 6.0, 564.8)","(0.2, 0.0, 0.0, 1.0)"
0,868285.3,0,0,0,0,0,0,0,0,0,"(0.0, 0.0)","(0.0, 0.0)","(0.0, 0.0)","(0.0, 0.0, 0.0)","(0.0, 0.0, 0.0)","(0.0, 0.0, 0.0)","(0.0, 0.0, 0.0)","(0.0, 0.0, 0.0)","(0.0, 0.0, 0.0)",0,0,0,0,0,0,False,0,0,0,0,0,0,0,0,"(0.0, 6.0, 565.0)","(0.2, 0.0, 0.0, 1.0)"
0,868307.4,0,0,0,0,0,0,0,0,0,"(0.0, 0.0)","(0.0, 0.0)","(0.0, 0.0)","(0.0, 0.0, 0.0)","(0.0, 0.0, 0.0)","(0.0, 0.0, 0.0)","(0.0, 0.0, 0.0)","(0.0, 0.0, 0.0)","(0.0, 0.0, 0.0)",0,0,0,0,0,0,False,0,0,0,0,0,0,0,0,"(0.0, 6.0, 565.2)","(0.2, 0.0, 0.0, 1.0)"
0,868330.2,0,0,0,0,0,0,0,0,0,"(0.0, 0.0)","(0.0, 0.0)","(0.0, 0.0)","(0.0, 0.0, 0.0)","(0.0, 0.0, 0.0)","(0.0, 0.0, 0.0)","(0.0, 0.0, 0.0)","(0.0, 0.0, 0.0)","(0.0, 0.0, 0.0)",0,0,0,0,0,0,False,0,0,0,0,0,0,0,0,"(0.0, 6.0, 565.4)","(0.2, 0.0, 0.0, 1.0)"
0,868351.9,0,0,0,0,0,0,0,0,0,"(0.0, 0.0)","(0.0, 0.0)","(0.0, 0.0)","(0.0, 0.0, 0.0)","(0.0, 0.0, 0.0)","(0.0, 0.0, 0.0)","(0.0, 0.0, 0.0)","(0.0, 0.0, 0.0)","(0.0, 0.0, 0.0)",0,0,0,0,0,0,False,0,0,0,0,0,0,0,0,"(0.0, 6.0, 565.6)","(0.2, 0.0, 0.0, 1.0)"
0,868374.1,0,0,0,0,0,0,0,0,0,"(0.0, 0.0)","(0.0, 0.0)","(0.0, 0.0)","(0.0, 0.0, 0.0)","(0.0, 0.0, 0.0)","(0.0, 0.0, 0.0)","(0.0, 0.0, 0.0)","(0.0, 0.0, 0.0)","(0.0, 0.0, 0.0)",0,0,0,0,0,0,False,0,0,0,0,0,0,0,0,"(0.0, 6.0, 565.9)","(0.2, 0.0, 0.0, 1.0)"
0,868397.3,0,0,0,0,0,0,0,0,0,"(0.0, 0.0)","(0.0, 0.0)","(0.0, 0.0)","(0.0, 0.0, 0.0)","(0.0, 0.0, 0.0)","(0.0, 0.0, 0.0)","(0.0, 0.0, 0.0)","(0.0, 0.0, 0.0)","(0.0, 0.0, 0.0)",0,0,0,0,0,0,False,0,0,0,0,0,0,0,0,"(0.0, 6.0, 566.1)","(0.2, 0.0, 0.0, 1.0)"
0,868418.4,0,0,0,0,0,0,0,0,0,"(0.0, 0.0)","(0.0, 0.0)","(0.0, 0.0)","(0.0, 0.0, 0.0)","(0.0, 0.0, 0.0)","(0.0, 0.0, 0.0)","(0.0, 0.0, 0.0)","(0.0, 0.0, 0.0)","(0.0, 0.0, 0.0)",0,0,0,0,0,0,False,0,0,0,0,0,0,0,0,"(0.0, 6.0, 566.3)","(0.2, 0.0, 0.0, 1.0)"
0,868440.5,0,0,0,0,0,0,0,0,0,"(0.0, 0.0)","(0.0, 0.0)","(0.0, 0.0)","(0.0, 0.0, 0.0)","(0.0, 0.0, 0.0)","(0.0, 0.0, 0.0)","(0.0, 0.0, 0.0)","(0.0, 0.0, 0.0)","(0.0, 0.0, 0.0)",0,0,0,0,0,0,False,0,0,0,0,0,0,0,0,"(0.0, 6.0, 566.5)","(0.2, 0.0, 0.0, 1.0)"
0,868463.5,0,0,0,0,0,0,0,0,0,"(0.0, 0.0)","(0.0, 0.0)","(0.0, 0.0)","(0.0, 0.0, 0.0)","(0.0, 0.0, 0.0)","(0.0, 0.0, 0.0)","(0.0, 0.0, 0.0)","(0.0, 0.0, 0.0)","(0.0, 0.0, 0.0)",0,0,0,0,0,0,False,0,0,0,0,0,0,0,0,"(0.0, 6.0, 566.7)","(0.2, 0.0, 0.0, 1.0)"
0,868488,0,0,0,0,0,0,0,0,0,"(0.0, 0.0)","(0.0, 0.0)","(0.0, 0.0)","(0.0, 0.0, 0.0)","(0.0, 0.0, 0.0)","(0.0, 0.0, 0.0)","(0.0, 0.0, 0.0)","(0.0, 0.0, 0.0)","(0.0, 0.0, 0.0)",0,0,0,0,0,0,False,0,0,0,0,0,0,0,0,"(0.0, 6.0, 566.9)","(0.2, 0.0, 0.0, 1.0)"
0,868507.2,0,0,0,0,0,0,0,0,0,"(0.0, 0.0)","(0.0, 0.0)","(0.0, 0.0)","(0.0, 0.0, 0.0)","(0.0, 0.0, 0.0)","(0.0, 0.0, 0.0)","(0.0, 0.0, 0.0)","(0.0, 0.0, 0.0)","(0.0, 0.0, 0.0)",0,0,0,0,0,0,False,0,0,0,0,0,0,0,0,"(0.0, 6.0, 567.2)","(0.2, 0.0, 0.0, 1.0)"
0,868530.6,0,0,0,0,0,0,0,0,0,"(0.0, 0.0)","(0.0, 0.0)","(0.0, 0.0)","(0.0, 0.0, 0.0)","(0.0, 0.0, 0.0)","(0.0, 0.0, 0.0)","(0.0, 0.0, 0.0)","(0.0, 0.0, 0.0)","(0.0, 0.0, 0.0)",0,0,0,0,0,0,False,0,0,0,0,0,0,0,0,"(0.0, 6.0, 567.4)","(0.2, 0.0, 0.0, 1.0)"
0,868551.9,0,0,0,0,0,0,0,0,0,"(0.0, 0.0)","(0.0, 0.0)","(0.0, 0.0)","(0.0, 0.0, 0.0)","(0.0, 0.0, 0.0)","(0.0, 0.0, 0.0)","(0.0, 0.0, 0.0)","(0.0, 0.0, 0.0)","(0.0, 0.0, 0.0)",0,0,0,0,0,0,False,0,0,0,0,0,0,0,0,"(0.0, 6.0, 567.6)","(0.2, 0.0, 0.0, 1.0)"
0,868570.4,0,0,0,0,0,0,0,0,0,"(0.0, 0.0)","(0.0, 0.0)","(0.0, 0.0)","(0.0, 0.0, 0.0)","(0.0, 0.0, 0.0)","(0.0, 0.0, 0.0)","(0.0, 0.0, 0.0)","(0.0, 0.0, 0.0)","(0.0, 0.0, 0.0)",0,0,0,0,0,0,False,0,0,0,0,0,0,0,0,"(0.0, 6.0, 567.8)","(0.2, 0.0, 0.0, 1.0)"
0,868588.5,0,0,0,0,0,0,0,0,0,"(0.0, 0.0)","(0.0, 0.0)","(0.0, 0.0)","(0.0, 0.0, 0.0)","(0.0, 0.0, 0.0)","(0.0, 0.0, 0.0)","(0.0, 0.0, 0.0)","(0.0, 0.0, 0.0)","(0.0, 0.0, 0.0)",0,0,0,0,0,0,False,0,0,0,0,0,0,0,0,"(0.0, 6.0, 568.0)","(0.2, 0.0, 0.0, 1.0)"
0,868612.2,0,0,0,0,0,0,0,0,0,"(0.0, 0.0)","(0.0, 0.0)","(0.0, 0.0)","(0.0, 0.0, 0.0)","(0.0, 0.0, 0.0)","(0.0, 0.0, 0.0)","(0.0, 0.0, 0.0)","(0.0, 0.0, 0.0)","(0.0, 0.0, 0.0)",0,0,0,0,0,0,False,0,0,0,0,0,0,0,0,"(0.0, 6.0, 568.2)","(0.2, 0.0, 0.0, 1.0)"
0,868635.4,0,0,0,0,0,0,0,0,0,"(0.0, 0.0)","(0.0, 0.0)","(0.0, 0.0)","(0.0, 0.0, 0.0)","(0.0, 0.0, 0.0)","(0.0, 0.0, 0.0)","(0.0, 0.0, 0.0)","(0.0, 0.0, 0.0)","(0.0, 0.0, 0.0)",0,0,0,0,0,0,False,0,0,0,0,0,0,0,0,"(0.0, 6.0, 568.5)","(0.2, 0.0, 0.0, 1.0)"
0,868656.9,0,0,0,0,0,0,0,0,0,"(0.0, 0.0)","(0.0, 0.0)","(0.0, 0.0)","(0.0, 0.0, 0.0)","(0.0, 0.0, 0.0)","(0.0, 0.0, 0.0)","(0.0, 0.0, 0.0)","(0.0, 0.0, 0.0)","(0.0, 0.0, 0.0)",0,0,0,0,0,0,False,0,0,0,0,0,0,0,0,"(0.0, 6.0, 568.7)","(0.2, 0.0, 0.0, 1.0)"
0,868675.1,0,0,0,0,0,0,0,0,0,"(0.0, 0.0)","(0.0, 0.0)","(0.0, 0.0)","(0.0, 0.0, 0.0)","(0.0, 0.0, 0.0)","(0.0, 0.0, 0.0)","(0.0, 0.0, 0.0)","(0.0, 0.0, 0.0)","(0.0, 0.0, 0.0)",0,0,0,0,0,0,False,0,0,0,0,0,0,0,0,"(0.0, 6.0, 568.9)","(0.2, 0.0, 0.0, 1.0)"
0,868692.9,0,0,0,0,0,0,0,0,0,"(0.0, 0.0)","(0.0, 0.0)","(0.0, 0.0)","(0.0, 0.0, 0.0)","(0.0, 0.0, 0.0)","(0.0, 0.0, 0.0)","(0.0, 0.0, 0.0)","(0.0, 0.0, 0.0)","(0.0, 0.0, 0.0)",0,0,0,0,0,0,False,0,0,0,0,0,0,0,0,"(0.0, 6.0, 569.1)","(0.2, 0.0, 0.0, 1.0)"
0,868711.8,0,0,0,0,0,0,0,0,0,"(0.0, 0.0)","(0.0, 0.0)","(0.0, 0.0)","(0.0, 0.0, 0.0)","(0.0, 0.0, 0.0)","(0.0, 0.0, 0.0)","(0.0, 0.0, 0.0)","(0.0, 0.0, 0.0)","(0.0, 0.0, 0.0)",0,0,0,0,0,0,False,0,0,0,0,0,0,0,0,"(0.0, 6.0, 569.3)","(0.2, 0.0, 0.0, 1.0)"
0,868730.4,0,0,0,0,0,0,0,0,0,"(0.0, 0.0)","(0.0, 0.0)","(0.0, 0.0)","(0.0, 0.0, 0.0)","(0.0, 0.0, 0.0)","(0.0, 0.0, 0.0)","(0.0, 0.0, 0.0)","(0.0, 0.0, 0.0)","(0.0, 0.0, 0.0)",0,0,0,0,0,0,False,0,0,0,0,0,0,0,0,"(0.0, 6.0, 569.5)","(0.2, 0.0, 0.0, 1.0)"
0,868750.4,0,0,0,0,0,0,0,0,0,"(0.0, 0.0)","(0.0, 0.0)","(0.0, 0.0)","(0.0, 0.0, 0.0)","(0.0, 0.0, 0.0)","(0.0, 0.0, 0.0)","(0.0, 0.0, 0.0)","(0.0, 0.0, 0.0)","(0.0, 0.0, 0.0)",0,0,0,0,0,0,False,0,0,0,0,0,0,0,0,"(0.0, 6.0, 569.7)","(0.2, 0.0, 0.0, 1.0)"
0,868768.8,0,0,0,0,0,0,0,0,0,"(0.0, 0.0)","(0.0, 0.0)","(0.0, 0.0)","(0.0, 0.0, 0.0)","(0.0, 0.0, 0.0)","(0.0, 0.0, 0.0)","(0.0, 0.0, 0.0)","(0.0, 0.0, 0.0)","(0.0, 0.0, 0.0)",0,0,0,0,0,0,False,0,0,0,0,0,0,0,0,"(0.0, 6.0, 569.9)","(0.2, 0.0, 0.0, 1.0)"
0,868788.8,0,0,0,0,0,0,0,0,0,"(0.0, 0.0)","(0.0, 0.0)","(0.0, 0.0)","(0.0, 0.0, 0.0)","(0.0, 0.0, 0.0)","(0.0, 0.0, 0.0)","(0.0, 0.0, 0.0)","(0.0, 0.0, 0.0)","(0.0, 0.0, 0.0)",0,0,0,0,0,0,False,0,0,0,0,0,0,0,0,"(0.0, 6.0, 570.1)","(0.2, 0.0, 0.0, 1.0)"
0,868809.4,0,0,0,0,0,0,0,0,0,"(0.0, 0.0)","(0.0, 0.0)","(0.0, 0.0)","(0.0, 0.0, 0.0)","(0.0, 0.0, 0.0)","(0.0, 0.0, 0.0)","(0.0, 0.0, 0.0)","(0.0, 0.0, 0.0)","(0.0, 0.0, 0.0)",0,0,0,0,0,0,False,0,0,0,0,0,0,0,0,"(0.0, 6.0, 570.3)","(0.2, 0.0, 0.0, 1.0)"
0,868828.1,0,0,0,0,0,0,0,0,0,"(0.0, 0.0)","(0.0, 0.0)","(0.0, 0.0)","(0.0, 0.0, 0.0)","(0.0, 0.0, 0.0)","(0.0, 0.0, 0.0)","(0.0, 0.0, 0.0)","(0.0, 0.0, 0.0)","(0.0, 0.0, 0.0)",0,0,0,0,0,0,False,0,0,0,0,0,0,0,0,"(0.0, 6.0, 570.5)","(0.2, 0.0, 0.0, 1.0)"
0,868848.3,0,0,0,0,0,0,0,0,0,"(0.0, 0.0)","(0.0, 0.0)","(0.0, 0.0)","(0.0, 0.0, 0.0)","(0.0, 0.0, 0.0)","(0.0, 0.0, 0.0)","(0.0, 0.0, 0.0)","(0.0, 0.0, 0.0)","(0.0, 0.0, 0.0)",0,0,0,0,0,0,False,0,0,0,0,0,0,0,0,"(0.0, 6.0, 570.7)","(0.2, 0.0, 0.0, 1.0)"
0,868867.2,0,0,0,0,0,0,0,0,0,"(0.0, 0.0)","(0.0, 0.0)","(0.0, 0.0)","(0.0, 0.0, 0.0)","(0.0, 0.0, 0.0)","(0.0, 0.0, 0.0)","(0.0, 0.0, 0.0)","(0.0, 0.0, 0.0)","(0.0, 0.0, 0.0)",0,0,0,0,0,0,False,0,0,0,0,0,0,0,0,"(0.0, 6.0, 570.9)","(0.2, 0.0, 0.0, 1.0)"
0,868884.9,0,0,0,0,0,0,0,0,0,"(0.0, 0.0)","(0.0, 0.0)","(0.0, 0.0)","(0.0, 0.0, 0.0)","(0.0, 0.0, 0.0)","(0.0, 0.0, 0.0)","(0.0, 0.0, 0.0)","(0.0, 0.0, 0.0)","(0.0, 0.0, 0.0)",0,0,0,0,0,0,False,0,0,0,0,0,0,0,0,"(0.0, 6.0, 571.1)","(0.2, 0.0, 0.0, 1.0)"
0,868901.6,0,0,0,0,0,0,0,0,0,"(0.0, 0.0)","(0.0, 0.0)","(0.0, 0.0)","(0.0, 0.0, 0.0)","(0.0, 0.0, 0.0)","(0.0, 0.0, 0.0)","(0.0, 0.0, 0.0)","(0.0, 0.0, 0.0)","(0.0, 0.0, 0.0)",0,0,0,0,0,0,False,0,0,0,0,0,0,0,0,"(0.0, 6.0, 571.3)","(0.2, 0.0, 0.0, 1.0)"
0,868918.6,0,0,0,0,0,0,0,0,0,"(0.0, 0.0)","(0.0, 0.0)","(0.0, 0.0)","(0.0, 0.0, 0.0)","(0.0, 0.0, 0.0)","(0.0, 0.0, 0.0)","(0.0, 0.0, 0.0)","(0.0, 0.0, 0.0)","(0.0, 0.0, 0.0)",0,0,0,0,0,0,False,0,0,0,0,0,0,0,0,"(0.0, 6.0, 571.5)","(0.2, 0.0, 0.0, 1.0)"
0,868935.5,0,0,0,0,0,0,0,0,0,"(0.0, 0.0)","(0.0, 0.0)","(0.0, 0.0)","(0.0, 0.0, 0.0)","(0.0, 0.0, 0.0)","(0.0, 0.0, 0.0)","(0.0, 0.0, 0.0)","(0.0, 0.0, 0.0)","(0.0, 0.0, 0.0)",0,0,0,0,0,0,False,0,0,0,0,0,0,0,0,"(0.0, 6.0, 571.7)","(0.2, 0.0, 0.0, 1.0)"
0,868953.2,0,0,0,0,0,0,0,0,0,"(0.0, 0.0)","(0.0, 0.0)","(0.0, 0.0)","(0.0, 0.0, 0.0)","(0.0, 0.0, 0.0)","(0.0, 0.0, 0.0)","(0.0, 0.0, 0.0)","(0.0, 0.0, 0.0)","(0.0, 0.0, 0.0)",0,0,0,0,0,0,False,0,0,0,0,0,0,0,0,"(0.0, 6.0, 571.9)","(0.2, 0.0, 0.0, 1.0)"
0,868971.1,0,0,0,0,0,0,0,0,0,"(0.0, 0.0)","(0.0, 0.0)","(0.0, 0.0)","(0.0, 0.0, 0.0)","(0.0, 0.0, 0.0)","(0.0, 0.0, 0.0)","(0.0, 0.0, 0.0)","(0.0, 0.0, 0.0)","(0.0, 0.0, 0.0)",0,0,0,0,0,0,False,0,0,0,0,0,0,0,0,"(0.0, 6.0, 572.1)","(0.2, 0.0, 0.0, 1.0)"
0,869000.1,0,0,0,0,0,0,0,0,0,"(0.0, 0.0)","(0.0, 0.0)","(0.0, 0.0)","(0.0, 0.0, 0.0)","(0.0, 0.0, 0.0)","(0.0, 0.0, 0.0)","(0.0, 0.0, 0.0)","(0.0, 0.0, 0.0)","(0.0, 0.0, 0.0)",0,0,0,0,0,0,False,0,0,0,0,0,0,0,0,"(0.0, 6.0, 572.3)","(0.2, 0.0, 0.0, 1.0)"
0,869018.4,0,0,0,0,0,0,0,0,0,"(0.0, 0.0)","(0.0, 0.0)","(0.0, 0.0)","(0.0, 0.0, 0.0)","(0.0, 0.0, 0.0)","(0.0, 0.0, 0.0)","(0.0, 0.0, 0.0)","(0.0, 0.0, 0.0)","(0.0, 0.0, 0.0)",0,0,0,0,0,0,False,0,0,0,0,0,0,0,0,"(0.0, 6.0, 572.5)","(0.2, 0.0, 0.0, 1.0)"
0,869035.4,0,0,0,0,0,0,0,0,0,"(0.0, 0.0)","(0.0, 0.0)","(0.0, 0.0)","(0.0, 0.0, 0.0)","(0.0, 0.0, 0.0)","(0.0, 0.0, 0.0)","(0.0, 0.0, 0.0)","(0.0, 0.0, 0.0)","(0.0, 0.0, 0.0)",0,0,0,0,0,0,False,0,0,0,0,0,0,0,0,"(0.0, 6.0, 572.7)","(0.2, 0.0, 0.0, 1.0)"
0,869052.9,0,0,0,0,0,0,0,0,0,"(0.0, 0.0)","(0.0, 0.0)","(0.0, 0.0)","(0.0, 0.0, 0.0)","(0.0, 0.0, 0.0)","(0.0, 0.0, 0.0)","(0.0, 0.0, 0.0)","(0.0, 0.0, 0.0)","(0.0, 0.0, 0.0)",0,0,0,0,0,0,False,0,0,0,0,0,0,0,0,"(0.0, 6.0, 572.9)","(0.2, 0.0, 0.0, 1.0)"
0,869074.3,0,0,0,0,0,0,0,0,0,"(0.0, 0.0)","(0.0, 0.0)","(0.0, 0.0)","(0.0, 0.0, 0.0)","(0.0, 0.0, 0.0)","(0.0, 0.0, 0.0)","(0.0, 0.0, 0.0)","(0.0, 0.0, 0.0)","(0.0, 0.0, 0.0)",0,0,0,0,0,0,False,0,0,0,0,0,0,0,0,"(0.0, 6.0, 573.0)","(0.2, 0.0, 0.0, 1.0)"
0,869096.9,0,0,0,0,0,0,0,0,0,"(0.0, 0.0)","(0.0, 0.0)","(0.0, 0.0)","(0.0, 0.0, 0.0)","(0.0, 0.0, 0.0)","(0.0, 0.0, 0.0)","(0.0, 0.0, 0.0)","(0.0, 0.0, 0.0)","(0.0, 0.0, 0.0)",0,0,0,0,0,0,False,0,0,0,0,0,0,0,0,"(0.0, 6.0, 573.2)","(0.2, 0.0, 0.0, 1.0)"
0,869118.4,0,0,0,0,0,0,0,0,0,"(0.0, 0.0)","(0.0, 0.0)","(0.0, 0.0)","(0.0, 0.0, 0.0)","(0.0, 0.0, 0.0)","(0.0, 0.0, 0.0)","(0.0, 0.0, 0.0)","(0.0, 0.0, 0.0)","(0.0, 0.0, 0.0)",0,0,0,0,0,0,False,0,0,0,0,0,0,0,0,"(0.0, 6.0, 573.4)","(0.2, 0.0, 0.0, 1.0)"
0,869140.4,0,0,0,0,0,0,0,0,0,"(0.0, 0.0)","(0.0, 0.0)","(0.0, 0.0)","(0.0, 0.0, 0.0)","(0.0, 0.0, 0.0)","(0.0, 0.0, 0.0)","(0.0, 0.0, 0.0)","(0.0, 0.0, 0.0)","(0.0, 0.0, 0.0)",0,0,0,0,0,0,False,0,0,0,0,0,0,0,0,"(0.0, 6.0, 573.6)","(0.2, 0.0, 0.0, 1.0)"
0,869163.4,0,0,0,0,0,0,0,0,0,"(0.0, 0.0)","(0.0, 0.0)","(0.0, 0.0)","(0.0, 0.0, 0.0)","(0.0, 0.0, 0.0)","(0.0, 0.0, 0.0)","(0.0, 0.0, 0.0)","(0.0, 0.0, 0.0)","(0.0, 0.0, 0.0)",0,0,0,0,0,0,False,0,0,0,0,0,0,0,0,"(0.0, 6.0, 573.9)","(0.2, 0.0, 0.0, 1.0)"
0,869185.4,0,0,0,0,0,0,0,0,0,"(0.0, 0.0)","(0.0, 0.0)","(0.0, 0.0)","(0.0, 0.0, 0.0)","(0.0, 0.0, 0.0)","(0.0, 0.0, 0.0)","(0.0, 0.0, 0.0)","(0.0, 0.0, 0.0)","(0.0, 0.0, 0.0)",0,0,0,0,0,0,False,0,0,0,0,0,0,0,0,"(0.0, 6.0, 574.1)","(0.2, 0.0, 0.0, 1.0)"
0,869207,0,0,0,0,0,0,0,0,0,"(0.0, 0.0)","(0.0, 0.0)","(0.0, 0.0)","(0.0, 0.0, 0.0)","(0.0, 0.0, 0.0)","(0.0, 0.0, 0.0)","(0.0, 0.0, 0.0)","(0.0, 0.0, 0.0)","(0.0, 0.0, 0.0)",0,0,0,0,0,0,False,0,0,0,0,0,0,0,0,"(0.0, 6.0, 574.3)","(0.2, 0.0, 0.0, 1.0)"
0,869229.6,0,0,0,0,0,0,0,0,0,"(0.0, 0.0)","(0.0, 0.0)","(0.0, 0.0)","(0.0, 0.0, 0.0)","(0.0, 0.0, 0.0)","(0.0, 0.0, 0.0)","(0.0, 0.0, 0.0)","(0.0, 0.0, 0.0)","(0.0, 0.0, 0.0)",0,0,0,0,0,0,False,0,0,0,0,0,0,0,0,"(0.0, 6.0, 574.5)","(0.2, 0.0, 0.0, 1.0)"
0,869251.9,0,0,0,0,0,0,0,0,0,"(0.0, 0.0)","(0.0, 0.0)","(0.0, 0.0)","(0.0, 0.0, 0.0)","(0.0, 0.0, 0.0)","(0.0, 0.0, 0.0)","(0.0, 0.0, 0.0)","(0.0, 0.0, 0.0)","(0.0, 0.0, 0.0)",0,0,0,0,0,0,False,0,0,0,0,0,0,0,0,"(0.0, 6.0, 574.7)","(0.2, 0.0, 0.0, 1.0)"
0,869273.8,0,0,0,0,0,0,0,0,0,"(0.0, 0.0)","(0.0, 0.0)","(0.0, 0.0)","(0.0, 0.0, 0.0)","(0.0, 0.0, 0.0)","(0.0, 0.0, 0.0)","(0.0, 0.0, 0.0)","(0.0, 0.0, 0.0)","(0.0, 0.0, 0.0)",0,0,0,0,0,0,False,0,0,0,0,0,0,0,0,"(0.0, 6.0, 574.9)","(0.2, 0.0, 0.0, 1.0)"
0,869297.1,0,0,0,0,0,0,0,0,0,"(0.0, 0.0)","(0.0, 0.0)","(0.0, 0.0)","(0.0, 0.0, 0.0)","(0.0, 0.0, 0.0)","(0.0, 0.0, 0.0)","(0.0, 0.0, 0.0)","(0.0, 0.0, 0.0)","(0.0, 0.0, 0.0)",0,0,0,0,0,0,False,0,0,0,0,0,0,0,0,"(0.0, 6.0, 575.1)","(0.2, 0.0, 0.0, 1.0)"
0,869318.9,0,0,0,0,0,0,0,0,0,"(0.0, 0.0)","(0.0, 0.0)","(0.0, 0.0)","(0.0, 0.0, 0.0)","(0.0, 0.0, 0.0)","(0.0, 0.0, 0.0)","(0.0, 0.0, 0.0)","(0.0, 0.0, 0.0)","(0.0, 0.0, 0.0)",0,0,0,0,0,0,False,0,0,0,0,0,0,0,0,"(0.0, 6.0, 575.3)","(0.2, 0.0, 0.0, 1.0)"
0,869340.3,0,0,0,0,0,0,0,0,0,"(0.0, 0.0)","(0.0, 0.0)","(0.0, 0.0)","(0.0, 0.0, 0.0)","(0.0, 0.0, 0.0)","(0.0, 0.0, 0.0)","(0.0, 0.0, 0.0)","(0.0, 0.0, 0.0)","(0.0, 0.0, 0.0)",0,0,0,0,0,0,False,0,0,0,0,0,0,0,0,"(0.0, 6.0, 575.5)","(0.2, 0.0, 0.0, 1.0)"
0,869363.1,0,0,0,0,0,0,0,0,0,"(0.0, 0.0)","(0.0, 0.0)","(0.0, 0.0)","(0.0, 0.0, 0.0)","(0.0, 0.0, 0.0)","(0.0, 0.0, 0.0)","(0.0, 0.0, 0.0)","(0.0, 0.0, 0.0)","(0.0, 0.0, 0.0)",0,0,0,0,0,0,False,0,0,0,0,0,0,0,0,"(0.0, 6.0, 575.7)","(0.2, 0.0, 0.0, 1.0)"
0,869385.7,0,0,0,0,0,0,0,0,0,"(0.0, 0.0)","(0.0, 0.0)","(0.0, 0.0)","(0.0, 0.0, 0.0)","(0.0, 0.0, 0.0)","(0.0, 0.0, 0.0)","(0.0, 0.0, 0.0)","(0.0, 0.0, 0.0)","(0.0, 0.0, 0.0)",0,0,0,0,0,0,False,0,0,0,0,0,0,0,0,"(0.0, 6.0, 576.0)","(0.2, 0.0, 0.0, 1.0)"
0,869407.1,0,0,0,0,0,0,0,0,0,"(0.0, 0.0)","(0.0, 0.0)","(0.0, 0.0)","(0.0, 0.0, 0.0)","(0.0, 0.0, 0.0)","(0.0, 0.0, 0.0)","(0.0, 0.0, 0.0)","(0.0, 0.0, 0.0)","(0.0, 0.0, 0.0)",0,0,0,0,0,0,False,0,0,0,0,0,0,0,0,"(0.0, 6.0, 576.2)","(0.2, 0.0, 0.0, 1.0)"
0,869429.9,0,0,0,0,0,0,0,0,0,"(0.0, 0.0)","(0.0, 0.0)","(0.0, 0.0)","(0.0, 0.0, 0.0)","(0.0, 0.0, 0.0)","(0.0, 0.0, 0.0)","(0.0, 0.0, 0.0)","(0.0, 0.0, 0.0)","(0.0, 0.0, 0.0)",0,0,0,0,0,0,False,0,0,0,0,0,0,0,0,"(0.0, 6.0, 576.4)","(0.2, 0.0, 0.0, 1.0)"
0,869451.6,0,0,0,0,0,0,0,0,0,"(0.0, 0.0)","(0.0, 0.0)","(0.0, 0.0)","(0.0, 0.0, 0.0)","(0.0, 0.0, 0.0)","(0.0, 0.0, 0.0)","(0.0, 0.0, 0.0)","(0.0, 0.0, 0.0)","(0.0, 0.0, 0.0)",0,0,0,0,0,0,False,0,0,0,0,0,0,0,0,"(0.0, 6.0, 576.6)","(0.2, 0.0, 0.0, 1.0)"
0,869473.9,0,0,0,0,0,0,0,0,0,"(0.0, 0.0)","(0.0, 0.0)","(0.0, 0.0)","(0.0, 0.0, 0.0)","(0.0, 0.0, 0.0)","(0.0, 0.0, 0.0)","(0.0, 0.0, 0.0)","(0.0, 0.0, 0.0)","(0.0, 0.0, 0.0)",0,0,0,0,0,0,False,0,0,0,0,0,0,0,0,"(0.0, 6.0, 576.8)","(0.2, 0.0, 0.0, 1.0)"
0,869496.7,0,0,0,0,0,0,0,0,0,"(0.0, 0.0)","(0.0, 0.0)","(0.0, 0.0)","(0.0, 0.0, 0.0)","(0.0, 0.0, 0.0)","(0.0, 0.0, 0.0)","(0.0, 0.0, 0.0)","(0.0, 0.0, 0.0)","(0.0, 0.0, 0.0)",0,0,0,0,0,0,False,0,0,0,0,0,0,0,0,"(0.0, 6.0, 577.1)","(0.2, 0.0, 0.0, 1.0)"
0,869518.6,0,0,0,0,0,0,0,0,0,"(0.0, 0.0)","(0.0, 0.0)","(0.0, 0.0)","(0.0, 0.0, 0.0)","(0.0, 0.0, 0.0)","(0.0, 0.0, 0.0)","(0.0, 0.0, 0.0)","(0.0, 0.0, 0.0)","(0.0, 0.0, 0.0)",0,0,0,0,0,0,False,0,0,0,0,0,0,0,0,"(0.0, 6.0, 577.3)","(0.2, 0.0, 0.0, 1.0)"
0,869537.8,0,0,0,0,0,0,0,0,0,"(0.0, 0.0)","(0.0, 0.0)","(0.0, 0.0)","(0.0, 0.0, 0.0)","(0.0, 0.0, 0.0)","(0.0, 0.0, 0.0)","(0.0, 0.0, 0.0)","(0.0, 0.0, 0.0)","(0.0, 0.0, 0.0)",0,0,0,0,0,0,False,0,0,0,0,0,0,0,0,"(0.0, 6.0, 577.5)","(0.2, 0.0, 0.0, 1.0)"
0,869556.7,0,0,0,0,0,0,0,0,0,"(0.0, 0.0)","(0.0, 0.0)","(0.0, 0.0)","(0.0, 0.0, 0.0)","(0.0, 0.0, 0.0)","(0.0, 0.0, 0.0)","(0.0, 0.0, 0.0)","(0.0, 0.0, 0.0)","(0.0, 0.0, 0.0)",0,0,0,0,0,0,False,0,0,0,0,0,0,0,0,"(0.0, 6.0, 577.7)","(0.2, 0.0, 0.0, 1.0)"
0,869575.2,0,0,0,0,0,0,0,0,0,"(0.0, 0.0)","(0.0, 0.0)","(0.0, 0.0)","(0.0, 0.0, 0.0)","(0.0, 0.0, 0.0)","(0.0, 0.0, 0.0)","(0.0, 0.0, 0.0)","(0.0, 0.0, 0.0)","(0.0, 0.0, 0.0)",0,0,0,0,0,0,False,0,0,0,0,0,0,0,0,"(0.0, 6.0, 577.9)","(0.2, 0.0, 0.0, 1.0)"
0,869593.6,0,0,0,0,0,0,0,0,0,"(0.0, 0.0)","(0.0, 0.0)","(0.0, 0.0)","(0.0, 0.0, 0.0)","(0.0, 0.0, 0.0)","(0.0, 0.0, 0.0)","(0.0, 0.0, 0.0)","(0.0, 0.0, 0.0)","(0.0, 0.0, 0.0)",0,0,0,0,0,0,False,0,0,0,0,0,0,0,0,"(0.0, 6.0, 578.1)","(0.2, 0.0, 0.0, 1.0)"
0,869613.1,0,0,0,0,0,0,0,0,0,"(0.0, 0.0)","(0.0, 0.0)","(0.0, 0.0)","(0.0, 0.0, 0.0)","(0.0, 0.0, 0.0)","(0.0, 0.0, 0.0)","(0.0, 0.0, 0.0)","(0.0, 0.0, 0.0)","(0.0, 0.0, 0.0)",0,0,0,0,0,0,False,0,0,0,0,0,0,0,0,"(0.0, 6.0, 578.3)","(0.2, 0.0, 0.0, 1.0)"
0,869637.1,0,0,0,0,0,0,0,0,0,"(0.0, 0.0)","(0.0, 0.0)","(0.0, 0.0)","(0.0, 0.0, 0.0)","(0.0, 0.0, 0.0)","(0.0, 0.0, 0.0)","(0.0, 0.0, 0.0)","(0.0, 0.0, 0.0)","(0.0, 0.0, 0.0)",0,0,0,0,0,0,False,0,0,0,0,0,0,0,0,"(0.0, 6.0, 578.5)","(0.2, 0.0, 0.0, 1.0)"
0,869654.7,0,0,0,0,0,0,0,0,0,"(0.0, 0.0)","(0.0, 0.0)","(0.0, 0.0)","(0.0, 0.0, 0.0)","(0.0, 0.0, 0.0)","(0.0, 0.0, 0.0)","(0.0, 0.0, 0.0)","(0.0, 0.0, 0.0)","(0.0, 0.0, 0.0)",0,0,0,0,0,0,False,0,0,0,0,0,0,0,0,"(0.0, 6.0, 578.7)","(0.2, 0.0, 0.0, 1.0)"
0,869672.6,0,0,0,0,0,0,0,0,0,"(0.0, 0.0)","(0.0, 0.0)","(0.0, 0.0)","(0.0, 0.0, 0.0)","(0.0, 0.0, 0.0)","(0.0, 0.0, 0.0)","(0.0, 0.0, 0.0)","(0.0, 0.0, 0.0)","(0.0, 0.0, 0.0)",0,0,0,0,0,0,False,0,0,0,0,0,0,0,0,"(0.0, 6.0, 578.9)","(0.2, 0.0, 0.0, 1.0)"
0,869689.6,0,0,0,0,0,0,0,0,0,"(0.0, 0.0)","(0.0, 0.0)","(0.0, 0.0)","(0.0, 0.0, 0.0)","(0.0, 0.0, 0.0)","(0.0, 0.0, 0.0)","(0.0, 0.0, 0.0)","(0.0, 0.0, 0.0)","(0.0, 0.0, 0.0)",0,0,0,0,0,0,False,0,0,0,0,0,0,0,0,"(0.0, 6.0, 579.1)","(0.2, 0.0, 0.0, 1.0)"
0,869707.6,0,0,0,0,0,0,0,0,0,"(0.0, 0.0)","(0.0, 0.0)","(0.0, 0.0)","(0.0, 0.0, 0.0)","(0.0, 0.0, 0.0)","(0.0, 0.0, 0.0)","(0.0, 0.0, 0.0)","(0.0, 0.0, 0.0)","(0.0, 0.0, 0.0)",0,0,0,0,0,0,False,0,0,0,0,0,0,0,0,"(0.0, 6.0, 579.3)","(0.2, 0.0, 0.0, 1.0)"
0,869725.8,0,0,0,0,0,0,0,0,0,"(0.0, 0.0)","(0.0, 0.0)","(0.0, 0.0)","(0.0, 0.0, 0.0)","(0.0, 0.0, 0.0)","(0.0, 0.0, 0.0)","(0.0, 0.0, 0.0)","(0.0, 0.0, 0.0)","(0.0, 0.0, 0.0)",0,0,0,0,0,0,False,0,0,0,0,0,0,0,0,"(0.0, 6.0, 579.5)","(0.2, 0.0, 0.0, 1.0)"
0,869743.7,0,0,0,0,0,0,0,0,0,"(0.0, 0.0)","(0.0, 0.0)","(0.0, 0.0)","(0.0, 0.0, 0.0)","(0.0, 0.0, 0.0)","(0.0, 0.0, 0.0)","(0.0, 0.0, 0.0)","(0.0, 0.0, 0.0)","(0.0, 0.0, 0.0)",0,0,0,0,0,0,False,0,0,0,0,0,0,0,0,"(0.0, 6.0, 579.7)","(0.2, 0.0, 0.0, 1.0)"
0,869761.1,0,0,0,0,0,0,0,0,0,"(0.0, 0.0)","(0.0, 0.0)","(0.0, 0.0)","(0.0, 0.0, 0.0)","(0.0, 0.0, 0.0)","(0.0, 0.0, 0.0)","(0.0, 0.0, 0.0)","(0.0, 0.0, 0.0)","(0.0, 0.0, 0.0)",0,0,0,0,0,0,False,0,0,0,0,0,0,0,0,"(0.0, 6.0, 579.9)","(0.2, 0.0, 0.0, 1.0)"
0,869779.1,0,0,0,0,0,0,0,0,0,"(0.0, 0.0)","(0.0, 0.0)","(0.0, 0.0)","(0.0, 0.0, 0.0)","(0.0, 0.0, 0.0)","(0.0, 0.0, 0.0)","(0.0, 0.0, 0.0)","(0.0, 0.0, 0.0)","(0.0, 0.0, 0.0)",0,0,0,0,0,0,False,0,0,0,0,0,0,0,0,"(0.0, 6.0, 580.1)","(0.2, 0.0, 0.0, 1.0)"
0,869796.9,0,0,0,0,0,0,0,0,0,"(0.0, 0.0)","(0.0, 0.0)","(0.0, 0.0)","(0.0, 0.0, 0.0)","(0.0, 0.0, 0.0)","(0.0, 0.0, 0.0)","(0.0, 0.0, 0.0)","(0.0, 0.0, 0.0)","(0.0, 0.0, 0.0)",0,0,0,0,0,0,False,0,0,0,0,0,0,0,0,"(0.0, 6.0, 580.3)","(0.2, 0.0, 0.0, 1.0)"
0,869820.9,0,0,0,0,0,0,0,0,0,"(0.0, 0.0)","(0.0, 0.0)","(0.0, 0.0)","(0.0, 0.0, 0.0)","(0.0, 0.0, 0.0)","(0.0, 0.0, 0.0)","(0.0, 0.0, 0.0)","(0.0, 0.0, 0.0)","(0.0, 0.0, 0.0)",0,0,0,0,0,0,False,0,0,0,0,0,0,0,0,"(0.0, 6.0, 580.5)","(0.2, 0.0, 0.0, 1.0)"
0,869837.2,0,0,0,0,0,0,0,0,0,"(0.0, 0.0)","(0.0, 0.0)","(0.0, 0.0)","(0.0, 0.0, 0.0)","(0.0, 0.0, 0.0)","(0.0, 0.0, 0.0)","(0.0, 0.0, 0.0)","(0.0, 0.0, 0.0)","(0.0, 0.0, 0.0)",0,0,0,0,0,0,False,0,0,0,0,0,0,0,0,"(0.0, 6.0, 580.7)","(0.2, 0.0, 0.0, 1.0)"
0,869854.9,0,0,0,0,0,0,0,0,0,"(0.0, 0.0)","(0.0, 0.0)","(0.0, 0.0)","(0.0, 0.0, 0.0)","(0.0, 0.0, 0.0)","(0.0, 0.0, 0.0)","(0.0, 0.0, 0.0)","(0.0, 0.0, 0.0)","(0.0, 0.0, 0.0)",0,0,0,0,0,0,False,0,0,0,0,0,0,0,0,"(0.0, 6.0, 580.9)","(0.2, 0.0, 0.0, 1.0)"
0,869870.9,0,0,0,0,0,0,0,0,0,"(0.0, 0.0)","(0.0, 0.0)","(0.0, 0.0)","(0.0, 0.0, 0.0)","(0.0, 0.0, 0.0)","(0.0, 0.0, 0.0)","(0.0, 0.0, 0.0)","(0.0, 0.0, 0.0)","(0.0, 0.0, 0.0)",0,0,0,0,0,0,False,0,0,0,0,0,0,0,0,"(0.0, 6.0, 581.1)","(0.2, 0.0, 0.0, 1.0)"
0,869888,0,0,0,0,0,0,0,0,0,"(0.0, 0.0)","(0.0, 0.0)","(0.0, 0.0)","(0.0, 0.0, 0.0)","(0.0, 0.0, 0.0)","(0.0, 0.0, 0.0)","(0.0, 0.0, 0.0)","(0.0, 0.0, 0.0)","(0.0, 0.0, 0.0)",0,0,0,0,0,0,False,0,0,0,0,0,0,0,0,"(0.0, 6.0, 581.3)","(0.2, 0.0, 0.0, 1.0)"
0,869905.4,0,0,0,0,0,0,0,0,0,"(0.0, 0.0)","(0.0, 0.0)","(0.0, 0.0)","(0.0, 0.0, 0.0)","(0.0, 0.0, 0.0)","(0.0, 0.0, 0.0)","(0.0, 0.0, 0.0)","(0.0, 0.0, 0.0)","(0.0, 0.0, 0.0)",0,0,0,0,0,0,False,0,0,0,0,0,0,0,0,"(0.0, 6.0, 581.4)","(0.2, 0.0, 0.0, 1.0)"
0,869923.1,0,0,0,0,0,0,0,0,0,"(0.0, 0.0)","(0.0, 0.0)","(0.0, 0.0)","(0.0, 0.0, 0.0)","(0.0, 0.0, 0.0)","(0.0, 0.0, 0.0)","(0.0, 0.0, 0.0)","(0.0, 0.0, 0.0)","(0.0, 0.0, 0.0)",0,0,0,0,0,0,False,0,0,0,0,0,0,0,0,"(0.0, 6.0, 581.6)","(0.2, 0.0, 0.0, 1.0)"
0,869940.1,0,0,0,0,0,0,0,0,0,"(0.0, 0.0)","(0.0, 0.0)","(0.0, 0.0)","(0.0, 0.0, 0.0)","(0.0, 0.0, 0.0)","(0.0, 0.0, 0.0)","(0.0, 0.0, 0.0)","(0.0, 0.0, 0.0)","(0.0, 0.0, 0.0)",0,0,0,0,0,0,False,0,0,0,0,0,0,0,0,"(0.0, 6.0, 581.8)","(0.2, 0.0, 0.0, 1.0)"
0,869957.9,0,0,0,0,0,0,0,0,0,"(0.0, 0.0)","(0.0, 0.0)","(0.0, 0.0)","(0.0, 0.0, 0.0)","(0.0, 0.0, 0.0)","(0.0, 0.0, 0.0)","(0.0, 0.0, 0.0)","(0.0, 0.0, 0.0)","(0.0, 0.0, 0.0)",0,0,0,0,0,0,False,0,0,0,0,0,0,0,0,"(0.0, 6.0, 582.0)","(0.2, 0.0, 0.0, 1.0)"
0,869974.2,0,0,0,0,0,0,0,0,0,"(0.0, 0.0)","(0.0, 0.0)","(0.0, 0.0)","(0.0, 0.0, 0.0)","(0.0, 0.0, 0.0)","(0.0, 0.0, 0.0)","(0.0, 0.0, 0.0)","(0.0, 0.0, 0.0)","(0.0, 0.0, 0.0)",0,0,0,0,0,0,False,0,0,0,0,0,0,0,0,"(0.0, 6.0, 582.2)","(0.2, 0.0, 0.0, 1.0)"
0,869996.2,0,0,0,0,0,0,0,0,0,"(0.0, 0.0)","(0.0, 0.0)","(0.0, 0.0)","(0.0, 0.0, 0.0)","(0.0, 0.0, 0.0)","(0.0, 0.0, 0.0)","(0.0, 0.0, 0.0)","(0.0, 0.0, 0.0)","(0.0, 0.0, 0.0)",0,0,0,0,0,0,False,0,0,0,0,0,0,0,0,"(0.0, 6.0, 582.4)","(0.2, 0.0, 0.0, 1.0)"
0,870018.5,0,0,0,0,0,0,0,0,0,"(0.0, 0.0)","(0.0, 0.0)","(0.0, 0.0)","(0.0, 0.0, 0.0)","(0.0, 0.0, 0.0)","(0.0, 0.0, 0.0)","(0.0, 0.0, 0.0)","(0.0, 0.0, 0.0)","(0.0, 0.0, 0.0)",0,0,0,0,0,0,False,0,0,0,0,0,0,0,0,"(0.0, 6.0, 582.5)","(0.2, 0.0, 0.0, 1.0)"
0,870039.8,0,0,0,0,0,0,0,0,0,"(0.0, 0.0)","(0.0, 0.0)","(0.0, 0.0)","(0.0, 0.0, 0.0)","(0.0, 0.0, 0.0)","(0.0, 0.0, 0.0)","(0.0, 0.0, 0.0)","(0.0, 0.0, 0.0)","(0.0, 0.0, 0.0)",0,0,0,0,0,0,False,0,0,0,0,0,0,0,0,"(0.0, 6.0, 582.7)","(0.2, 0.0, 0.0, 1.0)"
0,870062.9,0,0,0,0,0,0,0,0,0,"(0.0, 0.0)","(0.0, 0.0)","(0.0, 0.0)","(0.0, 0.0, 0.0)","(0.0, 0.0, 0.0)","(0.0, 0.0, 0.0)","(0.0, 0.0, 0.0)","(0.0, 0.0, 0.0)","(0.0, 0.0, 0.0)",0,0,0,0,0,0,False,0,0,0,0,0,0,0,0,"(0.0, 6.0, 582.9)","(0.2, 0.0, 0.0, 1.0)"
0,870084.8,0,0,0,0,0,0,0,0,0,"(0.0, 0.0)","(0.0, 0.0)","(0.0, 0.0)","(0.0, 0.0, 0.0)","(0.0, 0.0, 0.0)","(0.0, 0.0, 0.0)","(0.0, 0.0, 0.0)","(0.0, 0.0, 0.0)","(0.0, 0.0, 0.0)",0,0,0,0,0,0,False,0,0,0,0,0,0,0,0,"(0.0, 6.0, 583.1)","(0.2, 0.0, 0.0, 1.0)"
0,870106.5,0,0,0,0,0,0,0,0,0,"(0.0, 0.0)","(0.0, 0.0)","(0.0, 0.0)","(0.0, 0.0, 0.0)","(0.0, 0.0, 0.0)","(0.0, 0.0, 0.0)","(0.0, 0.0, 0.0)","(0.0, 0.0, 0.0)","(0.0, 0.0, 0.0)",0,0,0,0,0,0,False,0,0,0,0,0,0,0,0,"(0.0, 6.0, 583.3)","(0.2, 0.0, 0.0, 1.0)"
0,870129.6,0,0,0,0,0,0,0,0,0,"(0.0, 0.0)","(0.0, 0.0)","(0.0, 0.0)","(0.0, 0.0, 0.0)","(0.0, 0.0, 0.0)","(0.0, 0.0, 0.0)","(0.0, 0.0, 0.0)","(0.0, 0.0, 0.0)","(0.0, 0.0, 0.0)",0,0,0,0,0,0,False,0,0,0,0,0,0,0,0,"(0.0, 6.0, 583.5)","(0.2, 0.0, 0.0, 1.0)"
0,870152.4,0,0,0,0,0,0,0,0,0,"(0.0, 0.0)","(0.0, 0.0)","(0.0, 0.0)","(0.0, 0.0, 0.0)","(0.0, 0.0, 0.0)","(0.0, 0.0, 0.0)","(0.0, 0.0, 0.0)","(0.0, 0.0, 0.0)","(0.0, 0.0, 0.0)",0,0,0,0,0,0,False,0,0,0,0,0,0,0,0,"(0.0, 6.0, 583.7)","(0.2, 0.0, 0.0, 1.0)"
0,870173.4,0,0,0,0,0,0,0,0,0,"(0.0, 0.0)","(0.0, 0.0)","(0.0, 0.0)","(0.0, 0.0, 0.0)","(0.0, 0.0, 0.0)","(0.0, 0.0, 0.0)","(0.0, 0.0, 0.0)","(0.0, 0.0, 0.0)","(0.0, 0.0, 0.0)",0,0,0,0,0,0,False,0,0,0,0,0,0,0,0,"(0.0, 6.0, 583.9)","(0.2, 0.0, 0.0, 1.0)"
0,870196.4,0,0,0,0,0,0,0,0,0,"(0.0, 0.0)","(0.0, 0.0)","(0.0, 0.0)","(0.0, 0.0, 0.0)","(0.0, 0.0, 0.0)","(0.0, 0.0, 0.0)","(0.0, 0.0, 0.0)","(0.0, 0.0, 0.0)","(0.0, 0.0, 0.0)",0,0,0,0,0,0,False,0,0,0,0,0,0,0,0,"(0.0, 6.0, 584.1)","(0.2, 0.0, 0.0, 1.0)"
0,870219.1,0,0,0,0,0,0,0,0,0,"(0.0, 0.0)","(0.0, 0.0)","(0.0, 0.0)","(0.0, 0.0, 0.0)","(0.0, 0.0, 0.0)","(0.0, 0.0, 0.0)","(0.0, 0.0, 0.0)","(0.0, 0.0, 0.0)","(0.0, 0.0, 0.0)",0,0,0,0,0,0,False,0,0,0,0,0,0,0,0,"(0.0, 6.0, 584.4)","(0.2, 0.0, 0.0, 1.0)"
0,870240.6,0,0,0,0,0,0,0,0,0,"(0.0, 0.0)","(0.0, 0.0)","(0.0, 0.0)","(0.0, 0.0, 0.0)","(0.0, 0.0, 0.0)","(0.0, 0.0, 0.0)","(0.0, 0.0, 0.0)","(0.0, 0.0, 0.0)","(0.0, 0.0, 0.0)",0,0,0,0,0,0,False,0,0,0,0,0,0,0,0,"(0.0, 6.0, 584.6)","(0.2, 0.0, 0.0, 1.0)"
0,870264.1,0,0,0,0,0,0,0,0,0,"(0.0, 0.0)","(0.0, 0.0)","(0.0, 0.0)","(0.0, 0.0, 0.0)","(0.0, 0.0, 0.0)","(0.0, 0.0, 0.0)","(0.0, 0.0, 0.0)","(0.0, 0.0, 0.0)","(0.0, 0.0, 0.0)",0,0,0,0,0,0,False,0,0,0,0,0,0,0,0,"(0.0, 6.0, 584.8)","(0.2, 0.0, 0.0, 1.0)"
0,870285.6,0,0,0,0,0,0,0,0,0,"(0.0, 0.0)","(0.0, 0.0)","(0.0, 0.0)","(0.0, 0.0, 0.0)","(0.0, 0.0, 0.0)","(0.0, 0.0, 0.0)","(0.0, 0.0, 0.0)","(0.0, 0.0, 0.0)","(0.0, 0.0, 0.0)",0,0,0,0,0,0,False,0,0,0,0,0,0,0,0,"(0.0, 6.0, 585.0)","(0.2, 0.0, 0.0, 1.0)"
0,870306.8,0,0,0,0,0,0,0,0,0,"(0.0, 0.0)","(0.0, 0.0)","(0.0, 0.0)","(0.0, 0.0, 0.0)","(0.0, 0.0, 0.0)","(0.0, 0.0, 0.0)","(0.0, 0.0, 0.0)","(0.0, 0.0, 0.0)","(0.0, 0.0, 0.0)",0,0,0,0,0,0,False,0,0,0,0,0,0,0,0,"(0.0, 6.0, 585.2)","(0.2, 0.0, 0.0, 1.0)"
0,870330,0,0,0,0,0,0,0,0,0,"(0.0, 0.0)","(0.0, 0.0)","(0.0, 0.0)","(0.0, 0.0, 0.0)","(0.0, 0.0, 0.0)","(0.0, 0.0, 0.0)","(0.0, 0.0, 0.0)","(0.0, 0.0, 0.0)","(0.0, 0.0, 0.0)",0,0,0,0,0,0,False,0,0,0,0,0,0,0,0,"(0.0, 6.0, 585.4)","(0.2, 0.0, 0.0, 1.0)"
0,870352.5,0,0,0,0,0,0,0,0,0,"(0.0, 0.0)","(0.0, 0.0)","(0.0, 0.0)","(0.0, 0.0, 0.0)","(0.0, 0.0, 0.0)","(0.0, 0.0, 0.0)","(0.0, 0.0, 0.0)","(0.0, 0.0, 0.0)","(0.0, 0.0, 0.0)",0,0,0,0,0,0,False,0,0,0,0,0,0,0,0,"(0.0, 6.0, 585.6)","(0.2, 0.0, 0.0, 1.0)"
0,870373.7,0,0,0,0,0,0,0,0,0,"(0.0, 0.0)","(0.0, 0.0)","(0.0, 0.0)","(0.0, 0.0, 0.0)","(0.0, 0.0, 0.0)","(0.0, 0.0, 0.0)","(0.0, 0.0, 0.0)","(0.0, 0.0, 0.0)","(0.0, 0.0, 0.0)",0,0,0,0,0,0,False,0,0,0,0,0,0,0,0,"(0.0, 6.0, 585.9)","(0.2, 0.0, 0.0, 1.0)"
0,870395.9,0,0,0,0,0,0,0,0,0,"(0.0, 0.0)","(0.0, 0.0)","(0.0, 0.0)","(0.0, 0.0, 0.0)","(0.0, 0.0, 0.0)","(0.0, 0.0, 0.0)","(0.0, 0.0, 0.0)","(0.0, 0.0, 0.0)","(0.0, 0.0, 0.0)",0,0,0,0,0,0,False,0,0,0,0,0,0,0,0,"(0.0, 6.0, 586.1)","(0.2, 0.0, 0.0, 1.0)"
0,870418.9,0,0,0,0,0,0,0,0,0,"(0.0, 0.0)","(0.0, 0.0)","(0.0, 0.0)","(0.0, 0.0, 0.0)","(0.0, 0.0, 0.0)","(0.0, 0.0, 0.0)","(0.0, 0.0, 0.0)","(0.0, 0.0, 0.0)","(0.0, 0.0, 0.0)",0,0,0,0,0,0,False,0,0,0,0,0,0,0,0,"(0.0, 6.0, 586.3)","(0.2, 0.0, 0.0, 1.0)"
0,870440,0,0,0,0,0,0,0,0,0,"(0.0, 0.0)","(0.0, 0.0)","(0.0, 0.0)","(0.0, 0.0, 0.0)","(0.0, 0.0, 0.0)","(0.0, 0.0, 0.0)","(0.0, 0.0, 0.0)","(0.0, 0.0, 0.0)","(0.0, 0.0, 0.0)",0,0,0,0,0,0,False,0,0,0,0,0,0,0,0,"(0.0, 6.0, 586.5)","(0.2, 0.0, 0.0, 1.0)"
0,870457.5,0,0,0,0,0,0,0,0,0,"(0.0, 0.0)","(0.0, 0.0)","(0.0, 0.0)","(0.0, 0.0, 0.0)","(0.0, 0.0, 0.0)","(0.0, 0.0, 0.0)","(0.0, 0.0, 0.0)","(0.0, 0.0, 0.0)","(0.0, 0.0, 0.0)",0,0,0,0,0,0,False,0,0,0,0,0,0,0,0,"(0.0, 6.0, 586.7)","(0.2, 0.0, 0.0, 1.0)"
0,870474.4,0,0,0,0,0,0,0,0,0,"(0.0, 0.0)","(0.0, 0.0)","(0.0, 0.0)","(0.0, 0.0, 0.0)","(0.0, 0.0, 0.0)","(0.0, 0.0, 0.0)","(0.0, 0.0, 0.0)","(0.0, 0.0, 0.0)","(0.0, 0.0, 0.0)",0,0,0,0,0,0,False,0,0,0,0,0,0,0,0,"(0.0, 6.0, 586.9)","(0.2, 0.0, 0.0, 1.0)"
0,870491.9,0,0,0,0,0,0,0,0,0,"(0.0, 0.0)","(0.0, 0.0)","(0.0, 0.0)","(0.0, 0.0, 0.0)","(0.0, 0.0, 0.0)","(0.0, 0.0, 0.0)","(0.0, 0.0, 0.0)","(0.0, 0.0, 0.0)","(0.0, 0.0, 0.0)",0,0,0,0,0,0,False,0,0,0,0,0,0,0,0,"(0.0, 6.0, 587.1)","(0.2, 0.0, 0.0, 1.0)"
0,870516.5,0,0,0,0,0,0,0,0,0,"(0.0, 0.0)","(0.0, 0.0)","(0.0, 0.0)","(0.0, 0.0, 0.0)","(0.0, 0.0, 0.0)","(0.0, 0.0, 0.0)","(0.0, 0.0, 0.0)","(0.0, 0.0, 0.0)","(0.0, 0.0, 0.0)",0,0,0,0,0,0,False,0,0,0,0,0,0,0,0,"(0.0, 6.0, 587.3)","(0.2, 0.0, 0.0, 1.0)"
0,870534.3,0,0,0,0,0,0,0,0,0,"(0.0, 0.0)","(0.0, 0.0)","(0.0, 0.0)","(0.0, 0.0, 0.0)","(0.0, 0.0, 0.0)","(0.0, 0.0, 0.0)","(0.0, 0.0, 0.0)","(0.0, 0.0, 0.0)","(0.0, 0.0, 0.0)",0,0,0,0,0,0,False,0,0,0,0,0,0,0,0,"(0.0, 6.0, 587.5)","(0.2, 0.0, 0.0, 1.0)"
0,870554.1,0,0,0,0,0,0,0,0,0,"(0.0, 0.0)","(0.0, 0.0)","(0.0, 0.0)","(0.0, 0.0, 0.0)","(0.0, 0.0, 0.0)","(0.0, 0.0, 0.0)","(0.0, 0.0, 0.0)","(0.0, 0.0, 0.0)","(0.0, 0.0, 0.0)",0,0,0,0,0,0,False,0,0,0,0,0,0,0,0,"(0.0, 6.0, 587.7)","(0.2, 0.0, 0.0, 1.0)"
0,870571.4,0,0,0,0,0,0,0,0,0,"(0.0, 0.0)","(0.0, 0.0)","(0.0, 0.0)","(0.0, 0.0, 0.0)","(0.0, 0.0, 0.0)","(0.0, 0.0, 0.0)","(0.0, 0.0, 0.0)","(0.0, 0.0, 0.0)","(0.0, 0.0, 0.0)",0,0,0,0,0,0,False,0,0,0,0,0,0,0,0,"(0.0, 6.0, 587.9)","(0.2, 0.0, 0.0, 1.0)"
0,870588.7,0,0,0,0,0,0,0,0,0,"(0.0, 0.0)","(0.0, 0.0)","(0.0, 0.0)","(0.0, 0.0, 0.0)","(0.0, 0.0, 0.0)","(0.0, 0.0, 0.0)","(0.0, 0.0, 0.0)","(0.0, 0.0, 0.0)","(0.0, 0.0, 0.0)",0,0,0,0,0,0,False,0,0,0,0,0,0,0,0,"(0.0, 6.0, 588.1)","(0.2, 0.0, 0.0, 1.0)"
0,870606.6,0,0,0,0,0,0,0,0,0,"(0.0, 0.0)","(0.0, 0.0)","(0.0, 0.0)","(0.0, 0.0, 0.0)","(0.0, 0.0, 0.0)","(0.0, 0.0, 0.0)","(0.0, 0.0, 0.0)","(0.0, 0.0, 0.0)","(0.0, 0.0, 0.0)",0,0,0,0,0,0,False,0,0,0,0,0,0,0,0,"(0.0, 6.0, 588.3)","(0.2, 0.0, 0.0, 1.0)"
0,870625.1,0,0,0,0,0,0,0,0,0,"(0.0, 0.0)","(0.0, 0.0)","(0.0, 0.0)","(0.0, 0.0, 0.0)","(0.0, 0.0, 0.0)","(0.0, 0.0, 0.0)","(0.0, 0.0, 0.0)","(0.0, 0.0, 0.0)","(0.0, 0.0, 0.0)",0,0,0,0,0,0,False,0,0,0,0,0,0,0,0,"(0.0, 6.0, 588.5)","(0.2, 0.0, 0.0, 1.0)"
0,870642.8,0,0,0,0,0,0,0,0,0,"(0.0, 0.0)","(0.0, 0.0)","(0.0, 0.0)","(0.0, 0.0, 0.0)","(0.0, 0.0, 0.0)","(0.0, 0.0, 0.0)","(0.0, 0.0, 0.0)","(0.0, 0.0, 0.0)","(0.0, 0.0, 0.0)",0,0,0,0,0,0,False,0,0,0,0,0,0,0,0,"(0.0, 6.0, 588.7)","(0.2, 0.0, 0.0, 1.0)"
0,870665.1,0,0,0,0,0,0,0,0,0,"(0.0, 0.0)","(0.0, 0.0)","(0.0, 0.0)","(0.0, 0.0, 0.0)","(0.0, 0.0, 0.0)","(0.0, 0.0, 0.0)","(0.0, 0.0, 0.0)","(0.0, 0.0, 0.0)","(0.0, 0.0, 0.0)",0,0,0,0,0,0,False,0,0,0,0,0,0,0,0,"(0.0, 6.0, 588.9)","(0.2, 0.0, 0.0, 1.0)"
0,870684.8,0,0,0,0,0,0,0,0,0,"(0.0, 0.0)","(0.0, 0.0)","(0.0, 0.0)","(0.0, 0.0, 0.0)","(0.0, 0.0, 0.0)","(0.0, 0.0, 0.0)","(0.0, 0.0, 0.0)","(0.0, 0.0, 0.0)","(0.0, 0.0, 0.0)",0,0,0,0,0,0,False,0,0,0,0,0,0,0,0,"(0.0, 6.0, 589.1)","(0.2, 0.0, 0.0, 1.0)"
0,870702.6,0,0,0,0,0,0,0,0,0,"(0.0, 0.0)","(0.0, 0.0)","(0.0, 0.0)","(0.0, 0.0, 0.0)","(0.0, 0.0, 0.0)","(0.0, 0.0, 0.0)","(0.0, 0.0, 0.0)","(0.0, 0.0, 0.0)","(0.0, 0.0, 0.0)",0,0,0,0,0,0,False,0,0,0,0,0,0,0,0,"(0.0, 6.0, 589.3)","(0.2, 0.0, 0.0, 1.0)"
0,870720.9,0,0,0,0,0,0,0,0,0,"(0.0, 0.0)","(0.0, 0.0)","(0.0, 0.0)","(0.0, 0.0, 0.0)","(0.0, 0.0, 0.0)","(0.0, 0.0, 0.0)","(0.0, 0.0, 0.0)","(0.0, 0.0, 0.0)","(0.0, 0.0, 0.0)",0,0,0,0,0,0,False,0,0,0,0,0,0,0,0,"(0.0, 6.0, 589.5)","(0.2, 0.0, 0.0, 1.0)"
0,870738.1,0,0,0,0,0,0,0,0,0,"(0.0, 0.0)","(0.0, 0.0)","(0.0, 0.0)","(0.0, 0.0, 0.0)","(0.0, 0.0, 0.0)","(0.0, 0.0, 0.0)","(0.0, 0.0, 0.0)","(0.0, 0.0, 0.0)","(0.0, 0.0, 0.0)",0,0,0,0,0,0,False,0,0,0,0,0,0,0,0,"(0.0, 6.0, 589.7)","(0.2, 0.0, 0.0, 1.0)"
0,870755.8,0,0,0,0,0,0,0,0,0,"(0.0, 0.0)","(0.0, 0.0)","(0.0, 0.0)","(0.0, 0.0, 0.0)","(0.0, 0.0, 0.0)","(0.0, 0.0, 0.0)","(0.0, 0.0, 0.0)","(0.0, 0.0, 0.0)","(0.0, 0.0, 0.0)",0,0,0,0,0,0,False,0,0,0,0,0,0,0,0,"(0.0, 6.0, 589.9)","(0.2, 0.0, 0.0, 1.0)"
0,870773.6,0,0,0,0,0,0,0,0,0,"(0.0, 0.0)","(0.0, 0.0)","(0.0, 0.0)","(0.0, 0.0, 0.0)","(0.0, 0.0, 0.0)","(0.0, 0.0, 0.0)","(0.0, 0.0, 0.0)","(0.0, 0.0, 0.0)","(0.0, 0.0, 0.0)",0,0,0,0,0,0,False,0,0,0,0,0,0,0,0,"(0.0, 6.0, 590.1)","(0.2, 0.0, 0.0, 1.0)"
0,870790.6,0,0,0,0,0,0,0,0,0,"(0.0, 0.0)","(0.0, 0.0)","(0.0, 0.0)","(0.0, 0.0, 0.0)","(0.0, 0.0, 0.0)","(0.0, 0.0, 0.0)","(0.0, 0.0, 0.0)","(0.0, 0.0, 0.0)","(0.0, 0.0, 0.0)",0,0,0,0,0,0,False,0,0,0,0,0,0,0,0,"(0.0, 6.0, 590.3)","(0.2, 0.0, 0.0, 1.0)"
0,870818.9,0,0,0,0,0,0,0,0,0,"(0.0, 0.0)","(0.0, 0.0)","(0.0, 0.0)","(0.0, 0.0, 0.0)","(0.0, 0.0, 0.0)","(0.0, 0.0, 0.0)","(0.0, 0.0, 0.0)","(0.0, 0.0, 0.0)","(0.0, 0.0, 0.0)",0,0,0,0,0,0,False,0,0,0,0,0,0,0,0,"(0.0, 6.0, 590.5)","(0.2, 0.0, 0.0, 1.0)"
0,870835.9,0,0,0,0,0,0,0,0,0,"(0.0, 0.0)","(0.0, 0.0)","(0.0, 0.0)","(0.0, 0.0, 0.0)","(0.0, 0.0, 0.0)","(0.0, 0.0, 0.0)","(0.0, 0.0, 0.0)","(0.0, 0.0, 0.0)","(0.0, 0.0, 0.0)",0,0,0,0,0,0,False,0,0,0,0,0,0,0,0,"(0.0, 6.0, 590.7)","(0.2, 0.0, 0.0, 1.0)"
0,870855.3,0,0,0,0,0,0,0,0,0,"(0.0, 0.0)","(0.0, 0.0)","(0.0, 0.0)","(0.0, 0.0, 0.0)","(0.0, 0.0, 0.0)","(0.0, 0.0, 0.0)","(0.0, 0.0, 0.0)","(0.0, 0.0, 0.0)","(0.0, 0.0, 0.0)",0,0,0,0,0,0,False,0,0,0,0,0,0,0,0,"(0.0, 6.0, 590.9)","(0.2, 0.0, 0.0, 1.0)"
0,870873.1,0,0,0,0,0,0,0,0,0,"(0.0, 0.0)","(0.0, 0.0)","(0.0, 0.0)","(0.0, 0.0, 0.0)","(0.0, 0.0, 0.0)","(0.0, 0.0, 0.0)","(0.0, 0.0, 0.0)","(0.0, 0.0, 0.0)","(0.0, 0.0, 0.0)",0,0,0,0,0,0,False,0,0,0,0,0,0,0,0,"(0.0, 6.0, 591.1)","(0.2, 0.0, 0.0, 1.0)"
0,870895.5,0,0,0,0,0,0,0,0,0,"(0.0, 0.0)","(0.0, 0.0)","(0.0, 0.0)","(0.0, 0.0, 0.0)","(0.0, 0.0, 0.0)","(0.0, 0.0, 0.0)","(0.0, 0.0, 0.0)","(0.0, 0.0, 0.0)","(0.0, 0.0, 0.0)",0,0,0,0,0,0,False,0,0,0,0,0,0,0,0,"(0.0, 6.0, 591.4)","(0.2, 0.0, 0.0, 1.0)"
0,870918.8,0,0,0,0,0,0,0,0,0,"(0.0, 0.0)","(0.0, 0.0)","(0.0, 0.0)","(0.0, 0.0, 0.0)","(0.0, 0.0, 0.0)","(0.0, 0.0, 0.0)","(0.0, 0.0, 0.0)","(0.0, 0.0, 0.0)","(0.0, 0.0, 0.0)",0,0,0,0,0,0,False,0,0,0,0,0,0,0,0,"(0.0, 6.0, 591.6)","(0.2, 0.0, 0.0, 1.0)"
0,870939.9,0,0,0,0,0,0,0,0,0,"(0.0, 0.0)","(0.0, 0.0)","(0.0, 0.0)","(0.0, 0.0, 0.0)","(0.0, 0.0, 0.0)","(0.0, 0.0, 0.0)","(0.0, 0.0, 0.0)","(0.0, 0.0, 0.0)","(0.0, 0.0, 0.0)",0,0,0,0,0,0,False,0,0,0,0,0,0,0,0,"(0.0, 6.0, 591.8)","(0.2, 0.0, 0.0, 1.0)"
0,870962.6,0,0,0,0,0,0,0,0,0,"(0.0, 0.0)","(0.0, 0.0)","(0.0, 0.0)","(0.0, 0.0, 0.0)","(0.0, 0.0, 0.0)","(0.0, 0.0, 0.0)","(0.0, 0.0, 0.0)","(0.0, 0.0, 0.0)","(0.0, 0.0, 0.0)",0,0,0,0,0,0,False,0,0,0,0,0,0,0,0,"(0.0, 6.0, 592.1)","(0.2, 0.0, 0.0, 1.0)"
0,870985.3,0,0,0,0,0,0,0,0,0,"(0.0, 0.0)","(0.0, 0.0)","(0.0, 0.0)","(0.0, 0.0, 0.0)","(0.0, 0.0, 0.0)","(0.0, 0.0, 0.0)","(0.0, 0.0, 0.0)","(0.0, 0.0, 0.0)","(0.0, 0.0, 0.0)",0,0,0,0,0,0,False,0,0,0,0,0,0,0,0,"(0.0, 6.0, 592.4)","(0.2, 0.0, 0.0, 1.0)"
0,871006.1,0,0,0,0,0,0,0,0,0,"(0.0, 0.0)","(0.0, 0.0)","(0.0, 0.0)","(0.0, 0.0, 0.0)","(0.0, 0.0, 0.0)","(0.0, 0.0, 0.0)","(0.0, 0.0, 0.0)","(0.0, 0.0, 0.0)","(0.0, 0.0, 0.0)",0,0,0,0,0,0,False,0,0,0,0,0,0,0,0,"(0.0, 6.0, 592.6)","(0.2, 0.0, 0.0, 1.0)"
0,871028.8,0,0,0,0,0,0,0,0,0,"(0.0, 0.0)","(0.0, 0.0)","(0.0, 0.0)","(0.0, 0.0, 0.0)","(0.0, 0.0, 0.0)","(0.0, 0.0, 0.0)","(0.0, 0.0, 0.0)","(0.0, 0.0, 0.0)","(0.0, 0.0, 0.0)",0,0,0,0,0,0,False,0,0,0,0,0,0,0,0,"(0.0, 6.0, 592.9)","(0.2, 0.0, 0.0, 1.0)"
0,871051.7,0,0,0,0,0,0,0,0,0,"(0.0, 0.0)","(0.0, 0.0)","(0.0, 0.0)","(0.0, 0.0, 0.0)","(0.0, 0.0, 0.0)","(0.0, 0.0, 0.0)","(0.0, 0.0, 0.0)","(0.0, 0.0, 0.0)","(0.0, 0.0, 0.0)",0,0,0,0,0,0,False,0,0,0,0,0,0,0,0,"(0.0, 6.0, 593.2)","(0.2, 0.0, 0.0, 1.0)"
0,871073.4,0,0,0,0,0,0,0,0,0,"(0.0, 0.0)","(0.0, 0.0)","(0.0, 0.0)","(0.0, 0.0, 0.0)","(0.0, 0.0, 0.0)","(0.0, 0.0, 0.0)","(0.0, 0.0, 0.0)","(0.0, 0.0, 0.0)","(0.0, 0.0, 0.0)",0,0,0,0,0,0,False,0,0,0,0,0,0,0,0,"(0.0, 6.0, 593.4)","(0.2, 0.0, 0.0, 1.0)"
0,871096.1,0,0,0,0,0,0,0,0,0,"(0.0, 0.0)","(0.0, 0.0)","(0.0, 0.0)","(0.0, 0.0, 0.0)","(0.0, 0.0, 0.0)","(0.0, 0.0, 0.0)","(0.0, 0.0, 0.0)","(0.0, 0.0, 0.0)","(0.0, 0.0, 0.0)",0,0,0,0,0,0,False,0,0,0,0,0,0,0,0,"(0.0, 6.0, 593.7)","(0.2, 0.0, 0.0, 1.0)"
0,871118.1,0,0,0,0,0,0,0,0,0,"(0.0, 0.0)","(0.0, 0.0)","(0.0, 0.0)","(0.0, 0.0, 0.0)","(0.0, 0.0, 0.0)","(0.0, 0.0, 0.0)","(0.0, 0.0, 0.0)","(0.0, 0.0, 0.0)","(0.0, 0.0, 0.0)",0,0,0,0,0,0,False,0,0,0,0,0,0,0,0,"(0.0, 6.0, 594.0)","(0.2, 0.0, 0.0, 1.0)"
0,871139.9,0,0,0,0,0,0,0,0,0,"(0.0, 0.0)","(0.0, 0.0)","(0.0, 0.0)","(0.0, 0.0, 0.0)","(0.0, 0.0, 0.0)","(0.0, 0.0, 0.0)","(0.0, 0.0, 0.0)","(0.0, 0.0, 0.0)","(0.0, 0.0, 0.0)",0,0,0,0,0,0,False,0,0,0,0,0,0,0,0,"(0.0, 6.0, 594.3)","(0.2, 0.0, 0.0, 1.0)"
0,871162.1,0,0,0,0,0,0,0,0,0,"(0.0, 0.0)","(0.0, 0.0)","(0.0, 0.0)","(0.0, 0.0, 0.0)","(0.0, 0.0, 0.0)","(0.0, 0.0, 0.0)","(0.0, 0.0, 0.0)","(0.0, 0.0, 0.0)","(0.0, 0.0, 0.0)",0,0,0,0,0,0,False,0,0,0,0,0,0,0,0,"(0.0, 6.0, 594.6)","(0.2, 0.0, 0.0, 1.0)"
0,871184.7,0,0,0,0,0,0,0,0,0,"(0.0, 0.0)","(0.0, 0.0)","(0.0, 0.0)","(0.0, 0.0, 0.0)","(0.0, 0.0, 0.0)","(0.0, 0.0, 0.0)","(0.0, 0.0, 0.0)","(0.0, 0.0, 0.0)","(0.0, 0.0, 0.0)",0,0,0,0,0,0,False,0,0,0,0,0,0,0,0,"(0.0, 6.0, 594.9)","(0.2, 0.0, 0.0, 1.0)"
0,871206.1,0,0,0,0,0,0,0,0,0,"(0.0, 0.0)","(0.0, 0.0)","(0.0, 0.0)","(0.0, 0.0, 0.0)","(0.0, 0.0, 0.0)","(0.0, 0.0, 0.0)","(0.0, 0.0, 0.0)","(0.0, 0.0, 0.0)","(0.0, 0.0, 0.0)",0,0,0,0,0,0,False,0,0,0,0,0,0,0,0,"(0.0, 6.0, 595.2)","(0.2, 0.0, 0.0, 1.0)"
0,871229.1,0,0,0,0,0,0,0,0,0,"(0.0, 0.0)","(0.0, 0.0)","(0.0, 0.0)","(0.0, 0.0, 0.0)","(0.0, 0.0, 0.0)","(0.0, 0.0, 0.0)","(0.0, 0.0, 0.0)","(0.0, 0.0, 0.0)","(0.0, 0.0, 0.0)",0,0,0,0,0,0,False,0,0,0,0,0,0,0,0,"(0.0, 6.0, 595.4)","(0.2, 0.0, 0.0, 1.0)"
0,871251.9,0,0,0,0,0,0,0,0,0,"(0.0, 0.0)","(0.0, 0.0)","(0.0, 0.0)","(0.0, 0.0, 0.0)","(0.0, 0.0, 0.0)","(0.0, 0.0, 0.0)","(0.0, 0.0, 0.0)","(0.0, 0.0, 0.0)","(0.0, 0.0, 0.0)",0,0,0,0,0,0,False,0,0,0,0,0,0,0,0,"(0.0, 6.0, 595.7)","(0.2, 0.0, 0.0, 1.0)"
0,871272.6,0,0,0,0,0,0,0,0,0,"(0.0, 0.0)","(0.0, 0.0)","(0.0, 0.0)","(0.0, 0.0, 0.0)","(0.0, 0.0, 0.0)","(0.0, 0.0, 0.0)","(0.0, 0.0, 0.0)","(0.0, 0.0, 0.0)","(0.0, 0.0, 0.0)",0,0,0,0,0,0,False,0,0,0,0,0,0,0,0,"(0.0, 6.0, 596.0)","(0.2, 0.0, 0.0, 1.0)"
0,871295.7,0,0,0,0,0,0,0,0,0,"(0.0, 0.0)","(0.0, 0.0)","(0.0, 0.0)","(0.0, 0.0, 0.0)","(0.0, 0.0, 0.0)","(0.0, 0.0, 0.0)","(0.0, 0.0, 0.0)","(0.0, 0.0, 0.0)","(0.0, 0.0, 0.0)",0,0,0,0,0,0,False,0,0,0,0,0,0,0,0,"(0.0, 6.0, 596.3)","(0.2, 0.0, 0.0, 1.0)"
0,871318.3,0,0,0,0,0,0,0,0,0,"(0.0, 0.0)","(0.0, 0.0)","(0.0, 0.0)","(0.0, 0.0, 0.0)","(0.0, 0.0, 0.0)","(0.0, 0.0, 0.0)","(0.0, 0.0, 0.0)","(0.0, 0.0, 0.0)","(0.0, 0.0, 0.0)",0,0,0,0,0,0,False,0,0,0,0,0,0,0,0,"(0.0, 6.0, 596.6)","(0.2, 0.0, 0.0, 1.0)"
0,871339.4,0,0,0,0,0,0,0,0,0,"(0.0, 0.0)","(0.0, 0.0)","(0.0, 0.0)","(0.0, 0.0, 0.0)","(0.0, 0.0, 0.0)","(0.0, 0.0, 0.0)","(0.0, 0.0, 0.0)","(0.0, 0.0, 0.0)","(0.0, 0.0, 0.0)",0,0,0,0,0,0,False,0,0,0,0,0,0,0,0,"(0.0, 6.0, 596.9)","(0.2, 0.0, 0.0, 1.0)"
0,871362.4,0,0,0,0,0,0,0,0,0,"(0.0, 0.0)","(0.0, 0.0)","(0.0, 0.0)","(0.0, 0.0, 0.0)","(0.0, 0.0, 0.0)","(0.0, 0.0, 0.0)","(0.0, 0.0, 0.0)","(0.0, 0.0, 0.0)","(0.0, 0.0, 0.0)",0,0,0,0,0,0,False,0,0,0,0,0,0,0,0,"(0.0, 6.0, 597.2)","(0.2, 0.0, 0.0, 1.0)"
0,871385.1,0,0,0,0,0,0,0,0,0,"(0.0, 0.0)","(0.0, 0.0)","(0.0, 0.0)","(0.0, 0.0, 0.0)","(0.0, 0.0, 0.0)","(0.0, 0.0, 0.0)","(0.0, 0.0, 0.0)","(0.0, 0.0, 0.0)","(0.0, 0.0, 0.0)",0,0,0,0,0,0,False,0,0,0,0,0,0,0,0,"(0.0, 6.0, 597.5)","(0.2, 0.0, 0.0, 1.0)"
0,871408.8,0,0,0,0,0,0,0,0,0,"(0.0, 0.0)","(0.0, 0.0)","(0.0, 0.0)","(0.0, 0.0, 0.0)","(0.0, 0.0, 0.0)","(0.0, 0.0, 0.0)","(0.0, 0.0, 0.0)","(0.0, 0.0, 0.0)","(0.0, 0.0, 0.0)",0,0,0,0,0,0,False,0,0,0,0,0,0,0,0,"(0.0, 6.0, 597.9)","(0.2, 0.0, 0.0, 1.0)"
0,871425.5,0,0,0,0,0,0,0,0,0,"(0.0, 0.0)","(0.0, 0.0)","(0.0, 0.0)","(0.0, 0.0, 0.0)","(0.0, 0.0, 0.0)","(0.0, 0.0, 0.0)","(0.0, 0.0, 0.0)","(0.0, 0.0, 0.0)","(0.0, 0.0, 0.0)",0,0,0,0,0,0,False,0,0,0,0,0,0,0,0,"(0.0, 6.0, 598.2)","(0.2, 0.0, 0.0, 1.0)"
0,871442.2,0,0,0,0,0,0,0,0,0,"(0.0, 0.0)","(0.0, 0.0)","(0.0, 0.0)","(0.0, 0.0, 0.0)","(0.0, 0.0, 0.0)","(0.0, 0.0, 0.0)","(0.0, 0.0, 0.0)","(0.0, 0.0, 0.0)","(0.0, 0.0, 0.0)",0,0,0,0,0,0,False,0,0,0,0,0,0,0,0,"(0.0, 6.0, 598.4)","(0.2, 0.0, 0.0, 1.0)"
0,871463.1,0,0,0,0,0,0,0,0,0,"(0.0, 0.0)","(0.0, 0.0)","(0.0, 0.0)","(0.0, 0.0, 0.0)","(0.0, 0.0, 0.0)","(0.0, 0.0, 0.0)","(0.0, 0.0, 0.0)","(0.0, 0.0, 0.0)","(0.0, 0.0, 0.0)",0,0,0,0,0,0,False,0,0,0,0,0,0,0,0,"(0.0, 6.0, 598.7)","(0.2, 0.0, 0.0, 1.0)"
0,871480.4,0,0,0,0,0,0,0,0,0,"(0.0, 0.0)","(0.0, 0.0)","(0.0, 0.0)","(0.0, 0.0, 0.0)","(0.0, 0.0, 0.0)","(0.0, 0.0, 0.0)","(0.0, 0.0, 0.0)","(0.0, 0.0, 0.0)","(0.0, 0.0, 0.0)",0,0,0,0,0,0,False,0,0,0,0,0,0,0,0,"(0.0, 6.0, 599.0)","(0.2, 0.0, 0.0, 1.0)"
0,871496.9,0,0,0,0,0,0,0,0,0,"(0.0, 0.0)","(0.0, 0.0)","(0.0, 0.0)","(0.0, 0.0, 0.0)","(0.0, 0.0, 0.0)","(0.0, 0.0, 0.0)","(0.0, 0.0, 0.0)","(0.0, 0.0, 0.0)","(0.0, 0.0, 0.0)",0,0,0,0,0,0,False,0,0,0,0,0,0,0,0,"(0.0, 6.0, 599.3)","(0.2, 0.0, 0.0, 1.0)"
0,871514.1,0,0,0,0,0,0,0,0,0,"(0.0, 0.0)","(0.0, 0.0)","(0.0, 0.0)","(0.0, 0.0, 0.0)","(0.0, 0.0, 0.0)","(0.0, 0.0, 0.0)","(0.0, 0.0, 0.0)","(0.0, 0.0, 0.0)","(0.0, 0.0, 0.0)",0,0,0,0,0,0,False,0,0,0,0,0,0,0,0,"(0.0, 6.0, 599.6)","(0.2, 0.0, 0.0, 1.0)"
0,871530.8,0,0,0,0,0,0,0,0,0,"(0.0, 0.0)","(0.0, 0.0)","(0.0, 0.0)","(0.0, 0.0, 0.0)","(0.0, 0.0, 0.0)","(0.0, 0.0, 0.0)","(0.0, 0.0, 0.0)","(0.0, 0.0, 0.0)","(0.0, 0.0, 0.0)",0,0,0,0,0,0,False,0,0,0,0,0,0,0,0,"(0.0, 6.0, 599.9)","(0.2, 0.0, 0.0, 1.0)"
0,871550.6,0,0,0,0,0,0,0,0,0,"(0.0, 0.0)","(0.0, 0.0)","(0.0, 0.0)","(0.0, 0.0, 0.0)","(0.0, 0.0, 0.0)","(0.0, 0.0, 0.0)","(0.0, 0.0, 0.0)","(0.0, 0.0, 0.0)","(0.0, 0.0, 0.0)",0,0,0,0,0,0,False,0,0,0,0,0,0,0,0,"(0.0, 6.0, 600.1)","(0.2, 0.0, 0.0, 1.0)"
0,871568.3,0,0,0,0,0,0,0,0,0,"(0.0, 0.0)","(0.0, 0.0)","(0.0, 0.0)","(0.0, 0.0, 0.0)","(0.0, 0.0, 0.0)","(0.0, 0.0, 0.0)","(0.0, 0.0, 0.0)","(0.0, 0.0, 0.0)","(0.0, 0.0, 0.0)",0,0,0,0,0,0,False,0,0,0,0,0,0,0,0,"(0.0, 6.0, 600.4)","(0.2, 0.0, 0.0, 1.0)"
0,871585.2,0,0,0,0,0,0,0,0,0,"(0.0, 0.0)","(0.0, 0.0)","(0.0, 0.0)","(0.0, 0.0, 0.0)","(0.0, 0.0, 0.0)","(0.0, 0.0, 0.0)","(0.0, 0.0, 0.0)","(0.0, 0.0, 0.0)","(0.0, 0.0, 0.0)",0,0,0,0,0,0,False,0,0,0,0,0,0,0,0,"(0.0, 6.0, 600.7)","(0.2, 0.0, 0.0, 1.0)"
0,871603.1,0,0,0,0,0,0,0,0,0,"(0.0, 0.0)","(0.0, 0.0)","(0.0, 0.0)","(0.0, 0.0, 0.0)","(0.0, 0.0, 0.0)","(0.0, 0.0, 0.0)","(0.0, 0.0, 0.0)","(0.0, 0.0, 0.0)","(0.0, 0.0, 0.0)",0,0,0,0,0,0,False,0,0,0,0,0,0,0,0,"(0.0, 6.0, 600.9)","(0.2, 0.0, 0.0, 1.0)"
0,871624.9,0,0,0,0,0,0,0,0,0,"(0.0, 0.0)","(0.0, 0.0)","(0.0, 0.0)","(0.0, 0.0, 0.0)","(0.0, 0.0, 0.0)","(0.0, 0.0, 0.0)","(0.0, 0.0, 0.0)","(0.0, 0.0, 0.0)","(0.0, 0.0, 0.0)",0,0,0,0,0,0,False,0,0,0,0,0,0,0,0,"(0.0, 6.0, 601.2)","(0.2, 0.0, 0.0, 1.0)"
0,871641.6,0,0,0,0,0,0,0,0,0,"(0.0, 0.0)","(0.0, 0.0)","(0.0, 0.0)","(0.0, 0.0, 0.0)","(0.0, 0.0, 0.0)","(0.0, 0.0, 0.0)","(0.0, 0.0, 0.0)","(0.0, 0.0, 0.0)","(0.0, 0.0, 0.0)",0,0,0,0,0,0,False,0,0,0,0,0,0,0,0,"(0.0, 6.0, 601.5)","(0.2, 0.0, 0.0, 1.0)"
0,871657.6,0,0,0,0,0,0,0,0,0,"(0.0, 0.0)","(0.0, 0.0)","(0.0, 0.0)","(0.0, 0.0, 0.0)","(0.0, 0.0, 0.0)","(0.0, 0.0, 0.0)","(0.0, 0.0, 0.0)","(0.0, 0.0, 0.0)","(0.0, 0.0, 0.0)",0,0,0,0,0,0,False,0,0,0,0,0,0,0,0,"(0.0, 6.0, 601.7)","(0.2, 0.0, 0.0, 1.0)"
0,871673.7,0,0,0,0,0,0,0,0,0,"(0.0, 0.0)","(0.0, 0.0)","(0.0, 0.0)","(0.0, 0.0, 0.0)","(0.0, 0.0, 0.0)","(0.0, 0.0, 0.0)","(0.0, 0.0, 0.0)","(0.0, 0.0, 0.0)","(0.0, 0.0, 0.0)",0,0,0,0,0,0,False,0,0,0,0,0,0,0,0,"(0.0, 6.0, 602.0)","(0.2, 0.0, 0.0, 1.0)"
0,871691.3,0,0,0,0,0,0,0,0,0,"(0.0, 0.0)","(0.0, 0.0)","(0.0, 0.0)","(0.0, 0.0, 0.0)","(0.0, 0.0, 0.0)","(0.0, 0.0, 0.0)","(0.0, 0.0, 0.0)","(0.0, 0.0, 0.0)","(0.0, 0.0, 0.0)",0,0,0,0,0,0,False,0,0,0,0,0,0,0,0,"(0.0, 6.0, 602.3)","(0.2, 0.0, 0.0, 1.0)"
0,871708.7,0,0,0,0,0,0,0,0,0,"(0.0, 0.0)","(0.0, 0.0)","(0.0, 0.0)","(0.0, 0.0, 0.0)","(0.0, 0.0, 0.0)","(0.0, 0.0, 0.0)","(0.0, 0.0, 0.0)","(0.0, 0.0, 0.0)","(0.0, 0.0, 0.0)",0,0,0,0,0,0,False,0,0,0,0,0,0,0,0,"(0.0, 6.0, 602.5)","(0.2, 0.0, 0.0, 1.0)"
0,871725.4,0,0,0,0,0,0,0,0,0,"(0.0, 0.0)","(0.0, 0.0)","(0.0, 0.0)","(0.0, 0.0, 0.0)","(0.0, 0.0, 0.0)","(0.0, 0.0, 0.0)","(0.0, 0.0, 0.0)","(0.0, 0.0, 0.0)","(0.0, 0.0, 0.0)",0,0,0,0,0,0,False,0,0,0,0,0,0,0,0,"(0.0, 6.0, 602.8)","(0.2, 0.0, 0.0, 1.0)"
0,871742.6,0,0,0,0,0,0,0,0,0,"(0.0, 0.0)","(0.0, 0.0)","(0.0, 0.0)","(0.0, 0.0, 0.0)","(0.0, 0.0, 0.0)","(0.0, 0.0, 0.0)","(0.0, 0.0, 0.0)","(0.0, 0.0, 0.0)","(0.0, 0.0, 0.0)",0,0,0,0,0,0,False,0,0,0,0,0,0,0,0,"(0.0, 6.0, 603.0)","(0.2, 0.0, 0.0, 1.0)"
0,871759.6,0,0,0,0,0,0,0,0,0,"(0.0, 0.0)","(0.0, 0.0)","(0.0, 0.0)","(0.0, 0.0, 0.0)","(0.0, 0.0, 0.0)","(0.0, 0.0, 0.0)","(0.0, 0.0, 0.0)","(0.0, 0.0, 0.0)","(0.0, 0.0, 0.0)",0,0,0,0,0,0,False,0,0,0,0,0,0,0,0,"(0.0, 6.0, 603.3)","(0.2, 0.0, 0.0, 1.0)"
0,871776.3,0,0,0,0,0,0,0,0,0,"(0.0, 0.0)","(0.0, 0.0)","(0.0, 0.0)","(0.0, 0.0, 0.0)","(0.0, 0.0, 0.0)","(0.0, 0.0, 0.0)","(0.0, 0.0, 0.0)","(0.0, 0.0, 0.0)","(0.0, 0.0, 0.0)",0,0,0,0,0,0,False,0,0,0,0,0,0,0,0,"(0.0, 6.0, 603.5)","(0.2, 0.0, 0.0, 1.0)"
0,871792.8,0,0,0,0,0,0,0,0,0,"(0.0, 0.0)","(0.0, 0.0)","(0.0, 0.0)","(0.0, 0.0, 0.0)","(0.0, 0.0, 0.0)","(0.0, 0.0, 0.0)","(0.0, 0.0, 0.0)","(0.0, 0.0, 0.0)","(0.0, 0.0, 0.0)",0,0,0,0,0,0,False,0,0,0,0,0,0,0,0,"(0.0, 6.0, 603.8)","(0.2, 0.0, 0.0, 1.0)"
0,871815.4,0,0,0,0,0,0,0,0,0,"(0.0, 0.0)","(0.0, 0.0)","(0.0, 0.0)","(0.0, 0.0, 0.0)","(0.0, 0.0, 0.0)","(0.0, 0.0, 0.0)","(0.0, 0.0, 0.0)","(0.0, 0.0, 0.0)","(0.0, 0.0, 0.0)",0,0,0,0,0,0,False,0,0,0,0,0,0,0,0,"(0.0, 6.0, 604.0)","(0.2, 0.0, 0.0, 1.0)"
0,871833.8,0,0,0,0,0,0,0,0,0,"(0.0, 0.0)","(0.0, 0.0)","(0.0, 0.0)","(0.0, 0.0, 0.0)","(0.0, 0.0, 0.0)","(0.0, 0.0, 0.0)","(0.0, 0.0, 0.0)","(0.0, 0.0, 0.0)","(0.0, 0.0, 0.0)",0,0,0,0,0,0,False,0,0,0,0,0,0,0,0,"(0.0, 6.0, 604.3)","(0.2, 0.0, 0.0, 1.0)"
0,871855.1,0,0,0,0,0,0,0,0,0,"(0.0, 0.0)","(0.0, 0.0)","(0.0, 0.0)","(0.0, 0.0, 0.0)","(0.0, 0.0, 0.0)","(0.0, 0.0, 0.0)","(0.0, 0.0, 0.0)","(0.0, 0.0, 0.0)","(0.0, 0.0, 0.0)",0,0,0,0,0,0,False,0,0,0,0,0,0,0,0,"(0.0, 6.0, 604.5)","(0.2, 0.0, 0.0, 1.0)"
0,871872.4,0,0,0,0,0,0,0,0,0,"(0.0, 0.0)","(0.0, 0.0)","(0.0, 0.0)","(0.0, 0.0, 0.0)","(0.0, 0.0, 0.0)","(0.0, 0.0, 0.0)","(0.0, 0.0, 0.0)","(0.0, 0.0, 0.0)","(0.0, 0.0, 0.0)",0,0,0,0,0,0,False,0,0,0,0,0,0,0,0,"(0.0, 6.0, 604.8)","(0.2, 0.0, 0.0, 1.0)"
0,871895.3,0,0,0,0,0,0,0,0,0,"(0.0, 0.0)","(0.0, 0.0)","(0.0, 0.0)","(0.0, 0.0, 0.0)","(0.0, 0.0, 0.0)","(0.0, 0.0, 0.0)","(0.0, 0.0, 0.0)","(0.0, 0.0, 0.0)","(0.0, 0.0, 0.0)",0,0,0,0,0,0,False,0,0,0,0,0,0,0,0,"(0.0, 6.0, 605.1)","(0.2, 0.0, 0.0, 1.0)"
0,871917.7,0,0,0,0,0,0,0,0,0,"(0.0, 0.0)","(0.0, 0.0)","(0.0, 0.0)","(0.0, 0.0, 0.0)","(0.0, 0.0, 0.0)","(0.0, 0.0, 0.0)","(0.0, 0.0, 0.0)","(0.0, 0.0, 0.0)","(0.0, 0.0, 0.0)",0,0,0,0,0,0,False,0,0,0,0,0,0,0,0,"(0.0, 6.0, 605.3)","(0.2, 0.0, 0.0, 1.0)"
0,871939.1,0,0,0,0,0,0,0,0,0,"(0.0, 0.0)","(0.0, 0.0)","(0.0, 0.0)","(0.0, 0.0, 0.0)","(0.0, 0.0, 0.0)","(0.0, 0.0, 0.0)","(0.0, 0.0, 0.0)","(0.0, 0.0, 0.0)","(0.0, 0.0, 0.0)",0,0,0,0,0,0,False,0,0,0,0,0,0,0,0,"(0.0, 6.0, 605.6)","(0.2, 0.0, 0.0, 1.0)"
0,871962.2,0,0,0,0,0,0,0,0,0,"(0.0, 0.0)","(0.0, 0.0)","(0.0, 0.0)","(0.0, 0.0, 0.0)","(0.0, 0.0, 0.0)","(0.0, 0.0, 0.0)","(0.0, 0.0, 0.0)","(0.0, 0.0, 0.0)","(0.0, 0.0, 0.0)",0,0,0,0,0,0,False,0,0,0,0,0,0,0,0,"(0.0, 6.0, 605.9)","(0.2, 0.0, 0.0, 1.0)"
0,871984.6,0,0,0,0,0,0,0,0,0,"(0.0, 0.0)","(0.0, 0.0)","(0.0, 0.0)","(0.0, 0.0, 0.0)","(0.0, 0.0, 0.0)","(0.0, 0.0, 0.0)","(0.0, 0.0, 0.0)","(0.0, 0.0, 0.0)","(0.0, 0.0, 0.0)",0,0,0,0,0,0,False,0,0,0,0,0,0,0,0,"(0.0, 6.0, 606.1)","(0.2, 0.0, 0.0, 1.0)"
0,872006.3,0,0,0,0,0,0,0,0,0,"(0.0, 0.0)","(0.0, 0.0)","(0.0, 0.0)","(0.0, 0.0, 0.0)","(0.0, 0.0, 0.0)","(0.0, 0.0, 0.0)","(0.0, 0.0, 0.0)","(0.0, 0.0, 0.0)","(0.0, 0.0, 0.0)",0,0,0,0,0,0,False,0,0,0,0,0,0,0,0,"(0.0, 6.0, 606.4)","(0.2, 0.0, 0.0, 1.0)"
0,872028.7,0,0,0,0,0,0,0,0,0,"(0.0, 0.0)","(0.0, 0.0)","(0.0, 0.0)","(0.0, 0.0, 0.0)","(0.0, 0.0, 0.0)","(0.0, 0.0, 0.0)","(0.0, 0.0, 0.0)","(0.0, 0.0, 0.0)","(0.0, 0.0, 0.0)",0,0,0,0,0,0,False,0,0,0,0,0,0,0,0,"(0.0, 6.0, 606.7)","(0.2, 0.0, 0.0, 1.0)"
0,872051.5,0,0,0,0,0,0,0,0,0,"(0.0, 0.0)","(0.0, 0.0)","(0.0, 0.0)","(0.0, 0.0, 0.0)","(0.0, 0.0, 0.0)","(0.0, 0.0, 0.0)","(0.0, 0.0, 0.0)","(0.0, 0.0, 0.0)","(0.0, 0.0, 0.0)",0,0,0,0,0,0,False,0,0,0,0,0,0,0,0,"(0.0, 6.0, 607.0)","(0.2, 0.0, 0.0, 1.0)"
0,872074.3,0,0,0,0,0,0,0,0,0,"(0.0, 0.0)","(0.0, 0.0)","(0.0, 0.0)","(0.0, 0.0, 0.0)","(0.0, 0.0, 0.0)","(0.0, 0.0, 0.0)","(0.0, 0.0, 0.0)","(0.0, 0.0, 0.0)","(0.0, 0.0, 0.0)",0,0,0,0,0,0,False,0,0,0,0,0,0,0,0,"(0.0, 6.0, 607.3)","(0.2, 0.0, 0.0, 1.0)"
0,872095.4,0,0,0,0,0,0,0,0,0,"(0.0, 0.0)","(0.0, 0.0)","(0.0, 0.0)","(0.0, 0.0, 0.0)","(0.0, 0.0, 0.0)","(0.0, 0.0, 0.0)","(0.0, 0.0, 0.0)","(0.0, 0.0, 0.0)","(0.0, 0.0, 0.0)",0,0,0,0,0,0,False,0,0,0,0,0,0,0,0,"(0.0, 6.0, 607.6)","(0.2, 0.0, 0.0, 1.0)"
0,872118.5,0,0,0,0,0,0,0,0,0,"(0.0, 0.0)","(0.0, 0.0)","(0.0, 0.0)","(0.0, 0.0, 0.0)","(0.0, 0.0, 0.0)","(0.0, 0.0, 0.0)","(0.0, 0.0, 0.0)","(0.0, 0.0, 0.0)","(0.0, 0.0, 0.0)",0,0,0,0,0,0,False,0,0,0,0,0,0,0,0,"(0.0, 6.0, 607.9)","(0.2, 0.0, 0.0, 1.0)"
0,872139.3,0,0,0,0,0,0,0,0,0,"(0.0, 0.0)","(0.0, 0.0)","(0.0, 0.0)","(0.0, 0.0, 0.0)","(0.0, 0.0, 0.0)","(0.0, 0.0, 0.0)","(0.0, 0.0, 0.0)","(0.0, 0.0, 0.0)","(0.0, 0.0, 0.0)",0,0,0,0,0,0,False,0,0,0,0,0,0,0,0,"(0.0, 6.0, 608.2)","(0.2, 0.0, 0.0, 1.0)"
0,872161.6,0,0,0,0,0,0,0,0,0,"(0.0, 0.0)","(0.0, 0.0)","(0.0, 0.0)","(0.0, 0.0, 0.0)","(0.0, 0.0, 0.0)","(0.0, 0.0, 0.0)","(0.0, 0.0, 0.0)","(0.0, 0.0, 0.0)","(0.0, 0.0, 0.0)",0,0,0,0,0,0,False,0,0,0,0,0,0,0,0,"(0.0, 6.0, 608.5)","(0.2, 0.0, 0.0, 1.0)"
0,872185.2,0,0,0,0,0,0,0,0,0,"(0.0, 0.0)","(0.0, 0.0)","(0.0, 0.0)","(0.0, 0.0, 0.0)","(0.0, 0.0, 0.0)","(0.0, 0.0, 0.0)","(0.0, 0.0, 0.0)","(0.0, 0.0, 0.0)","(0.0, 0.0, 0.0)",0,0,0,0,0,0,False,0,0,0,0,0,0,0,0,"(0.0, 6.0, 608.8)","(0.2, 0.0, 0.0, 1.0)"
0,872205.9,0,0,0,0,0,0,0,0,0,"(0.0, 0.0)","(0.0, 0.0)","(0.0, 0.0)","(0.0, 0.0, 0.0)","(0.0, 0.0, 0.0)","(0.0, 0.0, 0.0)","(0.0, 0.0, 0.0)","(0.0, 0.0, 0.0)","(0.0, 0.0, 0.0)",0,0,0,0,0,0,False,0,0,0,0,0,0,0,0,"(0.0, 6.0, 609.1)","(0.2, 0.0, 0.0, 1.0)"
0,872228.5,0,0,0,0,0,0,0,0,0,"(0.0, 0.0)","(0.0, 0.0)","(0.0, 0.0)","(0.0, 0.0, 0.0)","(0.0, 0.0, 0.0)","(0.0, 0.0, 0.0)","(0.0, 0.0, 0.0)","(0.0, 0.0, 0.0)","(0.0, 0.0, 0.0)",0,0,0,0,0,0,False,0,0,0,0,0,0,0,0,"(0.0, 6.0, 609.4)","(0.2, 0.0, 0.0, 1.0)"
0,872250.8,0,0,0,0,0,0,0,0,0,"(0.0, 0.0)","(0.0, 0.0)","(0.0, 0.0)","(0.0, 0.0, 0.0)","(0.0, 0.0, 0.0)","(0.0, 0.0, 0.0)","(0.0, 0.0, 0.0)","(0.0, 0.0, 0.0)","(0.0, 0.0, 0.0)",0,0,0,0,0,0,False,0,0,0,0,0,0,0,0,"(0.0, 6.0, 609.7)","(0.2, 0.0, 0.0, 1.0)"
0,872272.3,0,0,0,0,0,0,0,0,0,"(0.0, 0.0)","(0.0, 0.0)","(0.0, 0.0)","(0.0, 0.0, 0.0)","(0.0, 0.0, 0.0)","(0.0, 0.0, 0.0)","(0.0, 0.0, 0.0)","(0.0, 0.0, 0.0)","(0.0, 0.0, 0.0)",0,0,0,0,0,0,False,0,0,0,0,0,0,0,0,"(0.0, 6.0, 610.0)","(0.2, 0.0, 0.0, 1.0)"
0,872295.6,0,0,0,0,0,0,0,0,0,"(0.0, 0.0)","(0.0, 0.0)","(0.0, 0.0)","(0.0, 0.0, 0.0)","(0.0, 0.0, 0.0)","(0.0, 0.0, 0.0)","(0.0, 0.0, 0.0)","(0.0, 0.0, 0.0)","(0.0, 0.0, 0.0)",0,0,0,0,0,0,False,0,0,0,0,0,0,0,0,"(0.0, 6.0, 610.3)","(0.2, 0.0, 0.0, 1.0)"
0,872315.6,0,0,0,0,0,0,0,0,0,"(0.0, 0.0)","(0.0, 0.0)","(0.0, 0.0)","(0.0, 0.0, 0.0)","(0.0, 0.0, 0.0)","(0.0, 0.0, 0.0)","(0.0, 0.0, 0.0)","(0.0, 0.0, 0.0)","(0.0, 0.0, 0.0)",0,0,0,0,0,0,False,0,0,0,0,0,0,0,0,"(0.0, 6.0, 610.6)","(0.2, 0.0, 0.0, 1.0)"
0,872335.4,0,0,0,0,0,0,0,0,0,"(0.0, 0.0)","(0.0, 0.0)","(0.0, 0.0)","(0.0, 0.0, 0.0)","(0.0, 0.0, 0.0)","(0.0, 0.0, 0.0)","(0.0, 0.0, 0.0)","(0.0, 0.0, 0.0)","(0.0, 0.0, 0.0)",0,0,0,0,0,0,False,0,0,0,0,0,0,0,0,"(0.0, 6.0, 610.9)","(0.2, 0.0, 0.0, 1.0)"
0,872352,0,0,0,0,0,0,0,0,0,"(0.0, 0.0)","(0.0, 0.0)","(0.0, 0.0)","(0.0, 0.0, 0.0)","(0.0, 0.0, 0.0)","(0.0, 0.0, 0.0)","(0.0, 0.0, 0.0)","(0.0, 0.0, 0.0)","(0.0, 0.0, 0.0)",0,0,0,0,0,0,False,0,0,0,0,0,0,0,0,"(0.0, 6.0, 611.2)","(0.2, 0.0, 0.0, 1.0)"
0,872369.4,0,0,0,0,0,0,0,0,0,"(0.0, 0.0)","(0.0, 0.0)","(0.0, 0.0)","(0.0, 0.0, 0.0)","(0.0, 0.0, 0.0)","(0.0, 0.0, 0.0)","(0.0, 0.0, 0.0)","(0.0, 0.0, 0.0)","(0.0, 0.0, 0.0)",0,0,0,0,0,0,False,0,0,0,0,0,0,0,0,"(0.0, 6.0, 611.5)","(0.2, 0.0, 0.0, 1.0)"
0,872387.1,0,0,0,0,0,0,0,0,0,"(0.0, 0.0)","(0.0, 0.0)","(0.0, 0.0)","(0.0, 0.0, 0.0)","(0.0, 0.0, 0.0)","(0.0, 0.0, 0.0)","(0.0, 0.0, 0.0)","(0.0, 0.0, 0.0)","(0.0, 0.0, 0.0)",0,0,0,0,0,0,False,0,0,0,0,0,0,0,0,"(0.0, 6.0, 611.8)","(0.2, 0.0, 0.0, 1.0)"
0,872404.7,0,0,0,0,0,0,0,0,0,"(0.0, 0.0)","(0.0, 0.0)","(0.0, 0.0)","(0.0, 0.0, 0.0)","(0.0, 0.0, 0.0)","(0.0, 0.0, 0.0)","(0.0, 0.0, 0.0)","(0.0, 0.0, 0.0)","(0.0, 0.0, 0.0)",0,0,0,0,0,0,False,0,0,0,0,0,0,0,0,"(0.0, 6.0, 612.0)","(0.2, 0.0, 0.0, 1.0)"
0,872421.2,0,0,0,0,0,0,0,0,0,"(0.0, 0.0)","(0.0, 0.0)","(0.0, 0.0)","(0.0, 0.0, 0.0)","(0.0, 0.0, 0.0)","(0.0, 0.0, 0.0)","(0.0, 0.0, 0.0)","(0.0, 0.0, 0.0)","(0.0, 0.0, 0.0)",0,0,0,0,0,0,False,0,0,0,0,0,0,0,0,"(0.0, 6.0, 612.3)","(0.2, 0.0, 0.0, 1.0)"
0,872438.9,0,0,0,0,0,0,0,0,0,"(0.0, 0.0)","(0.0, 0.0)","(0.0, 0.0)","(0.0, 0.0, 0.0)","(0.0, 0.0, 0.0)","(0.0, 0.0, 0.0)","(0.0, 0.0, 0.0)","(0.0, 0.0, 0.0)","(0.0, 0.0, 0.0)",0,0,0,0,0,0,False,0,0,0,0,0,0,0,0,"(0.0, 6.0, 612.6)","(0.2, 0.0, 0.0, 1.0)"
0,872459.5,0,0,0,0,0,0,0,0,0,"(0.0, 0.0)","(0.0, 0.0)","(0.0, 0.0)","(0.0, 0.0, 0.0)","(0.0, 0.0, 0.0)","(0.0, 0.0, 0.0)","(0.0, 0.0, 0.0)","(0.0, 0.0, 0.0)","(0.0, 0.0, 0.0)",0,0,0,0,0,0,False,0,0,0,0,0,0,0,0,"(0.0, 6.0, 612.9)","(0.2, 0.0, 0.0, 1.0)"
0,872477.1,0,0,0,0,0,0,0,0,0,"(0.0, 0.0)","(0.0, 0.0)","(0.0, 0.0)","(0.0, 0.0, 0.0)","(0.0, 0.0, 0.0)","(0.0, 0.0, 0.0)","(0.0, 0.0, 0.0)","(0.0, 0.0, 0.0)","(0.0, 0.0, 0.0)",0,0,0,0,0,0,False,0,0,0,0,0,0,0,0,"(0.0, 6.0, 613.1)","(0.2, 0.0, 0.0, 1.0)"
0,872493.6,0,0,0,0,0,0,0,0,0,"(0.0, 0.0)","(0.0, 0.0)","(0.0, 0.0)","(0.0, 0.0, 0.0)","(0.0, 0.0, 0.0)","(0.0, 0.0, 0.0)","(0.0, 0.0, 0.0)","(0.0, 0.0, 0.0)","(0.0, 0.0, 0.0)",0,0,0,0,0,0,False,0,0,0,0,0,0,0,0,"(0.0, 6.0, 613.4)","(0.2, 0.0, 0.0, 1.0)"
0,872511.4,0,0,0,0,0,0,0,0,0,"(0.0, 0.0)","(0.0, 0.0)","(0.0, 0.0)","(0.0, 0.0, 0.0)","(0.0, 0.0, 0.0)","(0.0, 0.0, 0.0)","(0.0, 0.0, 0.0)","(0.0, 0.0, 0.0)","(0.0, 0.0, 0.0)",0,0,0,0,0,0,False,0,0,0,0,0,0,0,0,"(0.0, 6.0, 613.7)","(0.2, 0.0, 0.0, 1.0)"
0,872527.6,0,0,0,0,0,0,0,0,0,"(0.0, 0.0)","(0.0, 0.0)","(0.0, 0.0)","(0.0, 0.0, 0.0)","(0.0, 0.0, 0.0)","(0.0, 0.0, 0.0)","(0.0, 0.0, 0.0)","(0.0, 0.0, 0.0)","(0.0, 0.0, 0.0)",0,0,0,0,0,0,False,0,0,0,0,0,0,0,0,"(0.0, 6.0, 613.9)","(0.2, 0.0, 0.0, 1.0)"
0,872545,0,0,0,0,0,0,0,0,0,"(0.0, 0.0)","(0.0, 0.0)","(0.0, 0.0)","(0.0, 0.0, 0.0)","(0.0, 0.0, 0.0)","(0.0, 0.0, 0.0)","(0.0, 0.0, 0.0)","(0.0, 0.0, 0.0)","(0.0, 0.0, 0.0)",0,0,0,0,0,0,False,0,0,0,0,0,0,0,0,"(0.0, 6.0, 614.2)","(0.2, 0.0, 0.0, 1.0)"
0,872567.2,0,0,0,0,0,0,0,0,0,"(0.0, 0.0)","(0.0, 0.0)","(0.0, 0.0)","(0.0, 0.0, 0.0)","(0.0, 0.0, 0.0)","(0.0, 0.0, 0.0)","(0.0, 0.0, 0.0)","(0.0, 0.0, 0.0)","(0.0, 0.0, 0.0)",0,0,0,0,0,0,False,0,0,0,0,0,0,0,0,"(0.0, 6.0, 614.4)","(0.2, 0.0, 0.0, 1.0)"
0,872588.8,0,0,0,0,0,0,0,0,0,"(0.0, 0.0)","(0.0, 0.0)","(0.0, 0.0)","(0.0, 0.0, 0.0)","(0.0, 0.0, 0.0)","(0.0, 0.0, 0.0)","(0.0, 0.0, 0.0)","(0.0, 0.0, 0.0)","(0.0, 0.0, 0.0)",0,0,0,0,0,0,False,0,0,0,0,0,0,0,0,"(0.0, 6.0, 614.7)","(0.2, 0.0, 0.0, 1.0)"
0,872610.6,0,0,0,0,0,0,0,0,0,"(0.0, 0.0)","(0.0, 0.0)","(0.0, 0.0)","(0.0, 0.0, 0.0)","(0.0, 0.0, 0.0)","(0.0, 0.0, 0.0)","(0.0, 0.0, 0.0)","(0.0, 0.0, 0.0)","(0.0, 0.0, 0.0)",0,0,0,0,0,0,False,0,0,0,0,0,0,0,0,"(0.0, 6.0, 615.0)","(0.2, 0.0, 0.0, 1.0)"
0,872627.8,0,0,0,0,0,0,0,0,0,"(0.0, 0.0)","(0.0, 0.0)","(0.0, 0.0)","(0.0, 0.0, 0.0)","(0.0, 0.0, 0.0)","(0.0, 0.0, 0.0)","(0.0, 0.0, 0.0)","(0.0, 0.0, 0.0)","(0.0, 0.0, 0.0)",0,0,0,0,0,0,False,0,0,0,0,0,0,0,0,"(0.0, 6.0, 615.3)","(0.2, 0.0, 0.0, 1.0)"
0,872645.6,0,0,0,0,0,0,0,0,0,"(0.0, 0.0)","(0.0, 0.0)","(0.0, 0.0)","(0.0, 0.0, 0.0)","(0.0, 0.0, 0.0)","(0.0, 0.0, 0.0)","(0.0, 0.0, 0.0)","(0.0, 0.0, 0.0)","(0.0, 0.0, 0.0)",0,0,0,0,0,0,False,0,0,0,0,0,0,0,0,"(0.0, 6.0, 615.5)","(0.2, 0.0, 0.0, 1.0)"
0,872663.6,0,0,0,0,0,0,0,0,0,"(0.0, 0.0)","(0.0, 0.0)","(0.0, 0.0)","(0.0, 0.0, 0.0)","(0.0, 0.0, 0.0)","(0.0, 0.0, 0.0)","(0.0, 0.0, 0.0)","(0.0, 0.0, 0.0)","(0.0, 0.0, 0.0)",0,0,0,0,0,0,False,0,0,0,0,0,0,0,0,"(0.0, 6.0, 615.8)","(0.2, 0.0, 0.0, 1.0)"
0,872681.8,0,0,0,0,0,0,0,0,0,"(0.0, 0.0)","(0.0, 0.0)","(0.0, 0.0)","(0.0, 0.0, 0.0)","(0.0, 0.0, 0.0)","(0.0, 0.0, 0.0)","(0.0, 0.0, 0.0)","(0.0, 0.0, 0.0)","(0.0, 0.0, 0.0)",0,0,0,0,0,0,False,0,0,0,0,0,0,0,0,"(0.0, 6.0, 616.1)","(0.2, 0.0, 0.0, 1.0)"
0,872699.7,0,0,0,0,0,0,0,0,0,"(0.0, 0.0)","(0.0, 0.0)","(0.0, 0.0)","(0.0, 0.0, 0.0)","(0.0, 0.0, 0.0)","(0.0, 0.0, 0.0)","(0.0, 0.0, 0.0)","(0.0, 0.0, 0.0)","(0.0, 0.0, 0.0)",0,0,0,0,0,0,False,0,0,0,0,0,0,0,0,"(0.0, 6.0, 616.3)","(0.2, 0.0, 0.0, 1.0)"
0,872716.4,0,0,0,0,0,0,0,0,0,"(0.0, 0.0)","(0.0, 0.0)","(0.0, 0.0)","(0.0, 0.0, 0.0)","(0.0, 0.0, 0.0)","(0.0, 0.0, 0.0)","(0.0, 0.0, 0.0)","(0.0, 0.0, 0.0)","(0.0, 0.0, 0.0)",0,0,0,0,0,0,False,0,0,0,0,0,0,0,0,"(0.0, 6.0, 616.6)","(0.2, 0.0, 0.0, 1.0)"
0,872732.6,0,0,0,0,0,0,0,0,0,"(0.0, 0.0)","(0.0, 0.0)","(0.0, 0.0)","(0.0, 0.0, 0.0)","(0.0, 0.0, 0.0)","(0.0, 0.0, 0.0)","(0.0, 0.0, 0.0)","(0.0, 0.0, 0.0)","(0.0, 0.0, 0.0)",0,0,0,0,0,0,False,0,0,0,0,0,0,0,0,"(0.0, 6.0, 616.8)","(0.2, 0.0, 0.0, 1.0)"
0,872750.6,0,0,0,0,0,0,0,0,0,"(0.0, 0.0)","(0.0, 0.0)","(0.0, 0.0)","(0.0, 0.0, 0.0)","(0.0, 0.0, 0.0)","(0.0, 0.0, 0.0)","(0.0, 0.0, 0.0)","(0.0, 0.0, 0.0)","(0.0, 0.0, 0.0)",0,0,0,0,0,0,False,0,0,0,0,0,0,0,0,"(0.0, 6.0, 617.1)","(0.2, 0.0, 0.0, 1.0)"
0,872771.9,0,0,0,0,0,0,0,0,0,"(0.0, 0.0)","(0.0, 0.0)","(0.0, 0.0)","(0.0, 0.0, 0.0)","(0.0, 0.0, 0.0)","(0.0, 0.0, 0.0)","(0.0, 0.0, 0.0)","(0.0, 0.0, 0.0)","(0.0, 0.0, 0.0)",0,0,0,0,0,0,False,0,0,0,0,0,0,0,0,"(0.0, 6.0, 617.4)","(0.2, 0.0, 0.0, 1.0)"
0,872794.4,0,0,0,0,0,0,0,0,0,"(0.0, 0.0)","(0.0, 0.0)","(0.0, 0.0)","(0.0, 0.0, 0.0)","(0.0, 0.0, 0.0)","(0.0, 0.0, 0.0)","(0.0, 0.0, 0.0)","(0.0, 0.0, 0.0)","(0.0, 0.0, 0.0)",0,0,0,0,0,0,False,0,0,0,0,0,0,0,0,"(0.0, 6.0, 617.6)","(0.2, 0.0, 0.0, 1.0)"
0,872817.3,0,0,0,0,0,0,0,0,0,"(0.0, 0.0)","(0.0, 0.0)","(0.0, 0.0)","(0.0, 0.0, 0.0)","(0.0, 0.0, 0.0)","(0.0, 0.0, 0.0)","(0.0, 0.0, 0.0)","(0.0, 0.0, 0.0)","(0.0, 0.0, 0.0)",0,0,0,0,0,0,False,0,0,0,0,0,0,0,0,"(0.0, 6.0, 617.9)","(0.2, 0.0, 0.0, 1.0)"
0,872839.3,0,0,0,0,0,0,0,0,0,"(0.0, 0.0)","(0.0, 0.0)","(0.0, 0.0)","(0.0, 0.0, 0.0)","(0.0, 0.0, 0.0)","(0.0, 0.0, 0.0)","(0.0, 0.0, 0.0)","(0.0, 0.0, 0.0)","(0.0, 0.0, 0.0)",0,0,0,0,0,0,False,0,0,0,0,0,0,0,0,"(0.0, 6.0, 618.2)","(0.2, 0.0, 0.0, 1.0)"
0,872861.9,0,0,0,0,0,0,0,0,0,"(0.0, 0.0)","(0.0, 0.0)","(0.0, 0.0)","(0.0, 0.0, 0.0)","(0.0, 0.0, 0.0)","(0.0, 0.0, 0.0)","(0.0, 0.0, 0.0)","(0.0, 0.0, 0.0)","(0.0, 0.0, 0.0)",0,0,0,0,0,0,False,0,0,0,0,0,0,0,0,"(0.0, 6.0, 618.4)","(0.2, 0.0, 0.0, 1.0)"
0,872884.8,0,0,0,0,0,0,0,0,0,"(0.0, 0.0)","(0.0, 0.0)","(0.0, 0.0)","(0.0, 0.0, 0.0)","(0.0, 0.0, 0.0)","(0.0, 0.0, 0.0)","(0.0, 0.0, 0.0)","(0.0, 0.0, 0.0)","(0.0, 0.0, 0.0)",0,0,0,0,0,0,False,0,0,0,0,0,0,0,0,"(0.0, 6.0, 618.7)","(0.2, 0.0, 0.0, 1.0)"
0,872905.9,0,0,0,0,0,0,0,0,0,"(0.0, 0.0)","(0.0, 0.0)","(0.0, 0.0)","(0.0, 0.0, 0.0)","(0.0, 0.0, 0.0)","(0.0, 0.0, 0.0)","(0.0, 0.0, 0.0)","(0.0, 0.0, 0.0)","(0.0, 0.0, 0.0)",0,0,0,0,0,0,False,0,0,0,0,0,0,0,0,"(0.0, 6.0, 619.0)","(0.2, 0.0, 0.0, 1.0)"
0,872928.6,0,0,0,0,0,0,0,0,0,"(0.0, 0.0)","(0.0, 0.0)","(0.0, 0.0)","(0.0, 0.0, 0.0)","(0.0, 0.0, 0.0)","(0.0, 0.0, 0.0)","(0.0, 0.0, 0.0)","(0.0, 0.0, 0.0)","(0.0, 0.0, 0.0)",0,0,0,0,0,0,False,0,0,0,0,0,0,0,0,"(0.0, 6.0, 619.3)","(0.2, 0.0, 0.0, 1.0)"
0,872955,0,0,0,0,0,0,0,0,0,"(0.0, 0.0)","(0.0, 0.0)","(0.0, 0.0)","(0.0, 0.0, 0.0)","(0.0, 0.0, 0.0)","(0.0, 0.0, 0.0)","(0.0, 0.0, 0.0)","(0.0, 0.0, 0.0)","(0.0, 0.0, 0.0)",0,0,0,0,0,0,False,0,0,0,0,0,0,0,0,"(0.0, 6.0, 619.6)","(0.2, 0.0, 0.0, 1.0)"
0,872974.2,0,0,0,0,0,0,0,0,0,"(0.0, 0.0)","(0.0, 0.0)","(0.0, 0.0)","(0.0, 0.0, 0.0)","(0.0, 0.0, 0.0)","(0.0, 0.0, 0.0)","(0.0, 0.0, 0.0)","(0.0, 0.0, 0.0)","(0.0, 0.0, 0.0)",0,0,0,0,0,0,False,0,0,0,0,0,0,0,0,"(0.0, 6.0, 619.9)","(0.2, 0.0, 0.0, 1.0)"
0,872995.9,0,0,0,0,0,0,0,0,0,"(0.0, 0.0)","(0.0, 0.0)","(0.0, 0.0)","(0.0, 0.0, 0.0)","(0.0, 0.0, 0.0)","(0.0, 0.0, 0.0)","(0.0, 0.0, 0.0)","(0.0, 0.0, 0.0)","(0.0, 0.0, 0.0)",0,0,0,0,0,0,False,0,0,0,0,0,0,0,0,"(0.0, 6.0, 620.2)","(0.2, 0.0, 0.0, 1.0)"
0,873017.3,0,0,0,0,0,0,0,0,0,"(0.0, 0.0)","(0.0, 0.0)","(0.0, 0.0)","(0.0, 0.0, 0.0)","(0.0, 0.0, 0.0)","(0.0, 0.0, 0.0)","(0.0, 0.0, 0.0)","(0.0, 0.0, 0.0)","(0.0, 0.0, 0.0)",0,0,0,0,0,0,False,0,0,0,0,0,0,0,0,"(0.0, 6.0, 620.5)","(0.2, 0.0, 0.0, 1.0)"
0,873038.9,0,0,0,0,0,0,0,0,0,"(0.0, 0.0)","(0.0, 0.0)","(0.0, 0.0)","(0.0, 0.0, 0.0)","(0.0, 0.0, 0.0)","(0.0, 0.0, 0.0)","(0.0, 0.0, 0.0)","(0.0, 0.0, 0.0)","(0.0, 0.0, 0.0)",0,0,0,0,0,0,False,0,0,0,0,0,0,0,0,"(0.0, 6.0, 620.8)","(0.2, 0.0, 0.0, 1.0)"
0,873061.3,0,0,0,0,0,0,0,0,0,"(0.0, 0.0)","(0.0, 0.0)","(0.0, 0.0)","(0.0, 0.0, 0.0)","(0.0, 0.0, 0.0)","(0.0, 0.0, 0.0)","(0.0, 0.0, 0.0)","(0.0, 0.0, 0.0)","(0.0, 0.0, 0.0)",0,0,0,0,0,0,False,0,0,0,0,0,0,0,0,"(0.0, 6.0, 621.1)","(0.2, 0.0, 0.0, 1.0)"
0,873084.4,0,0,0,0,0,0,0,0,0,"(0.0, 0.0)","(0.0, 0.0)","(0.0, 0.0)","(0.0, 0.0, 0.0)","(0.0, 0.0, 0.0)","(0.0, 0.0, 0.0)","(0.0, 0.0, 0.0)","(0.0, 0.0, 0.0)","(0.0, 0.0, 0.0)",0,0,0,0,0,0,False,0,0,0,0,0,0,0,0,"(0.0, 6.0, 621.4)","(0.2, 0.0, 0.0, 1.0)"
0,873106.4,0,0,0,0,0,0,0,0,0,"(0.0, 0.0)","(0.0, 0.0)","(0.0, 0.0)","(0.0, 0.0, 0.0)","(0.0, 0.0, 0.0)","(0.0, 0.0, 0.0)","(0.0, 0.0, 0.0)","(0.0, 0.0, 0.0)","(0.0, 0.0, 0.0)",0,0,0,0,0,0,False,0,0,0,0,0,0,0,0,"(0.0, 6.0, 621.7)","(0.2, 0.0, 0.0, 1.0)"
0,873128.1,0,0,0,0,0,0,0,0,0,"(0.0, 0.0)","(0.0, 0.0)","(0.0, 0.0)","(0.0, 0.0, 0.0)","(0.0, 0.0, 0.0)","(0.0, 0.0, 0.0)","(0.0, 0.0, 0.0)","(0.0, 0.0, 0.0)","(0.0, 0.0, 0.0)",0,0,0,0,0,0,False,0,0,0,0,0,0,0,0,"(0.0, 6.0, 622.0)","(0.2, 0.0, 0.0, 1.0)"
0,873150.9,0,0,0,0,0,0,0,0,0,"(0.0, 0.0)","(0.0, 0.0)","(0.0, 0.0)","(0.0, 0.0, 0.0)","(0.0, 0.0, 0.0)","(0.0, 0.0, 0.0)","(0.0, 0.0, 0.0)","(0.0, 0.0, 0.0)","(0.0, 0.0, 0.0)",0,0,0,0,0,0,False,0,0,0,0,0,0,0,0,"(0.0, 6.0, 622.3)","(0.2, 0.0, 0.0, 1.0)"
0,873171.8,0,0,0,0,0,0,0,0,0,"(0.0, 0.0)","(0.0, 0.0)","(0.0, 0.0)","(0.0, 0.0, 0.0)","(0.0, 0.0, 0.0)","(0.0, 0.0, 0.0)","(0.0, 0.0, 0.0)","(0.0, 0.0, 0.0)","(0.0, 0.0, 0.0)",0,0,0,0,0,0,False,0,0,0,0,0,0,0,0,"(0.0, 6.0, 622.6)","(0.2, 0.0, 0.0, 1.0)"
0,873194.3,0,0,0,0,0,0,0,0,0,"(0.0, 0.0)","(0.0, 0.0)","(0.0, 0.0)","(0.0, 0.0, 0.0)","(0.0, 0.0, 0.0)","(0.0, 0.0, 0.0)","(0.0, 0.0, 0.0)","(0.0, 0.0, 0.0)","(0.0, 0.0, 0.0)",0,0,0,0,0,0,False,0,0,0,0,0,0,0,0,"(0.0, 6.0, 622.9)","(0.2, 0.0, 0.0, 1.0)"
0,873217.6,0,0,0,0,0,0,0,0,0,"(0.0, 0.0)","(0.0, 0.0)","(0.0, 0.0)","(0.0, 0.0, 0.0)","(0.0, 0.0, 0.0)","(0.0, 0.0, 0.0)","(0.0, 0.0, 0.0)","(0.0, 0.0, 0.0)","(0.0, 0.0, 0.0)",0,0,0,0,0,0,False,0,0,0,0,0,0,0,0,"(0.0, 6.0, 623.2)","(0.2, 0.0, 0.0, 1.0)"
0,873236.4,0,0,0,0,0,0,0,0,0,"(0.0, 0.0)","(0.0, 0.0)","(0.0, 0.0)","(0.0, 0.0, 0.0)","(0.0, 0.0, 0.0)","(0.0, 0.0, 0.0)","(0.0, 0.0, 0.0)","(0.0, 0.0, 0.0)","(0.0, 0.0, 0.0)",0,0,0,0,0,0,False,0,0,0,0,0,0,0,0,"(0.0, 6.0, 623.5)","(0.2, 0.0, 0.0, 1.0)"
0,873254.6,0,0,0,0,0,0,0,0,0,"(0.0, 0.0)","(0.0, 0.0)","(0.0, 0.0)","(0.0, 0.0, 0.0)","(0.0, 0.0, 0.0)","(0.0, 0.0, 0.0)","(0.0, 0.0, 0.0)","(0.0, 0.0, 0.0)","(0.0, 0.0, 0.0)",0,0,0,0,0,0,False,0,0,0,0,0,0,0,0,"(0.0, 6.0, 623.8)","(0.2, 0.0, 0.0, 1.0)"
0,873278.2,0,0,0,0,0,0,0,0,0,"(0.0, 0.0)","(0.0, 0.0)","(0.0, 0.0)","(0.0, 0.0, 0.0)","(0.0, 0.0, 0.0)","(0.0, 0.0, 0.0)","(0.0, 0.0, 0.0)","(0.0, 0.0, 0.0)","(0.0, 0.0, 0.0)",0,0,0,0,0,0,False,0,0,0,0,0,0,0,0,"(0.0, 6.0, 624.1)","(0.2, 0.0, 0.0, 1.0)"
0,873297.1,0,0,0,0,0,0,0,0,0,"(0.0, 0.0)","(0.0, 0.0)","(0.0, 0.0)","(0.0, 0.0, 0.0)","(0.0, 0.0, 0.0)","(0.0, 0.0, 0.0)","(0.0, 0.0, 0.0)","(0.0, 0.0, 0.0)","(0.0, 0.0, 0.0)",0,0,0,0,0,0,False,0,0,0,0,0,0,0,0,"(0.0, 6.0, 624.4)","(0.2, 0.0, 0.0, 1.0)"
0,873315.8,0,0,0,0,0,0,0,0,0,"(0.0, 0.0)","(0.0, 0.0)","(0.0, 0.0)","(0.0, 0.0, 0.0)","(0.0, 0.0, 0.0)","(0.0, 0.0, 0.0)","(0.0, 0.0, 0.0)","(0.0, 0.0, 0.0)","(0.0, 0.0, 0.0)",0,0,0,0,0,0,False,0,0,0,0,0,0,0,0,"(0.0, 6.0, 624.7)","(0.2, 0.0, 0.0, 1.0)"
0,873334.4,0,0,0,0,0,0,0,0,0,"(0.0, 0.0)","(0.0, 0.0)","(0.0, 0.0)","(0.0, 0.0, 0.0)","(0.0, 0.0, 0.0)","(0.0, 0.0, 0.0)","(0.0, 0.0, 0.0)","(0.0, 0.0, 0.0)","(0.0, 0.0, 0.0)",0,0,0,0,0,0,False,0,0,0,0,0,0,0,0,"(0.0, 6.0, 625.0)","(0.2, 0.0, 0.0, 1.0)"
0,873351.5,0,0,0,0,0,0,0,0,0,"(0.0, 0.0)","(0.0, 0.0)","(0.0, 0.0)","(0.0, 0.0, 0.0)","(0.0, 0.0, 0.0)","(0.0, 0.0, 0.0)","(0.0, 0.0, 0.0)","(0.0, 0.0, 0.0)","(0.0, 0.0, 0.0)",0,0,0,0,0,0,False,0,0,0,0,0,0,0,0,"(0.0, 6.0, 625.2)","(0.2, 0.0, 0.0, 1.0)"
0,873370.4,0,0,0,0,0,0,0,0,0,"(0.0, 0.0)","(0.0, 0.0)","(0.0, 0.0)","(0.0, 0.0, 0.0)","(0.0, 0.0, 0.0)","(0.0, 0.0, 0.0)","(0.0, 0.0, 0.0)","(0.0, 0.0, 0.0)","(0.0, 0.0, 0.0)",0,0,0,0,0,0,False,0,0,0,0,0,0,0,0,"(0.0, 6.0, 625.5)","(0.2, 0.0, 0.0, 1.0)"
0,873386.8,0,0,0,0,0,0,0,0,0,"(0.0, 0.0)","(0.0, 0.0)","(0.0, 0.0)","(0.0, 0.0, 0.0)","(0.0, 0.0, 0.0)","(0.0, 0.0, 0.0)","(0.0, 0.0, 0.0)","(0.0, 0.0, 0.0)","(0.0, 0.0, 0.0)",0,0,0,0,0,0,False,0,0,0,0,0,0,0,0,"(0.0, 6.0, 625.8)","(0.2, 0.0, 0.0, 1.0)"
0,873405.1,0,0,0,0,0,0,0,0,0,"(0.0, 0.0)","(0.0, 0.0)","(0.0, 0.0)","(0.0, 0.0, 0.0)","(0.0, 0.0, 0.0)","(0.0, 0.0, 0.0)","(0.0, 0.0, 0.0)","(0.0, 0.0, 0.0)","(0.0, 0.0, 0.0)",0,0,0,0,0,0,False,0,0,0,0,0,0,0,0,"(0.0, 6.0, 626.1)","(0.2, 0.0, 0.0, 1.0)"
0,873422.5,0,0,0,0,0,0,0,0,0,"(0.0, 0.0)","(0.0, 0.0)","(0.0, 0.0)","(0.0, 0.0, 0.0)","(0.0, 0.0, 0.0)","(0.0, 0.0, 0.0)","(0.0, 0.0, 0.0)","(0.0, 0.0, 0.0)","(0.0, 0.0, 0.0)",0,0,0,0,0,0,False,0,0,0,0,0,0,0,0,"(0.0, 6.0, 626.4)","(0.2, 0.0, 0.0, 1.0)"
0,873439.6,0,0,0,0,0,0,0,0,0,"(0.0, 0.0)","(0.0, 0.0)","(0.0, 0.0)","(0.0, 0.0, 0.0)","(0.0, 0.0, 0.0)","(0.0, 0.0, 0.0)","(0.0, 0.0, 0.0)","(0.0, 0.0, 0.0)","(0.0, 0.0, 0.0)",0,0,0,0,0,0,False,0,0,0,0,0,0,0,0,"(0.0, 6.0, 626.6)","(0.2, 0.0, 0.0, 1.0)"
0,873458.3,0,0,0,0,0,0,0,0,0,"(0.0, 0.0)","(0.0, 0.0)","(0.0, 0.0)","(0.0, 0.0, 0.0)","(0.0, 0.0, 0.0)","(0.0, 0.0, 0.0)","(0.0, 0.0, 0.0)","(0.0, 0.0, 0.0)","(0.0, 0.0, 0.0)",0,0,0,0,0,0,False,0,0,0,0,0,0,0,0,"(0.0, 6.0, 626.9)","(0.2, 0.0, 0.0, 1.0)"
0,873475,0,0,0,0,0,0,0,0,0,"(0.0, 0.0)","(0.0, 0.0)","(0.0, 0.0)","(0.0, 0.0, 0.0)","(0.0, 0.0, 0.0)","(0.0, 0.0, 0.0)","(0.0, 0.0, 0.0)","(0.0, 0.0, 0.0)","(0.0, 0.0, 0.0)",0,0,0,0,0,0,False,0,0,0,0,0,0,0,0,"(0.0, 6.0, 627.2)","(0.2, 0.0, 0.0, 1.0)"
0,873492.1,0,0,0,0,0,0,0,0,0,"(0.0, 0.0)","(0.0, 0.0)","(0.0, 0.0)","(0.0, 0.0, 0.0)","(0.0, 0.0, 0.0)","(0.0, 0.0, 0.0)","(0.0, 0.0, 0.0)","(0.0, 0.0, 0.0)","(0.0, 0.0, 0.0)",0,0,0,0,0,0,False,0,0,0,0,0,0,0,0,"(0.0, 6.0, 627.4)","(0.2, 0.0, 0.0, 1.0)"
0,873508.9,0,0,0,0,0,0,0,0,0,"(0.0, 0.0)","(0.0, 0.0)","(0.0, 0.0)","(0.0, 0.0, 0.0)","(0.0, 0.0, 0.0)","(0.0, 0.0, 0.0)","(0.0, 0.0, 0.0)","(0.0, 0.0, 0.0)","(0.0, 0.0, 0.0)",0,0,0,0,0,0,False,0,0,0,0,0,0,0,0,"(0.0, 6.0, 627.7)","(0.2, 0.0, 0.0, 1.0)"
0,873525.9,0,0,0,0,0,0,0,0,0,"(0.0, 0.0)","(0.0, 0.0)","(0.0, 0.0)","(0.0, 0.0, 0.0)","(0.0, 0.0, 0.0)","(0.0, 0.0, 0.0)","(0.0, 0.0, 0.0)","(0.0, 0.0, 0.0)","(0.0, 0.0, 0.0)",0,0,0,0,0,0,False,0,0,0,0,0,0,0,0,"(0.0, 6.0, 627.9)","(0.2, 0.0, 0.0, 1.0)"
0,873550,0,0,0,0,0,0,0,0,0,"(0.0, 0.0)","(0.0, 0.0)","(0.0, 0.0)","(0.0, 0.0, 0.0)","(0.0, 0.0, 0.0)","(0.0, 0.0, 0.0)","(0.0, 0.0, 0.0)","(0.0, 0.0, 0.0)","(0.0, 0.0, 0.0)",0,0,0,0,0,0,False,0,0,0,0,0,0,0,0,"(0.0, 6.0, 628.2)","(0.2, 0.0, 0.0, 1.0)"
0,873568.6,0,0,0,0,0,0,0,0,0,"(0.0, 0.0)","(0.0, 0.0)","(0.0, 0.0)","(0.0, 0.0, 0.0)","(0.0, 0.0, 0.0)","(0.0, 0.0, 0.0)","(0.0, 0.0, 0.0)","(0.0, 0.0, 0.0)","(0.0, 0.0, 0.0)",0,0,0,0,0,0,False,0,0,0,0,0,0,0,0,"(0.0, 6.0, 628.5)","(0.2, 0.0, 0.0, 1.0)"
0,873585.9,0,0,0,0,0,0,0,0,0,"(0.0, 0.0)","(0.0, 0.0)","(0.0, 0.0)","(0.0, 0.0, 0.0)","(0.0, 0.0, 0.0)","(0.0, 0.0, 0.0)","(0.0, 0.0, 0.0)","(0.0, 0.0, 0.0)","(0.0, 0.0, 0.0)",0,0,0,0,0,0,False,0,0,0,0,0,0,0,0,"(0.0, 6.0, 628.7)","(0.2, 0.0, 0.0, 1.0)"
0,873604.9,0,0,0,0,0,0,0,0,0,"(0.0, 0.0)","(0.0, 0.0)","(0.0, 0.0)","(0.0, 0.0, 0.0)","(0.0, 0.0, 0.0)","(0.0, 0.0, 0.0)","(0.0, 0.0, 0.0)","(0.0, 0.0, 0.0)","(0.0, 0.0, 0.0)",0,0,0,0,0,0,False,0,0,0,0,0,0,0,0,"(0.0, 6.0, 629.0)","(0.2, 0.0, 0.0, 1.0)"
0,873623.4,0,0,0,0,0,0,0,0,0,"(0.0, 0.0)","(0.0, 0.0)","(0.0, 0.0)","(0.0, 0.0, 0.0)","(0.0, 0.0, 0.0)","(0.0, 0.0, 0.0)","(0.0, 0.0, 0.0)","(0.0, 0.0, 0.0)","(0.0, 0.0, 0.0)",0,0,0,0,0,0,False,0,0,0,0,0,0,0,0,"(0.0, 6.0, 629.3)","(0.2, 0.0, 0.0, 1.0)"
0,873642.1,0,0,0,0,0,0,0,0,0,"(0.0, 0.0)","(0.0, 0.0)","(0.0, 0.0)","(0.0, 0.0, 0.0)","(0.0, 0.0, 0.0)","(0.0, 0.0, 0.0)","(0.0, 0.0, 0.0)","(0.0, 0.0, 0.0)","(0.0, 0.0, 0.0)",0,0,0,0,0,0,False,0,0,0,0,0,0,0,0,"(0.0, 6.0, 629.5)","(0.2, 0.0, 0.0, 1.0)"
0,873660.4,0,0,0,0,0,0,0,0,0,"(0.0, 0.0)","(0.0, 0.0)","(0.0, 0.0)","(0.0, 0.0, 0.0)","(0.0, 0.0, 0.0)","(0.0, 0.0, 0.0)","(0.0, 0.0, 0.0)","(0.0, 0.0, 0.0)","(0.0, 0.0, 0.0)",0,0,0,0,0,0,False,0,0,0,0,0,0,0,0,"(0.0, 6.0, 629.8)","(0.2, 0.0, 0.0, 1.0)"
0,873679.2,0,0,0,0,0,0,0,0,0,"(0.0, 0.0)","(0.0, 0.0)","(0.0, 0.0)","(0.0, 0.0, 0.0)","(0.0, 0.0, 0.0)","(0.0, 0.0, 0.0)","(0.0, 0.0, 0.0)","(0.0, 0.0, 0.0)","(0.0, 0.0, 0.0)",0,0,0,0,0,0,False,0,0,0,0,0,0,0,0,"(0.0, 6.0, 630.0)","(0.2, 0.0, 0.0, 1.0)"
0,873697.3,0,0,0,0,0,0,0,0,0,"(0.0, 0.0)","(0.0, 0.0)","(0.0, 0.0)","(0.0, 0.0, 0.0)","(0.0, 0.0, 0.0)","(0.0, 0.0, 0.0)","(0.0, 0.0, 0.0)","(0.0, 0.0, 0.0)","(0.0, 0.0, 0.0)",0,0,0,0,0,0,False,0,0,0,0,0,0,0,0,"(0.0, 6.0, 630.3)","(0.2, 0.0, 0.0, 1.0)"
0,873721.8,0,0,0,0,0,0,0,0,0,"(0.0, 0.0)","(0.0, 0.0)","(0.0, 0.0)","(0.0, 0.0, 0.0)","(0.0, 0.0, 0.0)","(0.0, 0.0, 0.0)","(0.0, 0.0, 0.0)","(0.0, 0.0, 0.0)","(0.0, 0.0, 0.0)",0,0,0,0,0,0,False,0,0,0,0,0,0,0,0,"(0.0, 6.0, 630.6)","(0.2, 0.0, 0.0, 1.0)"
0,873739.9,0,0,0,0,0,0,0,0,0,"(0.0, 0.0)","(0.0, 0.0)","(0.0, 0.0)","(0.0, 0.0, 0.0)","(0.0, 0.0, 0.0)","(0.0, 0.0, 0.0)","(0.0, 0.0, 0.0)","(0.0, 0.0, 0.0)","(0.0, 0.0, 0.0)",0,0,0,0,0,0,False,0,0,0,0,0,0,0,0,"(0.0, 6.0, 630.8)","(0.2, 0.0, 0.0, 1.0)"
0,873760.9,0,0,0,0,0,0,0,0,0,"(0.0, 0.0)","(0.0, 0.0)","(0.0, 0.0)","(0.0, 0.0, 0.0)","(0.0, 0.0, 0.0)","(0.0, 0.0, 0.0)","(0.0, 0.0, 0.0)","(0.0, 0.0, 0.0)","(0.0, 0.0, 0.0)",0,0,0,0,0,0,False,0,0,0,0,0,0,0,0,"(0.0, 6.0, 631.1)","(0.2, 0.0, 0.0, 1.0)"
0,873783.9,0,0,0,0,0,0,0,0,0,"(0.0, 0.0)","(0.0, 0.0)","(0.0, 0.0)","(0.0, 0.0, 0.0)","(0.0, 0.0, 0.0)","(0.0, 0.0, 0.0)","(0.0, 0.0, 0.0)","(0.0, 0.0, 0.0)","(0.0, 0.0, 0.0)",0,0,0,0,0,0,False,0,0,0,0,0,0,0,0,"(0.0, 6.0, 631.4)","(0.2, 0.0, 0.0, 1.0)"
0,873805.8,0,0,0,0,0,0,0,0,0,"(0.0, 0.0)","(0.0, 0.0)","(0.0, 0.0)","(0.0, 0.0, 0.0)","(0.0, 0.0, 0.0)","(0.0, 0.0, 0.0)","(0.0, 0.0, 0.0)","(0.0, 0.0, 0.0)","(0.0, 0.0, 0.0)",0,0,0,0,0,0,False,0,0,0,0,0,0,0,0,"(0.0, 6.0, 631.7)","(0.2, 0.0, 0.0, 1.0)"
0,873827.8,0,0,0,0,0,0,0,0,0,"(0.0, 0.0)","(0.0, 0.0)","(0.0, 0.0)","(0.0, 0.0, 0.0)","(0.0, 0.0, 0.0)","(0.0, 0.0, 0.0)","(0.0, 0.0, 0.0)","(0.0, 0.0, 0.0)","(0.0, 0.0, 0.0)",0,0,0,0,0,0,False,0,0,0,0,0,0,0,0,"(0.0, 6.0, 631.9)","(0.2, 0.0, 0.0, 1.0)"
0,873850.7,0,0,0,0,0,0,0,0,0,"(0.0, 0.0)","(0.0, 0.0)","(0.0, 0.0)","(0.0, 0.0, 0.0)","(0.0, 0.0, 0.0)","(0.0, 0.0, 0.0)","(0.0, 0.0, 0.0)","(0.0, 0.0, 0.0)","(0.0, 0.0, 0.0)",0,0,0,0,0,0,False,0,0,0,0,0,0,0,0,"(0.0, 6.0, 632.2)","(0.2, 0.0, 0.0, 1.0)"
0,873871.6,0,0,0,0,0,0,0,0,0,"(0.0, 0.0)","(0.0, 0.0)","(0.0, 0.0)","(0.0, 0.0, 0.0)","(0.0, 0.0, 0.0)","(0.0, 0.0, 0.0)","(0.0, 0.0, 0.0)","(0.0, 0.0, 0.0)","(0.0, 0.0, 0.0)",0,0,0,0,0,0,False,0,0,0,0,0,0,0,0,"(0.0, 6.0, 632.5)","(0.2, 0.0, 0.0, 1.0)"
0,873894.4,0,0,0,0,0,0,0,0,0,"(0.0, 0.0)","(0.0, 0.0)","(0.0, 0.0)","(0.0, 0.0, 0.0)","(0.0, 0.0, 0.0)","(0.0, 0.0, 0.0)","(0.0, 0.0, 0.0)","(0.0, 0.0, 0.0)","(0.0, 0.0, 0.0)",0,0,0,0,0,0,False,0,0,0,0,0,0,0,0,"(0.0, 6.0, 632.8)","(0.2, 0.0, 0.0, 1.0)"
0,873917,0,0,0,0,0,0,0,0,0,"(0.0, 0.0)","(0.0, 0.0)","(0.0, 0.0)","(0.0, 0.0, 0.0)","(0.0, 0.0, 0.0)","(0.0, 0.0, 0.0)","(0.0, 0.0, 0.0)","(0.0, 0.0, 0.0)","(0.0, 0.0, 0.0)",0,0,0,0,0,0,False,0,0,0,0,0,0,0,0,"(0.0, 6.0, 633.1)","(0.2, 0.0, 0.0, 1.0)"
0,873938.5,0,0,0,0,0,0,0,0,0,"(0.0, 0.0)","(0.0, 0.0)","(0.0, 0.0)","(0.0, 0.0, 0.0)","(0.0, 0.0, 0.0)","(0.0, 0.0, 0.0)","(0.0, 0.0, 0.0)","(0.0, 0.0, 0.0)","(0.0, 0.0, 0.0)",0,0,0,0,0,0,False,0,0,0,0,0,0,0,0,"(0.0, 6.0, 633.4)","(0.2, 0.0, 0.0, 1.0)"
0,873962.1,0,0,0,0,0,0,0,0,0,"(0.0, 0.0)","(0.0, 0.0)","(0.0, 0.0)","(0.0, 0.0, 0.0)","(0.0, 0.0, 0.0)","(0.0, 0.0, 0.0)","(0.0, 0.0, 0.0)","(0.0, 0.0, 0.0)","(0.0, 0.0, 0.0)",0,0,0,0,0,0,False,0,0,0,0,0,0,0,0,"(0.0, 6.0, 633.7)","(0.2, 0.0, 0.0, 1.0)"
0,873983.7,0,0,0,0,0,0,0,0,0,"(0.0, 0.0)","(0.0, 0.0)","(0.0, 0.0)","(0.0, 0.0, 0.0)","(0.0, 0.0, 0.0)","(0.0, 0.0, 0.0)","(0.0, 0.0, 0.0)","(0.0, 0.0, 0.0)","(0.0, 0.0, 0.0)",0,0,0,0,0,0,False,0,0,0,0,0,0,0,0,"(0.0, 6.0, 634.0)","(0.2, 0.0, 0.0, 1.0)"
0,874007.3,0,0,0,0,0,0,0,0,0,"(0.0, 0.0)","(0.0, 0.0)","(0.0, 0.0)","(0.0, 0.0, 0.0)","(0.0, 0.0, 0.0)","(0.0, 0.0, 0.0)","(0.0, 0.0, 0.0)","(0.0, 0.0, 0.0)","(0.0, 0.0, 0.0)",0,0,0,0,0,0,False,0,0,0,0,0,0,0,0,"(0.0, 6.0, 634.3)","(0.2, 0.0, 0.0, 1.0)"
0,874027.6,0,0,0,0,0,0,0,0,0,"(0.0, 0.0)","(0.0, 0.0)","(0.0, 0.0)","(0.0, 0.0, 0.0)","(0.0, 0.0, 0.0)","(0.0, 0.0, 0.0)","(0.0, 0.0, 0.0)","(0.0, 0.0, 0.0)","(0.0, 0.0, 0.0)",0,0,0,0,0,0,False,0,0,0,0,0,0,0,0,"(0.0, 6.0, 634.6)","(0.2, 0.0, 0.0, 1.0)"
0,874050.5,0,0,0,0,0,0,0,0,0,"(0.0, 0.0)","(0.0, 0.0)","(0.0, 0.0)","(0.0, 0.0, 0.0)","(0.0, 0.0, 0.0)","(0.0, 0.0, 0.0)","(0.0, 0.0, 0.0)","(0.0, 0.0, 0.0)","(0.0, 0.0, 0.0)",0,0,0,0,0,0,False,0,0,0,0,0,0,0,0,"(0.0, 6.0, 634.9)","(0.2, 0.0, 0.0, 1.0)"
0,874071.7,0,0,0,0,0,0,0,0,0,"(0.0, 0.0)","(0.0, 0.0)","(0.0, 0.0)","(0.0, 0.0, 0.0)","(0.0, 0.0, 0.0)","(0.0, 0.0, 0.0)","(0.0, 0.0, 0.0)","(0.0, 0.0, 0.0)","(0.0, 0.0, 0.0)",0,0,0,0,0,0,False,0,0,0,0,0,0,0,0,"(0.0, 6.0, 635.2)","(0.2, 0.0, 0.0, 1.0)"
0,874094.4,0,0,0,0,0,0,0,0,0,"(0.0, 0.0)","(0.0, 0.0)","(0.0, 0.0)","(0.0, 0.0, 0.0)","(0.0, 0.0, 0.0)","(0.0, 0.0, 0.0)","(0.0, 0.0, 0.0)","(0.0, 0.0, 0.0)","(0.0, 0.0, 0.0)",0,0,0,0,0,0,False,0,0,0,0,0,0,0,0,"(0.0, 6.0, 635.5)","(0.2, 0.0, 0.0, 1.0)"
0,874117.4,0,0,0,0,0,0,0,0,0,"(0.0, 0.0)","(0.0, 0.0)","(0.0, 0.0)","(0.0, 0.0, 0.0)","(0.0, 0.0, 0.0)","(0.0, 0.0, 0.0)","(0.0, 0.0, 0.0)","(0.0, 0.0, 0.0)","(0.0, 0.0, 0.0)",0,0,0,0,0,0,False,0,0,0,0,0,0,0,0,"(0.0, 6.0, 635.8)","(0.2, 0.0, 0.0, 1.0)"
0,874138.1,0,0,0,0,0,0,0,0,0,"(0.0, 0.0)","(0.0, 0.0)","(0.0, 0.0)","(0.0, 0.0, 0.0)","(0.0, 0.0, 0.0)","(0.0, 0.0, 0.0)","(0.0, 0.0, 0.0)","(0.0, 0.0, 0.0)","(0.0, 0.0, 0.0)",0,0,0,0,0,0,False,0,0,0,0,0,0,0,0,"(0.0, 6.0, 636.1)","(0.2, 0.0, 0.0, 1.0)"
0,874155.6,0,0,0,0,0,0,0,0,0,"(0.0, 0.0)","(0.0, 0.0)","(0.0, 0.0)","(0.0, 0.0, 0.0)","(0.0, 0.0, 0.0)","(0.0, 0.0, 0.0)","(0.0, 0.0, 0.0)","(0.0, 0.0, 0.0)","(0.0, 0.0, 0.0)",0,0,0,0,0,0,False,0,0,0,0,0,0,0,0,"(0.0, 6.0, 636.4)","(0.2, 0.0, 0.0, 1.0)"
0,874173.6,0,0,0,0,0,0,0,0,0,"(0.0, 0.0)","(0.0, 0.0)","(0.0, 0.0)","(0.0, 0.0, 0.0)","(0.0, 0.0, 0.0)","(0.0, 0.0, 0.0)","(0.0, 0.0, 0.0)","(0.0, 0.0, 0.0)","(0.0, 0.0, 0.0)",0,0,0,0,0,0,False,0,0,0,0,0,0,0,0,"(0.0, 6.0, 636.7)","(0.2, 0.0, 0.0, 1.0)"
0,874191.3,0,0,0,0,0,0,0,0,0,"(0.0, 0.0)","(0.0, 0.0)","(0.0, 0.0)","(0.0, 0.0, 0.0)","(0.0, 0.0, 0.0)","(0.0, 0.0, 0.0)","(0.0, 0.0, 0.0)","(0.0, 0.0, 0.0)","(0.0, 0.0, 0.0)",0,0,0,0,0,0,False,0,0,0,0,0,0,0,0,"(0.0, 6.0, 637.0)","(0.2, 0.0, 0.0, 1.0)"
0,874210.7,0,0,0,0,0,0,0,0,0,"(0.0, 0.0)","(0.0, 0.0)","(0.0, 0.0)","(0.0, 0.0, 0.0)","(0.0, 0.0, 0.0)","(0.0, 0.0, 0.0)","(0.0, 0.0, 0.0)","(0.0, 0.0, 0.0)","(0.0, 0.0, 0.0)",0,0,0,0,0,0,False,0,0,0,0,0,0,0,0,"(0.0, 6.0, 637.3)","(0.2, 0.0, 0.0, 1.0)"
0,874228.7,0,0,0,0,0,0,0,0,0,"(0.0, 0.0)","(0.0, 0.0)","(0.0, 0.0)","(0.0, 0.0, 0.0)","(0.0, 0.0, 0.0)","(0.0, 0.0, 0.0)","(0.0, 0.0, 0.0)","(0.0, 0.0, 0.0)","(0.0, 0.0, 0.0)",0,0,0,0,0,0,False,0,0,0,0,0,0,0,0,"(0.0, 6.0, 637.5)","(0.2, 0.0, 0.0, 1.0)"
0,874247.5,0,0,0,0,0,0,0,0,0,"(0.0, 0.0)","(0.0, 0.0)","(0.0, 0.0)","(0.0, 0.0, 0.0)","(0.0, 0.0, 0.0)","(0.0, 0.0, 0.0)","(0.0, 0.0, 0.0)","(0.0, 0.0, 0.0)","(0.0, 0.0, 0.0)",0,0,0,0,0,0,False,0,0,0,0,0,0,0,0,"(0.0, 6.0, 637.8)","(0.2, 0.0, 0.0, 1.0)"
0,874266.6,0,0,0,0,0,0,0,0,0,"(0.0, 0.0)","(0.0, 0.0)","(0.0, 0.0)","(0.0, 0.0, 0.0)","(0.0, 0.0, 0.0)","(0.0, 0.0, 0.0)","(0.0, 0.0, 0.0)","(0.0, 0.0, 0.0)","(0.0, 0.0, 0.0)",0,0,0,0,0,0,False,0,0,0,0,0,0,0,0,"(0.0, 6.0, 638.1)","(0.2, 0.0, 0.0, 1.0)"
0,874289.6,0,0,0,0,0,0,0,0,0,"(0.0, 0.0)","(0.0, 0.0)","(0.0, 0.0)","(0.0, 0.0, 0.0)","(0.0, 0.0, 0.0)","(0.0, 0.0, 0.0)","(0.0, 0.0, 0.0)","(0.0, 0.0, 0.0)","(0.0, 0.0, 0.0)",0,0,0,0,0,0,False,0,0,0,0,0,0,0,0,"(0.0, 6.0, 638.4)","(0.2, 0.0, 0.0, 1.0)"
0,874306.8,0,0,0,0,0,0,0,0,0,"(0.0, 0.0)","(0.0, 0.0)","(0.0, 0.0)","(0.0, 0.0, 0.0)","(0.0, 0.0, 0.0)","(0.0, 0.0, 0.0)","(0.0, 0.0, 0.0)","(0.0, 0.0, 0.0)","(0.0, 0.0, 0.0)",0,0,0,0,0,0,False,0,0,0,0,0,0,0,0,"(0.0, 6.0, 638.7)","(0.2, 0.0, 0.0, 1.0)"
0,874323.5,0,0,0,0,0,0,0,0,0,"(0.0, 0.0)","(0.0, 0.0)","(0.0, 0.0)","(0.0, 0.0, 0.0)","(0.0, 0.0, 0.0)","(0.0, 0.0, 0.0)","(0.0, 0.0, 0.0)","(0.0, 0.0, 0.0)","(0.0, 0.0, 0.0)",0,0,0,0,0,0,False,0,0,0,0,0,0,0,0,"(0.0, 6.0, 638.9)","(0.2, 0.0, 0.0, 1.0)"
0,874340.1,0,0,0,0,0,0,0,0,0,"(0.0, 0.0)","(0.0, 0.0)","(0.0, 0.0)","(0.0, 0.0, 0.0)","(0.0, 0.0, 0.0)","(0.0, 0.0, 0.0)","(0.0, 0.0, 0.0)","(0.0, 0.0, 0.0)","(0.0, 0.0, 0.0)",0,0,0,0,0,0,False,0,0,0,0,0,0,0,0,"(0.0, 6.0, 639.2)","(0.2, 0.0, 0.0, 1.0)"
0,874357.3,0,0,0,0,0,0,0,0,0,"(0.0, 0.0)","(0.0, 0.0)","(0.0, 0.0)","(0.0, 0.0, 0.0)","(0.0, 0.0, 0.0)","(0.0, 0.0, 0.0)","(0.0, 0.0, 0.0)","(0.0, 0.0, 0.0)","(0.0, 0.0, 0.0)",0,0,0,0,0,0,False,0,0,0,0,0,0,0,0,"(0.0, 6.0, 639.5)","(0.2, 0.0, 0.0, 1.0)"
0,874373.8,0,0,0,0,0,0,0,0,0,"(0.0, 0.0)","(0.0, 0.0)","(0.0, 0.0)","(0.0, 0.0, 0.0)","(0.0, 0.0, 0.0)","(0.0, 0.0, 0.0)","(0.0, 0.0, 0.0)","(0.0, 0.0, 0.0)","(0.0, 0.0, 0.0)",0,0,0,0,0,0,False,0,0,0,0,0,0,0,0,"(0.0, 6.0, 639.7)","(0.2, 0.0, 0.0, 1.0)"
0,874390.8,0,0,0,0,0,0,0,0,0,"(0.0, 0.0)","(0.0, 0.0)","(0.0, 0.0)","(0.0, 0.0, 0.0)","(0.0, 0.0, 0.0)","(0.0, 0.0, 0.0)","(0.0, 0.0, 0.0)","(0.0, 0.0, 0.0)","(0.0, 0.0, 0.0)",0,0,0,0,0,0,False,0,0,0,0,0,0,0,0,"(0.0, 6.0, 640.0)","(0.2, 0.0, 0.0, 1.0)"
0,874407.2,0,0,0,0,0,0,0,0,0,"(0.0, 0.0)","(0.0, 0.0)","(0.0, 0.0)","(0.0, 0.0, 0.0)","(0.0, 0.0, 0.0)","(0.0, 0.0, 0.0)","(0.0, 0.0, 0.0)","(0.0, 0.0, 0.0)","(0.0, 0.0, 0.0)",0,0,0,0,0,0,False,0,0,0,0,0,0,0,0,"(0.0, 6.0, 640.3)","(0.2, 0.0, 0.0, 1.0)"
0,874430.8,0,0,0,0,0,0,0,0,0,"(0.0, 0.0)","(0.0, 0.0)","(0.0, 0.0)","(0.0, 0.0, 0.0)","(0.0, 0.0, 0.0)","(0.0, 0.0, 0.0)","(0.0, 0.0, 0.0)","(0.0, 0.0, 0.0)","(0.0, 0.0, 0.0)",0,0,0,0,0,0,False,0,0,0,0,0,0,0,0,"(0.0, 6.0, 640.5)","(0.2, 0.0, 0.0, 1.0)"
0,874453.9,0,0,0,0,0,0,0,0,0,"(0.0, 0.0)","(0.0, 0.0)","(0.0, 0.0)","(0.0, 0.0, 0.0)","(0.0, 0.0, 0.0)","(0.0, 0.0, 0.0)","(0.0, 0.0, 0.0)","(0.0, 0.0, 0.0)","(0.0, 0.0, 0.0)",0,0,0,0,0,0,False,0,0,0,0,0,0,0,0,"(0.0, 6.0, 640.8)","(0.2, 0.0, 0.0, 1.0)"
0,874471.8,0,0,0,0,0,0,0,0,0,"(0.0, 0.0)","(0.0, 0.0)","(0.0, 0.0)","(0.0, 0.0, 0.0)","(0.0, 0.0, 0.0)","(0.0, 0.0, 0.0)","(0.0, 0.0, 0.0)","(0.0, 0.0, 0.0)","(0.0, 0.0, 0.0)",0,0,0,0,0,0,False,0,0,0,0,0,0,0,0,"(0.0, 6.0, 641.1)","(0.2, 0.0, 0.0, 1.0)"
0,874489.7,0,0,0,0,0,0,0,0,0,"(0.0, 0.0)","(0.0, 0.0)","(0.0, 0.0)","(0.0, 0.0, 0.0)","(0.0, 0.0, 0.0)","(0.0, 0.0, 0.0)","(0.0, 0.0, 0.0)","(0.0, 0.0, 0.0)","(0.0, 0.0, 0.0)",0,0,0,0,0,0,False,0,0,0,0,0,0,0,0,"(0.0, 6.0, 641.3)","(0.2, 0.0, 0.0, 1.0)"
0,874506.2,0,0,0,0,0,0,0,0,0,"(0.0, 0.0)","(0.0, 0.0)","(0.0, 0.0)","(0.0, 0.0, 0.0)","(0.0, 0.0, 0.0)","(0.0, 0.0, 0.0)","(0.0, 0.0, 0.0)","(0.0, 0.0, 0.0)","(0.0, 0.0, 0.0)",0,0,0,0,0,0,False,0,0,0,0,0,0,0,0,"(0.0, 6.0, 641.6)","(0.2, 0.0, 0.0, 1.0)"
0,874529.6,0,0,0,0,0,0,0,0,0,"(0.0, 0.0)","(0.0, 0.0)","(0.0, 0.0)","(0.0, 0.0, 0.0)","(0.0, 0.0, 0.0)","(0.0, 0.0, 0.0)","(0.0, 0.0, 0.0)","(0.0, 0.0, 0.0)","(0.0, 0.0, 0.0)",0,0,0,0,0,0,False,0,0,0,0,0,0,0,0,"(0.0, 6.0, 641.9)","(0.2, 0.0, 0.0, 1.0)"
0,874547.6,0,0,0,0,0,0,0,0,0,"(0.0, 0.0)","(0.0, 0.0)","(0.0, 0.0)","(0.0, 0.0, 0.0)","(0.0, 0.0, 0.0)","(0.0, 0.0, 0.0)","(0.0, 0.0, 0.0)","(0.0, 0.0, 0.0)","(0.0, 0.0, 0.0)",0,0,0,0,0,0,False,0,0,0,0,0,0,0,0,"(0.0, 6.0, 642.1)","(0.2, 0.0, 0.0, 1.0)"
0,874571.4,0,0,0,0,0,0,0,0,0,"(0.0, 0.0)","(0.0, 0.0)","(0.0, 0.0)","(0.0, 0.0, 0.0)","(0.0, 0.0, 0.0)","(0.0, 0.0, 0.0)","(0.0, 0.0, 0.0)","(0.0, 0.0, 0.0)","(0.0, 0.0, 0.0)",0,0,0,0,0,0,False,0,0,0,0,0,0,0,0,"(0.0, 6.0, 642.4)","(0.2, 0.0, 0.0, 1.0)"
0,874594.2,0,0,0,0,0,0,0,0,0,"(0.0, 0.0)","(0.0, 0.0)","(0.0, 0.0)","(0.0, 0.0, 0.0)","(0.0, 0.0, 0.0)","(0.0, 0.0, 0.0)","(0.0, 0.0, 0.0)","(0.0, 0.0, 0.0)","(0.0, 0.0, 0.0)",0,0,0,0,0,0,False,0,0,0,0,0,0,0,0,"(0.0, 6.0, 642.7)","(0.2, 0.0, 0.0, 1.0)"
0,874616.8,0,0,0,0,0,0,0,0,0,"(0.0, 0.0)","(0.0, 0.0)","(0.0, 0.0)","(0.0, 0.0, 0.0)","(0.0, 0.0, 0.0)","(0.0, 0.0, 0.0)","(0.0, 0.0, 0.0)","(0.0, 0.0, 0.0)","(0.0, 0.0, 0.0)",0,0,0,0,0,0,False,0,0,0,0,0,0,0,0,"(0.0, 6.0, 643.0)","(0.2, 0.0, 0.0, 1.0)"
0,874638.3,0,0,0,0,0,0,0,0,0,"(0.0, 0.0)","(0.0, 0.0)","(0.0, 0.0)","(0.0, 0.0, 0.0)","(0.0, 0.0, 0.0)","(0.0, 0.0, 0.0)","(0.0, 0.0, 0.0)","(0.0, 0.0, 0.0)","(0.0, 0.0, 0.0)",0,0,0,0,0,0,False,0,0,0,0,0,0,0,0,"(0.0, 6.0, 643.3)","(0.2, 0.0, 0.0, 1.0)"
0,874660.6,0,0,0,0,0,0,0,0,0,"(0.0, 0.0)","(0.0, 0.0)","(0.0, 0.0)","(0.0, 0.0, 0.0)","(0.0, 0.0, 0.0)","(0.0, 0.0, 0.0)","(0.0, 0.0, 0.0)","(0.0, 0.0, 0.0)","(0.0, 0.0, 0.0)",0,0,0,0,0,0,False,0,0,0,0,0,0,0,0,"(0.0, 6.0, 643.6)","(0.2, 0.0, 0.0, 1.0)"
0,874683.8,0,0,0,0,0,0,0,0,0,"(0.0, 0.0)","(0.0, 0.0)","(0.0, 0.0)","(0.0, 0.0, 0.0)","(0.0, 0.0, 0.0)","(0.0, 0.0, 0.0)","(0.0, 0.0, 0.0)","(0.0, 0.0, 0.0)","(0.0, 0.0, 0.0)",0,0,0,0,0,0,False,0,0,0,0,0,0,0,0,"(0.0, 6.0, 643.8)","(0.2, 0.0, 0.0, 1.0)"
0,874706.5,0,0,0,0,0,0,0,0,0,"(0.0, 0.0)","(0.0, 0.0)","(0.0, 0.0)","(0.0, 0.0, 0.0)","(0.0, 0.0, 0.0)","(0.0, 0.0, 0.0)","(0.0, 0.0, 0.0)","(0.0, 0.0, 0.0)","(0.0, 0.0, 0.0)",0,0,0,0,0,0,False,0,0,0,0,0,0,0,0,"(0.0, 6.0, 644.1)","(0.2, 0.0, 0.0, 1.0)"
0,874727.4,0,0,0,0,0,0,0,0,0,"(0.0, 0.0)","(0.0, 0.0)","(0.0, 0.0)","(0.0, 0.0, 0.0)","(0.0, 0.0, 0.0)","(0.0, 0.0, 0.0)","(0.0, 0.0, 0.0)","(0.0, 0.0, 0.0)","(0.0, 0.0, 0.0)",0,0,0,0,0,0,False,0,0,0,0,0,0,0,0,"(0.0, 6.0, 644.4)","(0.2, 0.0, 0.0, 1.0)"
0,874750.1,0,0,0,0,0,0,0,0,0,"(0.0, 0.0)","(0.0, 0.0)","(0.0, 0.0)","(0.0, 0.0, 0.0)","(0.0, 0.0, 0.0)","(0.0, 0.0, 0.0)","(0.0, 0.0, 0.0)","(0.0, 0.0, 0.0)","(0.0, 0.0, 0.0)",0,0,0,0,0,0,False,0,0,0,0,0,0,0,0,"(0.0, 6.0, 644.7)","(0.2, 0.0, 0.0, 1.0)"
0,874771.4,0,0,0,0,0,0,0,0,0,"(0.0, 0.0)","(0.0, 0.0)","(0.0, 0.0)","(0.0, 0.0, 0.0)","(0.0, 0.0, 0.0)","(0.0, 0.0, 0.0)","(0.0, 0.0, 0.0)","(0.0, 0.0, 0.0)","(0.0, 0.0, 0.0)",0,0,0,0,0,0,False,0,0,0,0,0,0,0,0,"(0.0, 6.0, 645.0)","(0.2, 0.0, 0.0, 1.0)"
0,874793.6,0,0,0,0,0,0,0,0,0,"(0.0, 0.0)","(0.0, 0.0)","(0.0, 0.0)","(0.0, 0.0, 0.0)","(0.0, 0.0, 0.0)","(0.0, 0.0, 0.0)","(0.0, 0.0, 0.0)","(0.0, 0.0, 0.0)","(0.0, 0.0, 0.0)",0,0,0,0,0,0,False,0,0,0,0,0,0,0,0,"(0.0, 6.0, 645.3)","(0.2, 0.0, 0.0, 1.0)"
0,874817.1,0,0,0,0,0,0,0,0,0,"(0.0, 0.0)","(0.0, 0.0)","(0.0, 0.0)","(0.0, 0.0, 0.0)","(0.0, 0.0, 0.0)","(0.0, 0.0, 0.0)","(0.0, 0.0, 0.0)","(0.0, 0.0, 0.0)","(0.0, 0.0, 0.0)",0,0,0,0,0,0,False,0,0,0,0,0,0,0,0,"(0.0, 6.0, 645.6)","(0.2, 0.0, 0.0, 1.0)"
0,874838.2,0,0,0,0,0,0,0,0,0,"(0.0, 0.0)","(0.0, 0.0)","(0.0, 0.0)","(0.0, 0.0, 0.0)","(0.0, 0.0, 0.0)","(0.0, 0.0, 0.0)","(0.0, 0.0, 0.0)","(0.0, 0.0, 0.0)","(0.0, 0.0, 0.0)",0,0,0,0,0,0,False,0,0,0,0,0,0,0,0,"(0.0, 6.0, 645.9)","(0.2, 0.0, 0.0, 1.0)"
0,874860.3,0,0,0,0,0,0,0,0,0,"(0.0, 0.0)","(0.0, 0.0)","(0.0, 0.0)","(0.0, 0.0, 0.0)","(0.0, 0.0, 0.0)","(0.0, 0.0, 0.0)","(0.0, 0.0, 0.0)","(0.0, 0.0, 0.0)","(0.0, 0.0, 0.0)",0,0,0,0,0,0,False,0,0,0,0,0,0,0,0,"(0.0, 6.0, 646.2)","(0.2, 0.0, 0.0, 1.0)"
0,874883.9,0,0,0,0,0,0,0,0,0,"(0.0, 0.0)","(0.0, 0.0)","(0.0, 0.0)","(0.0, 0.0, 0.0)","(0.0, 0.0, 0.0)","(0.0, 0.0, 0.0)","(0.0, 0.0, 0.0)","(0.0, 0.0, 0.0)","(0.0, 0.0, 0.0)",0,0,0,0,0,0,False,0,0,0,0,0,0,0,0,"(0.0, 6.0, 646.5)","(0.2, 0.0, 0.0, 1.0)"
0,874904.8,0,0,0,0,0,0,0,0,0,"(0.0, 0.0)","(0.0, 0.0)","(0.0, 0.0)","(0.0, 0.0, 0.0)","(0.0, 0.0, 0.0)","(0.0, 0.0, 0.0)","(0.0, 0.0, 0.0)","(0.0, 0.0, 0.0)","(0.0, 0.0, 0.0)",0,0,0,0,0,0,False,0,0,0,0,0,0,0,0,"(0.0, 6.0, 646.8)","(0.2, 0.0, 0.0, 1.0)"
0,874933.4,0,0,0,0,0,0,0,0,0,"(0.0, 0.0)","(0.0, 0.0)","(0.0, 0.0)","(0.0, 0.0, 0.0)","(0.0, 0.0, 0.0)","(0.0, 0.0, 0.0)","(0.0, 0.0, 0.0)","(0.0, 0.0, 0.0)","(0.0, 0.0, 0.0)",0,0,0,0,0,0,False,0,0,0,0,0,0,0,0,"(0.0, 6.0, 647.1)","(0.2, 0.0, 0.0, 1.0)"
0,874954.8,0,0,0,0,0,0,0,0,0,"(0.0, 0.0)","(0.0, 0.0)","(0.0, 0.0)","(0.0, 0.0, 0.0)","(0.0, 0.0, 0.0)","(0.0, 0.0, 0.0)","(0.0, 0.0, 0.0)","(0.0, 0.0, 0.0)","(0.0, 0.0, 0.0)",0,0,0,0,0,0,False,0,0,0,0,0,0,0,0,"(0.0, 6.0, 647.5)","(0.2, 0.0, 0.0, 1.0)"
0,874974.9,0,0,0,0,0,0,0,0,0,"(0.0, 0.0)","(0.0, 0.0)","(0.0, 0.0)","(0.0, 0.0, 0.0)","(0.0, 0.0, 0.0)","(0.0, 0.0, 0.0)","(0.0, 0.0, 0.0)","(0.0, 0.0, 0.0)","(0.0, 0.0, 0.0)",0,0,0,0,0,0,False,0,0,0,0,0,0,0,0,"(0.0, 6.0, 647.8)","(0.2, 0.0, 0.0, 1.0)"
0,874995.4,0,0,0,0,0,0,0,0,0,"(0.0, 0.0)","(0.0, 0.0)","(0.0, 0.0)","(0.0, 0.0, 0.0)","(0.0, 0.0, 0.0)","(0.0, 0.0, 0.0)","(0.0, 0.0, 0.0)","(0.0, 0.0, 0.0)","(0.0, 0.0, 0.0)",0,0,0,0,0,0,False,0,0,0,0,0,0,0,0,"(0.0, 6.0, 648.1)","(0.2, 0.0, 0.0, 1.0)"
0,875017.1,0,0,0,0,0,0,0,0,0,"(0.0, 0.0)","(0.0, 0.0)","(0.0, 0.0)","(0.0, 0.0, 0.0)","(0.0, 0.0, 0.0)","(0.0, 0.0, 0.0)","(0.0, 0.0, 0.0)","(0.0, 0.0, 0.0)","(0.0, 0.0, 0.0)",0,0,0,0,0,0,False,0,0,0,0,0,0,0,0,"(0.0, 6.0, 648.4)","(0.2, 0.0, 0.0, 1.0)"
0,875040.3,0,0,0,0,0,0,0,0,0,"(0.0, 0.0)","(0.0, 0.0)","(0.0, 0.0)","(0.0, 0.0, 0.0)","(0.0, 0.0, 0.0)","(0.0, 0.0, 0.0)","(0.0, 0.0, 0.0)","(0.0, 0.0, 0.0)","(0.0, 0.0, 0.0)",0,0,0,0,0,0,False,0,0,0,0,0,0,0,0,"(0.0, 6.0, 648.7)","(0.2, 0.0, 0.0, 1.0)"
0,875060.6,0,0,0,0,0,0,0,0,0,"(0.0, 0.0)","(0.0, 0.0)","(0.0, 0.0)","(0.0, 0.0, 0.0)","(0.0, 0.0, 0.0)","(0.0, 0.0, 0.0)","(0.0, 0.0, 0.0)","(0.0, 0.0, 0.0)","(0.0, 0.0, 0.0)",0,0,0,0,0,0,False,0,0,0,0,0,0,0,0,"(0.0, 6.0, 649.0)","(0.2, 0.0, 0.0, 1.0)"
0,875083.6,0,0,0,0,0,0,0,0,0,"(0.0, 0.0)","(0.0, 0.0)","(0.0, 0.0)","(0.0, 0.0, 0.0)","(0.0, 0.0, 0.0)","(0.0, 0.0, 0.0)","(0.0, 0.0, 0.0)","(0.0, 0.0, 0.0)","(0.0, 0.0, 0.0)",0,0,0,0,0,0,False,0,0,0,0,0,0,0,0,"(0.0, 6.0, 649.3)","(0.2, 0.0, 0.0, 1.0)"
0,875103.2,0,0,0,0,0,0,0,0,0,"(0.0, 0.0)","(0.0, 0.0)","(0.0, 0.0)","(0.0, 0.0, 0.0)","(0.0, 0.0, 0.0)","(0.0, 0.0, 0.0)","(0.0, 0.0, 0.0)","(0.0, 0.0, 0.0)","(0.0, 0.0, 0.0)",0,0,0,0,0,0,False,0,0,0,0,0,0,0,0,"(0.0, 6.0, 649.6)","(0.2, 0.0, 0.0, 1.0)"
0,875121.6,0,0,0,0,0,0,0,0,0,"(0.0, 0.0)","(0.0, 0.0)","(0.0, 0.0)","(0.0, 0.0, 0.0)","(0.0, 0.0, 0.0)","(0.0, 0.0, 0.0)","(0.0, 0.0, 0.0)","(0.0, 0.0, 0.0)","(0.0, 0.0, 0.0)",0,0,0,0,0,0,False,0,0,0,0,0,0,0,0,"(0.0, 6.0, 649.9)","(0.2, 0.0, 0.0, 1.0)"
0,875142,0,0,0,0,0,0,0,0,0,"(0.0, 0.0)","(0.0, 0.0)","(0.0, 0.0)","(0.0, 0.0, 0.0)","(0.0, 0.0, 0.0)","(0.0, 0.0, 0.0)","(0.0, 0.0, 0.0)","(0.0, 0.0, 0.0)","(0.0, 0.0, 0.0)",0,0,0,0,0,0,False,0,0,0,0,0,0,0,0,"(0.0, 6.0, 650.2)","(0.2, 0.0, 0.0, 1.0)"
0,875160.3,0,0,0,0,0,0,0,0,0,"(0.0, 0.0)","(0.0, 0.0)","(0.0, 0.0)","(0.0, 0.0, 0.0)","(0.0, 0.0, 0.0)","(0.0, 0.0, 0.0)","(0.0, 0.0, 0.0)","(0.0, 0.0, 0.0)","(0.0, 0.0, 0.0)",0,0,0,0,0,0,False,0,0,0,0,0,0,0,0,"(0.0, 6.0, 650.5)","(0.2, 0.0, 0.0, 1.0)"
0,875178.5,0,0,0,0,0,0,0,0,0,"(0.0, 0.0)","(0.0, 0.0)","(0.0, 0.0)","(0.0, 0.0, 0.0)","(0.0, 0.0, 0.0)","(0.0, 0.0, 0.0)","(0.0, 0.0, 0.0)","(0.0, 0.0, 0.0)","(0.0, 0.0, 0.0)",0,0,0,0,0,0,False,0,0,0,0,0,0,0,0,"(0.0, 6.0, 650.8)","(0.2, 0.0, 0.0, 1.0)"
0,875195.7,0,0,0,0,0,0,0,0,0,"(0.0, 0.0)","(0.0, 0.0)","(0.0, 0.0)","(0.0, 0.0, 0.0)","(0.0, 0.0, 0.0)","(0.0, 0.0, 0.0)","(0.0, 0.0, 0.0)","(0.0, 0.0, 0.0)","(0.0, 0.0, 0.0)",0,0,0,0,0,0,False,0,0,0,0,0,0,0,0,"(0.0, 6.0, 651.1)","(0.2, 0.0, 0.0, 1.0)"
0,875216.3,0,0,0,0,0,0,0,0,0,"(0.0, 0.0)","(0.0, 0.0)","(0.0, 0.0)","(0.0, 0.0, 0.0)","(0.0, 0.0, 0.0)","(0.0, 0.0, 0.0)","(0.0, 0.0, 0.0)","(0.0, 0.0, 0.0)","(0.0, 0.0, 0.0)",0,0,0,0,0,0,False,0,0,0,0,0,0,0,0,"(0.0, 6.0, 651.4)","(0.2, 0.0, 0.0, 1.0)"
0,875240,0,0,0,0,0,0,0,0,0,"(0.0, 0.0)","(0.0, 0.0)","(0.0, 0.0)","(0.0, 0.0, 0.0)","(0.0, 0.0, 0.0)","(0.0, 0.0, 0.0)","(0.0, 0.0, 0.0)","(0.0, 0.0, 0.0)","(0.0, 0.0, 0.0)",0,0,0,0,0,0,False,0,0,0,0,0,0,0,0,"(0.0, 6.0, 651.6)","(0.2, 0.0, 0.0, 1.0)"
0,875257.3,0,0,0,0,0,0,0,0,0,"(0.0, 0.0)","(0.0, 0.0)","(0.0, 0.0)","(0.0, 0.0, 0.0)","(0.0, 0.0, 0.0)","(0.0, 0.0, 0.0)","(0.0, 0.0, 0.0)","(0.0, 0.0, 0.0)","(0.0, 0.0, 0.0)",0,0,0,0,0,0,False,0,0,0,0,0,0,0,0,"(0.0, 6.0, 651.9)","(0.2, 0.0, 0.0, 1.0)"
0,875275.1,0,0,0,0,0,0,0,0,0,"(0.0, 0.0)","(0.0, 0.0)","(0.0, 0.0)","(0.0, 0.0, 0.0)","(0.0, 0.0, 0.0)","(0.0, 0.0, 0.0)","(0.0, 0.0, 0.0)","(0.0, 0.0, 0.0)","(0.0, 0.0, 0.0)",0,0,0,0,0,0,False,0,0,0,0,0,0,0,0,"(0.0, 6.0, 652.2)","(0.2, 0.0, 0.0, 1.0)"
0,875293.4,0,0,0,0,0,0,0,0,0,"(0.0, 0.0)","(0.0, 0.0)","(0.0, 0.0)","(0.0, 0.0, 0.0)","(0.0, 0.0, 0.0)","(0.0, 0.0, 0.0)","(0.0, 0.0, 0.0)","(0.0, 0.0, 0.0)","(0.0, 0.0, 0.0)",0,0,0,0,0,0,False,0,0,0,0,0,0,0,0,"(0.0, 6.0, 652.5)","(0.2, 0.0, 0.0, 1.0)"
0,875313.1,0,0,0,0,0,0,0,0,0,"(0.0, 0.0)","(0.0, 0.0)","(0.0, 0.0)","(0.0, 0.0, 0.0)","(0.0, 0.0, 0.0)","(0.0, 0.0, 0.0)","(0.0, 0.0, 0.0)","(0.0, 0.0, 0.0)","(0.0, 0.0, 0.0)",0,0,0,0,0,0,False,0,0,0,0,0,0,0,0,"(0.0, 6.0, 652.8)","(0.2, 0.0, 0.0, 1.0)"
0,875330.8,0,0,0,0,0,0,0,0,0,"(0.0, 0.0)","(0.0, 0.0)","(0.0, 0.0)","(0.0, 0.0, 0.0)","(0.0, 0.0, 0.0)","(0.0, 0.0, 0.0)","(0.0, 0.0, 0.0)","(0.0, 0.0, 0.0)","(0.0, 0.0, 0.0)",0,0,0,0,0,0,False,0,0,0,0,0,0,0,0,"(0.0, 6.0, 653.0)","(0.2, 0.0, 0.0, 1.0)"
0,875350.9,0,0,0,0,0,0,0,0,0,"(0.0, 0.0)","(0.0, 0.0)","(0.0, 0.0)","(0.0, 0.0, 0.0)","(0.0, 0.0, 0.0)","(0.0, 0.0, 0.0)","(0.0, 0.0, 0.0)","(0.0, 0.0, 0.0)","(0.0, 0.0, 0.0)",0,0,0,0,0,0,False,0,0,0,0,0,0,0,0,"(0.0, 6.0, 653.3)","(0.2, 0.0, 0.0, 1.0)"
0,875370,0,0,0,0,0,0,0,0,0,"(0.0, 0.0)","(0.0, 0.0)","(0.0, 0.0)","(0.0, 0.0, 0.0)","(0.0, 0.0, 0.0)","(0.0, 0.0, 0.0)","(0.0, 0.0, 0.0)","(0.0, 0.0, 0.0)","(0.0, 0.0, 0.0)",0,0,0,0,0,0,False,0,0,0,0,0,0,0,0,"(0.0, 6.0, 653.6)","(0.2, 0.0, 0.0, 1.0)"
0,875387.4,0,0,0,0,0,0,0,0,0,"(0.0, 0.0)","(0.0, 0.0)","(0.0, 0.0)","(0.0, 0.0, 0.0)","(0.0, 0.0, 0.0)","(0.0, 0.0, 0.0)","(0.0, 0.0, 0.0)","(0.0, 0.0, 0.0)","(0.0, 0.0, 0.0)",0,0,0,0,0,0,False,0,0,0,0,0,0,0,0,"(0.0, 6.0, 653.9)","(0.2, 0.0, 0.0, 1.0)"
0,875409.9,0,0,0,0,0,0,0,0,0,"(0.0, 0.0)","(0.0, 0.0)","(0.0, 0.0)","(0.0, 0.0, 0.0)","(0.0, 0.0, 0.0)","(0.0, 0.0, 0.0)","(0.0, 0.0, 0.0)","(0.0, 0.0, 0.0)","(0.0, 0.0, 0.0)",0,0,0,0,0,0,False,0,0,0,0,0,0,0,0,"(0.0, 6.0, 654.1)","(0.2, 0.0, 0.0, 1.0)"
0,875434.3,0,0,0,0,0,0,0,0,0,"(0.0, 0.0)","(0.0, 0.0)","(0.0, 0.0)","(0.0, 0.0, 0.0)","(0.0, 0.0, 0.0)","(0.0, 0.0, 0.0)","(0.0, 0.0, 0.0)","(0.0, 0.0, 0.0)","(0.0, 0.0, 0.0)",0,0,0,0,0,0,False,0,0,0,0,0,0,0,0,"(0.0, 6.0, 654.4)","(0.2, 0.0, 0.0, 1.0)"
0,875452,0,0,0,0,0,0,0,0,0,"(0.0, 0.0)","(0.0, 0.0)","(0.0, 0.0)","(0.0, 0.0, 0.0)","(0.0, 0.0, 0.0)","(0.0, 0.0, 0.0)","(0.0, 0.0, 0.0)","(0.0, 0.0, 0.0)","(0.0, 0.0, 0.0)",0,0,0,0,0,0,False,0,0,0,0,0,0,0,0,"(0.0, 6.0, 654.7)","(0.2, 0.0, 0.0, 1.0)"
0,875471.2,0,0,0,0,0,0,0,0,0,"(0.0, 0.0)","(0.0, 0.0)","(0.0, 0.0)","(0.0, 0.0, 0.0)","(0.0, 0.0, 0.0)","(0.0, 0.0, 0.0)","(0.0, 0.0, 0.0)","(0.0, 0.0, 0.0)","(0.0, 0.0, 0.0)",0,0,0,0,0,0,False,0,0,0,0,0,0,0,0,"(0.0, 6.0, 655.0)","(0.2, 0.0, 0.0, 1.0)"
0,875488.8,0,0,0,0,0,0,0,0,0,"(0.0, 0.0)","(0.0, 0.0)","(0.0, 0.0)","(0.0, 0.0, 0.0)","(0.0, 0.0, 0.0)","(0.0, 0.0, 0.0)","(0.0, 0.0, 0.0)","(0.0, 0.0, 0.0)","(0.0, 0.0, 0.0)",0,0,0,0,0,0,False,0,0,0,0,0,0,0,0,"(0.0, 6.0, 655.3)","(0.2, 0.0, 0.0, 1.0)"
0,875506.6,0,0,0,0,0,0,0,0,0,"(0.0, 0.0)","(0.0, 0.0)","(0.0, 0.0)","(0.0, 0.0, 0.0)","(0.0, 0.0, 0.0)","(0.0, 0.0, 0.0)","(0.0, 0.0, 0.0)","(0.0, 0.0, 0.0)","(0.0, 0.0, 0.0)",0,0,0,0,0,0,False,0,0,0,0,0,0,0,0,"(0.0, 6.0, 655.5)","(0.2, 0.0, 0.0, 1.0)"
0,875524.9,0,0,0,0,0,0,0,0,0,"(0.0, 0.0)","(0.0, 0.0)","(0.0, 0.0)","(0.0, 0.0, 0.0)","(0.0, 0.0, 0.0)","(0.0, 0.0, 0.0)","(0.0, 0.0, 0.0)","(0.0, 0.0, 0.0)","(0.0, 0.0, 0.0)",0,0,0,0,0,0,False,0,0,0,0,0,0,0,0,"(0.0, 6.0, 655.8)","(0.2, 0.0, 0.0, 1.0)"
0,875542.4,0,0,0,0,0,0,0,0,0,"(0.0, 0.0)","(0.0, 0.0)","(0.0, 0.0)","(0.0, 0.0, 0.0)","(0.0, 0.0, 0.0)","(0.0, 0.0, 0.0)","(0.0, 0.0, 0.0)","(0.0, 0.0, 0.0)","(0.0, 0.0, 0.0)",0,0,0,0,0,0,False,0,0,0,0,0,0,0,0,"(0.0, 6.0, 656.1)","(0.2, 0.0, 0.0, 1.0)"
0,875560.4,0,0,0,0,0,0,0,0,0,"(0.0, 0.0)","(0.0, 0.0)","(0.0, 0.0)","(0.0, 0.0, 0.0)","(0.0, 0.0, 0.0)","(0.0, 0.0, 0.0)","(0.0, 0.0, 0.0)","(0.0, 0.0, 0.0)","(0.0, 0.0, 0.0)",0,0,0,0,0,0,False,0,0,0,0,0,0,0,0,"(0.0, 6.0, 656.3)","(0.2, 0.0, 0.0, 1.0)"
0,875583.1,0,0,0,0,0,0,0,0,0,"(0.0, 0.0)","(0.0, 0.0)","(0.0, 0.0)","(0.0, 0.0, 0.0)","(0.0, 0.0, 0.0)","(0.0, 0.0, 0.0)","(0.0, 0.0, 0.0)","(0.0, 0.0, 0.0)","(0.0, 0.0, 0.0)",0,0,0,0,0,0,False,0,0,0,0,0,0,0,0,"(0.0, 6.0, 656.6)","(0.2, 0.0, 0.0, 1.0)"
0,875604.4,0,0,0,0,0,0,0,0,0,"(0.0, 0.0)","(0.0, 0.0)","(0.0, 0.0)","(0.0, 0.0, 0.0)","(0.0, 0.0, 0.0)","(0.0, 0.0, 0.0)","(0.0, 0.0, 0.0)","(0.0, 0.0, 0.0)","(0.0, 0.0, 0.0)",0,0,0,0,0,0,False,0,0,0,0,0,0,0,0,"(0.0, 6.0, 656.9)","(0.2, 0.0, 0.0, 1.0)"
0,875627.1,0,0,0,0,0,0,0,0,0,"(0.0, 0.0)","(0.0, 0.0)","(0.0, 0.0)","(0.0, 0.0, 0.0)","(0.0, 0.0, 0.0)","(0.0, 0.0, 0.0)","(0.0, 0.0, 0.0)","(0.0, 0.0, 0.0)","(0.0, 0.0, 0.0)",0,0,0,0,0,0,False,0,0,0,0,0,0,0,0,"(0.0, 6.0, 657.2)","(0.2, 0.0, 0.0, 1.0)"
0,875650.1,0,0,0,0,0,0,0,0,0,"(0.0, 0.0)","(0.0, 0.0)","(0.0, 0.0)","(0.0, 0.0, 0.0)","(0.0, 0.0, 0.0)","(0.0, 0.0, 0.0)","(0.0, 0.0, 0.0)","(0.0, 0.0, 0.0)","(0.0, 0.0, 0.0)",0,0,0,0,0,0,False,0,0,0,0,0,0,0,0,"(0.0, 6.0, 657.4)","(0.2, 0.0, 0.0, 1.0)"
0,875670.9,0,0,0,0,0,0,0,0,0,"(0.0, 0.0)","(0.0, 0.0)","(0.0, 0.0)","(0.0, 0.0, 0.0)","(0.0, 0.0, 0.0)","(0.0, 0.0, 0.0)","(0.0, 0.0, 0.0)","(0.0, 0.0, 0.0)","(0.0, 0.0, 0.0)",0,0,0,0,0,0,False,0,0,0,0,0,0,0,0,"(0.0, 6.0, 657.7)","(0.2, 0.0, 0.0, 1.0)"
0,875693.8,0,0,0,0,0,0,0,0,0,"(0.0, 0.0)","(0.0, 0.0)","(0.0, 0.0)","(0.0, 0.0, 0.0)","(0.0, 0.0, 0.0)","(0.0, 0.0, 0.0)","(0.0, 0.0, 0.0)","(0.0, 0.0, 0.0)","(0.0, 0.0, 0.0)",0,0,0,0,0,0,False,0,0,0,0,0,0,0,0,"(0.0, 6.0, 658.0)","(0.2, 0.0, 0.0, 1.0)"
0,875716.9,0,0,0,0,0,0,0,0,0,"(0.0, 0.0)","(0.0, 0.0)","(0.0, 0.0)","(0.0, 0.0, 0.0)","(0.0, 0.0, 0.0)","(0.0, 0.0, 0.0)","(0.0, 0.0, 0.0)","(0.0, 0.0, 0.0)","(0.0, 0.0, 0.0)",0,0,0,0,0,0,False,0,0,0,0,0,0,0,0,"(0.0, 6.0, 658.3)","(0.2, 0.0, 0.0, 1.0)"
0,875737.4,0,0,0,0,0,0,0,0,0,"(0.0, 0.0)","(0.0, 0.0)","(0.0, 0.0)","(0.0, 0.0, 0.0)","(0.0, 0.0, 0.0)","(0.0, 0.0, 0.0)","(0.0, 0.0, 0.0)","(0.0, 0.0, 0.0)","(0.0, 0.0, 0.0)",0,0,0,0,0,0,False,0,0,0,0,0,0,0,0,"(0.0, 6.0, 658.6)","(0.2, 0.0, 0.0, 1.0)"
0,875760,0,0,0,0,0,0,0,0,0,"(0.0, 0.0)","(0.0, 0.0)","(0.0, 0.0)","(0.0, 0.0, 0.0)","(0.0, 0.0, 0.0)","(0.0, 0.0, 0.0)","(0.0, 0.0, 0.0)","(0.0, 0.0, 0.0)","(0.0, 0.0, 0.0)",0,0,0,0,0,0,False,0,0,0,0,0,0,0,0,"(0.0, 6.0, 658.9)","(0.2, 0.0, 0.0, 1.0)"
0,875782.9,0,0,0,0,0,0,0,0,0,"(0.0, 0.0)","(0.0, 0.0)","(0.0, 0.0)","(0.0, 0.0, 0.0)","(0.0, 0.0, 0.0)","(0.0, 0.0, 0.0)","(0.0, 0.0, 0.0)","(0.0, 0.0, 0.0)","(0.0, 0.0, 0.0)",0,0,0,0,0,0,False,0,0,0,0,0,0,0,0,"(0.0, 6.0, 659.2)","(0.2, 0.0, 0.0, 1.0)"
0,875804.1,0,0,0,0,0,0,0,0,0,"(0.0, 0.0)","(0.0, 0.0)","(0.0, 0.0)","(0.0, 0.0, 0.0)","(0.0, 0.0, 0.0)","(0.0, 0.0, 0.0)","(0.0, 0.0, 0.0)","(0.0, 0.0, 0.0)","(0.0, 0.0, 0.0)",0,0,0,0,0,0,False,0,0,0,0,0,0,0,0,"(0.0, 6.0, 659.5)","(0.2, 0.0, 0.0, 1.0)"
0,875826.4,0,0,0,0,0,0,0,0,0,"(0.0, 0.0)","(0.0, 0.0)","(0.0, 0.0)","(0.0, 0.0, 0.0)","(0.0, 0.0, 0.0)","(0.0, 0.0, 0.0)","(0.0, 0.0, 0.0)","(0.0, 0.0, 0.0)","(0.0, 0.0, 0.0)",0,0,0,0,0,0,False,0,0,0,0,0,0,0,0,"(0.0, 6.0, 659.8)","(0.2, 0.0, 0.0, 1.0)"
0,875849.9,0,0,0,0,0,0,0,0,0,"(0.0, 0.0)","(0.0, 0.0)","(0.0, 0.0)","(0.0, 0.0, 0.0)","(0.0, 0.0, 0.0)","(0.0, 0.0, 0.0)","(0.0, 0.0, 0.0)","(0.0, 0.0, 0.0)","(0.0, 0.0, 0.0)",0,0,0,0,0,0,False,0,0,0,0,0,0,0,0,"(0.0, 6.0, 660.1)","(0.2, 0.0, 0.0, 1.0)"
0,875870.9,0,0,0,0,0,0,0,0,0,"(0.0, 0.0)","(0.0, 0.0)","(0.0, 0.0)","(0.0, 0.0, 0.0)","(0.0, 0.0, 0.0)","(0.0, 0.0, 0.0)","(0.0, 0.0, 0.0)","(0.0, 0.0, 0.0)","(0.0, 0.0, 0.0)",0,0,0,0,0,0,False,0,0,0,0,0,0,0,0,"(0.0, 6.0, 660.4)","(0.2, 0.0, 0.0, 1.0)"
0,875893.7,0,0,0,0,0,0,0,0,0,"(0.0, 0.0)","(0.0, 0.0)","(0.0, 0.0)","(0.0, 0.0, 0.0)","(0.0, 0.0, 0.0)","(0.0, 0.0, 0.0)","(0.0, 0.0, 0.0)","(0.0, 0.0, 0.0)","(0.0, 0.0, 0.0)",0,0,0,0,0,0,False,0,0,0,0,0,0,0,0,"(0.0, 6.0, 660.7)","(0.2, 0.0, 0.0, 1.0)"
0,875917.2,0,0,0,0,0,0,0,0,0,"(0.0, 0.0)","(0.0, 0.0)","(0.0, 0.0)","(0.0, 0.0, 0.0)","(0.0, 0.0, 0.0)","(0.0, 0.0, 0.0)","(0.0, 0.0, 0.0)","(0.0, 0.0, 0.0)","(0.0, 0.0, 0.0)",0,0,0,0,0,0,False,0,0,0,0,0,0,0,0,"(0.0, 6.0, 661.0)","(0.2, 0.0, 0.0, 1.0)"
0,875937.7,0,0,0,0,0,0,0,0,0,"(0.0, 0.0)","(0.0, 0.0)","(0.0, 0.0)","(0.0, 0.0, 0.0)","(0.0, 0.0, 0.0)","(0.0, 0.0, 0.0)","(0.0, 0.0, 0.0)","(0.0, 0.0, 0.0)","(0.0, 0.0, 0.0)",0,0,0,0,0,0,False,0,0,0,0,0,0,0,0,"(0.0, 6.0, 661.3)","(0.2, 0.0, 0.0, 1.0)"
0,875959.9,0,0,0,0,0,0,0,0,0,"(0.0, 0.0)","(0.0, 0.0)","(0.0, 0.0)","(0.0, 0.0, 0.0)","(0.0, 0.0, 0.0)","(0.0, 0.0, 0.0)","(0.0, 0.0, 0.0)","(0.0, 0.0, 0.0)","(0.0, 0.0, 0.0)",0,0,0,0,0,0,False,0,0,0,0,0,0,0,0,"(0.0, 6.0, 661.6)","(0.2, 0.0, 0.0, 1.0)"
0,875983,0,0,0,0,0,0,0,0,0,"(0.0, 0.0)","(0.0, 0.0)","(0.0, 0.0)","(0.0, 0.0, 0.0)","(0.0, 0.0, 0.0)","(0.0, 0.0, 0.0)","(0.0, 0.0, 0.0)","(0.0, 0.0, 0.0)","(0.0, 0.0, 0.0)",0,0,0,0,0,0,False,0,0,0,0,0,0,0,0,"(0.0, 6.0, 661.9)","(0.2, 0.0, 0.0, 1.0)"
0,876004.8,0,0,0,0,0,0,0,0,0,"(0.0, 0.0)","(0.0, 0.0)","(0.0, 0.0)","(0.0, 0.0, 0.0)","(0.0, 0.0, 0.0)","(0.0, 0.0, 0.0)","(0.0, 0.0, 0.0)","(0.0, 0.0, 0.0)","(0.0, 0.0, 0.0)",0,0,0,0,0,0,False,0,0,0,0,0,0,0,0,"(0.0, 6.0, 662.2)","(0.2, 0.0, 0.0, 1.0)"
0,876027,0,0,0,0,0,0,0,0,0,"(0.0, 0.0)","(0.0, 0.0)","(0.0, 0.0)","(0.0, 0.0, 0.0)","(0.0, 0.0, 0.0)","(0.0, 0.0, 0.0)","(0.0, 0.0, 0.0)","(0.0, 0.0, 0.0)","(0.0, 0.0, 0.0)",0,0,0,0,0,0,False,0,0,0,0,0,0,0,0,"(0.0, 6.0, 662.5)","(0.2, 0.0, 0.0, 1.0)"
0,876049.2,0,0,0,0,0,0,0,0,0,"(0.0, 0.0)","(0.0, 0.0)","(0.0, 0.0)","(0.0, 0.0, 0.0)","(0.0, 0.0, 0.0)","(0.0, 0.0, 0.0)","(0.0, 0.0, 0.0)","(0.0, 0.0, 0.0)","(0.0, 0.0, 0.0)",0,0,0,0,0,0,False,0,0,0,0,0,0,0,0,"(0.0, 6.0, 662.8)","(0.2, 0.0, 0.0, 1.0)"
0,876068.4,0,0,0,0,0,0,0,0,0,"(0.0, 0.0)","(0.0, 0.0)","(0.0, 0.0)","(0.0, 0.0, 0.0)","(0.0, 0.0, 0.0)","(0.0, 0.0, 0.0)","(0.0, 0.0, 0.0)","(0.0, 0.0, 0.0)","(0.0, 0.0, 0.0)",0,0,0,0,0,0,False,0,0,0,0,0,0,0,0,"(0.0, 6.0, 663.1)","(0.2, 0.0, 0.0, 1.0)"
0,876087.2,0,0,0,0,0,0,0,0,0,"(0.0, 0.0)","(0.0, 0.0)","(0.0, 0.0)","(0.0, 0.0, 0.0)","(0.0, 0.0, 0.0)","(0.0, 0.0, 0.0)","(0.0, 0.0, 0.0)","(0.0, 0.0, 0.0)","(0.0, 0.0, 0.0)",0,0,0,0,0,0,False,0,0,0,0,0,0,0,0,"(0.0, 6.0, 663.4)","(0.2, 0.0, 0.0, 1.0)"
0,876105.5,0,0,0,0,0,0,0,0,0,"(0.0, 0.0)","(0.0, 0.0)","(0.0, 0.0)","(0.0, 0.0, 0.0)","(0.0, 0.0, 0.0)","(0.0, 0.0, 0.0)","(0.0, 0.0, 0.0)","(0.0, 0.0, 0.0)","(0.0, 0.0, 0.0)",0,0,0,0,0,0,False,0,0,0,0,0,0,0,0,"(0.0, 6.0, 663.7)","(0.2, 0.0, 0.0, 1.0)"
0,876127.3,0,0,0,0,0,0,0,0,0,"(0.0, 0.0)","(0.0, 0.0)","(0.0, 0.0)","(0.0, 0.0, 0.0)","(0.0, 0.0, 0.0)","(0.0, 0.0, 0.0)","(0.0, 0.0, 0.0)","(0.0, 0.0, 0.0)","(0.0, 0.0, 0.0)",0,0,0,0,0,0,False,0,0,0,0,0,0,0,0,"(0.0, 6.0, 664.0)","(0.2, 0.0, 0.0, 1.0)"
0,876145.7,0,0,0,0,0,0,0,0,0,"(0.0, 0.0)","(0.0, 0.0)","(0.0, 0.0)","(0.0, 0.0, 0.0)","(0.0, 0.0, 0.0)","(0.0, 0.0, 0.0)","(0.0, 0.0, 0.0)","(0.0, 0.0, 0.0)","(0.0, 0.0, 0.0)",0,0,0,0,0,0,False,0,0,0,0,0,0,0,0,"(0.0, 6.0, 664.3)","(0.2, 0.0, 0.0, 1.0)"
0,876163.2,0,0,0,0,0,0,0,0,0,"(0.0, 0.0)","(0.0, 0.0)","(0.0, 0.0)","(0.0, 0.0, 0.0)","(0.0, 0.0, 0.0)","(0.0, 0.0, 0.0)","(0.0, 0.0, 0.0)","(0.0, 0.0, 0.0)","(0.0, 0.0, 0.0)",0,0,0,0,0,0,False,0,0,0,0,0,0,0,0,"(0.0, 6.0, 664.6)","(0.2, 0.0, 0.0, 1.0)"
0,876180.9,0,0,0,0,0,0,0,0,0,"(0.0, 0.0)","(0.0, 0.0)","(0.0, 0.0)","(0.0, 0.0, 0.0)","(0.0, 0.0, 0.0)","(0.0, 0.0, 0.0)","(0.0, 0.0, 0.0)","(0.0, 0.0, 0.0)","(0.0, 0.0, 0.0)",0,0,0,0,0,0,False,0,0,0,0,0,0,0,0,"(0.0, 6.0, 664.9)","(0.2, 0.0, 0.0, 1.0)"
0,876197.3,0,0,0,0,0,0,0,0,0,"(0.0, 0.0)","(0.0, 0.0)","(0.0, 0.0)","(0.0, 0.0, 0.0)","(0.0, 0.0, 0.0)","(0.0, 0.0, 0.0)","(0.0, 0.0, 0.0)","(0.0, 0.0, 0.0)","(0.0, 0.0, 0.0)",0,0,0,0,0,0,False,0,0,0,0,0,0,0,0,"(0.0, 6.0, 665.2)","(0.2, 0.0, 0.0, 1.0)"
0,876214.8,0,0,0,0,0,0,0,0,0,"(0.0, 0.0)","(0.0, 0.0)","(0.0, 0.0)","(0.0, 0.0, 0.0)","(0.0, 0.0, 0.0)","(0.0, 0.0, 0.0)","(0.0, 0.0, 0.0)","(0.0, 0.0, 0.0)","(0.0, 0.0, 0.0)",0,0,0,0,0,0,False,0,0,0,0,0,0,0,0,"(0.0, 6.0, 665.4)","(0.2, 0.0, 0.0, 1.0)"
0,876232.4,0,0,0,0,0,0,0,0,0,"(0.0, 0.0)","(0.0, 0.0)","(0.0, 0.0)","(0.0, 0.0, 0.0)","(0.0, 0.0, 0.0)","(0.0, 0.0, 0.0)","(0.0, 0.0, 0.0)","(0.0, 0.0, 0.0)","(0.0, 0.0, 0.0)",0,0,0,0,0,0,False,0,0,0,0,0,0,0,0,"(0.0, 6.0, 665.7)","(0.2, 0.0, 0.0, 1.0)"
0,876249.6,0,0,0,0,0,0,0,0,0,"(0.0, 0.0)","(0.0, 0.0)","(0.0, 0.0)","(0.0, 0.0, 0.0)","(0.0, 0.0, 0.0)","(0.0, 0.0, 0.0)","(0.0, 0.0, 0.0)","(0.0, 0.0, 0.0)","(0.0, 0.0, 0.0)",0,0,0,0,0,0,False,0,0,0,0,0,0,0,0,"(0.0, 6.0, 666.0)","(0.2, 0.0, 0.0, 1.0)"
0,876267.2,0,0,0,0,0,0,0,0,0,"(0.0, 0.0)","(0.0, 0.0)","(0.0, 0.0)","(0.0, 0.0, 0.0)","(0.0, 0.0, 0.0)","(0.0, 0.0, 0.0)","(0.0, 0.0, 0.0)","(0.0, 0.0, 0.0)","(0.0, 0.0, 0.0)",0,0,0,0,0,0,False,0,0,0,0,0,0,0,0,"(0.0, 6.0, 666.2)","(0.2, 0.0, 0.0, 1.0)"
0,876284.6,0,0,0,0,0,0,0,0,0,"(0.0, 0.0)","(0.0, 0.0)","(0.0, 0.0)","(0.0, 0.0, 0.0)","(0.0, 0.0, 0.0)","(0.0, 0.0, 0.0)","(0.0, 0.0, 0.0)","(0.0, 0.0, 0.0)","(0.0, 0.0, 0.0)",0,0,0,0,0,0,False,0,0,0,0,0,0,0,0,"(0.0, 6.0, 666.5)","(0.2, 0.0, 0.0, 1.0)"
0,876302.8,0,0,0,0,0,0,0,0,0,"(0.0, 0.0)","(0.0, 0.0)","(0.0, 0.0)","(0.0, 0.0, 0.0)","(0.0, 0.0, 0.0)","(0.0, 0.0, 0.0)","(0.0, 0.0, 0.0)","(0.0, 0.0, 0.0)","(0.0, 0.0, 0.0)",0,0,0,0,0,0,False,0,0,0,0,0,0,0,0,"(0.0, 6.0, 666.8)","(0.2, 0.0, 0.0, 1.0)"
0,876319.4,0,0,0,0,0,0,0,0,0,"(0.0, 0.0)","(0.0, 0.0)","(0.0, 0.0)","(0.0, 0.0, 0.0)","(0.0, 0.0, 0.0)","(0.0, 0.0, 0.0)","(0.0, 0.0, 0.0)","(0.0, 0.0, 0.0)","(0.0, 0.0, 0.0)",0,0,0,0,0,0,False,0,0,0,0,0,0,0,0,"(0.0, 6.0, 667.0)","(0.2, 0.0, 0.0, 1.0)"
0,876336.6,0,0,0,0,0,0,0,0,0,"(0.0, 0.0)","(0.0, 0.0)","(0.0, 0.0)","(0.0, 0.0, 0.0)","(0.0, 0.0, 0.0)","(0.0, 0.0, 0.0)","(0.0, 0.0, 0.0)","(0.0, 0.0, 0.0)","(0.0, 0.0, 0.0)",0,0,0,0,0,0,False,0,0,0,0,0,0,0,0,"(0.0, 6.0, 667.3)","(0.2, 0.0, 0.0, 1.0)"
0,876354.3,0,0,0,0,0,0,0,0,0,"(0.0, 0.0)","(0.0, 0.0)","(0.0, 0.0)","(0.0, 0.0, 0.0)","(0.0, 0.0, 0.0)","(0.0, 0.0, 0.0)","(0.0, 0.0, 0.0)","(0.0, 0.0, 0.0)","(0.0, 0.0, 0.0)",0,0,0,0,0,0,False,0,0,0,0,0,0,0,0,"(0.0, 6.0, 667.5)","(0.2, 0.0, 0.0, 1.0)"
0,876375,0,0,0,0,0,0,0,0,0,"(0.0, 0.0)","(0.0, 0.0)","(0.0, 0.0)","(0.0, 0.0, 0.0)","(0.0, 0.0, 0.0)","(0.0, 0.0, 0.0)","(0.0, 0.0, 0.0)","(0.0, 0.0, 0.0)","(0.0, 0.0, 0.0)",0,0,0,0,0,0,False,0,0,0,0,0,0,0,0,"(0.0, 6.0, 667.8)","(0.2, 0.0, 0.0, 1.0)"
0,876392.6,0,0,0,0,0,0,0,0,0,"(0.0, 0.0)","(0.0, 0.0)","(0.0, 0.0)","(0.0, 0.0, 0.0)","(0.0, 0.0, 0.0)","(0.0, 0.0, 0.0)","(0.0, 0.0, 0.0)","(0.0, 0.0, 0.0)","(0.0, 0.0, 0.0)",0,0,0,0,0,0,False,0,0,0,0,0,0,0,0,"(0.0, 6.0, 668.1)","(0.2, 0.0, 0.0, 1.0)"
0,876409.5,0,0,0,0,0,0,0,0,0,"(0.0, 0.0)","(0.0, 0.0)","(0.0, 0.0)","(0.0, 0.0, 0.0)","(0.0, 0.0, 0.0)","(0.0, 0.0, 0.0)","(0.0, 0.0, 0.0)","(0.0, 0.0, 0.0)","(0.0, 0.0, 0.0)",0,0,0,0,0,0,False,0,0,0,0,0,0,0,0,"(0.0, 6.0, 668.3)","(0.2, 0.0, 0.0, 1.0)"
0,876427.4,0,0,0,0,0,0,0,0,0,"(0.0, 0.0)","(0.0, 0.0)","(0.0, 0.0)","(0.0, 0.0, 0.0)","(0.0, 0.0, 0.0)","(0.0, 0.0, 0.0)","(0.0, 0.0, 0.0)","(0.0, 0.0, 0.0)","(0.0, 0.0, 0.0)",0,0,0,0,0,0,False,0,0,0,0,0,0,0,0,"(0.0, 6.0, 668.6)","(0.2, 0.0, 0.0, 1.0)"
0,876445.4,0,0,0,0,0,0,0,0,0,"(0.0, 0.0)","(0.0, 0.0)","(0.0, 0.0)","(0.0, 0.0, 0.0)","(0.0, 0.0, 0.0)","(0.0, 0.0, 0.0)","(0.0, 0.0, 0.0)","(0.0, 0.0, 0.0)","(0.0, 0.0, 0.0)",0,0,0,0,0,0,False,0,0,0,0,0,0,0,0,"(0.0, 6.0, 668.8)","(0.2, 0.0, 0.0, 1.0)"
0,876462.6,0,0,0,0,0,0,0,0,0,"(0.0, 0.0)","(0.0, 0.0)","(0.0, 0.0)","(0.0, 0.0, 0.0)","(0.0, 0.0, 0.0)","(0.0, 0.0, 0.0)","(0.0, 0.0, 0.0)","(0.0, 0.0, 0.0)","(0.0, 0.0, 0.0)",0,0,0,0,0,0,False,0,0,0,0,0,0,0,0,"(0.0, 6.0, 669.1)","(0.2, 0.0, 0.0, 1.0)"
0,876481.6,0,0,0,0,0,0,0,0,0,"(0.0, 0.0)","(0.0, 0.0)","(0.0, 0.0)","(0.0, 0.0, 0.0)","(0.0, 0.0, 0.0)","(0.0, 0.0, 0.0)","(0.0, 0.0, 0.0)","(0.0, 0.0, 0.0)","(0.0, 0.0, 0.0)",0,0,0,0,0,0,False,0,0,0,0,0,0,0,0,"(0.0, 6.0, 669.3)","(0.2, 0.0, 0.0, 1.0)"
0,876503.9,0,0,0,0,0,0,0,0,0,"(0.0, 0.0)","(0.0, 0.0)","(0.0, 0.0)","(0.0, 0.0, 0.0)","(0.0, 0.0, 0.0)","(0.0, 0.0, 0.0)","(0.0, 0.0, 0.0)","(0.0, 0.0, 0.0)","(0.0, 0.0, 0.0)",0,0,0,0,0,0,False,0,0,0,0,0,0,0,0,"(0.0, 6.0, 669.6)","(0.2, 0.0, 0.0, 1.0)"
0,876526,0,0,0,0,0,0,0,0,0,"(0.0, 0.0)","(0.0, 0.0)","(0.0, 0.0)","(0.0, 0.0, 0.0)","(0.0, 0.0, 0.0)","(0.0, 0.0, 0.0)","(0.0, 0.0, 0.0)","(0.0, 0.0, 0.0)","(0.0, 0.0, 0.0)",0,0,0,0,0,0,False,0,0,0,0,0,0,0,0,"(0.0, 6.0, 669.9)","(0.2, 0.0, 0.0, 1.0)"
0,876548.8,0,0,0,0,0,0,0,0,0,"(0.0, 0.0)","(0.0, 0.0)","(0.0, 0.0)","(0.0, 0.0, 0.0)","(0.0, 0.0, 0.0)","(0.0, 0.0, 0.0)","(0.0, 0.0, 0.0)","(0.0, 0.0, 0.0)","(0.0, 0.0, 0.0)",0,0,0,0,0,0,False,0,0,0,0,0,0,0,0,"(0.0, 6.0, 670.1)","(0.2, 0.0, 0.0, 1.0)"
0,876571.5,0,0,0,0,0,0,0,0,0,"(0.0, 0.0)","(0.0, 0.0)","(0.0, 0.0)","(0.0, 0.0, 0.0)","(0.0, 0.0, 0.0)","(0.0, 0.0, 0.0)","(0.0, 0.0, 0.0)","(0.0, 0.0, 0.0)","(0.0, 0.0, 0.0)",0,0,0,0,0,0,False,0,0,0,0,0,0,0,0,"(0.0, 6.0, 670.4)","(0.2, 0.0, 0.0, 1.0)"
0,876592.7,0,0,0,0,0,0,0,0,0,"(0.0, 0.0)","(0.0, 0.0)","(0.0, 0.0)","(0.0, 0.0, 0.0)","(0.0, 0.0, 0.0)","(0.0, 0.0, 0.0)","(0.0, 0.0, 0.0)","(0.0, 0.0, 0.0)","(0.0, 0.0, 0.0)",0,0,0,0,0,0,False,0,0,0,0,0,0,0,0,"(0.0, 6.0, 670.7)","(0.2, 0.0, 0.0, 1.0)"
0,876615.4,0,0,0,0,0,0,0,0,0,"(0.0, 0.0)","(0.0, 0.0)","(0.0, 0.0)","(0.0, 0.0, 0.0)","(0.0, 0.0, 0.0)","(0.0, 0.0, 0.0)","(0.0, 0.0, 0.0)","(0.0, 0.0, 0.0)","(0.0, 0.0, 0.0)",0,0,0,0,0,0,False,0,0,0,0,0,0,0,0,"(0.0, 6.0, 671.0)","(0.2, 0.0, 0.0, 1.0)"
0,876637.5,0,0,0,0,0,0,0,0,0,"(0.0, 0.0)","(0.0, 0.0)","(0.0, 0.0)","(0.0, 0.0, 0.0)","(0.0, 0.0, 0.0)","(0.0, 0.0, 0.0)","(0.0, 0.0, 0.0)","(0.0, 0.0, 0.0)","(0.0, 0.0, 0.0)",0,0,0,0,0,0,False,0,0,0,0,0,0,0,0,"(0.0, 6.0, 671.3)","(0.2, 0.0, 0.0, 1.0)"
0,876660,0,0,0,0,0,0,0,0,0,"(0.0, 0.0)","(0.0, 0.0)","(0.0, 0.0)","(0.0, 0.0, 0.0)","(0.0, 0.0, 0.0)","(0.0, 0.0, 0.0)","(0.0, 0.0, 0.0)","(0.0, 0.0, 0.0)","(0.0, 0.0, 0.0)",0,0,0,0,0,0,False,0,0,0,0,0,0,0,0,"(0.0, 6.0, 671.5)","(0.2, 0.0, 0.0, 1.0)"
0,876682.8,0,0,0,0,0,0,0,0,0,"(0.0, 0.0)","(0.0, 0.0)","(0.0, 0.0)","(0.0, 0.0, 0.0)","(0.0, 0.0, 0.0)","(0.0, 0.0, 0.0)","(0.0, 0.0, 0.0)","(0.0, 0.0, 0.0)","(0.0, 0.0, 0.0)",0,0,0,0,0,0,False,0,0,0,0,0,0,0,0,"(0.0, 6.0, 671.8)","(0.2, 0.0, 0.0, 1.0)"
0,876704.4,0,0,0,0,0,0,0,0,0,"(0.0, 0.0)","(0.0, 0.0)","(0.0, 0.0)","(0.0, 0.0, 0.0)","(0.0, 0.0, 0.0)","(0.0, 0.0, 0.0)","(0.0, 0.0, 0.0)","(0.0, 0.0, 0.0)","(0.0, 0.0, 0.0)",0,0,0,0,0,0,False,0,0,0,0,0,0,0,0,"(0.0, 6.0, 672.1)","(0.2, 0.0, 0.0, 1.0)"
0,876726.1,0,0,0,0,0,0,0,0,0,"(0.0, 0.0)","(0.0, 0.0)","(0.0, 0.0)","(0.0, 0.0, 0.0)","(0.0, 0.0, 0.0)","(0.0, 0.0, 0.0)","(0.0, 0.0, 0.0)","(0.0, 0.0, 0.0)","(0.0, 0.0, 0.0)",0,0,0,0,0,0,False,0,0,0,0,0,0,0,0,"(0.0, 6.0, 672.4)","(0.2, 0.0, 0.0, 1.0)"
0,876749.1,0,0,0,0,0,0,0,0,0,"(0.0, 0.0)","(0.0, 0.0)","(0.0, 0.0)","(0.0, 0.0, 0.0)","(0.0, 0.0, 0.0)","(0.0, 0.0, 0.0)","(0.0, 0.0, 0.0)","(0.0, 0.0, 0.0)","(0.0, 0.0, 0.0)",0,0,0,0,0,0,False,0,0,0,0,0,0,0,0,"(0.0, 6.0, 672.7)","(0.2, 0.0, 0.0, 1.0)"
0,876770.6,0,0,0,0,0,0,0,0,0,"(0.0, 0.0)","(0.0, 0.0)","(0.0, 0.0)","(0.0, 0.0, 0.0)","(0.0, 0.0, 0.0)","(0.0, 0.0, 0.0)","(0.0, 0.0, 0.0)","(0.0, 0.0, 0.0)","(0.0, 0.0, 0.0)",0,0,0,0,0,0,False,0,0,0,0,0,0,0,0,"(0.0, 6.0, 673.0)","(0.2, 0.0, 0.0, 1.0)"
0,876793,0,0,0,0,0,0,0,0,0,"(0.0, 0.0)","(0.0, 0.0)","(0.0, 0.0)","(0.0, 0.0, 0.0)","(0.0, 0.0, 0.0)","(0.0, 0.0, 0.0)","(0.0, 0.0, 0.0)","(0.0, 0.0, 0.0)","(0.0, 0.0, 0.0)",0,0,0,0,0,0,False,0,0,0,0,0,0,0,0,"(0.0, 6.0, 673.3)","(0.2, 0.0, 0.0, 1.0)"
0,876816,0,0,0,0,0,0,0,0,0,"(0.0, 0.0)","(0.0, 0.0)","(0.0, 0.0)","(0.0, 0.0, 0.0)","(0.0, 0.0, 0.0)","(0.0, 0.0, 0.0)","(0.0, 0.0, 0.0)","(0.0, 0.0, 0.0)","(0.0, 0.0, 0.0)",0,0,0,0,0,0,False,0,0,0,0,0,0,0,0,"(0.0, 6.0, 673.6)","(0.2, 0.0, 0.0, 1.0)"
0,876836.8,0,0,0,0,0,0,0,0,0,"(0.0, 0.0)","(0.0, 0.0)","(0.0, 0.0)","(0.0, 0.0, 0.0)","(0.0, 0.0, 0.0)","(0.0, 0.0, 0.0)","(0.0, 0.0, 0.0)","(0.0, 0.0, 0.0)","(0.0, 0.0, 0.0)",0,0,0,0,0,0,False,0,0,0,0,0,0,0,0,"(0.0, 6.0, 673.9)","(0.2, 0.0, 0.0, 1.0)"
0,876859.4,0,0,0,0,0,0,0,0,0,"(0.0, 0.0)","(0.0, 0.0)","(0.0, 0.0)","(0.0, 0.0, 0.0)","(0.0, 0.0, 0.0)","(0.0, 0.0, 0.0)","(0.0, 0.0, 0.0)","(0.0, 0.0, 0.0)","(0.0, 0.0, 0.0)",0,0,0,0,0,0,False,0,0,0,0,0,0,0,0,"(0.0, 6.0, 674.2)","(0.2, 0.0, 0.0, 1.0)"
0,876884.7,0,0,0,0,0,0,0,0,0,"(0.0, 0.0)","(0.0, 0.0)","(0.0, 0.0)","(0.0, 0.0, 0.0)","(0.0, 0.0, 0.0)","(0.0, 0.0, 0.0)","(0.0, 0.0, 0.0)","(0.0, 0.0, 0.0)","(0.0, 0.0, 0.0)",0,0,0,0,0,0,False,0,0,0,0,0,0,0,0,"(0.0, 6.0, 674.5)","(0.2, 0.0, 0.0, 1.0)"
0,876903.8,0,0,0,0,0,0,0,0,0,"(0.0, 0.0)","(0.0, 0.0)","(0.0, 0.0)","(0.0, 0.0, 0.0)","(0.0, 0.0, 0.0)","(0.0, 0.0, 0.0)","(0.0, 0.0, 0.0)","(0.0, 0.0, 0.0)","(0.0, 0.0, 0.0)",0,0,0,0,0,0,False,0,0,0,0,0,0,0,0,"(0.0, 6.0, 674.8)","(0.2, 0.0, 0.0, 1.0)"
0,876925.8,0,0,0,0,0,0,0,0,0,"(0.0, 0.0)","(0.0, 0.0)","(0.0, 0.0)","(0.0, 0.0, 0.0)","(0.0, 0.0, 0.0)","(0.0, 0.0, 0.0)","(0.0, 0.0, 0.0)","(0.0, 0.0, 0.0)","(0.0, 0.0, 0.0)",0,0,0,0,0,0,False,0,0,0,0,0,0,0,0,"(0.0, 6.0, 675.1)","(0.2, 0.0, 0.0, 1.0)"
0,876949.4,0,0,0,0,0,0,0,0,0,"(0.0, 0.0)","(0.0, 0.0)","(0.0, 0.0)","(0.0, 0.0, 0.0)","(0.0, 0.0, 0.0)","(0.0, 0.0, 0.0)","(0.0, 0.0, 0.0)","(0.0, 0.0, 0.0)","(0.0, 0.0, 0.0)",0,0,0,0,0,0,False,0,0,0,0,0,0,0,0,"(0.0, 6.0, 675.4)","(0.2, 0.0, 0.0, 1.0)"
0,876970.6,0,0,0,0,0,0,0,0,0,"(0.0, 0.0)","(0.0, 0.0)","(0.0, 0.0)","(0.0, 0.0, 0.0)","(0.0, 0.0, 0.0)","(0.0, 0.0, 0.0)","(0.0, 0.0, 0.0)","(0.0, 0.0, 0.0)","(0.0, 0.0, 0.0)",0,0,0,0,0,0,False,0,0,0,0,0,0,0,0,"(0.0, 6.0, 675.7)","(0.2, 0.0, 0.0, 1.0)"
0,876992.4,0,0,0,0,0,0,0,0,0,"(0.0, 0.0)","(0.0, 0.0)","(0.0, 0.0)","(0.0, 0.0, 0.0)","(0.0, 0.0, 0.0)","(0.0, 0.0, 0.0)","(0.0, 0.0, 0.0)","(0.0, 0.0, 0.0)","(0.0, 0.0, 0.0)",0,0,0,0,0,0,False,0,0,0,0,0,0,0,0,"(0.0, 6.0, 676.0)","(0.2, 0.0, 0.0, 1.0)"
0,877010.1,0,0,0,0,0,0,0,0,0,"(0.0, 0.0)","(0.0, 0.0)","(0.0, 0.0)","(0.0, 0.0, 0.0)","(0.0, 0.0, 0.0)","(0.0, 0.0, 0.0)","(0.0, 0.0, 0.0)","(0.0, 0.0, 0.0)","(0.0, 0.0, 0.0)",0,0,0,0,0,0,False,0,0,0,0,0,0,0,0,"(0.0, 6.0, 676.3)","(0.2, 0.0, 0.0, 1.0)"
0,877027.8,0,0,0,0,0,0,0,0,0,"(0.0, 0.0)","(0.0, 0.0)","(0.0, 0.0)","(0.0, 0.0, 0.0)","(0.0, 0.0, 0.0)","(0.0, 0.0, 0.0)","(0.0, 0.0, 0.0)","(0.0, 0.0, 0.0)","(0.0, 0.0, 0.0)",0,0,0,0,0,0,False,0,0,0,0,0,0,0,0,"(0.0, 6.0, 676.6)","(0.2, 0.0, 0.0, 1.0)"
0,877051,0,0,0,0,0,0,0,0,0,"(0.0, 0.0)","(0.0, 0.0)","(0.0, 0.0)","(0.0, 0.0, 0.0)","(0.0, 0.0, 0.0)","(0.0, 0.0, 0.0)","(0.0, 0.0, 0.0)","(0.0, 0.0, 0.0)","(0.0, 0.0, 0.0)",0,0,0,0,0,0,False,0,0,0,0,0,0,0,0,"(0.0, 6.0, 676.9)","(0.2, 0.0, 0.0, 1.0)"
0,877070.1,0,0,0,0,0,0,0,0,0,"(0.0, 0.0)","(0.0, 0.0)","(0.0, 0.0)","(0.0, 0.0, 0.0)","(0.0, 0.0, 0.0)","(0.0, 0.0, 0.0)","(0.0, 0.0, 0.0)","(0.0, 0.0, 0.0)","(0.0, 0.0, 0.0)",0,0,0,0,0,0,False,0,0,0,0,0,0,0,0,"(0.0, 6.0, 677.2)","(0.2, 0.0, 0.0, 1.0)"
0,877088.1,0,0,0,0,0,0,0,0,0,"(0.0, 0.0)","(0.0, 0.0)","(0.0, 0.0)","(0.0, 0.0, 0.0)","(0.0, 0.0, 0.0)","(0.0, 0.0, 0.0)","(0.0, 0.0, 0.0)","(0.0, 0.0, 0.0)","(0.0, 0.0, 0.0)",0,0,0,0,0,0,False,0,0,0,0,0,0,0,0,"(0.0, 6.0, 677.5)","(0.2, 0.0, 0.0, 1.0)"
0,877106.4,0,0,0,0,0,0,0,0,0,"(0.0, 0.0)","(0.0, 0.0)","(0.0, 0.0)","(0.0, 0.0, 0.0)","(0.0, 0.0, 0.0)","(0.0, 0.0, 0.0)","(0.0, 0.0, 0.0)","(0.0, 0.0, 0.0)","(0.0, 0.0, 0.0)",0,0,0,0,0,0,False,0,0,0,0,0,0,0,0,"(0.0, 6.0, 677.8)","(0.2, 0.0, 0.0, 1.0)"
0,877123.3,0,0,0,0,0,0,0,0,0,"(0.0, 0.0)","(0.0, 0.0)","(0.0, 0.0)","(0.0, 0.0, 0.0)","(0.0, 0.0, 0.0)","(0.0, 0.0, 0.0)","(0.0, 0.0, 0.0)","(0.0, 0.0, 0.0)","(0.0, 0.0, 0.0)",0,0,0,0,0,0,False,0,0,0,0,0,0,0,0,"(0.0, 6.0, 678.1)","(0.2, 0.0, 0.0, 1.0)"
0,877141,0,0,0,0,0,0,0,0,0,"(0.0, 0.0)","(0.0, 0.0)","(0.0, 0.0)","(0.0, 0.0, 0.0)","(0.0, 0.0, 0.0)","(0.0, 0.0, 0.0)","(0.0, 0.0, 0.0)","(0.0, 0.0, 0.0)","(0.0, 0.0, 0.0)",0,0,0,0,0,0,False,0,0,0,0,0,0,0,0,"(0.0, 6.0, 678.4)","(0.2, 0.0, 0.0, 1.0)"
0,877158.2,0,0,0,0,0,0,0,0,0,"(0.0, 0.0)","(0.0, 0.0)","(0.0, 0.0)","(0.0, 0.0, 0.0)","(0.0, 0.0, 0.0)","(0.0, 0.0, 0.0)","(0.0, 0.0, 0.0)","(0.0, 0.0, 0.0)","(0.0, 0.0, 0.0)",0,0,0,0,0,0,False,0,0,0,0,0,0,0,0,"(0.0, 6.0, 678.6)","(0.2, 0.0, 0.0, 1.0)"
0,877175.8,0,0,0,0,0,0,0,0,0,"(0.0, 0.0)","(0.0, 0.0)","(0.0, 0.0)","(0.0, 0.0, 0.0)","(0.0, 0.0, 0.0)","(0.0, 0.0, 0.0)","(0.0, 0.0, 0.0)","(0.0, 0.0, 0.0)","(0.0, 0.0, 0.0)",0,0,0,0,0,0,False,0,0,0,0,0,0,0,0,"(0.0, 6.0, 678.9)","(0.2, 0.0, 0.0, 1.0)"
0,877194,0,0,0,0,0,0,0,0,0,"(0.0, 0.0)","(0.0, 0.0)","(0.0, 0.0)","(0.0, 0.0, 0.0)","(0.0, 0.0, 0.0)","(0.0, 0.0, 0.0)","(0.0, 0.0, 0.0)","(0.0, 0.0, 0.0)","(0.0, 0.0, 0.0)",0,0,0,0,0,0,False,0,0,0,0,0,0,0,0,"(0.0, 6.0, 679.2)","(0.2, 0.0, 0.0, 1.0)"
0,877218.3,0,0,0,0,0,0,0,0,0,"(0.0, 0.0)","(0.0, 0.0)","(0.0, 0.0)","(0.0, 0.0, 0.0)","(0.0, 0.0, 0.0)","(0.0, 0.0, 0.0)","(0.0, 0.0, 0.0)","(0.0, 0.0, 0.0)","(0.0, 0.0, 0.0)",0,0,0,0,0,0,False,0,0,0,0,0,0,0,0,"(0.0, 6.0, 679.5)","(0.2, 0.0, 0.0, 1.0)"
0,877237.1,0,0,0,0,0,0,0,0,0,"(0.0, 0.0)","(0.0, 0.0)","(0.0, 0.0)","(0.0, 0.0, 0.0)","(0.0, 0.0, 0.0)","(0.0, 0.0, 0.0)","(0.0, 0.0, 0.0)","(0.0, 0.0, 0.0)","(0.0, 0.0, 0.0)",0,0,0,0,0,0,False,0,0,0,0,0,0,0,0,"(0.0, 6.0, 679.7)","(0.2, 0.0, 0.0, 1.0)"
0,877259.1,0,0,0,0,0,0,0,0,0,"(0.0, 0.0)","(0.0, 0.0)","(0.0, 0.0)","(0.0, 0.0, 0.0)","(0.0, 0.0, 0.0)","(0.0, 0.0, 0.0)","(0.0, 0.0, 0.0)","(0.0, 0.0, 0.0)","(0.0, 0.0, 0.0)",0,0,0,0,0,0,False,0,0,0,0,0,0,0,0,"(0.0, 6.0, 680.0)","(0.2, 0.0, 0.0, 1.0)"
0,877277.4,0,0,0,0,0,0,0,0,0,"(0.0, 0.0)","(0.0, 0.0)","(0.0, 0.0)","(0.0, 0.0, 0.0)","(0.0, 0.0, 0.0)","(0.0, 0.0, 0.0)","(0.0, 0.0, 0.0)","(0.0, 0.0, 0.0)","(0.0, 0.0, 0.0)",0,0,0,0,0,0,False,0,0,0,0,0,0,0,0,"(0.0, 6.0, 680.3)","(0.2, 0.0, 0.0, 1.0)"
0,877296.2,0,0,0,0,0,0,0,0,0,"(0.0, 0.0)","(0.0, 0.0)","(0.0, 0.0)","(0.0, 0.0, 0.0)","(0.0, 0.0, 0.0)","(0.0, 0.0, 0.0)","(0.0, 0.0, 0.0)","(0.0, 0.0, 0.0)","(0.0, 0.0, 0.0)",0,0,0,0,0,0,False,0,0,0,0,0,0,0,0,"(0.0, 6.0, 680.6)","(0.2, 0.0, 0.0, 1.0)"
0,877314.9,0,0,0,0,0,0,0,0,0,"(0.0, 0.0)","(0.0, 0.0)","(0.0, 0.0)","(0.0, 0.0, 0.0)","(0.0, 0.0, 0.0)","(0.0, 0.0, 0.0)","(0.0, 0.0, 0.0)","(0.0, 0.0, 0.0)","(0.0, 0.0, 0.0)",0,0,0,0,0,0,False,0,0,0,0,0,0,0,0,"(0.0, 6.0, 680.8)","(0.2, 0.0, 0.0, 1.0)"
0,877334.3,0,0,0,0,0,0,0,0,0,"(0.0, 0.0)","(0.0, 0.0)","(0.0, 0.0)","(0.0, 0.0, 0.0)","(0.0, 0.0, 0.0)","(0.0, 0.0, 0.0)","(0.0, 0.0, 0.0)","(0.0, 0.0, 0.0)","(0.0, 0.0, 0.0)",0,0,0,0,0,0,False,0,0,0,0,0,0,0,0,"(0.0, 6.0, 681.1)","(0.2, 0.0, 0.0, 1.0)"
0,877353.2,0,0,0,0,0,0,0,0,0,"(0.0, 0.0)","(0.0, 0.0)","(0.0, 0.0)","(0.0, 0.0, 0.0)","(0.0, 0.0, 0.0)","(0.0, 0.0, 0.0)","(0.0, 0.0, 0.0)","(0.0, 0.0, 0.0)","(0.0, 0.0, 0.0)",0,0,0,0,0,0,False,0,0,0,0,0,0,0,0,"(0.0, 6.0, 681.4)","(0.2, 0.0, 0.0, 1.0)"
0,877371.1,0,0,0,0,0,0,0,0,0,"(0.0, 0.0)","(0.0, 0.0)","(0.0, 0.0)","(0.0, 0.0, 0.0)","(0.0, 0.0, 0.0)","(0.0, 0.0, 0.0)","(0.0, 0.0, 0.0)","(0.0, 0.0, 0.0)","(0.0, 0.0, 0.0)",0,0,0,0,0,0,False,0,0,0,0,0,0,0,0,"(0.0, 6.0, 681.7)","(0.2, 0.0, 0.0, 1.0)"
0,877392.6,0,0,0,0,0,0,0,0,0,"(0.0, 0.0)","(0.0, 0.0)","(0.0, 0.0)","(0.0, 0.0, 0.0)","(0.0, 0.0, 0.0)","(0.0, 0.0, 0.0)","(0.0, 0.0, 0.0)","(0.0, 0.0, 0.0)","(0.0, 0.0, 0.0)",0,0,0,0,0,0,False,0,0,0,0,0,0,0,0,"(0.0, 6.0, 681.9)","(0.2, 0.0, 0.0, 1.0)"
0,877410.3,0,0,0,0,0,0,0,0,0,"(0.0, 0.0)","(0.0, 0.0)","(0.0, 0.0)","(0.0, 0.0, 0.0)","(0.0, 0.0, 0.0)","(0.0, 0.0, 0.0)","(0.0, 0.0, 0.0)","(0.0, 0.0, 0.0)","(0.0, 0.0, 0.0)",0,0,0,0,0,0,False,0,0,0,0,0,0,0,0,"(0.0, 6.0, 682.2)","(0.2, 0.0, 0.0, 1.0)"
0,877428.8,0,0,0,0,0,0,0,0,0,"(0.0, 0.0)","(0.0, 0.0)","(0.0, 0.0)","(0.0, 0.0, 0.0)","(0.0, 0.0, 0.0)","(0.0, 0.0, 0.0)","(0.0, 0.0, 0.0)","(0.0, 0.0, 0.0)","(0.0, 0.0, 0.0)",0,0,0,0,0,0,False,0,0,0,0,0,0,0,0,"(0.0, 6.0, 682.5)","(0.2, 0.0, 0.0, 1.0)"
0,877451.5,0,0,0,0,0,0,0,0,0,"(0.0, 0.0)","(0.0, 0.0)","(0.0, 0.0)","(0.0, 0.0, 0.0)","(0.0, 0.0, 0.0)","(0.0, 0.0, 0.0)","(0.0, 0.0, 0.0)","(0.0, 0.0, 0.0)","(0.0, 0.0, 0.0)",0,0,0,0,0,0,False,0,0,0,0,0,0,0,0,"(0.0, 6.0, 682.7)","(0.2, 0.0, 0.0, 1.0)"
0,877467.8,0,0,0,0,0,0,0,0,0,"(0.0, 0.0)","(0.0, 0.0)","(0.0, 0.0)","(0.0, 0.0, 0.0)","(0.0, 0.0, 0.0)","(0.0, 0.0, 0.0)","(0.0, 0.0, 0.0)","(0.0, 0.0, 0.0)","(0.0, 0.0, 0.0)",0,0,0,0,0,0,False,0,0,0,0,0,0,0,0,"(0.0, 6.0, 683.0)","(0.2, 0.0, 0.0, 1.0)"
0,877485.1,0,0,0,0,0,0,0,0,0,"(0.0, 0.0)","(0.0, 0.0)","(0.0, 0.0)","(0.0, 0.0, 0.0)","(0.0, 0.0, 0.0)","(0.0, 0.0, 0.0)","(0.0, 0.0, 0.0)","(0.0, 0.0, 0.0)","(0.0, 0.0, 0.0)",0,0,0,0,0,0,False,0,0,0,0,0,0,0,0,"(0.0, 6.0, 683.3)","(0.2, 0.0, 0.0, 1.0)"
0,877503.1,0,0,0,0,0,0,0,0,0,"(0.0, 0.0)","(0.0, 0.0)","(0.0, 0.0)","(0.0, 0.0, 0.0)","(0.0, 0.0, 0.0)","(0.0, 0.0, 0.0)","(0.0, 0.0, 0.0)","(0.0, 0.0, 0.0)","(0.0, 0.0, 0.0)",0,0,0,0,0,0,False,0,0,0,0,0,0,0,0,"(0.0, 6.0, 683.5)","(0.2, 0.0, 0.0, 1.0)"
0,877525.3,0,0,0,0,0,0,0,0,0,"(0.0, 0.0)","(0.0, 0.0)","(0.0, 0.0)","(0.0, 0.0, 0.0)","(0.0, 0.0, 0.0)","(0.0, 0.0, 0.0)","(0.0, 0.0, 0.0)","(0.0, 0.0, 0.0)","(0.0, 0.0, 0.0)",0,0,0,0,0,0,False,0,0,0,0,0,0,0,0,"(0.0, 6.0, 683.8)","(0.2, 0.0, 0.0, 1.0)"
0,877548.6,0,0,0,0,0,0,0,0,0,"(0.0, 0.0)","(0.0, 0.0)","(0.0, 0.0)","(0.0, 0.0, 0.0)","(0.0, 0.0, 0.0)","(0.0, 0.0, 0.0)","(0.0, 0.0, 0.0)","(0.0, 0.0, 0.0)","(0.0, 0.0, 0.0)",0,0,0,0,0,0,False,0,0,0,0,0,0,0,0,"(0.0, 6.0, 684.1)","(0.2, 0.0, 0.0, 1.0)"
0,877570,0,0,0,0,0,0,0,0,0,"(0.0, 0.0)","(0.0, 0.0)","(0.0, 0.0)","(0.0, 0.0, 0.0)","(0.0, 0.0, 0.0)","(0.0, 0.0, 0.0)","(0.0, 0.0, 0.0)","(0.0, 0.0, 0.0)","(0.0, 0.0, 0.0)",0,0,0,0,0,0,False,0,0,0,0,0,0,0,0,"(0.0, 6.0, 684.4)","(0.2, 0.0, 0.0, 1.0)"
0,877592.2,0,0,0,0,0,0,0,0,0,"(0.0, 0.0)","(0.0, 0.0)","(0.0, 0.0)","(0.0, 0.0, 0.0)","(0.0, 0.0, 0.0)","(0.0, 0.0, 0.0)","(0.0, 0.0, 0.0)","(0.0, 0.0, 0.0)","(0.0, 0.0, 0.0)",0,0,0,0,0,0,False,0,0,0,0,0,0,0,0,"(0.0, 6.0, 684.6)","(0.2, 0.0, 0.0, 1.0)"
0,877615,0,0,0,0,0,0,0,0,0,"(0.0, 0.0)","(0.0, 0.0)","(0.0, 0.0)","(0.0, 0.0, 0.0)","(0.0, 0.0, 0.0)","(0.0, 0.0, 0.0)","(0.0, 0.0, 0.0)","(0.0, 0.0, 0.0)","(0.0, 0.0, 0.0)",0,0,0,0,0,0,False,0,0,0,0,0,0,0,0,"(0.0, 6.0, 684.9)","(0.2, 0.0, 0.0, 1.0)"
0,877636.6,0,0,0,0,0,0,0,0,0,"(0.0, 0.0)","(0.0, 0.0)","(0.0, 0.0)","(0.0, 0.0, 0.0)","(0.0, 0.0, 0.0)","(0.0, 0.0, 0.0)","(0.0, 0.0, 0.0)","(0.0, 0.0, 0.0)","(0.0, 0.0, 0.0)",0,0,0,0,0,0,False,0,0,0,0,0,0,0,0,"(0.0, 6.0, 685.2)","(0.2, 0.0, 0.0, 1.0)"
0,877658.9,0,0,0,0,0,0,0,0,0,"(0.0, 0.0)","(0.0, 0.0)","(0.0, 0.0)","(0.0, 0.0, 0.0)","(0.0, 0.0, 0.0)","(0.0, 0.0, 0.0)","(0.0, 0.0, 0.0)","(0.0, 0.0, 0.0)","(0.0, 0.0, 0.0)",0,0,0,0,0,0,False,0,0,0,0,0,0,0,0,"(0.0, 6.0, 685.5)","(0.2, 0.0, 0.0, 1.0)"
0,877681.5,0,0,0,0,0,0,0,0,0,"(0.0, 0.0)","(0.0, 0.0)","(0.0, 0.0)","(0.0, 0.0, 0.0)","(0.0, 0.0, 0.0)","(0.0, 0.0, 0.0)","(0.0, 0.0, 0.0)","(0.0, 0.0, 0.0)","(0.0, 0.0, 0.0)",0,0,0,0,0,0,False,0,0,0,0,0,0,0,0,"(0.0, 6.0, 685.8)","(0.2, 0.0, 0.0, 1.0)"
0,877703,0,0,0,0,0,0,0,0,0,"(0.0, 0.0)","(0.0, 0.0)","(0.0, 0.0)","(0.0, 0.0, 0.0)","(0.0, 0.0, 0.0)","(0.0, 0.0, 0.0)","(0.0, 0.0, 0.0)","(0.0, 0.0, 0.0)","(0.0, 0.0, 0.0)",0,0,0,0,0,0,False,0,0,0,0,0,0,0,0,"(0.0, 6.0, 686.1)","(0.2, 0.0, 0.0, 1.0)"
0,877725.5,0,0,0,0,0,0,0,0,0,"(0.0, 0.0)","(0.0, 0.0)","(0.0, 0.0)","(0.0, 0.0, 0.0)","(0.0, 0.0, 0.0)","(0.0, 0.0, 0.0)","(0.0, 0.0, 0.0)","(0.0, 0.0, 0.0)","(0.0, 0.0, 0.0)",0,0,0,0,0,0,False,0,0,0,0,0,0,0,0,"(0.0, 6.0, 686.4)","(0.2, 0.0, 0.0, 1.0)"
0,877748.4,0,0,0,0,0,0,0,0,0,"(0.0, 0.0)","(0.0, 0.0)","(0.0, 0.0)","(0.0, 0.0, 0.0)","(0.0, 0.0, 0.0)","(0.0, 0.0, 0.0)","(0.0, 0.0, 0.0)","(0.0, 0.0, 0.0)","(0.0, 0.0, 0.0)",0,0,0,0,0,0,False,0,0,0,0,0,0,0,0,"(0.0, 6.0, 686.7)","(0.2, 0.0, 0.0, 1.0)"
0,877769.7,0,0,0,0,0,0,0,0,0,"(0.0, 0.0)","(0.0, 0.0)","(0.0, 0.0)","(0.0, 0.0, 0.0)","(0.0, 0.0, 0.0)","(0.0, 0.0, 0.0)","(0.0, 0.0, 0.0)","(0.0, 0.0, 0.0)","(0.0, 0.0, 0.0)",0,0,0,0,0,0,False,0,0,0,0,0,0,0,0,"(0.0, 6.0, 687.0)","(0.2, 0.0, 0.0, 1.0)"
0,877792.1,0,0,0,0,0,0,0,0,0,"(0.0, 0.0)","(0.0, 0.0)","(0.0, 0.0)","(0.0, 0.0, 0.0)","(0.0, 0.0, 0.0)","(0.0, 0.0, 0.0)","(0.0, 0.0, 0.0)","(0.0, 0.0, 0.0)","(0.0, 0.0, 0.0)",0,0,0,0,0,0,False,0,0,0,0,0,0,0,0,"(0.0, 6.0, 687.3)","(0.2, 0.0, 0.0, 1.0)"
0,877814.8,0,0,0,0,0,0,0,0,0,"(0.0, 0.0)","(0.0, 0.0)","(0.0, 0.0)","(0.0, 0.0, 0.0)","(0.0, 0.0, 0.0)","(0.0, 0.0, 0.0)","(0.0, 0.0, 0.0)","(0.0, 0.0, 0.0)","(0.0, 0.0, 0.0)",0,0,0,0,0,0,False,0,0,0,0,0,0,0,0,"(0.0, 6.0, 687.6)","(0.2, 0.0, 0.0, 1.0)"
0,877836.5,0,0,0,0,0,0,0,0,0,"(0.0, 0.0)","(0.0, 0.0)","(0.0, 0.0)","(0.0, 0.0, 0.0)","(0.0, 0.0, 0.0)","(0.0, 0.0, 0.0)","(0.0, 0.0, 0.0)","(0.0, 0.0, 0.0)","(0.0, 0.0, 0.0)",0,0,0,0,0,0,False,0,0,0,0,0,0,0,0,"(0.0, 6.0, 687.9)","(0.2, 0.0, 0.0, 1.0)"
0,877858.8,0,0,0,0,0,0,0,0,0,"(0.0, 0.0)","(0.0, 0.0)","(0.0, 0.0)","(0.0, 0.0, 0.0)","(0.0, 0.0, 0.0)","(0.0, 0.0, 0.0)","(0.0, 0.0, 0.0)","(0.0, 0.0, 0.0)","(0.0, 0.0, 0.0)",0,0,0,0,0,0,False,0,0,0,0,0,0,0,0,"(0.0, 6.0, 688.2)","(0.2, 0.0, 0.0, 1.0)"
0,877881.7,0,0,0,0,0,0,0,0,0,"(0.0, 0.0)","(0.0, 0.0)","(0.0, 0.0)","(0.0, 0.0, 0.0)","(0.0, 0.0, 0.0)","(0.0, 0.0, 0.0)","(0.0, 0.0, 0.0)","(0.0, 0.0, 0.0)","(0.0, 0.0, 0.0)",0,0,0,0,0,0,False,0,0,0,0,0,0,0,0,"(0.0, 6.0, 688.5)","(0.2, 0.0, 0.0, 1.0)"
0,877904.9,0,0,0,0,0,0,0,0,0,"(0.0, 0.0)","(0.0, 0.0)","(0.0, 0.0)","(0.0, 0.0, 0.0)","(0.0, 0.0, 0.0)","(0.0, 0.0, 0.0)","(0.0, 0.0, 0.0)","(0.0, 0.0, 0.0)","(0.0, 0.0, 0.0)",0,0,0,0,0,0,False,0,0,0,0,0,0,0,0,"(0.0, 6.0, 688.8)","(0.2, 0.0, 0.0, 1.0)"
0,877925.1,0,0,0,0,0,0,0,0,0,"(0.0, 0.0)","(0.0, 0.0)","(0.0, 0.0)","(0.0, 0.0, 0.0)","(0.0, 0.0, 0.0)","(0.0, 0.0, 0.0)","(0.0, 0.0, 0.0)","(0.0, 0.0, 0.0)","(0.0, 0.0, 0.0)",0,0,0,0,0,0,False,0,0,0,0,0,0,0,0,"(0.0, 6.0, 689.1)","(0.2, 0.0, 0.0, 1.0)"
0,877941.1,0,0,0,0,0,0,0,0,0,"(0.0, 0.0)","(0.0, 0.0)","(0.0, 0.0)","(0.0, 0.0, 0.0)","(0.0, 0.0, 0.0)","(0.0, 0.0, 0.0)","(0.0, 0.0, 0.0)","(0.0, 0.0, 0.0)","(0.0, 0.0, 0.0)",0,0,0,0,0,0,False,0,0,0,0,0,0,0,0,"(0.0, 6.0, 689.4)","(0.2, 0.0, 0.0, 1.0)"
0,877958.5,0,0,0,0,0,0,0,0,0,"(0.0, 0.0)","(0.0, 0.0)","(0.0, 0.0)","(0.0, 0.0, 0.0)","(0.0, 0.0, 0.0)","(0.0, 0.0, 0.0)","(0.0, 0.0, 0.0)","(0.0, 0.0, 0.0)","(0.0, 0.0, 0.0)",0,0,0,0,0,0,False,0,0,0,0,0,0,0,0,"(0.0, 6.0, 689.7)","(0.2, 0.0, 0.0, 1.0)"
0,877975.1,0,0,0,0,0,0,0,0,0,"(0.0, 0.0)","(0.0, 0.0)","(0.0, 0.0)","(0.0, 0.0, 0.0)","(0.0, 0.0, 0.0)","(0.0, 0.0, 0.0)","(0.0, 0.0, 0.0)","(0.0, 0.0, 0.0)","(0.0, 0.0, 0.0)",0,0,0,0,0,0,False,0,0,0,0,0,0,0,0,"(0.0, 6.0, 690.0)","(0.2, 0.0, 0.0, 1.0)"
0,877991.7,0,0,0,0,0,0,0,0,0,"(0.0, 0.0)","(0.0, 0.0)","(0.0, 0.0)","(0.0, 0.0, 0.0)","(0.0, 0.0, 0.0)","(0.0, 0.0, 0.0)","(0.0, 0.0, 0.0)","(0.0, 0.0, 0.0)","(0.0, 0.0, 0.0)",0,0,0,0,0,0,False,0,0,0,0,0,0,0,0,"(0.0, 6.0, 690.3)","(0.2, 0.0, 0.0, 1.0)"
0,878009.1,0,0,0,0,0,0,0,0,0,"(0.0, 0.0)","(0.0, 0.0)","(0.0, 0.0)","(0.0, 0.0, 0.0)","(0.0, 0.0, 0.0)","(0.0, 0.0, 0.0)","(0.0, 0.0, 0.0)","(0.0, 0.0, 0.0)","(0.0, 0.0, 0.0)",0,0,0,0,0,0,False,0,0,0,0,0,0,0,0,"(0.0, 6.0, 690.5)","(0.2, 0.0, 0.0, 1.0)"
0,878026.4,0,0,0,0,0,0,0,0,0,"(0.0, 0.0)","(0.0, 0.0)","(0.0, 0.0)","(0.0, 0.0, 0.0)","(0.0, 0.0, 0.0)","(0.0, 0.0, 0.0)","(0.0, 0.0, 0.0)","(0.0, 0.0, 0.0)","(0.0, 0.0, 0.0)",0,0,0,0,0,0,False,0,0,0,0,0,0,0,0,"(0.0, 6.0, 690.8)","(0.2, 0.0, 0.0, 1.0)"
0,878050.5,0,0,0,0,0,0,0,0,0,"(0.0, 0.0)","(0.0, 0.0)","(0.0, 0.0)","(0.0, 0.0, 0.0)","(0.0, 0.0, 0.0)","(0.0, 0.0, 0.0)","(0.0, 0.0, 0.0)","(0.0, 0.0, 0.0)","(0.0, 0.0, 0.0)",0,0,0,0,0,0,False,0,0,0,0,0,0,0,0,"(0.0, 6.0, 691.1)","(0.2, 0.0, 0.0, 1.0)"
0,878073.5,0,0,0,0,0,0,0,0,0,"(0.0, 0.0)","(0.0, 0.0)","(0.0, 0.0)","(0.0, 0.0, 0.0)","(0.0, 0.0, 0.0)","(0.0, 0.0, 0.0)","(0.0, 0.0, 0.0)","(0.0, 0.0, 0.0)","(0.0, 0.0, 0.0)",0,0,0,0,0,0,False,0,0,0,0,0,0,0,0,"(0.0, 6.0, 691.4)","(0.2, 0.0, 0.0, 1.0)"
0,878090.2,0,0,0,0,0,0,0,0,0,"(0.0, 0.0)","(0.0, 0.0)","(0.0, 0.0)","(0.0, 0.0, 0.0)","(0.0, 0.0, 0.0)","(0.0, 0.0, 0.0)","(0.0, 0.0, 0.0)","(0.0, 0.0, 0.0)","(0.0, 0.0, 0.0)",0,0,0,0,0,0,False,0,0,0,0,0,0,0,0,"(0.0, 6.0, 691.6)","(0.2, 0.0, 0.0, 1.0)"
0,878107.6,0,0,0,0,0,0,0,0,0,"(0.0, 0.0)","(0.0, 0.0)","(0.0, 0.0)","(0.0, 0.0, 0.0)","(0.0, 0.0, 0.0)","(0.0, 0.0, 0.0)","(0.0, 0.0, 0.0)","(0.0, 0.0, 0.0)","(0.0, 0.0, 0.0)",0,0,0,0,0,0,False,0,0,0,0,0,0,0,0,"(0.0, 6.0, 691.9)","(0.2, 0.0, 0.0, 1.0)"
0,878124.3,0,0,0,0,0,0,0,0,0,"(0.0, 0.0)","(0.0, 0.0)","(0.0, 0.0)","(0.0, 0.0, 0.0)","(0.0, 0.0, 0.0)","(0.0, 0.0, 0.0)","(0.0, 0.0, 0.0)","(0.0, 0.0, 0.0)","(0.0, 0.0, 0.0)",0,0,0,0,0,0,False,0,0,0,0,0,0,0,0,"(0.0, 6.0, 692.2)","(0.2, 0.0, 0.0, 1.0)"
0,878142.8,0,0,0,0,0,0,0,0,0,"(0.0, 0.0)","(0.0, 0.0)","(0.0, 0.0)","(0.0, 0.0, 0.0)","(0.0, 0.0, 0.0)","(0.0, 0.0, 0.0)","(0.0, 0.0, 0.0)","(0.0, 0.0, 0.0)","(0.0, 0.0, 0.0)",0,0,0,0,0,0,False,0,0,0,0,0,0,0,0,"(0.0, 6.0, 692.5)","(0.2, 0.0, 0.0, 1.0)"
0,878159.4,0,0,0,0,0,0,0,0,0,"(0.0, 0.0)","(0.0, 0.0)","(0.0, 0.0)","(0.0, 0.0, 0.0)","(0.0, 0.0, 0.0)","(0.0, 0.0, 0.0)","(0.0, 0.0, 0.0)","(0.0, 0.0, 0.0)","(0.0, 0.0, 0.0)",0,0,0,0,0,0,False,0,0,0,0,0,0,0,0,"(0.0, 6.0, 692.7)","(0.2, 0.0, 0.0, 1.0)"
0,878175.9,0,0,0,0,0,0,0,0,0,"(0.0, 0.0)","(0.0, 0.0)","(0.0, 0.0)","(0.0, 0.0, 0.0)","(0.0, 0.0, 0.0)","(0.0, 0.0, 0.0)","(0.0, 0.0, 0.0)","(0.0, 0.0, 0.0)","(0.0, 0.0, 0.0)",0,0,0,0,0,0,False,0,0,0,0,0,0,0,0,"(0.0, 6.0, 693.0)","(0.2, 0.0, 0.0, 1.0)"
0,878192.1,0,0,0,0,0,0,0,0,0,"(0.0, 0.0)","(0.0, 0.0)","(0.0, 0.0)","(0.0, 0.0, 0.0)","(0.0, 0.0, 0.0)","(0.0, 0.0, 0.0)","(0.0, 0.0, 0.0)","(0.0, 0.0, 0.0)","(0.0, 0.0, 0.0)",0,0,0,0,0,0,False,0,0,0,0,0,0,0,0,"(0.0, 6.0, 693.2)","(0.2, 0.0, 0.0, 1.0)"
0,878214.5,0,0,0,0,0,0,0,0,0,"(0.0, 0.0)","(0.0, 0.0)","(0.0, 0.0)","(0.0, 0.0, 0.0)","(0.0, 0.0, 0.0)","(0.0, 0.0, 0.0)","(0.0, 0.0, 0.0)","(0.0, 0.0, 0.0)","(0.0, 0.0, 0.0)",0,0,0,0,0,0,False,0,0,0,0,0,0,0,0,"(0.0, 6.0, 693.5)","(0.2, 0.0, 0.0, 1.0)"
0,878233.1,0,0,0,0,0,0,0,0,0,"(0.0, 0.0)","(0.0, 0.0)","(0.0, 0.0)","(0.0, 0.0, 0.0)","(0.0, 0.0, 0.0)","(0.0, 0.0, 0.0)","(0.0, 0.0, 0.0)","(0.0, 0.0, 0.0)","(0.0, 0.0, 0.0)",0,0,0,0,0,0,False,0,0,0,0,0,0,0,0,"(0.0, 6.0, 693.8)","(0.2, 0.0, 0.0, 1.0)"
0,878251.3,0,0,0,0,0,0,0,0,0,"(0.0, 0.0)","(0.0, 0.0)","(0.0, 0.0)","(0.0, 0.0, 0.0)","(0.0, 0.0, 0.0)","(0.0, 0.0, 0.0)","(0.0, 0.0, 0.0)","(0.0, 0.0, 0.0)","(0.0, 0.0, 0.0)",0,0,0,0,0,0,False,0,0,0,0,0,0,0,0,"(0.0, 6.0, 694.0)","(0.2, 0.0, 0.0, 1.0)"
0,878269.3,0,0,0,0,0,0,0,0,0,"(0.0, 0.0)","(0.0, 0.0)","(0.0, 0.0)","(0.0, 0.0, 0.0)","(0.0, 0.0, 0.0)","(0.0, 0.0, 0.0)","(0.0, 0.0, 0.0)","(0.0, 0.0, 0.0)","(0.0, 0.0, 0.0)",0,0,0,0,0,0,False,0,0,0,0,0,0,0,0,"(0.0, 6.0, 694.3)","(0.2, 0.0, 0.0, 1.0)"
0,878286.3,0,0,0,0,0,0,0,0,0,"(0.0, 0.0)","(0.0, 0.0)","(0.0, 0.0)","(0.0, 0.0, 0.0)","(0.0, 0.0, 0.0)","(0.0, 0.0, 0.0)","(0.0, 0.0, 0.0)","(0.0, 0.0, 0.0)","(0.0, 0.0, 0.0)",0,0,0,0,0,0,False,0,0,0,0,0,0,0,0,"(0.0, 6.0, 694.6)","(0.2, 0.0, 0.0, 1.0)"
0,878304.1,0,0,0,0,0,0,0,0,0,"(0.0, 0.0)","(0.0, 0.0)","(0.0, 0.0)","(0.0, 0.0, 0.0)","(0.0, 0.0, 0.0)","(0.0, 0.0, 0.0)","(0.0, 0.0, 0.0)","(0.0, 0.0, 0.0)","(0.0, 0.0, 0.0)",0,0,0,0,0,0,False,0,0,0,0,0,0,0,0,"(0.0, 6.0, 694.8)","(0.2, 0.0, 0.0, 1.0)"
0,878322.2,0,0,0,0,0,0,0,0,0,"(0.0, 0.0)","(0.0, 0.0)","(0.0, 0.0)","(0.0, 0.0, 0.0)","(0.0, 0.0, 0.0)","(0.0, 0.0, 0.0)","(0.0, 0.0, 0.0)","(0.0, 0.0, 0.0)","(0.0, 0.0, 0.0)",0,0,0,0,0,0,False,0,0,0,0,0,0,0,0,"(0.0, 6.0, 695.1)","(0.2, 0.0, 0.0, 1.0)"
0,878340.5,0,0,0,0,0,0,0,0,0,"(0.0, 0.0)","(0.0, 0.0)","(0.0, 0.0)","(0.0, 0.0, 0.0)","(0.0, 0.0, 0.0)","(0.0, 0.0, 0.0)","(0.0, 0.0, 0.0)","(0.0, 0.0, 0.0)","(0.0, 0.0, 0.0)",0,0,0,0,0,0,False,0,0,0,0,0,0,0,0,"(0.0, 6.0, 695.3)","(0.2, 0.0, 0.0, 1.0)"
0,878358.4,0,0,0,0,0,0,0,0,0,"(0.0, 0.0)","(0.0, 0.0)","(0.0, 0.0)","(0.0, 0.0, 0.0)","(0.0, 0.0, 0.0)","(0.0, 0.0, 0.0)","(0.0, 0.0, 0.0)","(0.0, 0.0, 0.0)","(0.0, 0.0, 0.0)",0,0,0,0,0,0,False,0,0,0,0,0,0,0,0,"(0.0, 6.0, 695.6)","(0.2, 0.0, 0.0, 1.0)"
0,878381.1,0,0,0,0,0,0,0,0,0,"(0.0, 0.0)","(0.0, 0.0)","(0.0, 0.0)","(0.0, 0.0, 0.0)","(0.0, 0.0, 0.0)","(0.0, 0.0, 0.0)","(0.0, 0.0, 0.0)","(0.0, 0.0, 0.0)","(0.0, 0.0, 0.0)",0,0,0,0,0,0,False,0,0,0,0,0,0,0,0,"(0.0, 6.0, 695.9)","(0.2, 0.0, 0.0, 1.0)"
0,878403.3,0,0,0,0,0,0,0,0,0,"(0.0, 0.0)","(0.0, 0.0)","(0.0, 0.0)","(0.0, 0.0, 0.0)","(0.0, 0.0, 0.0)","(0.0, 0.0, 0.0)","(0.0, 0.0, 0.0)","(0.0, 0.0, 0.0)","(0.0, 0.0, 0.0)",0,0,0,0,0,0,False,0,0,0,0,0,0,0,0,"(0.0, 6.0, 696.1)","(0.2, 0.0, 0.0, 1.0)"
0,878425.2,0,0,0,0,0,0,0,0,0,"(0.0, 0.0)","(0.0, 0.0)","(0.0, 0.0)","(0.0, 0.0, 0.0)","(0.0, 0.0, 0.0)","(0.0, 0.0, 0.0)","(0.0, 0.0, 0.0)","(0.0, 0.0, 0.0)","(0.0, 0.0, 0.0)",0,0,0,0,0,0,False,0,0,0,0,0,0,0,0,"(0.0, 6.0, 696.4)","(0.2, 0.0, 0.0, 1.0)"
0,878448,0,0,0,0,0,0,0,0,0,"(0.0, 0.0)","(0.0, 0.0)","(0.0, 0.0)","(0.0, 0.0, 0.0)","(0.0, 0.0, 0.0)","(0.0, 0.0, 0.0)","(0.0, 0.0, 0.0)","(0.0, 0.0, 0.0)","(0.0, 0.0, 0.0)",0,0,0,0,0,0,False,0,0,0,0,0,0,0,0,"(0.0, 6.0, 696.7)","(0.2, 0.0, 0.0, 1.0)"
0,878471.7,0,0,0,0,0,0,0,0,0,"(0.0, 0.0)","(0.0, 0.0)","(0.0, 0.0)","(0.0, 0.0, 0.0)","(0.0, 0.0, 0.0)","(0.0, 0.0, 0.0)","(0.0, 0.0, 0.0)","(0.0, 0.0, 0.0)","(0.0, 0.0, 0.0)",0,0,0,0,0,0,False,0,0,0,0,0,0,0,0,"(0.0, 6.0, 697.0)","(0.2, 0.0, 0.0, 1.0)"
0,878491.5,0,0,0,0,0,0,0,0,0,"(0.0, 0.0)","(0.0, 0.0)","(0.0, 0.0)","(0.0, 0.0, 0.0)","(0.0, 0.0, 0.0)","(0.0, 0.0, 0.0)","(0.0, 0.0, 0.0)","(0.0, 0.0, 0.0)","(0.0, 0.0, 0.0)",0,0,0,0,0,0,False,0,0,0,0,0,0,0,0,"(0.0, 6.0, 697.2)","(0.2, 0.0, 0.0, 1.0)"
0,878515.1,0,0,0,0,0,0,0,0,0,"(0.0, 0.0)","(0.0, 0.0)","(0.0, 0.0)","(0.0, 0.0, 0.0)","(0.0, 0.0, 0.0)","(0.0, 0.0, 0.0)","(0.0, 0.0, 0.0)","(0.0, 0.0, 0.0)","(0.0, 0.0, 0.0)",0,0,0,0,0,0,False,0,0,0,0,0,0,0,0,"(0.0, 6.0, 697.5)","(0.2, 0.0, 0.0, 1.0)"
0,878539.2,0,0,0,0,0,0,0,0,0,"(0.0, 0.0)","(0.0, 0.0)","(0.0, 0.0)","(0.0, 0.0, 0.0)","(0.0, 0.0, 0.0)","(0.0, 0.0, 0.0)","(0.0, 0.0, 0.0)","(0.0, 0.0, 0.0)","(0.0, 0.0, 0.0)",0,0,0,0,0,0,False,0,0,0,0,0,0,0,0,"(0.0, 6.0, 697.8)","(0.2, 0.0, 0.0, 1.0)"
0,878558.5,0,0,0,0,0,0,0,0,0,"(0.0, 0.0)","(0.0, 0.0)","(0.0, 0.0)","(0.0, 0.0, 0.0)","(0.0, 0.0, 0.0)","(0.0, 0.0, 0.0)","(0.0, 0.0, 0.0)","(0.0, 0.0, 0.0)","(0.0, 0.0, 0.0)",0,0,0,0,0,0,False,0,0,0,0,0,0,0,0,"(0.0, 6.0, 698.1)","(0.2, 0.0, 0.0, 1.0)"
0,878581.1,0,0,0,0,0,0,0,0,0,"(0.0, 0.0)","(0.0, 0.0)","(0.0, 0.0)","(0.0, 0.0, 0.0)","(0.0, 0.0, 0.0)","(0.0, 0.0, 0.0)","(0.0, 0.0, 0.0)","(0.0, 0.0, 0.0)","(0.0, 0.0, 0.0)",0,0,0,0,0,0,False,0,0,0,0,0,0,0,0,"(0.0, 6.0, 698.4)","(0.2, 0.0, 0.0, 1.0)"
0,878603.4,0,0,0,0,0,0,0,0,0,"(0.0, 0.0)","(0.0, 0.0)","(0.0, 0.0)","(0.0, 0.0, 0.0)","(0.0, 0.0, 0.0)","(0.0, 0.0, 0.0)","(0.0, 0.0, 0.0)","(0.0, 0.0, 0.0)","(0.0, 0.0, 0.0)",0,0,0,0,0,0,False,0,0,0,0,0,0,0,0,"(0.0, 6.0, 698.7)","(0.2, 0.0, 0.0, 1.0)"
0,878625.8,0,0,0,0,0,0,0,0,0,"(0.0, 0.0)","(0.0, 0.0)","(0.0, 0.0)","(0.0, 0.0, 0.0)","(0.0, 0.0, 0.0)","(0.0, 0.0, 0.0)","(0.0, 0.0, 0.0)","(0.0, 0.0, 0.0)","(0.0, 0.0, 0.0)",0,0,0,0,0,0,False,0,0,0,0,0,0,0,0,"(0.0, 6.0, 699.0)","(0.2, 0.0, 0.0, 1.0)"
0,878648.4,0,0,0,0,0,0,0,0,0,"(0.0, 0.0)","(0.0, 0.0)","(0.0, 0.0)","(0.0, 0.0, 0.0)","(0.0, 0.0, 0.0)","(0.0, 0.0, 0.0)","(0.0, 0.0, 0.0)","(0.0, 0.0, 0.0)","(0.0, 0.0, 0.0)",0,0,0,0,0,0,False,0,0,0,0,0,0,0,0,"(0.0, 6.0, 699.3)","(0.2, 0.0, 0.0, 1.0)"
0,878671.4,0,0,0,0,0,0,0,0,0,"(0.0, 0.0)","(0.0, 0.0)","(0.0, 0.0)","(0.0, 0.0, 0.0)","(0.0, 0.0, 0.0)","(0.0, 0.0, 0.0)","(0.0, 0.0, 0.0)","(0.0, 0.0, 0.0)","(0.0, 0.0, 0.0)",0,0,0,0,0,0,False,0,0,0,0,0,0,0,0,"(0.0, 6.0, 699.6)","(0.2, 0.0, 0.0, 1.0)"
0,878692.2,0,0,0,0,0,0,0,0,0,"(0.0, 0.0)","(0.0, 0.0)","(0.0, 0.0)","(0.0, 0.0, 0.0)","(0.0, 0.0, 0.0)","(0.0, 0.0, 0.0)","(0.0, 0.0, 0.0)","(0.0, 0.0, 0.0)","(0.0, 0.0, 0.0)",0,0,0,0,0,0,False,0,0,0,0,0,0,0,0,"(0.0, 6.0, 699.9)","(0.2, 0.0, 0.0, 1.0)"
0,878716.1,0,0,0,0,0,0,0,0,0,"(0.0, 0.0)","(0.0, 0.0)","(0.0, 0.0)","(0.0, 0.0, 0.0)","(0.0, 0.0, 0.0)","(0.0, 0.0, 0.0)","(0.0, 0.0, 0.0)","(0.0, 0.0, 0.0)","(0.0, 0.0, 0.0)",0,0,0,0,0,0,False,0,0,0,0,0,0,0,0,"(0.0, 6.0, 700.2)","(0.2, 0.0, 0.0, 1.0)"
0,878737.2,0,0,0,0,0,0,0,0,0,"(0.0, 0.0)","(0.0, 0.0)","(0.0, 0.0)","(0.0, 0.0, 0.0)","(0.0, 0.0, 0.0)","(0.0, 0.0, 0.0)","(0.0, 0.0, 0.0)","(0.0, 0.0, 0.0)","(0.0, 0.0, 0.0)",0,0,0,0,0,0,False,0,0,0,0,0,0,0,0,"(0.0, 6.0, 700.5)","(0.2, 0.0, 0.0, 1.0)"
0,878758.8,0,0,0,0,0,0,0,0,0,"(0.0, 0.0)","(0.0, 0.0)","(0.0, 0.0)","(0.0, 0.0, 0.0)","(0.0, 0.0, 0.0)","(0.0, 0.0, 0.0)","(0.0, 0.0, 0.0)","(0.0, 0.0, 0.0)","(0.0, 0.0, 0.0)",0,0,0,0,0,0,False,0,0,0,0,0,0,0,0,"(0.0, 6.0, 700.8)","(0.2, 0.0, 0.0, 1.0)"
0,878781.9,0,0,0,0,0,0,0,0,0,"(0.0, 0.0)","(0.0, 0.0)","(0.0, 0.0)","(0.0, 0.0, 0.0)","(0.0, 0.0, 0.0)","(0.0, 0.0, 0.0)","(0.0, 0.0, 0.0)","(0.0, 0.0, 0.0)","(0.0, 0.0, 0.0)",0,0,0,0,0,0,False,0,0,0,0,0,0,0,0,"(0.0, 6.0, 701.1)","(0.2, 0.0, 0.0, 1.0)"
0,878803.7,0,0,0,0,0,0,0,0,0,"(0.0, 0.0)","(0.0, 0.0)","(0.0, 0.0)","(0.0, 0.0, 0.0)","(0.0, 0.0, 0.0)","(0.0, 0.0, 0.0)","(0.0, 0.0, 0.0)","(0.0, 0.0, 0.0)","(0.0, 0.0, 0.0)",0,0,0,0,0,0,False,0,0,0,0,0,0,0,0,"(0.0, 6.0, 701.4)","(0.2, 0.0, 0.0, 1.0)"
0,878824.9,0,0,0,0,0,0,0,0,0,"(0.0, 0.0)","(0.0, 0.0)","(0.0, 0.0)","(0.0, 0.0, 0.0)","(0.0, 0.0, 0.0)","(0.0, 0.0, 0.0)","(0.0, 0.0, 0.0)","(0.0, 0.0, 0.0)","(0.0, 0.0, 0.0)",0,0,0,0,0,0,False,0,0,0,0,0,0,0,0,"(0.0, 6.0, 701.7)","(0.2, 0.0, 0.0, 1.0)"
0,878848.2,0,0,0,0,0,0,0,0,0,"(0.0, 0.0)","(0.0, 0.0)","(0.0, 0.0)","(0.0, 0.0, 0.0)","(0.0, 0.0, 0.0)","(0.0, 0.0, 0.0)","(0.0, 0.0, 0.0)","(0.0, 0.0, 0.0)","(0.0, 0.0, 0.0)",0,0,0,0,0,0,False,0,0,0,0,0,0,0,0,"(0.0, 6.0, 702.0)","(0.2, 0.0, 0.0, 1.0)"
0,878870.8,0,0,0,0,0,0,0,0,0,"(0.0, 0.0)","(0.0, 0.0)","(0.0, 0.0)","(0.0, 0.0, 0.0)","(0.0, 0.0, 0.0)","(0.0, 0.0, 0.0)","(0.0, 0.0, 0.0)","(0.0, 0.0, 0.0)","(0.0, 0.0, 0.0)",0,0,0,0,0,0,False,0,0,0,0,0,0,0,0,"(0.0, 6.0, 702.3)","(0.2, 0.0, 0.0, 1.0)"
0,878890.9,0,0,0,0,0,0,0,0,0,"(0.0, 0.0)","(0.0, 0.0)","(0.0, 0.0)","(0.0, 0.0, 0.0)","(0.0, 0.0, 0.0)","(0.0, 0.0, 0.0)","(0.0, 0.0, 0.0)","(0.0, 0.0, 0.0)","(0.0, 0.0, 0.0)",0,0,0,0,0,0,False,0,0,0,0,0,0,0,0,"(0.0, 6.0, 702.6)","(0.2, 0.0, 0.0, 1.0)"
0,878910.8,0,0,0,0,0,0,0,0,0,"(0.0, 0.0)","(0.0, 0.0)","(0.0, 0.0)","(0.0, 0.0, 0.0)","(0.0, 0.0, 0.0)","(0.0, 0.0, 0.0)","(0.0, 0.0, 0.0)","(0.0, 0.0, 0.0)","(0.0, 0.0, 0.0)",0,0,0,0,0,0,False,0,0,0,0,0,0,0,0,"(0.0, 6.0, 702.9)","(0.2, 0.0, 0.0, 1.0)"
0,878931.7,0,0,0,0,0,0,0,0,0,"(0.0, 0.0)","(0.0, 0.0)","(0.0, 0.0)","(0.0, 0.0, 0.0)","(0.0, 0.0, 0.0)","(0.0, 0.0, 0.0)","(0.0, 0.0, 0.0)","(0.0, 0.0, 0.0)","(0.0, 0.0, 0.0)",0,0,0,0,0,0,False,0,0,0,0,0,0,0,0,"(0.0, 6.0, 703.2)","(0.2, 0.0, 0.0, 1.0)"
0,878952.7,0,0,0,0,0,0,0,0,0,"(0.0, 0.0)","(0.0, 0.0)","(0.0, 0.0)","(0.0, 0.0, 0.0)","(0.0, 0.0, 0.0)","(0.0, 0.0, 0.0)","(0.0, 0.0, 0.0)","(0.0, 0.0, 0.0)","(0.0, 0.0, 0.0)",0,0,0,0,0,0,False,0,0,0,0,0,0,0,0,"(0.0, 6.0, 703.5)","(0.2, 0.0, 0.0, 1.0)"
0,878972.6,0,0,0,0,0,0,0,0,0,"(0.0, 0.0)","(0.0, 0.0)","(0.0, 0.0)","(0.0, 0.0, 0.0)","(0.0, 0.0, 0.0)","(0.0, 0.0, 0.0)","(0.0, 0.0, 0.0)","(0.0, 0.0, 0.0)","(0.0, 0.0, 0.0)",0,0,0,0,0,0,False,0,0,0,0,0,0,0,0,"(0.0, 6.0, 703.8)","(0.2, 0.0, 0.0, 1.0)"
0,878995.4,0,0,0,0,0,0,0,0,0,"(0.0, 0.0)","(0.0, 0.0)","(0.0, 0.0)","(0.0, 0.0, 0.0)","(0.0, 0.0, 0.0)","(0.0, 0.0, 0.0)","(0.0, 0.0, 0.0)","(0.0, 0.0, 0.0)","(0.0, 0.0, 0.0)",0,0,0,0,0,0,False,0,0,0,0,0,0,0,0,"(0.0, 6.0, 704.1)","(0.2, 0.0, 0.0, 1.0)"
0,879017.1,0,0,0,0,0,0,0,0,0,"(0.0, 0.0)","(0.0, 0.0)","(0.0, 0.0)","(0.0, 0.0, 0.0)","(0.0, 0.0, 0.0)","(0.0, 0.0, 0.0)","(0.0, 0.0, 0.0)","(0.0, 0.0, 0.0)","(0.0, 0.0, 0.0)",0,0,0,0,0,0,False,0,0,0,0,0,0,0,0,"(0.0, 6.0, 704.4)","(0.2, 0.0, 0.0, 1.0)"
0,879039.5,0,0,0,0,0,0,0,0,0,"(0.0, 0.0)","(0.0, 0.0)","(0.0, 0.0)","(0.0, 0.0, 0.0)","(0.0, 0.0, 0.0)","(0.0, 0.0, 0.0)","(0.0, 0.0, 0.0)","(0.0, 0.0, 0.0)","(0.0, 0.0, 0.0)",0,0,0,0,0,0,False,0,0,0,0,0,0,0,0,"(0.0, 6.0, 704.7)","(0.2, 0.0, 0.0, 1.0)"
0,879058.6,0,0,0,0,0,0,0,0,0,"(0.0, 0.0)","(0.0, 0.0)","(0.0, 0.0)","(0.0, 0.0, 0.0)","(0.0, 0.0, 0.0)","(0.0, 0.0, 0.0)","(0.0, 0.0, 0.0)","(0.0, 0.0, 0.0)","(0.0, 0.0, 0.0)",0,0,0,0,0,0,False,0,0,0,0,0,0,0,0,"(0.0, 6.0, 705.0)","(0.2, 0.0, 0.0, 1.0)"
0,879077.9,0,0,0,0,0,0,0,0,0,"(0.0, 0.0)","(0.0, 0.0)","(0.0, 0.0)","(0.0, 0.0, 0.0)","(0.0, 0.0, 0.0)","(0.0, 0.0, 0.0)","(0.0, 0.0, 0.0)","(0.0, 0.0, 0.0)","(0.0, 0.0, 0.0)",0,0,0,0,0,0,False,0,0,0,0,0,0,0,0,"(0.0, 6.0, 705.3)","(0.2, 0.0, 0.0, 1.0)"
0,879098.1,0,0,0,0,0,0,0,0,0,"(0.0, 0.0)","(0.0, 0.0)","(0.0, 0.0)","(0.0, 0.0, 0.0)","(0.0, 0.0, 0.0)","(0.0, 0.0, 0.0)","(0.0, 0.0, 0.0)","(0.0, 0.0, 0.0)","(0.0, 0.0, 0.0)",0,0,0,0,0,0,False,0,0,0,0,0,0,0,0,"(0.0, 6.0, 705.6)","(0.2, 0.0, 0.0, 1.0)"
0,879119.3,0,0,0,0,0,0,0,0,0,"(0.0, 0.0)","(0.0, 0.0)","(0.0, 0.0)","(0.0, 0.0, 0.0)","(0.0, 0.0, 0.0)","(0.0, 0.0, 0.0)","(0.0, 0.0, 0.0)","(0.0, 0.0, 0.0)","(0.0, 0.0, 0.0)",0,0,0,0,0,0,False,0,0,0,0,0,0,0,0,"(0.0, 6.0, 705.9)","(0.2, 0.0, 0.0, 1.0)"
0,879138.6,0,0,0,0,0,0,0,0,0,"(0.0, 0.0)","(0.0, 0.0)","(0.0, 0.0)","(0.0, 0.0, 0.0)","(0.0, 0.0, 0.0)","(0.0, 0.0, 0.0)","(0.0, 0.0, 0.0)","(0.0, 0.0, 0.0)","(0.0, 0.0, 0.0)",0,0,0,0,0,0,False,0,0,0,0,0,0,0,0,"(0.0, 6.0, 706.2)","(0.2, 0.0, 0.0, 1.0)"
0,879157.2,0,0,0,0,0,0,0,0,0,"(0.0, 0.0)","(0.0, 0.0)","(0.0, 0.0)","(0.0, 0.0, 0.0)","(0.0, 0.0, 0.0)","(0.0, 0.0, 0.0)","(0.0, 0.0, 0.0)","(0.0, 0.0, 0.0)","(0.0, 0.0, 0.0)",0,0,0,0,0,0,False,0,0,0,0,0,0,0,0,"(0.0, 6.0, 706.5)","(0.2, 0.0, 0.0, 1.0)"
0,879176,0,0,0,0,0,0,0,0,0,"(0.0, 0.0)","(0.0, 0.0)","(0.0, 0.0)","(0.0, 0.0, 0.0)","(0.0, 0.0, 0.0)","(0.0, 0.0, 0.0)","(0.0, 0.0, 0.0)","(0.0, 0.0, 0.0)","(0.0, 0.0, 0.0)",0,0,0,0,0,0,False,0,0,0,0,0,0,0,0,"(0.0, 6.0, 706.8)","(0.2, 0.0, 0.0, 1.0)"
0,879201,0,0,0,0,0,0,0,0,0,"(0.0, 0.0)","(0.0, 0.0)","(0.0, 0.0)","(0.0, 0.0, 0.0)","(0.0, 0.0, 0.0)","(0.0, 0.0, 0.0)","(0.0, 0.0, 0.0)","(0.0, 0.0, 0.0)","(0.0, 0.0, 0.0)",0,0,0,0,0,0,False,0,0,0,0,0,0,0,0,"(0.0, 6.0, 707.1)","(0.2, 0.0, 0.0, 1.0)"
0,879224.1,0,0,0,0,0,0,0,0,0,"(0.0, 0.0)","(0.0, 0.0)","(0.0, 0.0)","(0.0, 0.0, 0.0)","(0.0, 0.0, 0.0)","(0.0, 0.0, 0.0)","(0.0, 0.0, 0.0)","(0.0, 0.0, 0.0)","(0.0, 0.0, 0.0)",0,0,0,0,0,0,False,0,0,0,0,0,0,0,0,"(0.0, 6.0, 707.4)","(0.2, 0.0, 0.0, 1.0)"
0,879242.6,0,0,0,0,0,0,0,0,0,"(0.0, 0.0)","(0.0, 0.0)","(0.0, 0.0)","(0.0, 0.0, 0.0)","(0.0, 0.0, 0.0)","(0.0, 0.0, 0.0)","(0.0, 0.0, 0.0)","(0.0, 0.0, 0.0)","(0.0, 0.0, 0.0)",0,0,0,0,0,0,False,0,0,0,0,0,0,0,0,"(0.0, 6.0, 707.7)","(0.2, 0.0, 0.0, 1.0)"
0,879262.5,0,0,0,0,0,0,0,0,0,"(0.0, 0.0)","(0.0, 0.0)","(0.0, 0.0)","(0.0, 0.0, 0.0)","(0.0, 0.0, 0.0)","(0.0, 0.0, 0.0)","(0.0, 0.0, 0.0)","(0.0, 0.0, 0.0)","(0.0, 0.0, 0.0)",0,0,0,0,0,0,False,0,0,0,0,0,0,0,0,"(0.0, 6.0, 707.9)","(0.2, 0.0, 0.0, 1.0)"
0,879284.1,0,0,0,0,0,0,0,0,0,"(0.0, 0.0)","(0.0, 0.0)","(0.0, 0.0)","(0.0, 0.0, 0.0)","(0.0, 0.0, 0.0)","(0.0, 0.0, 0.0)","(0.0, 0.0, 0.0)","(0.0, 0.0, 0.0)","(0.0, 0.0, 0.0)",0,0,0,0,0,0,False,0,0,0,0,0,0,0,0,"(0.0, 6.0, 708.2)","(0.2, 0.0, 0.0, 1.0)"
0,879302.8,0,0,0,0,0,0,0,0,0,"(0.0, 0.0)","(0.0, 0.0)","(0.0, 0.0)","(0.0, 0.0, 0.0)","(0.0, 0.0, 0.0)","(0.0, 0.0, 0.0)","(0.0, 0.0, 0.0)","(0.0, 0.0, 0.0)","(0.0, 0.0, 0.0)",0,0,0,0,0,0,False,0,0,0,0,0,0,0,0,"(0.0, 6.0, 708.5)","(0.2, 0.0, 0.0, 1.0)"
0,879320.4,0,0,0,0,0,0,0,0,0,"(0.0, 0.0)","(0.0, 0.0)","(0.0, 0.0)","(0.0, 0.0, 0.0)","(0.0, 0.0, 0.0)","(0.0, 0.0, 0.0)","(0.0, 0.0, 0.0)","(0.0, 0.0, 0.0)","(0.0, 0.0, 0.0)",0,0,0,0,0,0,False,0,0,0,0,0,0,0,0,"(0.0, 6.0, 708.8)","(0.2, 0.0, 0.0, 1.0)"
0,879337.4,0,0,0,0,0,0,0,0,0,"(0.0, 0.0)","(0.0, 0.0)","(0.0, 0.0)","(0.0, 0.0, 0.0)","(0.0, 0.0, 0.0)","(0.0, 0.0, 0.0)","(0.0, 0.0, 0.0)","(0.0, 0.0, 0.0)","(0.0, 0.0, 0.0)",0,0,0,0,0,0,False,0,0,0,0,0,0,0,0,"(0.0, 6.0, 709.1)","(0.2, 0.0, 0.0, 1.0)"
0,879354.3,0,0,0,0,0,0,0,0,0,"(0.0, 0.0)","(0.0, 0.0)","(0.0, 0.0)","(0.0, 0.0, 0.0)","(0.0, 0.0, 0.0)","(0.0, 0.0, 0.0)","(0.0, 0.0, 0.0)","(0.0, 0.0, 0.0)","(0.0, 0.0, 0.0)",0,0,0,0,0,0,False,0,0,0,0,0,0,0,0,"(0.0, 6.0, 709.4)","(0.2, 0.0, 0.0, 1.0)"
0,879372.5,0,0,0,0,0,0,0,0,0,"(0.0, 0.0)","(0.0, 0.0)","(0.0, 0.0)","(0.0, 0.0, 0.0)","(0.0, 0.0, 0.0)","(0.0, 0.0, 0.0)","(0.0, 0.0, 0.0)","(0.0, 0.0, 0.0)","(0.0, 0.0, 0.0)",0,0,0,0,0,0,False,0,0,0,0,0,0,0,0,"(0.0, 6.0, 709.6)","(0.2, 0.0, 0.0, 1.0)"
0,879395,0,0,0,0,0,0,0,0,0,"(0.0, 0.0)","(0.0, 0.0)","(0.0, 0.0)","(0.0, 0.0, 0.0)","(0.0, 0.0, 0.0)","(0.0, 0.0, 0.0)","(0.0, 0.0, 0.0)","(0.0, 0.0, 0.0)","(0.0, 0.0, 0.0)",0,0,0,0,0,0,False,0,0,0,0,0,0,0,0,"(0.0, 6.0, 709.9)","(0.2, 0.0, 0.0, 1.0)"
0,879414.6,0,0,0,0,0,0,0,0,0,"(0.0, 0.0)","(0.0, 0.0)","(0.0, 0.0)","(0.0, 0.0, 0.0)","(0.0, 0.0, 0.0)","(0.0, 0.0, 0.0)","(0.0, 0.0, 0.0)","(0.0, 0.0, 0.0)","(0.0, 0.0, 0.0)",0,0,0,0,0,0,False,0,0,0,0,0,0,0,0,"(0.0, 6.0, 710.2)","(0.2, 0.0, 0.0, 1.0)"
0,879435.7,0,0,0,0,0,0,0,0,0,"(0.0, 0.0)","(0.0, 0.0)","(0.0, 0.0)","(0.0, 0.0, 0.0)","(0.0, 0.0, 0.0)","(0.0, 0.0, 0.0)","(0.0, 0.0, 0.0)","(0.0, 0.0, 0.0)","(0.0, 0.0, 0.0)",0,0,0,0,0,0,False,0,0,0,0,0,0,0,0,"(0.0, 6.0, 710.5)","(0.2, 0.0, 0.0, 1.0)"
0,879458.1,0,0,0,0,0,0,0,0,0,"(0.0, 0.0)","(0.0, 0.0)","(0.0, 0.0)","(0.0, 0.0, 0.0)","(0.0, 0.0, 0.0)","(0.0, 0.0, 0.0)","(0.0, 0.0, 0.0)","(0.0, 0.0, 0.0)","(0.0, 0.0, 0.0)",0,0,0,0,0,0,False,0,0,0,0,0,0,0,0,"(0.0, 6.0, 710.8)","(0.2, 0.0, 0.0, 1.0)"
0,879481.1,0,0,0,0,0,0,0,0,0,"(0.0, 0.0)","(0.0, 0.0)","(0.0, 0.0)","(0.0, 0.0, 0.0)","(0.0, 0.0, 0.0)","(0.0, 0.0, 0.0)","(0.0, 0.0, 0.0)","(0.0, 0.0, 0.0)","(0.0, 0.0, 0.0)",0,0,0,0,0,0,False,0,0,0,0,0,0,0,0,"(0.0, 6.0, 711.0)","(0.2, 0.0, 0.0, 1.0)"
0,879502.8,0,0,0,0,0,0,0,0,0,"(0.0, 0.0)","(0.0, 0.0)","(0.0, 0.0)","(0.0, 0.0, 0.0)","(0.0, 0.0, 0.0)","(0.0, 0.0, 0.0)","(0.0, 0.0, 0.0)","(0.0, 0.0, 0.0)","(0.0, 0.0, 0.0)",0,0,0,0,0,0,False,0,0,0,0,0,0,0,0,"(0.0, 6.0, 711.3)","(0.2, 0.0, 0.0, 1.0)"
0,879524.6,0,0,0,0,0,0,0,0,0,"(0.0, 0.0)","(0.0, 0.0)","(0.0, 0.0)","(0.0, 0.0, 0.0)","(0.0, 0.0, 0.0)","(0.0, 0.0, 0.0)","(0.0, 0.0, 0.0)","(0.0, 0.0, 0.0)","(0.0, 0.0, 0.0)",0,0,0,0,0,0,False,0,0,0,0,0,0,0,0,"(0.0, 6.0, 711.6)","(0.2, 0.0, 0.0, 1.0)"
0,879547.8,0,0,0,0,0,0,0,0,0,"(0.0, 0.0)","(0.0, 0.0)","(0.0, 0.0)","(0.0, 0.0, 0.0)","(0.0, 0.0, 0.0)","(0.0, 0.0, 0.0)","(0.0, 0.0, 0.0)","(0.0, 0.0, 0.0)","(0.0, 0.0, 0.0)",0,0,0,0,0,0,False,0,0,0,0,0,0,0,0,"(0.0, 6.0, 711.9)","(0.2, 0.0, 0.0, 1.0)"
0,879569.4,0,0,0,0,0,0,0,0,0,"(0.0, 0.0)","(0.0, 0.0)","(0.0, 0.0)","(0.0, 0.0, 0.0)","(0.0, 0.0, 0.0)","(0.0, 0.0, 0.0)","(0.0, 0.0, 0.0)","(0.0, 0.0, 0.0)","(0.0, 0.0, 0.0)",0,0,0,0,0,0,False,0,0,0,0,0,0,0,0,"(0.0, 6.0, 712.2)","(0.2, 0.0, 0.0, 1.0)"
0,879591.4,0,0,0,0,0,0,0,0,0,"(0.0, 0.0)","(0.0, 0.0)","(0.0, 0.0)","(0.0, 0.0, 0.0)","(0.0, 0.0, 0.0)","(0.0, 0.0, 0.0)","(0.0, 0.0, 0.0)","(0.0, 0.0, 0.0)","(0.0, 0.0, 0.0)",0,0,0,0,0,0,False,0,0,0,0,0,0,0,0,"(0.0, 6.0, 712.5)","(0.2, 0.0, 0.0, 1.0)"
0,879614,0,0,0,0,0,0,0,0,0,"(0.0, 0.0)","(0.0, 0.0)","(0.0, 0.0)","(0.0, 0.0, 0.0)","(0.0, 0.0, 0.0)","(0.0, 0.0, 0.0)","(0.0, 0.0, 0.0)","(0.0, 0.0, 0.0)","(0.0, 0.0, 0.0)",0,0,0,0,0,0,False,0,0,0,0,0,0,0,0,"(0.0, 6.0, 712.8)","(0.2, 0.0, 0.0, 1.0)"
0,879636.1,0,0,0,0,0,0,0,0,0,"(0.0, 0.0)","(0.0, 0.0)","(0.0, 0.0)","(0.0, 0.0, 0.0)","(0.0, 0.0, 0.0)","(0.0, 0.0, 0.0)","(0.0, 0.0, 0.0)","(0.0, 0.0, 0.0)","(0.0, 0.0, 0.0)",0,0,0,0,0,0,False,0,0,0,0,0,0,0,0,"(0.0, 6.0, 713.1)","(0.2, 0.0, 0.0, 1.0)"
0,879657.9,0,0,0,0,0,0,0,0,0,"(0.0, 0.0)","(0.0, 0.0)","(0.0, 0.0)","(0.0, 0.0, 0.0)","(0.0, 0.0, 0.0)","(0.0, 0.0, 0.0)","(0.0, 0.0, 0.0)","(0.0, 0.0, 0.0)","(0.0, 0.0, 0.0)",0,0,0,0,0,0,False,0,0,0,0,0,0,0,0,"(0.0, 6.0, 713.4)","(0.2, 0.0, 0.0, 1.0)"
0,879681.6,0,0,0,0,0,0,0,0,0,"(0.0, 0.0)","(0.0, 0.0)","(0.0, 0.0)","(0.0, 0.0, 0.0)","(0.0, 0.0, 0.0)","(0.0, 0.0, 0.0)","(0.0, 0.0, 0.0)","(0.0, 0.0, 0.0)","(0.0, 0.0, 0.0)",0,0,0,0,0,0,False,0,0,0,0,0,0,0,0,"(0.0, 6.0, 713.7)","(0.2, 0.0, 0.0, 1.0)"
0,879702.7,0,0,0,0,0,0,0,0,0,"(0.0, 0.0)","(0.0, 0.0)","(0.0, 0.0)","(0.0, 0.0, 0.0)","(0.0, 0.0, 0.0)","(0.0, 0.0, 0.0)","(0.0, 0.0, 0.0)","(0.0, 0.0, 0.0)","(0.0, 0.0, 0.0)",0,0,0,0,0,0,False,0,0,0,0,0,0,0,0,"(0.0, 6.0, 714.0)","(0.2, 0.0, 0.0, 1.0)"
0,879725.3,0,0,0,0,0,0,0,0,0,"(0.0, 0.0)","(0.0, 0.0)","(0.0, 0.0)","(0.0, 0.0, 0.0)","(0.0, 0.0, 0.0)","(0.0, 0.0, 0.0)","(0.0, 0.0, 0.0)","(0.0, 0.0, 0.0)","(0.0, 0.0, 0.0)",0,0,0,0,0,0,False,0,0,0,0,0,0,0,0,"(0.0, 6.0, 714.3)","(0.2, 0.0, 0.0, 1.0)"
0,879747.3,0,0,0,0,0,0,0,0,0,"(0.0, 0.0)","(0.0, 0.0)","(0.0, 0.0)","(0.0, 0.0, 0.0)","(0.0, 0.0, 0.0)","(0.0, 0.0, 0.0)","(0.0, 0.0, 0.0)","(0.0, 0.0, 0.0)","(0.0, 0.0, 0.0)",0,0,0,0,0,0,False,0,0,0,0,0,0,0,0,"(0.0, 6.0, 714.6)","(0.2, 0.0, 0.0, 1.0)"
0,879768.9,0,0,0,0,0,0,0,0,0,"(0.0, 0.0)","(0.0, 0.0)","(0.0, 0.0)","(0.0, 0.0, 0.0)","(0.0, 0.0, 0.0)","(0.0, 0.0, 0.0)","(0.0, 0.0, 0.0)","(0.0, 0.0, 0.0)","(0.0, 0.0, 0.0)",0,0,0,0,0,0,False,0,0,0,0,0,0,0,0,"(0.0, 6.0, 714.9)","(0.2, 0.0, 0.0, 1.0)"
0,879790.9,0,0,0,0,0,0,0,0,0,"(0.0, 0.0)","(0.0, 0.0)","(0.0, 0.0)","(0.0, 0.0, 0.0)","(0.0, 0.0, 0.0)","(0.0, 0.0, 0.0)","(0.0, 0.0, 0.0)","(0.0, 0.0, 0.0)","(0.0, 0.0, 0.0)",0,0,0,0,0,0,False,0,0,0,0,0,0,0,0,"(0.0, 6.0, 715.2)","(0.2, 0.0, 0.0, 1.0)"
0,879813.8,0,0,0,0,0,0,0,0,0,"(0.0, 0.0)","(0.0, 0.0)","(0.0, 0.0)","(0.0, 0.0, 0.0)","(0.0, 0.0, 0.0)","(0.0, 0.0, 0.0)","(0.0, 0.0, 0.0)","(0.0, 0.0, 0.0)","(0.0, 0.0, 0.0)",0,0,0,0,0,0,False,0,0,0,0,0,0,0,0,"(0.0, 6.0, 715.5)","(0.2, 0.0, 0.0, 1.0)"
0,879835.6,0,0,0,0,0,0,0,0,0,"(0.0, 0.0)","(0.0, 0.0)","(0.0, 0.0)","(0.0, 0.0, 0.0)","(0.0, 0.0, 0.0)","(0.0, 0.0, 0.0)","(0.0, 0.0, 0.0)","(0.0, 0.0, 0.0)","(0.0, 0.0, 0.0)",0,0,0,0,0,0,False,0,0,0,0,0,0,0,0,"(0.0, 6.0, 715.8)","(0.2, 0.0, 0.0, 1.0)"
0,879854.2,0,0,0,0,0,0,0,0,0,"(0.0, 0.0)","(0.0, 0.0)","(0.0, 0.0)","(0.0, 0.0, 0.0)","(0.0, 0.0, 0.0)","(0.0, 0.0, 0.0)","(0.0, 0.0, 0.0)","(0.0, 0.0, 0.0)","(0.0, 0.0, 0.0)",0,0,0,0,0,0,False,0,0,0,0,0,0,0,0,"(0.0, 6.0, 716.1)","(0.2, 0.0, 0.0, 1.0)"
0,879874.5,0,0,0,0,0,0,0,0,0,"(0.0, 0.0)","(0.0, 0.0)","(0.0, 0.0)","(0.0, 0.0, 0.0)","(0.0, 0.0, 0.0)","(0.0, 0.0, 0.0)","(0.0, 0.0, 0.0)","(0.0, 0.0, 0.0)","(0.0, 0.0, 0.0)",0,0,0,0,0,0,False,0,0,0,0,0,0,0,0,"(0.0, 6.0, 716.4)","(0.2, 0.0, 0.0, 1.0)"
0,879892.6,0,0,0,0,0,0,0,0,0,"(0.0, 0.0)","(0.0, 0.0)","(0.0, 0.0)","(0.0, 0.0, 0.0)","(0.0, 0.0, 0.0)","(0.0, 0.0, 0.0)","(0.0, 0.0, 0.0)","(0.0, 0.0, 0.0)","(0.0, 0.0, 0.0)",0,0,0,0,0,0,False,0,0,0,0,0,0,0,0,"(0.0, 6.0, 716.7)","(0.2, 0.0, 0.0, 1.0)"
0,879911.9,0,0,0,0,0,0,0,0,0,"(0.0, 0.0)","(0.0, 0.0)","(0.0, 0.0)","(0.0, 0.0, 0.0)","(0.0, 0.0, 0.0)","(0.0, 0.0, 0.0)","(0.0, 0.0, 0.0)","(0.0, 0.0, 0.0)","(0.0, 0.0, 0.0)",0,0,0,0,0,0,False,0,0,0,0,0,0,0,0,"(0.0, 6.0, 717.0)","(0.2, 0.0, 0.0, 1.0)"
0,879937.1,0,0,0,0,0,0,0,0,0,"(0.0, 0.0)","(0.0, 0.0)","(0.0, 0.0)","(0.0, 0.0, 0.0)","(0.0, 0.0, 0.0)","(0.0, 0.0, 0.0)","(0.0, 0.0, 0.0)","(0.0, 0.0, 0.0)","(0.0, 0.0, 0.0)",0,0,0,0,0,0,False,0,0,0,0,0,0,0,0,"(0.0, 6.0, 717.3)","(0.2, 0.0, 0.0, 1.0)"
0,879955.1,0,0,0,0,0,0,0,0,0,"(0.0, 0.0)","(0.0, 0.0)","(0.0, 0.0)","(0.0, 0.0, 0.0)","(0.0, 0.0, 0.0)","(0.0, 0.0, 0.0)","(0.0, 0.0, 0.0)","(0.0, 0.0, 0.0)","(0.0, 0.0, 0.0)",0,0,0,0,0,0,False,0,0,0,0,0,0,0,0,"(0.0, 6.0, 717.6)","(0.2, 0.0, 0.0, 1.0)"
0,879973.9,0,0,0,0,0,0,0,0,0,"(0.0, 0.0)","(0.0, 0.0)","(0.0, 0.0)","(0.0, 0.0, 0.0)","(0.0, 0.0, 0.0)","(0.0, 0.0, 0.0)","(0.0, 0.0, 0.0)","(0.0, 0.0, 0.0)","(0.0, 0.0, 0.0)",0,0,0,0,0,0,False,0,0,0,0,0,0,0,0,"(0.0, 6.0, 717.9)","(0.2, 0.0, 0.0, 1.0)"
0,879991.5,0,0,0,0,0,0,0,0,0,"(0.0, 0.0)","(0.0, 0.0)","(0.0, 0.0)","(0.0, 0.0, 0.0)","(0.0, 0.0, 0.0)","(0.0, 0.0, 0.0)","(0.0, 0.0, 0.0)","(0.0, 0.0, 0.0)","(0.0, 0.0, 0.0)",0,0,0,0,0,0,False,0,0,0,0,0,0,0,0,"(0.0, 6.0, 718.2)","(0.2, 0.0, 0.0, 1.0)"
0,880009.1,0,0,0,0,0,0,0,0,0,"(0.0, 0.0)","(0.0, 0.0)","(0.0, 0.0)","(0.0, 0.0, 0.0)","(0.0, 0.0, 0.0)","(0.0, 0.0, 0.0)","(0.0, 0.0, 0.0)","(0.0, 0.0, 0.0)","(0.0, 0.0, 0.0)",0,0,0,0,0,0,False,0,0,0,0,0,0,0,0,"(0.0, 6.0, 718.5)","(0.2, 0.0, 0.0, 1.0)"
0,880028,0,0,0,0,0,0,0,0,0,"(0.0, 0.0)","(0.0, 0.0)","(0.0, 0.0)","(0.0, 0.0, 0.0)","(0.0, 0.0, 0.0)","(0.0, 0.0, 0.0)","(0.0, 0.0, 0.0)","(0.0, 0.0, 0.0)","(0.0, 0.0, 0.0)",0,0,0,0,0,0,False,0,0,0,0,0,0,0,0,"(0.0, 6.0, 718.8)","(0.2, 0.0, 0.0, 1.0)"
0,880045.8,0,0,0,0,0,0,0,0,0,"(0.0, 0.0)","(0.0, 0.0)","(0.0, 0.0)","(0.0, 0.0, 0.0)","(0.0, 0.0, 0.0)","(0.0, 0.0, 0.0)","(0.0, 0.0, 0.0)","(0.0, 0.0, 0.0)","(0.0, 0.0, 0.0)",0,0,0,0,0,0,False,0,0,0,0,0,0,0,0,"(0.0, 6.0, 719.0)","(0.2, 0.0, 0.0, 1.0)"
0,880063.3,0,0,0,0,0,0,0,0,0,"(0.0, 0.0)","(0.0, 0.0)","(0.0, 0.0)","(0.0, 0.0, 0.0)","(0.0, 0.0, 0.0)","(0.0, 0.0, 0.0)","(0.0, 0.0, 0.0)","(0.0, 0.0, 0.0)","(0.0, 0.0, 0.0)",0,0,0,0,0,0,False,0,0,0,0,0,0,0,0,"(0.0, 6.0, 719.3)","(0.2, 0.0, 0.0, 1.0)"
0,880085.9,0,0,0,0,0,0,0,0,0,"(0.0, 0.0)","(0.0, 0.0)","(0.0, 0.0)","(0.0, 0.0, 0.0)","(0.0, 0.0, 0.0)","(0.0, 0.0, 0.0)","(0.0, 0.0, 0.0)","(0.0, 0.0, 0.0)","(0.0, 0.0, 0.0)",0,0,0,0,0,0,False,0,0,0,0,0,0,0,0,"(0.0, 6.0, 719.6)","(0.2, 0.0, 0.0, 1.0)"
0,880107.4,0,0,0,0,0,0,0,0,0,"(0.0, 0.0)","(0.0, 0.0)","(0.0, 0.0)","(0.0, 0.0, 0.0)","(0.0, 0.0, 0.0)","(0.0, 0.0, 0.0)","(0.0, 0.0, 0.0)","(0.0, 0.0, 0.0)","(0.0, 0.0, 0.0)",0,0,0,0,0,0,False,0,0,0,0,0,0,0,0,"(0.0, 6.0, 719.9)","(0.2, 0.0, 0.0, 1.0)"
0,880123.7,0,0,0,0,0,0,0,0,0,"(0.0, 0.0)","(0.0, 0.0)","(0.0, 0.0)","(0.0, 0.0, 0.0)","(0.0, 0.0, 0.0)","(0.0, 0.0, 0.0)","(0.0, 0.0, 0.0)","(0.0, 0.0, 0.0)","(0.0, 0.0, 0.0)",0,0,0,0,0,0,False,0,0,0,0,0,0,0,0,"(0.0, 6.0, 720.1)","(0.2, 0.0, 0.0, 1.0)"
0,880141.1,0,0,0,0,0,0,0,0,0,"(0.0, 0.0)","(0.0, 0.0)","(0.0, 0.0)","(0.0, 0.0, 0.0)","(0.0, 0.0, 0.0)","(0.0, 0.0, 0.0)","(0.0, 0.0, 0.0)","(0.0, 0.0, 0.0)","(0.0, 0.0, 0.0)",0,0,0,0,0,0,False,0,0,0,0,0,0,0,0,"(0.0, 6.0, 720.4)","(0.2, 0.0, 0.0, 1.0)"
0,880158.9,0,0,0,0,0,0,0,0,0,"(0.0, 0.0)","(0.0, 0.0)","(0.0, 0.0)","(0.0, 0.0, 0.0)","(0.0, 0.0, 0.0)","(0.0, 0.0, 0.0)","(0.0, 0.0, 0.0)","(0.0, 0.0, 0.0)","(0.0, 0.0, 0.0)",0,0,0,0,0,0,False,0,0,0,0,0,0,0,0,"(0.0, 6.0, 720.7)","(0.2, 0.0, 0.0, 1.0)"
0,880175.3,0,0,0,0,0,0,0,0,0,"(0.0, 0.0)","(0.0, 0.0)","(0.0, 0.0)","(0.0, 0.0, 0.0)","(0.0, 0.0, 0.0)","(0.0, 0.0, 0.0)","(0.0, 0.0, 0.0)","(0.0, 0.0, 0.0)","(0.0, 0.0, 0.0)",0,0,0,0,0,0,False,0,0,0,0,0,0,0,0,"(0.0, 6.0, 721.0)","(0.2, 0.0, 0.0, 1.0)"
0,880191.8,0,0,0,0,0,0,0,0,0,"(0.0, 0.0)","(0.0, 0.0)","(0.0, 0.0)","(0.0, 0.0, 0.0)","(0.0, 0.0, 0.0)","(0.0, 0.0, 0.0)","(0.0, 0.0, 0.0)","(0.0, 0.0, 0.0)","(0.0, 0.0, 0.0)",0,0,0,0,0,0,False,0,0,0,0,0,0,0,0,"(0.0, 6.0, 721.2)","(0.2, 0.0, 0.0, 1.0)"
0,880209.5,0,0,0,0,0,0,0,0,0,"(0.0, 0.0)","(0.0, 0.0)","(0.0, 0.0)","(0.0, 0.0, 0.0)","(0.0, 0.0, 0.0)","(0.0, 0.0, 0.0)","(0.0, 0.0, 0.0)","(0.0, 0.0, 0.0)","(0.0, 0.0, 0.0)",0,0,0,0,0,0,False,0,0,0,0,0,0,0,0,"(0.0, 6.0, 721.5)","(0.2, 0.0, 0.0, 1.0)"
0,880228.8,0,0,0,0,0,0,0,0,0,"(0.0, 0.0)","(0.0, 0.0)","(0.0, 0.0)","(0.0, 0.0, 0.0)","(0.0, 0.0, 0.0)","(0.0, 0.0, 0.0)","(0.0, 0.0, 0.0)","(0.0, 0.0, 0.0)","(0.0, 0.0, 0.0)",0,0,0,0,0,0,False,0,0,0,0,0,0,0,0,"(0.0, 6.0, 721.7)","(0.2, 0.0, 0.0, 1.0)"
0,880247.2,0,0,0,0,0,0,0,0,0,"(0.0, 0.0)","(0.0, 0.0)","(0.0, 0.0)","(0.0, 0.0, 0.0)","(0.0, 0.0, 0.0)","(0.0, 0.0, 0.0)","(0.0, 0.0, 0.0)","(0.0, 0.0, 0.0)","(0.0, 0.0, 0.0)",0,0,0,0,0,0,False,0,0,0,0,0,0,0,0,"(0.0, 6.0, 722.0)","(0.2, 0.0, 0.0, 1.0)"
0,880265.4,0,0,0,0,0,0,0,0,0,"(0.0, 0.0)","(0.0, 0.0)","(0.0, 0.0)","(0.0, 0.0, 0.0)","(0.0, 0.0, 0.0)","(0.0, 0.0, 0.0)","(0.0, 0.0, 0.0)","(0.0, 0.0, 0.0)","(0.0, 0.0, 0.0)",0,0,0,0,0,0,False,0,0,0,0,0,0,0,0,"(0.0, 6.0, 722.3)","(0.2, 0.0, 0.0, 1.0)"
0,880283.6,0,0,0,0,0,0,0,0,0,"(0.0, 0.0)","(0.0, 0.0)","(0.0, 0.0)","(0.0, 0.0, 0.0)","(0.0, 0.0, 0.0)","(0.0, 0.0, 0.0)","(0.0, 0.0, 0.0)","(0.0, 0.0, 0.0)","(0.0, 0.0, 0.0)",0,0,0,0,0,0,False,0,0,0,0,0,0,0,0,"(0.0, 6.0, 722.5)","(0.2, 0.0, 0.0, 1.0)"
0,880302.6,0,0,0,0,0,0,0,0,0,"(0.0, 0.0)","(0.0, 0.0)","(0.0, 0.0)","(0.0, 0.0, 0.0)","(0.0, 0.0, 0.0)","(0.0, 0.0, 0.0)","(0.0, 0.0, 0.0)","(0.0, 0.0, 0.0)","(0.0, 0.0, 0.0)",0,0,0,0,0,0,False,0,0,0,0,0,0,0,0,"(0.0, 6.0, 722.8)","(0.2, 0.0, 0.0, 1.0)"
0,880324.4,0,0,0,0,0,0,0,0,0,"(0.0, 0.0)","(0.0, 0.0)","(0.0, 0.0)","(0.0, 0.0, 0.0)","(0.0, 0.0, 0.0)","(0.0, 0.0, 0.0)","(0.0, 0.0, 0.0)","(0.0, 0.0, 0.0)","(0.0, 0.0, 0.0)",0,0,0,0,0,0,False,0,0,0,0,0,0,0,0,"(0.0, 6.0, 723.0)","(0.2, 0.0, 0.0, 1.0)"
0,880347.1,0,0,0,0,0,0,0,0,0,"(0.0, 0.0)","(0.0, 0.0)","(0.0, 0.0)","(0.0, 0.0, 0.0)","(0.0, 0.0, 0.0)","(0.0, 0.0, 0.0)","(0.0, 0.0, 0.0)","(0.0, 0.0, 0.0)","(0.0, 0.0, 0.0)",0,0,0,0,0,0,False,0,0,0,0,0,0,0,0,"(0.0, 6.0, 723.3)","(0.2, 0.0, 0.0, 1.0)"
0,880368.8,0,0,0,0,0,0,0,0,0,"(0.0, 0.0)","(0.0, 0.0)","(0.0, 0.0)","(0.0, 0.0, 0.0)","(0.0, 0.0, 0.0)","(0.0, 0.0, 0.0)","(0.0, 0.0, 0.0)","(0.0, 0.0, 0.0)","(0.0, 0.0, 0.0)",0,0,0,0,0,0,False,0,0,0,0,0,0,0,0,"(0.0, 6.0, 723.6)","(0.2, 0.0, 0.0, 1.0)"
0,880390.8,0,0,0,0,0,0,0,0,0,"(0.0, 0.0)","(0.0, 0.0)","(0.0, 0.0)","(0.0, 0.0, 0.0)","(0.0, 0.0, 0.0)","(0.0, 0.0, 0.0)","(0.0, 0.0, 0.0)","(0.0, 0.0, 0.0)","(0.0, 0.0, 0.0)",0,0,0,0,0,0,False,0,0,0,0,0,0,0,0,"(0.0, 6.0, 723.9)","(0.2, 0.0, 0.0, 1.0)"
0,880413.9,0,0,0,0,0,0,0,0,0,"(0.0, 0.0)","(0.0, 0.0)","(0.0, 0.0)","(0.0, 0.0, 0.0)","(0.0, 0.0, 0.0)","(0.0, 0.0, 0.0)","(0.0, 0.0, 0.0)","(0.0, 0.0, 0.0)","(0.0, 0.0, 0.0)",0,0,0,0,0,0,False,0,0,0,0,0,0,0,0,"(0.0, 6.0, 724.1)","(0.2, 0.0, 0.0, 1.0)"
0,880437.8,0,0,0,0,0,0,0,0,0,"(0.0, 0.0)","(0.0, 0.0)","(0.0, 0.0)","(0.0, 0.0, 0.0)","(0.0, 0.0, 0.0)","(0.0, 0.0, 0.0)","(0.0, 0.0, 0.0)","(0.0, 0.0, 0.0)","(0.0, 0.0, 0.0)",0,0,0,0,0,0,False,0,0,0,0,0,0,0,0,"(0.0, 6.0, 724.4)","(0.2, 0.0, 0.0, 1.0)"
0,880457.3,0,0,0,0,0,0,0,0,0,"(0.0, 0.0)","(0.0, 0.0)","(0.0, 0.0)","(0.0, 0.0, 0.0)","(0.0, 0.0, 0.0)","(0.0, 0.0, 0.0)","(0.0, 0.0, 0.0)","(0.0, 0.0, 0.0)","(0.0, 0.0, 0.0)",0,0,0,0,0,0,False,0,0,0,0,0,0,0,0,"(0.0, 6.0, 724.7)","(0.2, 0.0, 0.0, 1.0)"
0,880480.9,0,0,0,0,0,0,0,0,0,"(0.0, 0.0)","(0.0, 0.0)","(0.0, 0.0)","(0.0, 0.0, 0.0)","(0.0, 0.0, 0.0)","(0.0, 0.0, 0.0)","(0.0, 0.0, 0.0)","(0.0, 0.0, 0.0)","(0.0, 0.0, 0.0)",0,0,0,0,0,0,False,0,0,0,0,0,0,0,0,"(0.0, 6.0, 725.0)","(0.2, 0.0, 0.0, 1.0)"
0,880502.4,0,0,0,0,0,0,0,0,0,"(0.0, 0.0)","(0.0, 0.0)","(0.0, 0.0)","(0.0, 0.0, 0.0)","(0.0, 0.0, 0.0)","(0.0, 0.0, 0.0)","(0.0, 0.0, 0.0)","(0.0, 0.0, 0.0)","(0.0, 0.0, 0.0)",0,0,0,0,0,0,False,0,0,0,0,0,0,0,0,"(0.0, 6.0, 725.3)","(0.2, 0.0, 0.0, 1.0)"
0,880524.1,0,0,0,0,0,0,0,0,0,"(0.0, 0.0)","(0.0, 0.0)","(0.0, 0.0)","(0.0, 0.0, 0.0)","(0.0, 0.0, 0.0)","(0.0, 0.0, 0.0)","(0.0, 0.0, 0.0)","(0.0, 0.0, 0.0)","(0.0, 0.0, 0.0)",0,0,0,0,0,0,False,0,0,0,0,0,0,0,0,"(0.0, 6.0, 725.6)","(0.2, 0.0, 0.0, 1.0)"
0,880547.1,0,0,0,0,0,0,0,0,0,"(0.0, 0.0)","(0.0, 0.0)","(0.0, 0.0)","(0.0, 0.0, 0.0)","(0.0, 0.0, 0.0)","(0.0, 0.0, 0.0)","(0.0, 0.0, 0.0)","(0.0, 0.0, 0.0)","(0.0, 0.0, 0.0)",0,0,0,0,0,0,False,0,0,0,0,0,0,0,0,"(0.0, 6.0, 725.9)","(0.2, 0.0, 0.0, 1.0)"
0,880570.9,0,0,0,0,0,0,0,0,0,"(0.0, 0.0)","(0.0, 0.0)","(0.0, 0.0)","(0.0, 0.0, 0.0)","(0.0, 0.0, 0.0)","(0.0, 0.0, 0.0)","(0.0, 0.0, 0.0)","(0.0, 0.0, 0.0)","(0.0, 0.0, 0.0)",0,0,0,0,0,0,False,0,0,0,0,0,0,0,0,"(0.0, 6.0, 726.2)","(0.2, 0.0, 0.0, 1.0)"
0,880590.8,0,0,0,0,0,0,0,0,0,"(0.0, 0.0)","(0.0, 0.0)","(0.0, 0.0)","(0.0, 0.0, 0.0)","(0.0, 0.0, 0.0)","(0.0, 0.0, 0.0)","(0.0, 0.0, 0.0)","(0.0, 0.0, 0.0)","(0.0, 0.0, 0.0)",0,0,0,0,0,0,False,0,0,0,0,0,0,0,0,"(0.0, 6.0, 726.5)","(0.2, 0.0, 0.0, 1.0)"
0,880614.2,0,0,0,0,0,0,0,0,0,"(0.0, 0.0)","(0.0, 0.0)","(0.0, 0.0)","(0.0, 0.0, 0.0)","(0.0, 0.0, 0.0)","(0.0, 0.0, 0.0)","(0.0, 0.0, 0.0)","(0.0, 0.0, 0.0)","(0.0, 0.0, 0.0)",0,0,0,0,0,0,False,0,0,0,0,0,0,0,0,"(0.0, 6.0, 726.8)","(0.2, 0.0, 0.0, 1.0)"
0,880635.6,0,0,0,0,0,0,0,0,0,"(0.0, 0.0)","(0.0, 0.0)","(0.0, 0.0)","(0.0, 0.0, 0.0)","(0.0, 0.0, 0.0)","(0.0, 0.0, 0.0)","(0.0, 0.0, 0.0)","(0.0, 0.0, 0.0)","(0.0, 0.0, 0.0)",0,0,0,0,0,0,False,0,0,0,0,0,0,0,0,"(0.0, 6.0, 727.1)","(0.2, 0.0, 0.0, 1.0)"
0,880658.1,0,0,0,0,0,0,0,0,0,"(0.0, 0.0)","(0.0, 0.0)","(0.0, 0.0)","(0.0, 0.0, 0.0)","(0.0, 0.0, 0.0)","(0.0, 0.0, 0.0)","(0.0, 0.0, 0.0)","(0.0, 0.0, 0.0)","(0.0, 0.0, 0.0)",0,0,0,0,0,0,False,0,0,0,0,0,0,0,0,"(0.0, 6.0, 727.4)","(0.2, 0.0, 0.0, 1.0)"
0,880680.5,0,0,0,0,0,0,0,0,0,"(0.0, 0.0)","(0.0, 0.0)","(0.0, 0.0)","(0.0, 0.0, 0.0)","(0.0, 0.0, 0.0)","(0.0, 0.0, 0.0)","(0.0, 0.0, 0.0)","(0.0, 0.0, 0.0)","(0.0, 0.0, 0.0)",0,0,0,0,0,0,False,0,0,0,0,0,0,0,0,"(0.0, 6.0, 727.7)","(0.2, 0.0, 0.0, 1.0)"
0,880701.8,0,0,0,0,0,0,0,0,0,"(0.0, 0.0)","(0.0, 0.0)","(0.0, 0.0)","(0.0, 0.0, 0.0)","(0.0, 0.0, 0.0)","(0.0, 0.0, 0.0)","(0.0, 0.0, 0.0)","(0.0, 0.0, 0.0)","(0.0, 0.0, 0.0)",0,0,0,0,0,0,False,0,0,0,0,0,0,0,0,"(0.0, 6.0, 728.0)","(0.2, 0.0, 0.0, 1.0)"
0,880724.3,0,0,0,0,0,0,0,0,0,"(0.0, 0.0)","(0.0, 0.0)","(0.0, 0.0)","(0.0, 0.0, 0.0)","(0.0, 0.0, 0.0)","(0.0, 0.0, 0.0)","(0.0, 0.0, 0.0)","(0.0, 0.0, 0.0)","(0.0, 0.0, 0.0)",0,0,0,0,0,0,False,0,0,0,0,0,0,0,0,"(0.0, 6.0, 728.3)","(0.2, 0.0, 0.0, 1.0)"
0,880746.9,0,0,0,0,0,0,0,0,0,"(0.0, 0.0)","(0.0, 0.0)","(0.0, 0.0)","(0.0, 0.0, 0.0)","(0.0, 0.0, 0.0)","(0.0, 0.0, 0.0)","(0.0, 0.0, 0.0)","(0.0, 0.0, 0.0)","(0.0, 0.0, 0.0)",0,0,0,0,0,0,False,0,0,0,0,0,0,0,0,"(0.0, 6.0, 728.6)","(0.2, 0.0, 0.0, 1.0)"
0,880768.5,0,0,0,0,0,0,0,0,0,"(0.0, 0.0)","(0.0, 0.0)","(0.0, 0.0)","(0.0, 0.0, 0.0)","(0.0, 0.0, 0.0)","(0.0, 0.0, 0.0)","(0.0, 0.0, 0.0)","(0.0, 0.0, 0.0)","(0.0, 0.0, 0.0)",0,0,0,0,0,0,False,0,0,0,0,0,0,0,0,"(0.0, 6.0, 728.9)","(0.2, 0.0, 0.0, 1.0)"
0,880790.6,0,0,0,0,0,0,0,0,0,"(0.0, 0.0)","(0.0, 0.0)","(0.0, 0.0)","(0.0, 0.0, 0.0)","(0.0, 0.0, 0.0)","(0.0, 0.0, 0.0)","(0.0, 0.0, 0.0)","(0.0, 0.0, 0.0)","(0.0, 0.0, 0.0)",0,0,0,0,0,0,False,0,0,0,0,0,0,0,0,"(0.0, 6.0, 729.2)","(0.2, 0.0, 0.0, 1.0)"
0,880809.7,0,0,0,0,0,0,0,0,0,"(0.0, 0.0)","(0.0, 0.0)","(0.0, 0.0)","(0.0, 0.0, 0.0)","(0.0, 0.0, 0.0)","(0.0, 0.0, 0.0)","(0.0, 0.0, 0.0)","(0.0, 0.0, 0.0)","(0.0, 0.0, 0.0)",0,0,0,0,0,0,False,0,0,0,0,0,0,0,0,"(0.0, 6.0, 729.5)","(0.2, 0.0, 0.0, 1.0)"
0,880828.4,0,0,0,0,0,0,0,0,0,"(0.0, 0.0)","(0.0, 0.0)","(0.0, 0.0)","(0.0, 0.0, 0.0)","(0.0, 0.0, 0.0)","(0.0, 0.0, 0.0)","(0.0, 0.0, 0.0)","(0.0, 0.0, 0.0)","(0.0, 0.0, 0.0)",0,0,0,0,0,0,False,0,0,0,0,0,0,0,0,"(0.0, 6.0, 729.8)","(0.2, 0.0, 0.0, 1.0)"
0,880848,0,0,0,0,0,0,0,0,0,"(0.0, 0.0)","(0.0, 0.0)","(0.0, 0.0)","(0.0, 0.0, 0.0)","(0.0, 0.0, 0.0)","(0.0, 0.0, 0.0)","(0.0, 0.0, 0.0)","(0.0, 0.0, 0.0)","(0.0, 0.0, 0.0)",0,0,0,0,0,0,False,0,0,0,0,0,0,0,0,"(0.0, 6.0, 730.1)","(0.2, 0.0, 0.0, 1.0)"
0,880868.1,0,0,0,0,0,0,0,0,0,"(0.0, 0.0)","(0.0, 0.0)","(0.0, 0.0)","(0.0, 0.0, 0.0)","(0.0, 0.0, 0.0)","(0.0, 0.0, 0.0)","(0.0, 0.0, 0.0)","(0.0, 0.0, 0.0)","(0.0, 0.0, 0.0)",0,0,0,0,0,0,False,0,0,0,0,0,0,0,0,"(0.0, 6.0, 730.4)","(0.2, 0.0, 0.0, 1.0)"
0,880886.8,0,0,0,0,0,0,0,0,0,"(0.0, 0.0)","(0.0, 0.0)","(0.0, 0.0)","(0.0, 0.0, 0.0)","(0.0, 0.0, 0.0)","(0.0, 0.0, 0.0)","(0.0, 0.0, 0.0)","(0.0, 0.0, 0.0)","(0.0, 0.0, 0.0)",0,0,0,0,0,0,False,0,0,0,0,0,0,0,0,"(0.0, 6.0, 730.7)","(0.2, 0.0, 0.0, 1.0)"
0,880905.3,0,0,0,0,0,0,0,0,0,"(0.0, 0.0)","(0.0, 0.0)","(0.0, 0.0)","(0.0, 0.0, 0.0)","(0.0, 0.0, 0.0)","(0.0, 0.0, 0.0)","(0.0, 0.0, 0.0)","(0.0, 0.0, 0.0)","(0.0, 0.0, 0.0)",0,0,0,0,0,0,False,0,0,0,0,0,0,0,0,"(0.0, 6.0, 731.0)","(0.2, 0.0, 0.0, 1.0)"
0,880923.4,0,0,0,0,0,0,0,0,0,"(0.0, 0.0)","(0.0, 0.0)","(0.0, 0.0)","(0.0, 0.0, 0.0)","(0.0, 0.0, 0.0)","(0.0, 0.0, 0.0)","(0.0, 0.0, 0.0)","(0.0, 0.0, 0.0)","(0.0, 0.0, 0.0)",0,0,0,0,0,0,False,0,0,0,0,0,0,0,0,"(0.0, 6.0, 731.3)","(0.2, 0.0, 0.0, 1.0)"
0,880943.1,0,0,0,0,0,0,0,0,0,"(0.0, 0.0)","(0.0, 0.0)","(0.0, 0.0)","(0.0, 0.0, 0.0)","(0.0, 0.0, 0.0)","(0.0, 0.0, 0.0)","(0.0, 0.0, 0.0)","(0.0, 0.0, 0.0)","(0.0, 0.0, 0.0)",0,0,0,0,0,0,False,0,0,0,0,0,0,0,0,"(0.0, 6.0, 731.5)","(0.2, 0.0, 0.0, 1.0)"
0,880963.8,0,0,0,0,0,0,0,0,0,"(0.0, 0.0)","(0.0, 0.0)","(0.0, 0.0)","(0.0, 0.0, 0.0)","(0.0, 0.0, 0.0)","(0.0, 0.0, 0.0)","(0.0, 0.0, 0.0)","(0.0, 0.0, 0.0)","(0.0, 0.0, 0.0)",0,0,0,0,0,0,False,0,0,0,0,0,0,0,0,"(0.0, 6.0, 731.8)","(0.2, 0.0, 0.0, 1.0)"
0,880983.1,0,0,0,0,0,0,0,0,0,"(0.0, 0.0)","(0.0, 0.0)","(0.0, 0.0)","(0.0, 0.0, 0.0)","(0.0, 0.0, 0.0)","(0.0, 0.0, 0.0)","(0.0, 0.0, 0.0)","(0.0, 0.0, 0.0)","(0.0, 0.0, 0.0)",0,0,0,0,0,0,False,0,0,0,0,0,0,0,0,"(0.0, 6.0, 732.1)","(0.2, 0.0, 0.0, 1.0)"
0,881002.2,0,0,0,0,0,0,0,0,0,"(0.0, 0.0)","(0.0, 0.0)","(0.0, 0.0)","(0.0, 0.0, 0.0)","(0.0, 0.0, 0.0)","(0.0, 0.0, 0.0)","(0.0, 0.0, 0.0)","(0.0, 0.0, 0.0)","(0.0, 0.0, 0.0)",0,0,0,0,0,0,False,0,0,0,0,0,0,0,0,"(0.0, 6.0, 732.4)","(0.2, 0.0, 0.0, 1.0)"
0,881019.8,0,0,0,0,0,0,0,0,0,"(0.0, 0.0)","(0.0, 0.0)","(0.0, 0.0)","(0.0, 0.0, 0.0)","(0.0, 0.0, 0.0)","(0.0, 0.0, 0.0)","(0.0, 0.0, 0.0)","(0.0, 0.0, 0.0)","(0.0, 0.0, 0.0)",0,0,0,0,0,0,False,0,0,0,0,0,0,0,0,"(0.0, 6.0, 732.7)","(0.2, 0.0, 0.0, 1.0)"
0,881038.8,0,0,0,0,0,0,0,0,0,"(0.0, 0.0)","(0.0, 0.0)","(0.0, 0.0)","(0.0, 0.0, 0.0)","(0.0, 0.0, 0.0)","(0.0, 0.0, 0.0)","(0.0, 0.0, 0.0)","(0.0, 0.0, 0.0)","(0.0, 0.0, 0.0)",0,0,0,0,0,0,False,0,0,0,0,0,0,0,0,"(0.0, 6.0, 732.9)","(0.2, 0.0, 0.0, 1.0)"
0,881056.7,0,0,0,0,0,0,0,0,0,"(0.0, 0.0)","(0.0, 0.0)","(0.0, 0.0)","(0.0, 0.0, 0.0)","(0.0, 0.0, 0.0)","(0.0, 0.0, 0.0)","(0.0, 0.0, 0.0)","(0.0, 0.0, 0.0)","(0.0, 0.0, 0.0)",0,0,0,0,0,0,False,0,0,0,0,0,0,0,0,"(0.0, 6.0, 733.2)","(0.2, 0.0, 0.0, 1.0)"
0,881075.8,0,0,0,0,0,0,0,0,0,"(0.0, 0.0)","(0.0, 0.0)","(0.0, 0.0)","(0.0, 0.0, 0.0)","(0.0, 0.0, 0.0)","(0.0, 0.0, 0.0)","(0.0, 0.0, 0.0)","(0.0, 0.0, 0.0)","(0.0, 0.0, 0.0)",0,0,0,0,0,0,False,0,0,0,0,0,0,0,0,"(0.0, 6.0, 733.5)","(0.2, 0.0, 0.0, 1.0)"
0,881093.7,0,0,0,0,0,0,0,0,0,"(0.0, 0.0)","(0.0, 0.0)","(0.0, 0.0)","(0.0, 0.0, 0.0)","(0.0, 0.0, 0.0)","(0.0, 0.0, 0.0)","(0.0, 0.0, 0.0)","(0.0, 0.0, 0.0)","(0.0, 0.0, 0.0)",0,0,0,0,0,0,False,0,0,0,0,0,0,0,0,"(0.0, 6.0, 733.8)","(0.2, 0.0, 0.0, 1.0)"
0,881111,0,0,0,0,0,0,0,0,0,"(0.0, 0.0)","(0.0, 0.0)","(0.0, 0.0)","(0.0, 0.0, 0.0)","(0.0, 0.0, 0.0)","(0.0, 0.0, 0.0)","(0.0, 0.0, 0.0)","(0.0, 0.0, 0.0)","(0.0, 0.0, 0.0)",0,0,0,0,0,0,False,0,0,0,0,0,0,0,0,"(0.0, 6.0, 734.0)","(0.2, 0.0, 0.0, 1.0)"
0,881130.6,0,0,0,0,0,0,0,0,0,"(0.0, 0.0)","(0.0, 0.0)","(0.0, 0.0)","(0.0, 0.0, 0.0)","(0.0, 0.0, 0.0)","(0.0, 0.0, 0.0)","(0.0, 0.0, 0.0)","(0.0, 0.0, 0.0)","(0.0, 0.0, 0.0)",0,0,0,0,0,0,False,0,0,0,0,0,0,0,0,"(0.0, 6.0, 734.3)","(0.2, 0.0, 0.0, 1.0)"
0,881153.6,0,0,0,0,0,0,0,0,0,"(0.0, 0.0)","(0.0, 0.0)","(0.0, 0.0)","(0.0, 0.0, 0.0)","(0.0, 0.0, 0.0)","(0.0, 0.0, 0.0)","(0.0, 0.0, 0.0)","(0.0, 0.0, 0.0)","(0.0, 0.0, 0.0)",0,0,0,0,0,0,False,0,0,0,0,0,0,0,0,"(0.0, 6.0, 734.6)","(0.2, 0.0, 0.0, 1.0)"
0,881172.1,0,0,0,0,0,0,0,0,0,"(0.0, 0.0)","(0.0, 0.0)","(0.0, 0.0)","(0.0, 0.0, 0.0)","(0.0, 0.0, 0.0)","(0.0, 0.0, 0.0)","(0.0, 0.0, 0.0)","(0.0, 0.0, 0.0)","(0.0, 0.0, 0.0)",0,0,0,0,0,0,False,0,0,0,0,0,0,0,0,"(0.0, 6.0, 734.8)","(0.2, 0.0, 0.0, 1.0)"
0,881189.9,0,0,0,0,0,0,0,0,0,"(0.0, 0.0)","(0.0, 0.0)","(0.0, 0.0)","(0.0, 0.0, 0.0)","(0.0, 0.0, 0.0)","(0.0, 0.0, 0.0)","(0.0, 0.0, 0.0)","(0.0, 0.0, 0.0)","(0.0, 0.0, 0.0)",0,0,0,0,0,0,False,0,0,0,0,0,0,0,0,"(0.0, 6.0, 735.1)","(0.2, 0.0, 0.0, 1.0)"
0,881207.6,0,0,0,0,0,0,0,0,0,"(0.0, 0.0)","(0.0, 0.0)","(0.0, 0.0)","(0.0, 0.0, 0.0)","(0.0, 0.0, 0.0)","(0.0, 0.0, 0.0)","(0.0, 0.0, 0.0)","(0.0, 0.0, 0.0)","(0.0, 0.0, 0.0)",0,0,0,0,0,0,False,0,0,0,0,0,0,0,0,"(0.0, 6.0, 735.4)","(0.2, 0.0, 0.0, 1.0)"
0,881225.3,0,0,0,0,0,0,0,0,0,"(0.0, 0.0)","(0.0, 0.0)","(0.0, 0.0)","(0.0, 0.0, 0.0)","(0.0, 0.0, 0.0)","(0.0, 0.0, 0.0)","(0.0, 0.0, 0.0)","(0.0, 0.0, 0.0)","(0.0, 0.0, 0.0)",0,0,0,0,0,0,False,0,0,0,0,0,0,0,0,"(0.0, 6.0, 735.7)","(0.2, 0.0, 0.0, 1.0)"
0,881242.9,0,0,0,0,0,0,0,0,0,"(0.0, 0.0)","(0.0, 0.0)","(0.0, 0.0)","(0.0, 0.0, 0.0)","(0.0, 0.0, 0.0)","(0.0, 0.0, 0.0)","(0.0, 0.0, 0.0)","(0.0, 0.0, 0.0)","(0.0, 0.0, 0.0)",0,0,0,0,0,0,False,0,0,0,0,0,0,0,0,"(0.0, 6.0, 735.9)","(0.2, 0.0, 0.0, 1.0)"
0,881260.1,0,0,0,0,0,0,0,0,0,"(0.0, 0.0)","(0.0, 0.0)","(0.0, 0.0)","(0.0, 0.0, 0.0)","(0.0, 0.0, 0.0)","(0.0, 0.0, 0.0)","(0.0, 0.0, 0.0)","(0.0, 0.0, 0.0)","(0.0, 0.0, 0.0)",0,0,0,0,0,0,False,0,0,0,0,0,0,0,0,"(0.0, 6.0, 736.2)","(0.2, 0.0, 0.0, 1.0)"
0,881279.9,0,0,0,0,0,0,0,0,0,"(0.0, 0.0)","(0.0, 0.0)","(0.0, 0.0)","(0.0, 0.0, 0.0)","(0.0, 0.0, 0.0)","(0.0, 0.0, 0.0)","(0.0, 0.0, 0.0)","(0.0, 0.0, 0.0)","(0.0, 0.0, 0.0)",0,0,0,0,0,0,False,0,0,0,0,0,0,0,0,"(0.0, 6.0, 736.4)","(0.2, 0.0, 0.0, 1.0)"
0,881303.2,0,0,0,0,0,0,0,0,0,"(0.0, 0.0)","(0.0, 0.0)","(0.0, 0.0)","(0.0, 0.0, 0.0)","(0.0, 0.0, 0.0)","(0.0, 0.0, 0.0)","(0.0, 0.0, 0.0)","(0.0, 0.0, 0.0)","(0.0, 0.0, 0.0)",0,0,0,0,0,0,False,0,0,0,0,0,0,0,0,"(0.0, 6.0, 736.7)","(0.2, 0.0, 0.0, 1.0)"
0,881324.1,0,0,0,0,0,0,0,0,0,"(0.0, 0.0)","(0.0, 0.0)","(0.0, 0.0)","(0.0, 0.0, 0.0)","(0.0, 0.0, 0.0)","(0.0, 0.0, 0.0)","(0.0, 0.0, 0.0)","(0.0, 0.0, 0.0)","(0.0, 0.0, 0.0)",0,0,0,0,0,0,False,0,0,0,0,0,0,0,0,"(0.0, 6.0, 737.0)","(0.2, 0.0, 0.0, 1.0)"
0,881347.2,0,0,0,0,0,0,0,0,0,"(0.0, 0.0)","(0.0, 0.0)","(0.0, 0.0)","(0.0, 0.0, 0.0)","(0.0, 0.0, 0.0)","(0.0, 0.0, 0.0)","(0.0, 0.0, 0.0)","(0.0, 0.0, 0.0)","(0.0, 0.0, 0.0)",0,0,0,0,0,0,False,0,0,0,0,0,0,0,0,"(0.0, 6.0, 737.3)","(0.2, 0.0, 0.0, 1.0)"
0,881368.6,0,0,0,0,0,0,0,0,0,"(0.0, 0.0)","(0.0, 0.0)","(0.0, 0.0)","(0.0, 0.0, 0.0)","(0.0, 0.0, 0.0)","(0.0, 0.0, 0.0)","(0.0, 0.0, 0.0)","(0.0, 0.0, 0.0)","(0.0, 0.0, 0.0)",0,0,0,0,0,0,False,0,0,0,0,0,0,0,0,"(0.0, 6.0, 737.5)","(0.2, 0.0, 0.0, 1.0)"
0,881390.6,0,0,0,0,0,0,0,0,0,"(0.0, 0.0)","(0.0, 0.0)","(0.0, 0.0)","(0.0, 0.0, 0.0)","(0.0, 0.0, 0.0)","(0.0, 0.0, 0.0)","(0.0, 0.0, 0.0)","(0.0, 0.0, 0.0)","(0.0, 0.0, 0.0)",0,0,0,0,0,0,False,0,0,0,0,0,0,0,0,"(0.0, 6.0, 737.8)","(0.2, 0.0, 0.0, 1.0)"
0,881413.9,0,0,0,0,0,0,0,0,0,"(0.0, 0.0)","(0.0, 0.0)","(0.0, 0.0)","(0.0, 0.0, 0.0)","(0.0, 0.0, 0.0)","(0.0, 0.0, 0.0)","(0.0, 0.0, 0.0)","(0.0, 0.0, 0.0)","(0.0, 0.0, 0.0)",0,0,0,0,0,0,False,0,0,0,0,0,0,0,0,"(0.0, 6.0, 738.1)","(0.2, 0.0, 0.0, 1.0)"
0,881435.2,0,0,0,0,0,0,0,0,0,"(0.0, 0.0)","(0.0, 0.0)","(0.0, 0.0)","(0.0, 0.0, 0.0)","(0.0, 0.0, 0.0)","(0.0, 0.0, 0.0)","(0.0, 0.0, 0.0)","(0.0, 0.0, 0.0)","(0.0, 0.0, 0.0)",0,0,0,0,0,0,False,0,0,0,0,0,0,0,0,"(0.0, 6.0, 738.4)","(0.2, 0.0, 0.0, 1.0)"
0,881457,0,0,0,0,0,0,0,0,0,"(0.0, 0.0)","(0.0, 0.0)","(0.0, 0.0)","(0.0, 0.0, 0.0)","(0.0, 0.0, 0.0)","(0.0, 0.0, 0.0)","(0.0, 0.0, 0.0)","(0.0, 0.0, 0.0)","(0.0, 0.0, 0.0)",0,0,0,0,0,0,False,0,0,0,0,0,0,0,0,"(0.0, 6.0, 738.7)","(0.2, 0.0, 0.0, 1.0)"
0,881485.1,0,0,0,0,0,0,0,0,0,"(0.0, 0.0)","(0.0, 0.0)","(0.0, 0.0)","(0.0, 0.0, 0.0)","(0.0, 0.0, 0.0)","(0.0, 0.0, 0.0)","(0.0, 0.0, 0.0)","(0.0, 0.0, 0.0)","(0.0, 0.0, 0.0)",0,0,0,0,0,0,False,0,0,0,0,0,0,0,0,"(0.0, 6.0, 739.0)","(0.2, 0.0, 0.0, 1.0)"
0,881503.7,0,0,0,0,0,0,0,0,0,"(0.0, 0.0)","(0.0, 0.0)","(0.0, 0.0)","(0.0, 0.0, 0.0)","(0.0, 0.0, 0.0)","(0.0, 0.0, 0.0)","(0.0, 0.0, 0.0)","(0.0, 0.0, 0.0)","(0.0, 0.0, 0.0)",0,0,0,0,0,0,False,0,0,0,0,0,0,0,0,"(0.0, 6.0, 739.3)","(0.2, 0.0, 0.0, 1.0)"
0,881523.7,0,0,0,0,0,0,0,0,0,"(0.0, 0.0)","(0.0, 0.0)","(0.0, 0.0)","(0.0, 0.0, 0.0)","(0.0, 0.0, 0.0)","(0.0, 0.0, 0.0)","(0.0, 0.0, 0.0)","(0.0, 0.0, 0.0)","(0.0, 0.0, 0.0)",0,0,0,0,0,0,False,0,0,0,0,0,0,0,0,"(0.0, 6.0, 739.6)","(0.2, 0.0, 0.0, 1.0)"
0,881546.4,0,0,0,0,0,0,0,0,0,"(0.0, 0.0)","(0.0, 0.0)","(0.0, 0.0)","(0.0, 0.0, 0.0)","(0.0, 0.0, 0.0)","(0.0, 0.0, 0.0)","(0.0, 0.0, 0.0)","(0.0, 0.0, 0.0)","(0.0, 0.0, 0.0)",0,0,0,0,0,0,False,0,0,0,0,0,0,0,0,"(0.0, 6.0, 739.9)","(0.2, 0.0, 0.0, 1.0)"
0,881568.6,0,0,0,0,0,0,0,0,0,"(0.0, 0.0)","(0.0, 0.0)","(0.0, 0.0)","(0.0, 0.0, 0.0)","(0.0, 0.0, 0.0)","(0.0, 0.0, 0.0)","(0.0, 0.0, 0.0)","(0.0, 0.0, 0.0)","(0.0, 0.0, 0.0)",0,0,0,0,0,0,False,0,0,0,0,0,0,0,0,"(0.0, 6.0, 740.2)","(0.2, 0.0, 0.0, 1.0)"
0,881590.4,0,0,0,0,0,0,0,0,0,"(0.0, 0.0)","(0.0, 0.0)","(0.0, 0.0)","(0.0, 0.0, 0.0)","(0.0, 0.0, 0.0)","(0.0, 0.0, 0.0)","(0.0, 0.0, 0.0)","(0.0, 0.0, 0.0)","(0.0, 0.0, 0.0)",0,0,0,0,0,0,False,0,0,0,0,0,0,0,0,"(0.0, 6.0, 740.5)","(0.2, 0.0, 0.0, 1.0)"
0,881613.4,0,0,0,0,0,0,0,0,0,"(0.0, 0.0)","(0.0, 0.0)","(0.0, 0.0)","(0.0, 0.0, 0.0)","(0.0, 0.0, 0.0)","(0.0, 0.0, 0.0)","(0.0, 0.0, 0.0)","(0.0, 0.0, 0.0)","(0.0, 0.0, 0.0)",0,0,0,0,0,0,False,0,0,0,0,0,0,0,0,"(0.0, 6.0, 740.8)","(0.2, 0.0, 0.0, 1.0)"
0,881635,0,0,0,0,0,0,0,0,0,"(0.0, 0.0)","(0.0, 0.0)","(0.0, 0.0)","(0.0, 0.0, 0.0)","(0.0, 0.0, 0.0)","(0.0, 0.0, 0.0)","(0.0, 0.0, 0.0)","(0.0, 0.0, 0.0)","(0.0, 0.0, 0.0)",0,0,0,0,0,0,False,0,0,0,0,0,0,0,0,"(0.0, 6.0, 741.1)","(0.2, 0.0, 0.0, 1.0)"
0,881657.1,0,0,0,0,0,0,0,0,0,"(0.0, 0.0)","(0.0, 0.0)","(0.0, 0.0)","(0.0, 0.0, 0.0)","(0.0, 0.0, 0.0)","(0.0, 0.0, 0.0)","(0.0, 0.0, 0.0)","(0.0, 0.0, 0.0)","(0.0, 0.0, 0.0)",0,0,0,0,0,0,False,0,0,0,0,0,0,0,0,"(0.0, 6.0, 741.4)","(0.2, 0.0, 0.0, 1.0)"
0,881679.9,0,0,0,0,0,0,0,0,0,"(0.0, 0.0)","(0.0, 0.0)","(0.0, 0.0)","(0.0, 0.0, 0.0)","(0.0, 0.0, 0.0)","(0.0, 0.0, 0.0)","(0.0, 0.0, 0.0)","(0.0, 0.0, 0.0)","(0.0, 0.0, 0.0)",0,0,0,0,0,0,False,0,0,0,0,0,0,0,0,"(0.0, 6.0, 741.7)","(0.2, 0.0, 0.0, 1.0)"
0,881702.3,0,0,0,0,0,0,0,0,0,"(0.0, 0.0)","(0.0, 0.0)","(0.0, 0.0)","(0.0, 0.0, 0.0)","(0.0, 0.0, 0.0)","(0.0, 0.0, 0.0)","(0.0, 0.0, 0.0)","(0.0, 0.0, 0.0)","(0.0, 0.0, 0.0)",0,0,0,0,0,0,False,0,0,0,0,0,0,0,0,"(0.0, 6.0, 742.0)","(0.2, 0.0, 0.0, 1.0)"
0,881723.8,0,0,0,0,0,0,0,0,0,"(0.0, 0.0)","(0.0, 0.0)","(0.0, 0.0)","(0.0, 0.0, 0.0)","(0.0, 0.0, 0.0)","(0.0, 0.0, 0.0)","(0.0, 0.0, 0.0)","(0.0, 0.0, 0.0)","(0.0, 0.0, 0.0)",0,0,0,0,0,0,False,0,0,0,0,0,0,0,0,"(0.0, 6.0, 742.3)","(0.2, 0.0, 0.0, 1.0)"
0,881740.4,0,0,0,0,0,0,0,0,0,"(0.0, 0.0)","(0.0, 0.0)","(0.0, 0.0)","(0.0, 0.0, 0.0)","(0.0, 0.0, 0.0)","(0.0, 0.0, 0.0)","(0.0, 0.0, 0.0)","(0.0, 0.0, 0.0)","(0.0, 0.0, 0.0)",0,0,0,0,0,0,False,0,0,0,0,0,0,0,0,"(0.0, 6.0, 742.6)","(0.2, 0.0, 0.0, 1.0)"
0,881757.4,0,0,0,0,0,0,0,0,0,"(0.0, 0.0)","(0.0, 0.0)","(0.0, 0.0)","(0.0, 0.0, 0.0)","(0.0, 0.0, 0.0)","(0.0, 0.0, 0.0)","(0.0, 0.0, 0.0)","(0.0, 0.0, 0.0)","(0.0, 0.0, 0.0)",0,0,0,0,0,0,False,0,0,0,0,0,0,0,0,"(0.0, 6.0, 742.9)","(0.2, 0.0, 0.0, 1.0)"
0,881774.6,0,0,0,0,0,0,0,0,0,"(0.0, 0.0)","(0.0, 0.0)","(0.0, 0.0)","(0.0, 0.0, 0.0)","(0.0, 0.0, 0.0)","(0.0, 0.0, 0.0)","(0.0, 0.0, 0.0)","(0.0, 0.0, 0.0)","(0.0, 0.0, 0.0)",0,0,0,0,0,0,False,0,0,0,0,0,0,0,0,"(0.0, 6.0, 743.2)","(0.2, 0.0, 0.0, 1.0)"
0,881791.3,0,0,0,0,0,0,0,0,0,"(0.0, 0.0)","(0.0, 0.0)","(0.0, 0.0)","(0.0, 0.0, 0.0)","(0.0, 0.0, 0.0)","(0.0, 0.0, 0.0)","(0.0, 0.0, 0.0)","(0.0, 0.0, 0.0)","(0.0, 0.0, 0.0)",0,0,0,0,0,0,False,0,0,0,0,0,0,0,0,"(0.0, 6.0, 743.4)","(0.2, 0.0, 0.0, 1.0)"
0,881808.1,0,0,0,0,0,0,0,0,0,"(0.0, 0.0)","(0.0, 0.0)","(0.0, 0.0)","(0.0, 0.0, 0.0)","(0.0, 0.0, 0.0)","(0.0, 0.0, 0.0)","(0.0, 0.0, 0.0)","(0.0, 0.0, 0.0)","(0.0, 0.0, 0.0)",0,0,0,0,0,0,False,0,0,0,0,0,0,0,0,"(0.0, 6.0, 743.7)","(0.2, 0.0, 0.0, 1.0)"
0,881824.9,0,0,0,0,0,0,0,0,0,"(0.0, 0.0)","(0.0, 0.0)","(0.0, 0.0)","(0.0, 0.0, 0.0)","(0.0, 0.0, 0.0)","(0.0, 0.0, 0.0)","(0.0, 0.0, 0.0)","(0.0, 0.0, 0.0)","(0.0, 0.0, 0.0)",0,0,0,0,0,0,False,0,0,0,0,0,0,0,0,"(0.0, 6.0, 744.0)","(0.2, 0.0, 0.0, 1.0)"
0,881841.6,0,0,0,0,0,0,0,0,0,"(0.0, 0.0)","(0.0, 0.0)","(0.0, 0.0)","(0.0, 0.0, 0.0)","(0.0, 0.0, 0.0)","(0.0, 0.0, 0.0)","(0.0, 0.0, 0.0)","(0.0, 0.0, 0.0)","(0.0, 0.0, 0.0)",0,0,0,0,0,0,False,0,0,0,0,0,0,0,0,"(0.0, 6.0, 744.3)","(0.2, 0.0, 0.0, 1.0)"
0,881863.7,0,0,0,0,0,0,0,0,0,"(0.0, 0.0)","(0.0, 0.0)","(0.0, 0.0)","(0.0, 0.0, 0.0)","(0.0, 0.0, 0.0)","(0.0, 0.0, 0.0)","(0.0, 0.0, 0.0)","(0.0, 0.0, 0.0)","(0.0, 0.0, 0.0)",0,0,0,0,0,0,False,0,0,0,0,0,0,0,0,"(0.0, 6.0, 744.5)","(0.2, 0.0, 0.0, 1.0)"
0,881881.1,0,0,0,0,0,0,0,0,0,"(0.0, 0.0)","(0.0, 0.0)","(0.0, 0.0)","(0.0, 0.0, 0.0)","(0.0, 0.0, 0.0)","(0.0, 0.0, 0.0)","(0.0, 0.0, 0.0)","(0.0, 0.0, 0.0)","(0.0, 0.0, 0.0)",0,0,0,0,0,0,False,0,0,0,0,0,0,0,0,"(0.0, 6.0, 744.8)","(0.2, 0.0, 0.0, 1.0)"
0,881898,0,0,0,0,0,0,0,0,0,"(0.0, 0.0)","(0.0, 0.0)","(0.0, 0.0)","(0.0, 0.0, 0.0)","(0.0, 0.0, 0.0)","(0.0, 0.0, 0.0)","(0.0, 0.0, 0.0)","(0.0, 0.0, 0.0)","(0.0, 0.0, 0.0)",0,0,0,0,0,0,False,0,0,0,0,0,0,0,0,"(0.0, 6.0, 745.1)","(0.2, 0.0, 0.0, 1.0)"
0,881916.8,0,0,0,0,0,0,0,0,0,"(0.0, 0.0)","(0.0, 0.0)","(0.0, 0.0)","(0.0, 0.0, 0.0)","(0.0, 0.0, 0.0)","(0.0, 0.0, 0.0)","(0.0, 0.0, 0.0)","(0.0, 0.0, 0.0)","(0.0, 0.0, 0.0)",0,0,0,0,0,0,False,0,0,0,0,0,0,0,0,"(0.0, 6.0, 745.3)","(0.2, 0.0, 0.0, 1.0)"
0,881934.8,0,0,0,0,0,0,0,0,0,"(0.0, 0.0)","(0.0, 0.0)","(0.0, 0.0)","(0.0, 0.0, 0.0)","(0.0, 0.0, 0.0)","(0.0, 0.0, 0.0)","(0.0, 0.0, 0.0)","(0.0, 0.0, 0.0)","(0.0, 0.0, 0.0)",0,0,0,0,0,0,False,0,0,0,0,0,0,0,0,"(0.0, 6.0, 745.6)","(0.2, 0.0, 0.0, 1.0)"
0,881951.3,0,0,0,0,0,0,0,0,0,"(0.0, 0.0)","(0.0, 0.0)","(0.0, 0.0)","(0.0, 0.0, 0.0)","(0.0, 0.0, 0.0)","(0.0, 0.0, 0.0)","(0.0, 0.0, 0.0)","(0.0, 0.0, 0.0)","(0.0, 0.0, 0.0)",0,0,0,0,0,0,False,0,0,0,0,0,0,0,0,"(0.0, 6.0, 745.9)","(0.2, 0.0, 0.0, 1.0)"
0,881970,0,0,0,0,0,0,0,0,0,"(0.0, 0.0)","(0.0, 0.0)","(0.0, 0.0)","(0.0, 0.0, 0.0)","(0.0, 0.0, 0.0)","(0.0, 0.0, 0.0)","(0.0, 0.0, 0.0)","(0.0, 0.0, 0.0)","(0.0, 0.0, 0.0)",0,0,0,0,0,0,False,0,0,0,0,0,0,0,0,"(0.0, 6.0, 746.1)","(0.2, 0.0, 0.0, 1.0)"
0,881986.6,0,0,0,0,0,0,0,0,0,"(0.0, 0.0)","(0.0, 0.0)","(0.0, 0.0)","(0.0, 0.0, 0.0)","(0.0, 0.0, 0.0)","(0.0, 0.0, 0.0)","(0.0, 0.0, 0.0)","(0.0, 0.0, 0.0)","(0.0, 0.0, 0.0)",0,0,0,0,0,0,False,0,0,0,0,0,0,0,0,"(0.0, 6.0, 746.4)","(0.2, 0.0, 0.0, 1.0)"
0,882004.7,0,0,0,0,0,0,0,0,0,"(0.0, 0.0)","(0.0, 0.0)","(0.0, 0.0)","(0.0, 0.0, 0.0)","(0.0, 0.0, 0.0)","(0.0, 0.0, 0.0)","(0.0, 0.0, 0.0)","(0.0, 0.0, 0.0)","(0.0, 0.0, 0.0)",0,0,0,0,0,0,False,0,0,0,0,0,0,0,0,"(0.0, 6.0, 746.6)","(0.2, 0.0, 0.0, 1.0)"
0,882026.2,0,0,0,0,0,0,0,0,0,"(0.0, 0.0)","(0.0, 0.0)","(0.0, 0.0)","(0.0, 0.0, 0.0)","(0.0, 0.0, 0.0)","(0.0, 0.0, 0.0)","(0.0, 0.0, 0.0)","(0.0, 0.0, 0.0)","(0.0, 0.0, 0.0)",0,0,0,0,0,0,False,0,0,0,0,0,0,0,0,"(0.0, 6.0, 746.9)","(0.2, 0.0, 0.0, 1.0)"
0,882043.1,0,0,0,0,0,0,0,0,0,"(0.0, 0.0)","(0.0, 0.0)","(0.0, 0.0)","(0.0, 0.0, 0.0)","(0.0, 0.0, 0.0)","(0.0, 0.0, 0.0)","(0.0, 0.0, 0.0)","(0.0, 0.0, 0.0)","(0.0, 0.0, 0.0)",0,0,0,0,0,0,False,0,0,0,0,0,0,0,0,"(0.0, 6.0, 747.2)","(0.2, 0.0, 0.0, 1.0)"
0,882060.8,0,0,0,0,0,0,0,0,0,"(0.0, 0.0)","(0.0, 0.0)","(0.0, 0.0)","(0.0, 0.0, 0.0)","(0.0, 0.0, 0.0)","(0.0, 0.0, 0.0)","(0.0, 0.0, 0.0)","(0.0, 0.0, 0.0)","(0.0, 0.0, 0.0)",0,0,0,0,0,0,False,0,0,0,0,0,0,0,0,"(0.0, 6.0, 747.4)","(0.2, 0.0, 0.0, 1.0)"
0,882078,0,0,0,0,0,0,0,0,0,"(0.0, 0.0)","(0.0, 0.0)","(0.0, 0.0)","(0.0, 0.0, 0.0)","(0.0, 0.0, 0.0)","(0.0, 0.0, 0.0)","(0.0, 0.0, 0.0)","(0.0, 0.0, 0.0)","(0.0, 0.0, 0.0)",0,0,0,0,0,0,False,0,0,0,0,0,0,0,0,"(0.0, 6.0, 747.7)","(0.2, 0.0, 0.0, 1.0)"
0,882094.8,0,0,0,0,0,0,0,0,0,"(0.0, 0.0)","(0.0, 0.0)","(0.0, 0.0)","(0.0, 0.0, 0.0)","(0.0, 0.0, 0.0)","(0.0, 0.0, 0.0)","(0.0, 0.0, 0.0)","(0.0, 0.0, 0.0)","(0.0, 0.0, 0.0)",0,0,0,0,0,0,False,0,0,0,0,0,0,0,0,"(0.0, 6.0, 747.9)","(0.2, 0.0, 0.0, 1.0)"
0,882112.1,0,0,0,0,0,0,0,0,0,"(0.0, 0.0)","(0.0, 0.0)","(0.0, 0.0)","(0.0, 0.0, 0.0)","(0.0, 0.0, 0.0)","(0.0, 0.0, 0.0)","(0.0, 0.0, 0.0)","(0.0, 0.0, 0.0)","(0.0, 0.0, 0.0)",0,0,0,0,0,0,False,0,0,0,0,0,0,0,0,"(0.0, 6.0, 748.2)","(0.2, 0.0, 0.0, 1.0)"
0,882130.7,0,0,0,0,0,0,0,0,0,"(0.0, 0.0)","(0.0, 0.0)","(0.0, 0.0)","(0.0, 0.0, 0.0)","(0.0, 0.0, 0.0)","(0.0, 0.0, 0.0)","(0.0, 0.0, 0.0)","(0.0, 0.0, 0.0)","(0.0, 0.0, 0.0)",0,0,0,0,0,0,False,0,0,0,0,0,0,0,0,"(0.0, 6.0, 748.4)","(0.2, 0.0, 0.0, 1.0)"
0,882147.9,0,0,0,0,0,0,0,0,0,"(0.0, 0.0)","(0.0, 0.0)","(0.0, 0.0)","(0.0, 0.0, 0.0)","(0.0, 0.0, 0.0)","(0.0, 0.0, 0.0)","(0.0, 0.0, 0.0)","(0.0, 0.0, 0.0)","(0.0, 0.0, 0.0)",0,0,0,0,0,0,False,0,0,0,0,0,0,0,0,"(0.0, 6.0, 748.7)","(0.2, 0.0, 0.0, 1.0)"
0,882168.4,0,0,0,0,0,0,0,0,0,"(0.0, 0.0)","(0.0, 0.0)","(0.0, 0.0)","(0.0, 0.0, 0.0)","(0.0, 0.0, 0.0)","(0.0, 0.0, 0.0)","(0.0, 0.0, 0.0)","(0.0, 0.0, 0.0)","(0.0, 0.0, 0.0)",0,0,0,0,0,0,False,0,0,0,0,0,0,0,0,"(0.0, 6.0, 748.9)","(0.2, 0.0, 0.0, 1.0)"
0,882189.8,0,0,0,0,0,0,0,0,0,"(0.0, 0.0)","(0.0, 0.0)","(0.0, 0.0)","(0.0, 0.0, 0.0)","(0.0, 0.0, 0.0)","(0.0, 0.0, 0.0)","(0.0, 0.0, 0.0)","(0.0, 0.0, 0.0)","(0.0, 0.0, 0.0)",0,0,0,0,0,0,False,0,0,0,0,0,0,0,0,"(0.0, 6.0, 749.2)","(0.2, 0.0, 0.0, 1.0)"
0,882213.4,0,0,0,0,0,0,0,0,0,"(0.0, 0.0)","(0.0, 0.0)","(0.0, 0.0)","(0.0, 0.0, 0.0)","(0.0, 0.0, 0.0)","(0.0, 0.0, 0.0)","(0.0, 0.0, 0.0)","(0.0, 0.0, 0.0)","(0.0, 0.0, 0.0)",0,0,0,0,0,0,False,0,0,0,0,0,0,0,0,"(0.0, 6.0, 749.5)","(0.2, 0.0, 0.0, 1.0)"
0,882235.9,0,0,0,0,0,0,0,0,0,"(0.0, 0.0)","(0.0, 0.0)","(0.0, 0.0)","(0.0, 0.0, 0.0)","(0.0, 0.0, 0.0)","(0.0, 0.0, 0.0)","(0.0, 0.0, 0.0)","(0.0, 0.0, 0.0)","(0.0, 0.0, 0.0)",0,0,0,0,0,0,False,0,0,0,0,0,0,0,0,"(0.0, 6.0, 749.7)","(0.2, 0.0, 0.0, 1.0)"
0,882256.5,0,0,0,0,0,0,0,0,0,"(0.0, 0.0)","(0.0, 0.0)","(0.0, 0.0)","(0.0, 0.0, 0.0)","(0.0, 0.0, 0.0)","(0.0, 0.0, 0.0)","(0.0, 0.0, 0.0)","(0.0, 0.0, 0.0)","(0.0, 0.0, 0.0)",0,0,0,0,0,0,False,0,0,0,0,0,0,0,0,"(0.0, 6.0, 750.0)","(0.2, 0.0, 0.0, 1.0)"
0,882281.6,0,0,0,0,0,0,0,0,0,"(0.0, 0.0)","(0.0, 0.0)","(0.0, 0.0)","(0.0, 0.0, 0.0)","(0.0, 0.0, 0.0)","(0.0, 0.0, 0.0)","(0.0, 0.0, 0.0)","(0.0, 0.0, 0.0)","(0.0, 0.0, 0.0)",0,0,0,0,0,0,False,0,0,0,0,0,0,0,0,"(0.0, 6.0, 750.3)","(0.2, 0.0, 0.0, 1.0)"
0,882302.7,0,0,0,0,0,0,0,0,0,"(0.0, 0.0)","(0.0, 0.0)","(0.0, 0.0)","(0.0, 0.0, 0.0)","(0.0, 0.0, 0.0)","(0.0, 0.0, 0.0)","(0.0, 0.0, 0.0)","(0.0, 0.0, 0.0)","(0.0, 0.0, 0.0)",0,0,0,0,0,0,False,0,0,0,0,0,0,0,0,"(0.0, 6.0, 750.6)","(0.2, 0.0, 0.0, 1.0)"
0,882323.9,0,0,0,0,0,0,0,0,0,"(0.0, 0.0)","(0.0, 0.0)","(0.0, 0.0)","(0.0, 0.0, 0.0)","(0.0, 0.0, 0.0)","(0.0, 0.0, 0.0)","(0.0, 0.0, 0.0)","(0.0, 0.0, 0.0)","(0.0, 0.0, 0.0)",0,0,0,0,0,0,False,0,0,0,0,0,0,0,0,"(0.0, 6.0, 750.9)","(0.2, 0.0, 0.0, 1.0)"
0,882346.1,0,0,0,0,0,0,0,0,0,"(0.0, 0.0)","(0.0, 0.0)","(0.0, 0.0)","(0.0, 0.0, 0.0)","(0.0, 0.0, 0.0)","(0.0, 0.0, 0.0)","(0.0, 0.0, 0.0)","(0.0, 0.0, 0.0)","(0.0, 0.0, 0.0)",0,0,0,0,0,0,False,0,0,0,0,0,0,0,0,"(0.0, 6.0, 751.2)","(0.2, 0.0, 0.0, 1.0)"
0,882368.7,0,0,0,0,0,0,0,0,0,"(0.0, 0.0)","(0.0, 0.0)","(0.0, 0.0)","(0.0, 0.0, 0.0)","(0.0, 0.0, 0.0)","(0.0, 0.0, 0.0)","(0.0, 0.0, 0.0)","(0.0, 0.0, 0.0)","(0.0, 0.0, 0.0)",0,0,0,0,0,0,False,0,0,0,0,0,0,0,0,"(0.0, 6.0, 751.4)","(0.2, 0.0, 0.0, 1.0)"
0,882390,0,0,0,0,0,0,0,0,0,"(0.0, 0.0)","(0.0, 0.0)","(0.0, 0.0)","(0.0, 0.0, 0.0)","(0.0, 0.0, 0.0)","(0.0, 0.0, 0.0)","(0.0, 0.0, 0.0)","(0.0, 0.0, 0.0)","(0.0, 0.0, 0.0)",0,0,0,0,0,0,False,0,0,0,0,0,0,0,0,"(0.0, 6.0, 751.7)","(0.2, 0.0, 0.0, 1.0)"
0,882413.1,0,0,0,0,0,0,0,0,0,"(0.0, 0.0)","(0.0, 0.0)","(0.0, 0.0)","(0.0, 0.0, 0.0)","(0.0, 0.0, 0.0)","(0.0, 0.0, 0.0)","(0.0, 0.0, 0.0)","(0.0, 0.0, 0.0)","(0.0, 0.0, 0.0)",0,0,0,0,0,0,False,0,0,0,0,0,0,0,0,"(0.0, 6.0, 752.0)","(0.2, 0.0, 0.0, 1.0)"
0,882435.3,0,0,0,0,0,0,0,0,0,"(0.0, 0.0)","(0.0, 0.0)","(0.0, 0.0)","(0.0, 0.0, 0.0)","(0.0, 0.0, 0.0)","(0.0, 0.0, 0.0)","(0.0, 0.0, 0.0)","(0.0, 0.0, 0.0)","(0.0, 0.0, 0.0)",0,0,0,0,0,0,False,0,0,0,0,0,0,0,0,"(0.0, 6.0, 752.3)","(0.2, 0.0, 0.0, 1.0)"
0,882456.3,0,0,0,0,0,0,0,0,0,"(0.0, 0.0)","(0.0, 0.0)","(0.0, 0.0)","(0.0, 0.0, 0.0)","(0.0, 0.0, 0.0)","(0.0, 0.0, 0.0)","(0.0, 0.0, 0.0)","(0.0, 0.0, 0.0)","(0.0, 0.0, 0.0)",0,0,0,0,0,0,False,0,0,0,0,0,0,0,0,"(0.0, 6.0, 752.6)","(0.2, 0.0, 0.0, 1.0)"
0,882479.2,0,0,0,0,0,0,0,0,0,"(0.0, 0.0)","(0.0, 0.0)","(0.0, 0.0)","(0.0, 0.0, 0.0)","(0.0, 0.0, 0.0)","(0.0, 0.0, 0.0)","(0.0, 0.0, 0.0)","(0.0, 0.0, 0.0)","(0.0, 0.0, 0.0)",0,0,0,0,0,0,False,0,0,0,0,0,0,0,0,"(0.0, 6.0, 752.9)","(0.2, 0.0, 0.0, 1.0)"
0,882502.4,0,0,0,0,0,0,0,0,0,"(0.0, 0.0)","(0.0, 0.0)","(0.0, 0.0)","(0.0, 0.0, 0.0)","(0.0, 0.0, 0.0)","(0.0, 0.0, 0.0)","(0.0, 0.0, 0.0)","(0.0, 0.0, 0.0)","(0.0, 0.0, 0.0)",0,0,0,0,0,0,False,0,0,0,0,0,0,0,0,"(0.0, 6.0, 753.2)","(0.2, 0.0, 0.0, 1.0)"
0,882523.7,0,0,0,0,0,0,0,0,0,"(0.0, 0.0)","(0.0, 0.0)","(0.0, 0.0)","(0.0, 0.0, 0.0)","(0.0, 0.0, 0.0)","(0.0, 0.0, 0.0)","(0.0, 0.0, 0.0)","(0.0, 0.0, 0.0)","(0.0, 0.0, 0.0)",0,0,0,0,0,0,False,0,0,0,0,0,0,0,0,"(0.0, 6.0, 753.5)","(0.2, 0.0, 0.0, 1.0)"
0,882546.2,0,0,0,0,0,0,0,0,0,"(0.0, 0.0)","(0.0, 0.0)","(0.0, 0.0)","(0.0, 0.0, 0.0)","(0.0, 0.0, 0.0)","(0.0, 0.0, 0.0)","(0.0, 0.0, 0.0)","(0.0, 0.0, 0.0)","(0.0, 0.0, 0.0)",0,0,0,0,0,0,False,0,0,0,0,0,0,0,0,"(0.0, 6.0, 753.8)","(0.2, 0.0, 0.0, 1.0)"
0,882570.9,0,0,0,0,0,0,0,0,0,"(0.0, 0.0)","(0.0, 0.0)","(0.0, 0.0)","(0.0, 0.0, 0.0)","(0.0, 0.0, 0.0)","(0.0, 0.0, 0.0)","(0.0, 0.0, 0.0)","(0.0, 0.0, 0.0)","(0.0, 0.0, 0.0)",0,0,0,0,0,0,False,0,0,0,0,0,0,0,0,"(0.0, 6.0, 754.1)","(0.2, 0.0, 0.0, 1.0)"
0,882589.9,0,0,0,0,0,0,0,0,0,"(0.0, 0.0)","(0.0, 0.0)","(0.0, 0.0)","(0.0, 0.0, 0.0)","(0.0, 0.0, 0.0)","(0.0, 0.0, 0.0)","(0.0, 0.0, 0.0)","(0.0, 0.0, 0.0)","(0.0, 0.0, 0.0)",0,0,0,0,0,0,False,0,0,0,0,0,0,0,0,"(0.0, 6.0, 754.4)","(0.2, 0.0, 0.0, 1.0)"
0,882612.6,0,0,0,0,0,0,0,0,0,"(0.0, 0.0)","(0.0, 0.0)","(0.0, 0.0)","(0.0, 0.0, 0.0)","(0.0, 0.0, 0.0)","(0.0, 0.0, 0.0)","(0.0, 0.0, 0.0)","(0.0, 0.0, 0.0)","(0.0, 0.0, 0.0)",0,0,0,0,0,0,False,0,0,0,0,0,0,0,0,"(0.0, 6.0, 754.7)","(0.2, 0.0, 0.0, 1.0)"
0,882637.1,0,0,0,0,0,0,0,0,0,"(0.0, 0.0)","(0.0, 0.0)","(0.0, 0.0)","(0.0, 0.0, 0.0)","(0.0, 0.0, 0.0)","(0.0, 0.0, 0.0)","(0.0, 0.0, 0.0)","(0.0, 0.0, 0.0)","(0.0, 0.0, 0.0)",0,0,0,0,0,0,False,0,0,0,0,0,0,0,0,"(0.0, 6.0, 755.0)","(0.2, 0.0, 0.0, 1.0)"
0,882656.6,0,0,0,0,0,0,0,0,0,"(0.0, 0.0)","(0.0, 0.0)","(0.0, 0.0)","(0.0, 0.0, 0.0)","(0.0, 0.0, 0.0)","(0.0, 0.0, 0.0)","(0.0, 0.0, 0.0)","(0.0, 0.0, 0.0)","(0.0, 0.0, 0.0)",0,0,0,0,0,0,False,0,0,0,0,0,0,0,0,"(0.0, 6.0, 755.3)","(0.2, 0.0, 0.0, 1.0)"
0,882673.9,0,0,0,0,0,0,0,0,0,"(0.0, 0.0)","(0.0, 0.0)","(0.0, 0.0)","(0.0, 0.0, 0.0)","(0.0, 0.0, 0.0)","(0.0, 0.0, 0.0)","(0.0, 0.0, 0.0)","(0.0, 0.0, 0.0)","(0.0, 0.0, 0.0)",0,0,0,0,0,0,False,0,0,0,0,0,0,0,0,"(0.0, 6.0, 755.6)","(0.2, 0.0, 0.0, 1.0)"
0,882691.9,0,0,0,0,0,0,0,0,0,"(0.0, 0.0)","(0.0, 0.0)","(0.0, 0.0)","(0.0, 0.0, 0.0)","(0.0, 0.0, 0.0)","(0.0, 0.0, 0.0)","(0.0, 0.0, 0.0)","(0.0, 0.0, 0.0)","(0.0, 0.0, 0.0)",0,0,0,0,0,0,False,0,0,0,0,0,0,0,0,"(0.0, 6.0, 755.9)","(0.2, 0.0, 0.0, 1.0)"
0,882709.6,0,0,0,0,0,0,0,0,0,"(0.0, 0.0)","(0.0, 0.0)","(0.0, 0.0)","(0.0, 0.0, 0.0)","(0.0, 0.0, 0.0)","(0.0, 0.0, 0.0)","(0.0, 0.0, 0.0)","(0.0, 0.0, 0.0)","(0.0, 0.0, 0.0)",0,0,0,0,0,0,False,0,0,0,0,0,0,0,0,"(0.0, 6.0, 756.2)","(0.2, 0.0, 0.0, 1.0)"
0,882728.6,0,0,0,0,0,0,0,0,0,"(0.0, 0.0)","(0.0, 0.0)","(0.0, 0.0)","(0.0, 0.0, 0.0)","(0.0, 0.0, 0.0)","(0.0, 0.0, 0.0)","(0.0, 0.0, 0.0)","(0.0, 0.0, 0.0)","(0.0, 0.0, 0.0)",0,0,0,0,0,0,False,0,0,0,0,0,0,0,0,"(0.0, 6.0, 756.5)","(0.2, 0.0, 0.0, 1.0)"
0,882747.6,0,0,0,0,0,0,0,0,0,"(0.0, 0.0)","(0.0, 0.0)","(0.0, 0.0)","(0.0, 0.0, 0.0)","(0.0, 0.0, 0.0)","(0.0, 0.0, 0.0)","(0.0, 0.0, 0.0)","(0.0, 0.0, 0.0)","(0.0, 0.0, 0.0)",0,0,0,0,0,0,False,0,0,0,0,0,0,0,0,"(0.0, 6.0, 756.8)","(0.2, 0.0, 0.0, 1.0)"
0,882766.9,0,0,0,0,0,0,0,0,0,"(0.0, 0.0)","(0.0, 0.0)","(0.0, 0.0)","(0.0, 0.0, 0.0)","(0.0, 0.0, 0.0)","(0.0, 0.0, 0.0)","(0.0, 0.0, 0.0)","(0.0, 0.0, 0.0)","(0.0, 0.0, 0.0)",0,0,0,0,0,0,False,0,0,0,0,0,0,0,0,"(0.0, 6.0, 757.1)","(0.2, 0.0, 0.0, 1.0)"
0,882785.3,0,0,0,0,0,0,0,0,0,"(0.0, 0.0)","(0.0, 0.0)","(0.0, 0.0)","(0.0, 0.0, 0.0)","(0.0, 0.0, 0.0)","(0.0, 0.0, 0.0)","(0.0, 0.0, 0.0)","(0.0, 0.0, 0.0)","(0.0, 0.0, 0.0)",0,0,0,0,0,0,False,0,0,0,0,0,0,0,0,"(0.0, 6.0, 757.4)","(0.2, 0.0, 0.0, 1.0)"
0,882807.9,0,0,0,0,0,0,0,0,0,"(0.0, 0.0)","(0.0, 0.0)","(0.0, 0.0)","(0.0, 0.0, 0.0)","(0.0, 0.0, 0.0)","(0.0, 0.0, 0.0)","(0.0, 0.0, 0.0)","(0.0, 0.0, 0.0)","(0.0, 0.0, 0.0)",0,0,0,0,0,0,False,0,0,0,0,0,0,0,0,"(0.0, 6.0, 757.6)","(0.2, 0.0, 0.0, 1.0)"
0,882827.8,0,0,0,0,0,0,0,0,0,"(0.0, 0.0)","(0.0, 0.0)","(0.0, 0.0)","(0.0, 0.0, 0.0)","(0.0, 0.0, 0.0)","(0.0, 0.0, 0.0)","(0.0, 0.0, 0.0)","(0.0, 0.0, 0.0)","(0.0, 0.0, 0.0)",0,0,0,0,0,0,False,0,0,0,0,0,0,0,0,"(0.0, 6.0, 757.9)","(0.2, 0.0, 0.0, 1.0)"
0,882848.3,0,0,0,0,0,0,0,0,0,"(0.0, 0.0)","(0.0, 0.0)","(0.0, 0.0)","(0.0, 0.0, 0.0)","(0.0, 0.0, 0.0)","(0.0, 0.0, 0.0)","(0.0, 0.0, 0.0)","(0.0, 0.0, 0.0)","(0.0, 0.0, 0.0)",0,0,0,0,0,0,False,0,0,0,0,0,0,0,0,"(0.0, 6.0, 758.2)","(0.2, 0.0, 0.0, 1.0)"
0,882868.1,0,0,0,0,0,0,0,0,0,"(0.0, 0.0)","(0.0, 0.0)","(0.0, 0.0)","(0.0, 0.0, 0.0)","(0.0, 0.0, 0.0)","(0.0, 0.0, 0.0)","(0.0, 0.0, 0.0)","(0.0, 0.0, 0.0)","(0.0, 0.0, 0.0)",0,0,0,0,0,0,False,0,0,0,0,0,0,0,0,"(0.0, 6.0, 758.5)","(0.2, 0.0, 0.0, 1.0)"
0,882888.6,0,0,0,0,0,0,0,0,0,"(0.0, 0.0)","(0.0, 0.0)","(0.0, 0.0)","(0.0, 0.0, 0.0)","(0.0, 0.0, 0.0)","(0.0, 0.0, 0.0)","(0.0, 0.0, 0.0)","(0.0, 0.0, 0.0)","(0.0, 0.0, 0.0)",0,0,0,0,0,0,False,0,0,0,0,0,0,0,0,"(0.0, 6.0, 758.8)","(0.2, 0.0, 0.0, 1.0)"
0,882906.8,0,0,0,0,0,0,0,0,0,"(0.0, 0.0)","(0.0, 0.0)","(0.0, 0.0)","(0.0, 0.0, 0.0)","(0.0, 0.0, 0.0)","(0.0, 0.0, 0.0)","(0.0, 0.0, 0.0)","(0.0, 0.0, 0.0)","(0.0, 0.0, 0.0)",0,0,0,0,0,0,False,0,0,0,0,0,0,0,0,"(0.0, 6.0, 759.1)","(0.2, 0.0, 0.0, 1.0)"
0,882929,0,0,0,0,0,0,0,0,0,"(0.0, 0.0)","(0.0, 0.0)","(0.0, 0.0)","(0.0, 0.0, 0.0)","(0.0, 0.0, 0.0)","(0.0, 0.0, 0.0)","(0.0, 0.0, 0.0)","(0.0, 0.0, 0.0)","(0.0, 0.0, 0.0)",0,0,0,0,0,0,False,0,0,0,0,0,0,0,0,"(0.0, 6.0, 759.3)","(0.2, 0.0, 0.0, 1.0)"
0,882948.2,0,0,0,0,0,0,0,0,0,"(0.0, 0.0)","(0.0, 0.0)","(0.0, 0.0)","(0.0, 0.0, 0.0)","(0.0, 0.0, 0.0)","(0.0, 0.0, 0.0)","(0.0, 0.0, 0.0)","(0.0, 0.0, 0.0)","(0.0, 0.0, 0.0)",0,0,0,0,0,0,False,0,0,0,0,0,0,0,0,"(0.0, 6.0, 759.6)","(0.2, 0.0, 0.0, 1.0)"
0,882968.8,0,0,0,0,0,0,0,0,0,"(0.0, 0.0)","(0.0, 0.0)","(0.0, 0.0)","(0.0, 0.0, 0.0)","(0.0, 0.0, 0.0)","(0.0, 0.0, 0.0)","(0.0, 0.0, 0.0)","(0.0, 0.0, 0.0)","(0.0, 0.0, 0.0)",0,0,0,0,0,0,False,0,0,0,0,0,0,0,0,"(0.0, 6.0, 759.9)","(0.2, 0.0, 0.0, 1.0)"
0,882986.8,0,0,0,0,0,0,0,0,0,"(0.0, 0.0)","(0.0, 0.0)","(0.0, 0.0)","(0.0, 0.0, 0.0)","(0.0, 0.0, 0.0)","(0.0, 0.0, 0.0)","(0.0, 0.0, 0.0)","(0.0, 0.0, 0.0)","(0.0, 0.0, 0.0)",0,0,0,0,0,0,False,0,0,0,0,0,0,0,0,"(0.0, 6.0, 760.2)","(0.2, 0.0, 0.0, 1.0)"
0,883006.9,0,0,0,0,0,0,0,0,0,"(0.0, 0.0)","(0.0, 0.0)","(0.0, 0.0)","(0.0, 0.0, 0.0)","(0.0, 0.0, 0.0)","(0.0, 0.0, 0.0)","(0.0, 0.0, 0.0)","(0.0, 0.0, 0.0)","(0.0, 0.0, 0.0)",0,0,0,0,0,0,False,0,0,0,0,0,0,0,0,"(0.0, 6.0, 760.5)","(0.2, 0.0, 0.0, 1.0)"
0,883025.2,0,0,0,0,0,0,0,0,0,"(0.0, 0.0)","(0.0, 0.0)","(0.0, 0.0)","(0.0, 0.0, 0.0)","(0.0, 0.0, 0.0)","(0.0, 0.0, 0.0)","(0.0, 0.0, 0.0)","(0.0, 0.0, 0.0)","(0.0, 0.0, 0.0)",0,0,0,0,0,0,False,0,0,0,0,0,0,0,0,"(0.0, 6.0, 760.7)","(0.2, 0.0, 0.0, 1.0)"
0,883042.9,0,0,0,0,0,0,0,0,0,"(0.0, 0.0)","(0.0, 0.0)","(0.0, 0.0)","(0.0, 0.0, 0.0)","(0.0, 0.0, 0.0)","(0.0, 0.0, 0.0)","(0.0, 0.0, 0.0)","(0.0, 0.0, 0.0)","(0.0, 0.0, 0.0)",0,0,0,0,0,0,False,0,0,0,0,0,0,0,0,"(0.0, 6.0, 761.0)","(0.2, 0.0, 0.0, 1.0)"
0,883061,0,0,0,0,0,0,0,0,0,"(0.0, 0.0)","(0.0, 0.0)","(0.0, 0.0)","(0.0, 0.0, 0.0)","(0.0, 0.0, 0.0)","(0.0, 0.0, 0.0)","(0.0, 0.0, 0.0)","(0.0, 0.0, 0.0)","(0.0, 0.0, 0.0)",0,0,0,0,0,0,False,0,0,0,0,0,0,0,0,"(0.0, 6.0, 761.3)","(0.2, 0.0, 0.0, 1.0)"
0,883079.4,0,0,0,0,0,0,0,0,0,"(0.0, 0.0)","(0.0, 0.0)","(0.0, 0.0)","(0.0, 0.0, 0.0)","(0.0, 0.0, 0.0)","(0.0, 0.0, 0.0)","(0.0, 0.0, 0.0)","(0.0, 0.0, 0.0)","(0.0, 0.0, 0.0)",0,0,0,0,0,0,False,0,0,0,0,0,0,0,0,"(0.0, 6.0, 761.6)","(0.2, 0.0, 0.0, 1.0)"
0,883104.1,0,0,0,0,0,0,0,0,0,"(0.0, 0.0)","(0.0, 0.0)","(0.0, 0.0)","(0.0, 0.0, 0.0)","(0.0, 0.0, 0.0)","(0.0, 0.0, 0.0)","(0.0, 0.0, 0.0)","(0.0, 0.0, 0.0)","(0.0, 0.0, 0.0)",0,0,0,0,0,0,False,0,0,0,0,0,0,0,0,"(0.0, 6.0, 761.8)","(0.2, 0.0, 0.0, 1.0)"
0,883122.4,0,0,0,0,0,0,0,0,0,"(0.0, 0.0)","(0.0, 0.0)","(0.0, 0.0)","(0.0, 0.0, 0.0)","(0.0, 0.0, 0.0)","(0.0, 0.0, 0.0)","(0.0, 0.0, 0.0)","(0.0, 0.0, 0.0)","(0.0, 0.0, 0.0)",0,0,0,0,0,0,False,0,0,0,0,0,0,0,0,"(0.0, 6.0, 762.1)","(0.2, 0.0, 0.0, 1.0)"
0,883140.9,0,0,0,0,0,0,0,0,0,"(0.0, 0.0)","(0.0, 0.0)","(0.0, 0.0)","(0.0, 0.0, 0.0)","(0.0, 0.0, 0.0)","(0.0, 0.0, 0.0)","(0.0, 0.0, 0.0)","(0.0, 0.0, 0.0)","(0.0, 0.0, 0.0)",0,0,0,0,0,0,False,0,0,0,0,0,0,0,0,"(0.0, 6.0, 762.4)","(0.2, 0.0, 0.0, 1.0)"
0,883158.8,0,0,0,0,0,0,0,0,0,"(0.0, 0.0)","(0.0, 0.0)","(0.0, 0.0)","(0.0, 0.0, 0.0)","(0.0, 0.0, 0.0)","(0.0, 0.0, 0.0)","(0.0, 0.0, 0.0)","(0.0, 0.0, 0.0)","(0.0, 0.0, 0.0)",0,0,0,0,0,0,False,0,0,0,0,0,0,0,0,"(0.0, 6.0, 762.7)","(0.2, 0.0, 0.0, 1.0)"
0,883178.8,0,0,0,0,0,0,0,0,0,"(0.0, 0.0)","(0.0, 0.0)","(0.0, 0.0)","(0.0, 0.0, 0.0)","(0.0, 0.0, 0.0)","(0.0, 0.0, 0.0)","(0.0, 0.0, 0.0)","(0.0, 0.0, 0.0)","(0.0, 0.0, 0.0)",0,0,0,0,0,0,False,0,0,0,0,0,0,0,0,"(0.0, 6.0, 762.9)","(0.2, 0.0, 0.0, 1.0)"
0,883201.5,0,0,0,0,0,0,0,0,0,"(0.0, 0.0)","(0.0, 0.0)","(0.0, 0.0)","(0.0, 0.0, 0.0)","(0.0, 0.0, 0.0)","(0.0, 0.0, 0.0)","(0.0, 0.0, 0.0)","(0.0, 0.0, 0.0)","(0.0, 0.0, 0.0)",0,0,0,0,0,0,False,0,0,0,0,0,0,0,0,"(0.0, 6.0, 763.2)","(0.2, 0.0, 0.0, 1.0)"
0,883223,0,0,0,0,0,0,0,0,0,"(0.0, 0.0)","(0.0, 0.0)","(0.0, 0.0)","(0.0, 0.0, 0.0)","(0.0, 0.0, 0.0)","(0.0, 0.0, 0.0)","(0.0, 0.0, 0.0)","(0.0, 0.0, 0.0)","(0.0, 0.0, 0.0)",0,0,0,0,0,0,False,0,0,0,0,0,0,0,0,"(0.0, 6.0, 763.5)","(0.2, 0.0, 0.0, 1.0)"
0,883245.8,0,0,0,0,0,0,0,0,0,"(0.0, 0.0)","(0.0, 0.0)","(0.0, 0.0)","(0.0, 0.0, 0.0)","(0.0, 0.0, 0.0)","(0.0, 0.0, 0.0)","(0.0, 0.0, 0.0)","(0.0, 0.0, 0.0)","(0.0, 0.0, 0.0)",0,0,0,0,0,0,False,0,0,0,0,0,0,0,0,"(0.0, 6.0, 763.8)","(0.2, 0.0, 0.0, 1.0)"
0,883268.4,0,0,0,0,0,0,0,0,0,"(0.0, 0.0)","(0.0, 0.0)","(0.0, 0.0)","(0.0, 0.0, 0.0)","(0.0, 0.0, 0.0)","(0.0, 0.0, 0.0)","(0.0, 0.0, 0.0)","(0.0, 0.0, 0.0)","(0.0, 0.0, 0.0)",0,0,0,0,0,0,False,0,0,0,0,0,0,0,0,"(0.0, 6.0, 764.1)","(0.2, 0.0, 0.0, 1.0)"
0,883289.5,0,0,0,0,0,0,0,0,0,"(0.0, 0.0)","(0.0, 0.0)","(0.0, 0.0)","(0.0, 0.0, 0.0)","(0.0, 0.0, 0.0)","(0.0, 0.0, 0.0)","(0.0, 0.0, 0.0)","(0.0, 0.0, 0.0)","(0.0, 0.0, 0.0)",0,0,0,0,0,0,False,0,0,0,0,0,0,0,0,"(0.0, 6.0, 764.4)","(0.2, 0.0, 0.0, 1.0)"
0,883312.4,0,0,0,0,0,0,0,0,0,"(0.0, 0.0)","(0.0, 0.0)","(0.0, 0.0)","(0.0, 0.0, 0.0)","(0.0, 0.0, 0.0)","(0.0, 0.0, 0.0)","(0.0, 0.0, 0.0)","(0.0, 0.0, 0.0)","(0.0, 0.0, 0.0)",0,0,0,0,0,0,False,0,0,0,0,0,0,0,0,"(0.0, 6.0, 764.6)","(0.2, 0.0, 0.0, 1.0)"
0,883334.9,0,0,0,0,0,0,0,0,0,"(0.0, 0.0)","(0.0, 0.0)","(0.0, 0.0)","(0.0, 0.0, 0.0)","(0.0, 0.0, 0.0)","(0.0, 0.0, 0.0)","(0.0, 0.0, 0.0)","(0.0, 0.0, 0.0)","(0.0, 0.0, 0.0)",0,0,0,0,0,0,False,0,0,0,0,0,0,0,0,"(0.0, 6.0, 764.9)","(0.2, 0.0, 0.0, 1.0)"
0,883355.9,0,0,0,0,0,0,0,0,0,"(0.0, 0.0)","(0.0, 0.0)","(0.0, 0.0)","(0.0, 0.0, 0.0)","(0.0, 0.0, 0.0)","(0.0, 0.0, 0.0)","(0.0, 0.0, 0.0)","(0.0, 0.0, 0.0)","(0.0, 0.0, 0.0)",0,0,0,0,0,0,False,0,0,0,0,0,0,0,0,"(0.0, 6.0, 765.2)","(0.2, 0.0, 0.0, 1.0)"
0,883378.8,0,0,0,0,0,0,0,0,0,"(0.0, 0.0)","(0.0, 0.0)","(0.0, 0.0)","(0.0, 0.0, 0.0)","(0.0, 0.0, 0.0)","(0.0, 0.0, 0.0)","(0.0, 0.0, 0.0)","(0.0, 0.0, 0.0)","(0.0, 0.0, 0.0)",0,0,0,0,0,0,False,0,0,0,0,0,0,0,0,"(0.0, 6.0, 765.5)","(0.2, 0.0, 0.0, 1.0)"
0,883401.6,0,0,0,0,0,0,0,0,0,"(0.0, 0.0)","(0.0, 0.0)","(0.0, 0.0)","(0.0, 0.0, 0.0)","(0.0, 0.0, 0.0)","(0.0, 0.0, 0.0)","(0.0, 0.0, 0.0)","(0.0, 0.0, 0.0)","(0.0, 0.0, 0.0)",0,0,0,0,0,0,False,0,0,0,0,0,0,0,0,"(0.0, 6.0, 765.8)","(0.2, 0.0, 0.0, 1.0)"
0,883423,0,0,0,0,0,0,0,0,0,"(0.0, 0.0)","(0.0, 0.0)","(0.0, 0.0)","(0.0, 0.0, 0.0)","(0.0, 0.0, 0.0)","(0.0, 0.0, 0.0)","(0.0, 0.0, 0.0)","(0.0, 0.0, 0.0)","(0.0, 0.0, 0.0)",0,0,0,0,0,0,False,0,0,0,0,0,0,0,0,"(0.0, 6.0, 766.1)","(0.2, 0.0, 0.0, 1.0)"
0,883445.7,0,0,0,0,0,0,0,0,0,"(0.0, 0.0)","(0.0, 0.0)","(0.0, 0.0)","(0.0, 0.0, 0.0)","(0.0, 0.0, 0.0)","(0.0, 0.0, 0.0)","(0.0, 0.0, 0.0)","(0.0, 0.0, 0.0)","(0.0, 0.0, 0.0)",0,0,0,0,0,0,False,0,0,0,0,0,0,0,0,"(0.0, 6.0, 766.4)","(0.2, 0.0, 0.0, 1.0)"
0,883469.7,0,0,0,0,0,0,0,0,0,"(0.0, 0.0)","(0.0, 0.0)","(0.0, 0.0)","(0.0, 0.0, 0.0)","(0.0, 0.0, 0.0)","(0.0, 0.0, 0.0)","(0.0, 0.0, 0.0)","(0.0, 0.0, 0.0)","(0.0, 0.0, 0.0)",0,0,0,0,0,0,False,0,0,0,0,0,0,0,0,"(0.0, 6.0, 766.7)","(0.2, 0.0, 0.0, 1.0)"
0,883490.8,0,0,0,0,0,0,0,0,0,"(0.0, 0.0)","(0.0, 0.0)","(0.0, 0.0)","(0.0, 0.0, 0.0)","(0.0, 0.0, 0.0)","(0.0, 0.0, 0.0)","(0.0, 0.0, 0.0)","(0.0, 0.0, 0.0)","(0.0, 0.0, 0.0)",0,0,0,0,0,0,False,0,0,0,0,0,0,0,0,"(0.0, 6.0, 767.0)","(0.2, 0.0, 0.0, 1.0)"
0,883512.1,0,0,0,0,0,0,0,0,0,"(0.0, 0.0)","(0.0, 0.0)","(0.0, 0.0)","(0.0, 0.0, 0.0)","(0.0, 0.0, 0.0)","(0.0, 0.0, 0.0)","(0.0, 0.0, 0.0)","(0.0, 0.0, 0.0)","(0.0, 0.0, 0.0)",0,0,0,0,0,0,False,0,0,0,0,0,0,0,0,"(0.0, 6.0, 767.3)","(0.2, 0.0, 0.0, 1.0)"
0,883534.8,0,0,0,0,0,0,0,0,0,"(0.0, 0.0)","(0.0, 0.0)","(0.0, 0.0)","(0.0, 0.0, 0.0)","(0.0, 0.0, 0.0)","(0.0, 0.0, 0.0)","(0.0, 0.0, 0.0)","(0.0, 0.0, 0.0)","(0.0, 0.0, 0.0)",0,0,0,0,0,0,False,0,0,0,0,0,0,0,0,"(0.0, 6.0, 767.6)","(0.2, 0.0, 0.0, 1.0)"
0,883556.2,0,0,0,0,0,0,0,0,0,"(0.0, 0.0)","(0.0, 0.0)","(0.0, 0.0)","(0.0, 0.0, 0.0)","(0.0, 0.0, 0.0)","(0.0, 0.0, 0.0)","(0.0, 0.0, 0.0)","(0.0, 0.0, 0.0)","(0.0, 0.0, 0.0)",0,0,0,0,0,0,False,0,0,0,0,0,0,0,0,"(0.0, 6.0, 767.9)","(0.2, 0.0, 0.0, 1.0)"
0,883579,0,0,0,0,0,0,0,0,0,"(0.0, 0.0)","(0.0, 0.0)","(0.0, 0.0)","(0.0, 0.0, 0.0)","(0.0, 0.0, 0.0)","(0.0, 0.0, 0.0)","(0.0, 0.0, 0.0)","(0.0, 0.0, 0.0)","(0.0, 0.0, 0.0)",0,0,0,0,0,0,False,0,0,0,0,0,0,0,0,"(0.0, 6.0, 768.2)","(0.2, 0.0, 0.0, 1.0)"
0,883601.8,0,0,0,0,0,0,0,0,0,"(0.0, 0.0)","(0.0, 0.0)","(0.0, 0.0)","(0.0, 0.0, 0.0)","(0.0, 0.0, 0.0)","(0.0, 0.0, 0.0)","(0.0, 0.0, 0.0)","(0.0, 0.0, 0.0)","(0.0, 0.0, 0.0)",0,0,0,0,0,0,False,0,0,0,0,0,0,0,0,"(0.0, 6.0, 768.6)","(0.2, 0.0, 0.0, 1.0)"
0,883623,0,0,0,0,0,0,0,0,0,"(0.0, 0.0)","(0.0, 0.0)","(0.0, 0.0)","(0.0, 0.0, 0.0)","(0.0, 0.0, 0.0)","(0.0, 0.0, 0.0)","(0.0, 0.0, 0.0)","(0.0, 0.0, 0.0)","(0.0, 0.0, 0.0)",0,0,0,0,0,0,False,0,0,0,0,0,0,0,0,"(0.0, 6.0, 768.9)","(0.2, 0.0, 0.0, 1.0)"
0,883641.1,0,0,0,0,0,0,0,0,0,"(0.0, 0.0)","(0.0, 0.0)","(0.0, 0.0)","(0.0, 0.0, 0.0)","(0.0, 0.0, 0.0)","(0.0, 0.0, 0.0)","(0.0, 0.0, 0.0)","(0.0, 0.0, 0.0)","(0.0, 0.0, 0.0)",0,0,0,0,0,0,False,0,0,0,0,0,0,0,0,"(0.0, 6.0, 769.2)","(0.2, 0.0, 0.0, 1.0)"
0,883658.1,0,0,0,0,0,0,0,0,0,"(0.0, 0.0)","(0.0, 0.0)","(0.0, 0.0)","(0.0, 0.0, 0.0)","(0.0, 0.0, 0.0)","(0.0, 0.0, 0.0)","(0.0, 0.0, 0.0)","(0.0, 0.0, 0.0)","(0.0, 0.0, 0.0)",0,0,0,0,0,0,False,0,0,0,0,0,0,0,0,"(0.0, 6.0, 769.5)","(0.2, 0.0, 0.0, 1.0)"
0,883677.7,0,0,0,0,0,0,0,0,0,"(0.0, 0.0)","(0.0, 0.0)","(0.0, 0.0)","(0.0, 0.0, 0.0)","(0.0, 0.0, 0.0)","(0.0, 0.0, 0.0)","(0.0, 0.0, 0.0)","(0.0, 0.0, 0.0)","(0.0, 0.0, 0.0)",0,0,0,0,0,0,False,0,0,0,0,0,0,0,0,"(0.0, 6.0, 769.7)","(0.2, 0.0, 0.0, 1.0)"
0,883696.8,0,0,0,0,0,0,0,0,0,"(0.0, 0.0)","(0.0, 0.0)","(0.0, 0.0)","(0.0, 0.0, 0.0)","(0.0, 0.0, 0.0)","(0.0, 0.0, 0.0)","(0.0, 0.0, 0.0)","(0.0, 0.0, 0.0)","(0.0, 0.0, 0.0)",0,0,0,0,0,0,False,0,0,0,0,0,0,0,0,"(0.0, 6.0, 770.0)","(0.2, 0.0, 0.0, 1.0)"
0,883716.4,0,0,0,0,0,0,0,0,0,"(0.0, 0.0)","(0.0, 0.0)","(0.0, 0.0)","(0.0, 0.0, 0.0)","(0.0, 0.0, 0.0)","(0.0, 0.0, 0.0)","(0.0, 0.0, 0.0)","(0.0, 0.0, 0.0)","(0.0, 0.0, 0.0)",0,0,0,0,0,0,False,0,0,0,0,0,0,0,0,"(0.0, 6.0, 770.3)","(0.2, 0.0, 0.0, 1.0)"
0,883736.6,0,0,0,0,0,0,0,0,0,"(0.0, 0.0)","(0.0, 0.0)","(0.0, 0.0)","(0.0, 0.0, 0.0)","(0.0, 0.0, 0.0)","(0.0, 0.0, 0.0)","(0.0, 0.0, 0.0)","(0.0, 0.0, 0.0)","(0.0, 0.0, 0.0)",0,0,0,0,0,0,False,0,0,0,0,0,0,0,0,"(0.0, 6.0, 770.6)","(0.2, 0.0, 0.0, 1.0)"
0,883754.1,0,0,0,0,0,0,0,0,0,"(0.0, 0.0)","(0.0, 0.0)","(0.0, 0.0)","(0.0, 0.0, 0.0)","(0.0, 0.0, 0.0)","(0.0, 0.0, 0.0)","(0.0, 0.0, 0.0)","(0.0, 0.0, 0.0)","(0.0, 0.0, 0.0)",0,0,0,0,0,0,False,0,0,0,0,0,0,0,0,"(0.0, 6.0, 770.9)","(0.2, 0.0, 0.0, 1.0)"
0,883772.1,0,0,0,0,0,0,0,0,0,"(0.0, 0.0)","(0.0, 0.0)","(0.0, 0.0)","(0.0, 0.0, 0.0)","(0.0, 0.0, 0.0)","(0.0, 0.0, 0.0)","(0.0, 0.0, 0.0)","(0.0, 0.0, 0.0)","(0.0, 0.0, 0.0)",0,0,0,0,0,0,False,0,0,0,0,0,0,0,0,"(0.0, 6.0, 771.2)","(0.2, 0.0, 0.0, 1.0)"
0,883791.3,0,0,0,0,0,0,0,0,0,"(0.0, 0.0)","(0.0, 0.0)","(0.0, 0.0)","(0.0, 0.0, 0.0)","(0.0, 0.0, 0.0)","(0.0, 0.0, 0.0)","(0.0, 0.0, 0.0)","(0.0, 0.0, 0.0)","(0.0, 0.0, 0.0)",0,0,0,0,0,0,False,0,0,0,0,0,0,0,0,"(0.0, 6.0, 771.5)","(0.2, 0.0, 0.0, 1.0)"
0,883808.5,0,0,0,0,0,0,0,0,0,"(0.0, 0.0)","(0.0, 0.0)","(0.0, 0.0)","(0.0, 0.0, 0.0)","(0.0, 0.0, 0.0)","(0.0, 0.0, 0.0)","(0.0, 0.0, 0.0)","(0.0, 0.0, 0.0)","(0.0, 0.0, 0.0)",0,0,0,0,0,0,False,0,0,0,0,0,0,0,0,"(0.0, 6.0, 771.7)","(0.2, 0.0, 0.0, 1.0)"
0,883827.4,0,0,0,0,0,0,0,0,0,"(0.0, 0.0)","(0.0, 0.0)","(0.0, 0.0)","(0.0, 0.0, 0.0)","(0.0, 0.0, 0.0)","(0.0, 0.0, 0.0)","(0.0, 0.0, 0.0)","(0.0, 0.0, 0.0)","(0.0, 0.0, 0.0)",0,0,0,0,0,0,False,0,0,0,0,0,0,0,0,"(0.0, 6.0, 772.0)","(0.2, 0.0, 0.0, 1.0)"
0,883844.9,0,0,0,0,0,0,0,0,0,"(0.0, 0.0)","(0.0, 0.0)","(0.0, 0.0)","(0.0, 0.0, 0.0)","(0.0, 0.0, 0.0)","(0.0, 0.0, 0.0)","(0.0, 0.0, 0.0)","(0.0, 0.0, 0.0)","(0.0, 0.0, 0.0)",0,0,0,0,0,0,False,0,0,0,0,0,0,0,0,"(0.0, 6.0, 772.3)","(0.2, 0.0, 0.0, 1.0)"
0,883864.6,0,0,0,0,0,0,0,0,0,"(0.0, 0.0)","(0.0, 0.0)","(0.0, 0.0)","(0.0, 0.0, 0.0)","(0.0, 0.0, 0.0)","(0.0, 0.0, 0.0)","(0.0, 0.0, 0.0)","(0.0, 0.0, 0.0)","(0.0, 0.0, 0.0)",0,0,0,0,0,0,False,0,0,0,0,0,0,0,0,"(0.0, 6.0, 772.5)","(0.2, 0.0, 0.0, 1.0)"
0,883883.6,0,0,0,0,0,0,0,0,0,"(0.0, 0.0)","(0.0, 0.0)","(0.0, 0.0)","(0.0, 0.0, 0.0)","(0.0, 0.0, 0.0)","(0.0, 0.0, 0.0)","(0.0, 0.0, 0.0)","(0.0, 0.0, 0.0)","(0.0, 0.0, 0.0)",0,0,0,0,0,0,False,0,0,0,0,0,0,0,0,"(0.0, 6.0, 772.8)","(0.2, 0.0, 0.0, 1.0)"
0,883902.4,0,0,0,0,0,0,0,0,0,"(0.0, 0.0)","(0.0, 0.0)","(0.0, 0.0)","(0.0, 0.0, 0.0)","(0.0, 0.0, 0.0)","(0.0, 0.0, 0.0)","(0.0, 0.0, 0.0)","(0.0, 0.0, 0.0)","(0.0, 0.0, 0.0)",0,0,0,0,0,0,False,0,0,0,0,0,0,0,0,"(0.0, 6.0, 773.1)","(0.2, 0.0, 0.0, 1.0)"
0,883919.4,0,0,0,0,0,0,0,0,0,"(0.0, 0.0)","(0.0, 0.0)","(0.0, 0.0)","(0.0, 0.0, 0.0)","(0.0, 0.0, 0.0)","(0.0, 0.0, 0.0)","(0.0, 0.0, 0.0)","(0.0, 0.0, 0.0)","(0.0, 0.0, 0.0)",0,0,0,0,0,0,False,0,0,0,0,0,0,0,0,"(0.0, 6.0, 773.4)","(0.2, 0.0, 0.0, 1.0)"
0,883938.3,0,0,0,0,0,0,0,0,0,"(0.0, 0.0)","(0.0, 0.0)","(0.0, 0.0)","(0.0, 0.0, 0.0)","(0.0, 0.0, 0.0)","(0.0, 0.0, 0.0)","(0.0, 0.0, 0.0)","(0.0, 0.0, 0.0)","(0.0, 0.0, 0.0)",0,0,0,0,0,0,False,0,0,0,0,0,0,0,0,"(0.0, 6.0, 773.6)","(0.2, 0.0, 0.0, 1.0)"
0,883961.4,0,0,0,0,0,0,0,0,0,"(0.0, 0.0)","(0.0, 0.0)","(0.0, 0.0)","(0.0, 0.0, 0.0)","(0.0, 0.0, 0.0)","(0.0, 0.0, 0.0)","(0.0, 0.0, 0.0)","(0.0, 0.0, 0.0)","(0.0, 0.0, 0.0)",0,0,0,0,0,0,False,0,0,0,0,0,0,0,0,"(0.0, 6.0, 773.9)","(0.2, 0.0, 0.0, 1.0)"
0,883984.5,0,0,0,0,0,0,0,0,0,"(0.0, 0.0)","(0.0, 0.0)","(0.0, 0.0)","(0.0, 0.0, 0.0)","(0.0, 0.0, 0.0)","(0.0, 0.0, 0.0)","(0.0, 0.0, 0.0)","(0.0, 0.0, 0.0)","(0.0, 0.0, 0.0)",0,0,0,0,0,0,False,0,0,0,0,0,0,0,0,"(0.0, 6.0, 774.2)","(0.2, 0.0, 0.0, 1.0)"
0,884007.4,0,0,0,0,0,0,0,0,0,"(0.0, 0.0)","(0.0, 0.0)","(0.0, 0.0)","(0.0, 0.0, 0.0)","(0.0, 0.0, 0.0)","(0.0, 0.0, 0.0)","(0.0, 0.0, 0.0)","(0.0, 0.0, 0.0)","(0.0, 0.0, 0.0)",0,0,0,0,0,0,False,0,0,0,0,0,0,0,0,"(0.0, 6.0, 774.5)","(0.2, 0.0, 0.0, 1.0)"
0,884025.6,0,0,0,0,0,0,0,0,0,"(0.0, 0.0)","(0.0, 0.0)","(0.0, 0.0)","(0.0, 0.0, 0.0)","(0.0, 0.0, 0.0)","(0.0, 0.0, 0.0)","(0.0, 0.0, 0.0)","(0.0, 0.0, 0.0)","(0.0, 0.0, 0.0)",0,0,0,0,0,0,False,0,0,0,0,0,0,0,0,"(0.0, 6.0, 774.7)","(0.2, 0.0, 0.0, 1.0)"
0,884044.2,0,0,0,0,0,0,0,0,0,"(0.0, 0.0)","(0.0, 0.0)","(0.0, 0.0)","(0.0, 0.0, 0.0)","(0.0, 0.0, 0.0)","(0.0, 0.0, 0.0)","(0.0, 0.0, 0.0)","(0.0, 0.0, 0.0)","(0.0, 0.0, 0.0)",0,0,0,0,0,0,False,0,0,0,0,0,0,0,0,"(0.0, 6.0, 775.0)","(0.2, 0.0, 0.0, 1.0)"
0,884067.1,0,0,0,0,0,0,0,0,0,"(0.0, 0.0)","(0.0, 0.0)","(0.0, 0.0)","(0.0, 0.0, 0.0)","(0.0, 0.0, 0.0)","(0.0, 0.0, 0.0)","(0.0, 0.0, 0.0)","(0.0, 0.0, 0.0)","(0.0, 0.0, 0.0)",0,0,0,0,0,0,False,0,0,0,0,0,0,0,0,"(0.0, 6.0, 775.3)","(0.2, 0.0, 0.0, 1.0)"
0,884089.7,0,0,0,0,0,0,0,0,0,"(0.0, 0.0)","(0.0, 0.0)","(0.0, 0.0)","(0.0, 0.0, 0.0)","(0.0, 0.0, 0.0)","(0.0, 0.0, 0.0)","(0.0, 0.0, 0.0)","(0.0, 0.0, 0.0)","(0.0, 0.0, 0.0)",0,0,0,0,0,0,False,0,0,0,0,0,0,0,0,"(0.0, 6.0, 775.6)","(0.2, 0.0, 0.0, 1.0)"
0,884112.4,0,0,0,0,0,0,0,0,0,"(0.0, 0.0)","(0.0, 0.0)","(0.0, 0.0)","(0.0, 0.0, 0.0)","(0.0, 0.0, 0.0)","(0.0, 0.0, 0.0)","(0.0, 0.0, 0.0)","(0.0, 0.0, 0.0)","(0.0, 0.0, 0.0)",0,0,0,0,0,0,False,0,0,0,0,0,0,0,0,"(0.0, 6.0, 775.9)","(0.2, 0.0, 0.0, 1.0)"
0,884134.7,0,0,0,0,0,0,0,0,0,"(0.0, 0.0)","(0.0, 0.0)","(0.0, 0.0)","(0.0, 0.0, 0.0)","(0.0, 0.0, 0.0)","(0.0, 0.0, 0.0)","(0.0, 0.0, 0.0)","(0.0, 0.0, 0.0)","(0.0, 0.0, 0.0)",0,0,0,0,0,0,False,0,0,0,0,0,0,0,0,"(0.0, 6.0, 776.2)","(0.2, 0.0, 0.0, 1.0)"
0,884156,0,0,0,0,0,0,0,0,0,"(0.0, 0.0)","(0.0, 0.0)","(0.0, 0.0)","(0.0, 0.0, 0.0)","(0.0, 0.0, 0.0)","(0.0, 0.0, 0.0)","(0.0, 0.0, 0.0)","(0.0, 0.0, 0.0)","(0.0, 0.0, 0.0)",0,0,0,0,0,0,False,0,0,0,0,0,0,0,0,"(0.0, 6.0, 776.5)","(0.2, 0.0, 0.0, 1.0)"
0,884178.8,0,0,0,0,0,0,0,0,0,"(0.0, 0.0)","(0.0, 0.0)","(0.0, 0.0)","(0.0, 0.0, 0.0)","(0.0, 0.0, 0.0)","(0.0, 0.0, 0.0)","(0.0, 0.0, 0.0)","(0.0, 0.0, 0.0)","(0.0, 0.0, 0.0)",0,0,0,0,0,0,False,0,0,0,0,0,0,0,0,"(0.0, 6.0, 776.7)","(0.2, 0.0, 0.0, 1.0)"
0,884201.4,0,0,0,0,0,0,0,0,0,"(0.0, 0.0)","(0.0, 0.0)","(0.0, 0.0)","(0.0, 0.0, 0.0)","(0.0, 0.0, 0.0)","(0.0, 0.0, 0.0)","(0.0, 0.0, 0.0)","(0.0, 0.0, 0.0)","(0.0, 0.0, 0.0)",0,0,0,0,0,0,False,0,0,0,0,0,0,0,0,"(0.0, 6.0, 777.0)","(0.2, 0.0, 0.0, 1.0)"
0,884222.7,0,0,0,0,0,0,0,0,0,"(0.0, 0.0)","(0.0, 0.0)","(0.0, 0.0)","(0.0, 0.0, 0.0)","(0.0, 0.0, 0.0)","(0.0, 0.0, 0.0)","(0.0, 0.0, 0.0)","(0.0, 0.0, 0.0)","(0.0, 0.0, 0.0)",0,0,0,0,0,0,False,0,0,0,0,0,0,0,0,"(0.0, 6.0, 777.3)","(0.2, 0.0, 0.0, 1.0)"
0,884245.6,0,0,0,0,0,0,0,0,0,"(0.0, 0.0)","(0.0, 0.0)","(0.0, 0.0)","(0.0, 0.0, 0.0)","(0.0, 0.0, 0.0)","(0.0, 0.0, 0.0)","(0.0, 0.0, 0.0)","(0.0, 0.0, 0.0)","(0.0, 0.0, 0.0)",0,0,0,0,0,0,False,0,0,0,0,0,0,0,0,"(0.0, 6.0, 777.6)","(0.2, 0.0, 0.0, 1.0)"
0,884270.3,0,0,0,0,0,0,0,0,0,"(0.0, 0.0)","(0.0, 0.0)","(0.0, 0.0)","(0.0, 0.0, 0.0)","(0.0, 0.0, 0.0)","(0.0, 0.0, 0.0)","(0.0, 0.0, 0.0)","(0.0, 0.0, 0.0)","(0.0, 0.0, 0.0)",0,0,0,0,0,0,False,0,0,0,0,0,0,0,0,"(0.0, 6.0, 777.9)","(0.2, 0.0, 0.0, 1.0)"
0,884289,0,0,0,0,0,0,0,0,0,"(0.0, 0.0)","(0.0, 0.0)","(0.0, 0.0)","(0.0, 0.0, 0.0)","(0.0, 0.0, 0.0)","(0.0, 0.0, 0.0)","(0.0, 0.0, 0.0)","(0.0, 0.0, 0.0)","(0.0, 0.0, 0.0)",0,0,0,0,0,0,False,0,0,0,0,0,0,0,0,"(0.0, 6.0, 778.2)","(0.2, 0.0, 0.0, 1.0)"
0,884312,0,0,0,0,0,0,0,0,0,"(0.0, 0.0)","(0.0, 0.0)","(0.0, 0.0)","(0.0, 0.0, 0.0)","(0.0, 0.0, 0.0)","(0.0, 0.0, 0.0)","(0.0, 0.0, 0.0)","(0.0, 0.0, 0.0)","(0.0, 0.0, 0.0)",0,0,0,0,0,0,False,0,0,0,0,0,0,0,0,"(0.0, 6.0, 778.5)","(0.2, 0.0, 0.0, 1.0)"
0,884334.8,0,0,0,0,0,0,0,0,0,"(0.0, 0.0)","(0.0, 0.0)","(0.0, 0.0)","(0.0, 0.0, 0.0)","(0.0, 0.0, 0.0)","(0.0, 0.0, 0.0)","(0.0, 0.0, 0.0)","(0.0, 0.0, 0.0)","(0.0, 0.0, 0.0)",0,0,0,0,0,0,False,0,0,0,0,0,0,0,0,"(0.0, 6.0, 778.8)","(0.2, 0.0, 0.0, 1.0)"
0,884355.9,0,0,0,0,0,0,0,0,0,"(0.0, 0.0)","(0.0, 0.0)","(0.0, 0.0)","(0.0, 0.0, 0.0)","(0.0, 0.0, 0.0)","(0.0, 0.0, 0.0)","(0.0, 0.0, 0.0)","(0.0, 0.0, 0.0)","(0.0, 0.0, 0.0)",0,0,0,0,0,0,False,0,0,0,0,0,0,0,0,"(0.0, 6.0, 779.1)","(0.2, 0.0, 0.0, 1.0)"
0,884378.9,0,0,0,0,0,0,0,0,0,"(0.0, 0.0)","(0.0, 0.0)","(0.0, 0.0)","(0.0, 0.0, 0.0)","(0.0, 0.0, 0.0)","(0.0, 0.0, 0.0)","(0.0, 0.0, 0.0)","(0.0, 0.0, 0.0)","(0.0, 0.0, 0.0)",0,0,0,0,0,0,False,0,0,0,0,0,0,0,0,"(0.0, 6.0, 779.5)","(0.2, 0.0, 0.0, 1.0)"
0,884401.4,0,0,0,0,0,0,0,0,0,"(0.0, 0.0)","(0.0, 0.0)","(0.0, 0.0)","(0.0, 0.0, 0.0)","(0.0, 0.0, 0.0)","(0.0, 0.0, 0.0)","(0.0, 0.0, 0.0)","(0.0, 0.0, 0.0)","(0.0, 0.0, 0.0)",0,0,0,0,0,0,False,0,0,0,0,0,0,0,0,"(0.0, 6.0, 779.8)","(0.2, 0.0, 0.0, 1.0)"
0,884422.8,0,0,0,0,0,0,0,0,0,"(0.0, 0.0)","(0.0, 0.0)","(0.0, 0.0)","(0.0, 0.0, 0.0)","(0.0, 0.0, 0.0)","(0.0, 0.0, 0.0)","(0.0, 0.0, 0.0)","(0.0, 0.0, 0.0)","(0.0, 0.0, 0.0)",0,0,0,0,0,0,False,0,0,0,0,0,0,0,0,"(0.0, 6.0, 780.1)","(0.2, 0.0, 0.0, 1.0)"
0,884445.5,0,0,0,0,0,0,0,0,0,"(0.0, 0.0)","(0.0, 0.0)","(0.0, 0.0)","(0.0, 0.0, 0.0)","(0.0, 0.0, 0.0)","(0.0, 0.0, 0.0)","(0.0, 0.0, 0.0)","(0.0, 0.0, 0.0)","(0.0, 0.0, 0.0)",0,0,0,0,0,0,False,0,0,0,0,0,0,0,0,"(0.0, 6.0, 780.4)","(0.2, 0.0, 0.0, 1.0)"
0,884468.1,0,0,0,0,0,0,0,0,0,"(0.0, 0.0)","(0.0, 0.0)","(0.0, 0.0)","(0.0, 0.0, 0.0)","(0.0, 0.0, 0.0)","(0.0, 0.0, 0.0)","(0.0, 0.0, 0.0)","(0.0, 0.0, 0.0)","(0.0, 0.0, 0.0)",0,0,0,0,0,0,False,0,0,0,0,0,0,0,0,"(0.0, 6.0, 780.7)","(0.2, 0.0, 0.0, 1.0)"
0,884491.7,0,0,0,0,0,0,0,0,0,"(0.0, 0.0)","(0.0, 0.0)","(0.0, 0.0)","(0.0, 0.0, 0.0)","(0.0, 0.0, 0.0)","(0.0, 0.0, 0.0)","(0.0, 0.0, 0.0)","(0.0, 0.0, 0.0)","(0.0, 0.0, 0.0)",0,0,0,0,0,0,False,0,0,0,0,0,0,0,0,"(0.0, 6.0, 781.0)","(0.2, 0.0, 0.0, 1.0)"
0,884512,0,0,0,0,0,0,0,0,0,"(0.0, 0.0)","(0.0, 0.0)","(0.0, 0.0)","(0.0, 0.0, 0.0)","(0.0, 0.0, 0.0)","(0.0, 0.0, 0.0)","(0.0, 0.0, 0.0)","(0.0, 0.0, 0.0)","(0.0, 0.0, 0.0)",0,0,0,0,0,0,False,0,0,0,0,0,0,0,0,"(0.0, 6.0, 781.3)","(0.2, 0.0, 0.0, 1.0)"
0,884537.3,0,0,0,0,0,0,0,0,0,"(0.0, 0.0)","(0.0, 0.0)","(0.0, 0.0)","(0.0, 0.0, 0.0)","(0.0, 0.0, 0.0)","(0.0, 0.0, 0.0)","(0.0, 0.0, 0.0)","(0.0, 0.0, 0.0)","(0.0, 0.0, 0.0)",0,0,0,0,0,0,False,0,0,0,0,0,0,0,0,"(0.0, 6.0, 781.6)","(0.2, 0.0, 0.0, 1.0)"
0,884557.1,0,0,0,0,0,0,0,0,0,"(0.0, 0.0)","(0.0, 0.0)","(0.0, 0.0)","(0.0, 0.0, 0.0)","(0.0, 0.0, 0.0)","(0.0, 0.0, 0.0)","(0.0, 0.0, 0.0)","(0.0, 0.0, 0.0)","(0.0, 0.0, 0.0)",0,0,0,0,0,0,False,0,0,0,0,0,0,0,0,"(0.0, 6.0, 781.9)","(0.2, 0.0, 0.0, 1.0)"
0,884596.9,0,0,0,0,0,0,0,0,0,"(0.0, 0.0)","(0.0, 0.0)","(0.0, 0.0)","(0.0, 0.0, 0.0)","(0.0, 0.0, 0.0)","(0.0, 0.0, 0.0)","(0.0, 0.0, 0.0)","(0.0, 0.0, 0.0)","(0.0, 0.0, 0.0)",0,0,0,0,0,0,False,0,0,0,0,0,0,0,0,"(0.0, 6.0, 782.2)","(0.2, 0.0, 0.0, 1.0)"
0,884618.5,0,0,0,0,0,0,0,0,0,"(0.0, 0.0)","(0.0, 0.0)","(0.0, 0.0)","(0.0, 0.0, 0.0)","(0.0, 0.0, 0.0)","(0.0, 0.0, 0.0)","(0.0, 0.0, 0.0)","(0.0, 0.0, 0.0)","(0.0, 0.0, 0.0)",0,0,0,0,0,0,False,0,0,0,0,0,0,0,0,"(0.0, 6.0, 782.6)","(0.2, 0.0, 0.0, 1.0)"
0,884637.3,0,0,0,0,0,0,0,0,0,"(0.0, 0.0)","(0.0, 0.0)","(0.0, 0.0)","(0.0, 0.0, 0.0)","(0.0, 0.0, 0.0)","(0.0, 0.0, 0.0)","(0.0, 0.0, 0.0)","(0.0, 0.0, 0.0)","(0.0, 0.0, 0.0)",0,0,0,0,0,0,False,0,0,0,0,0,0,0,0,"(0.0, 6.0, 782.9)","(0.2, 0.0, 0.0, 1.0)"
0,884654.8,0,0,0,0,0,0,0,0,0,"(0.0, 0.0)","(0.0, 0.0)","(0.0, 0.0)","(0.0, 0.0, 0.0)","(0.0, 0.0, 0.0)","(0.0, 0.0, 0.0)","(0.0, 0.0, 0.0)","(0.0, 0.0, 0.0)","(0.0, 0.0, 0.0)",0,0,0,0,0,0,False,0,0,0,0,0,0,0,0,"(0.0, 6.0, 783.2)","(0.2, 0.0, 0.0, 1.0)"
0,884672.1,0,0,0,0,0,0,0,0,0,"(0.0, 0.0)","(0.0, 0.0)","(0.0, 0.0)","(0.0, 0.0, 0.0)","(0.0, 0.0, 0.0)","(0.0, 0.0, 0.0)","(0.0, 0.0, 0.0)","(0.0, 0.0, 0.0)","(0.0, 0.0, 0.0)",0,0,0,0,0,0,False,0,0,0,0,0,0,0,0,"(0.0, 6.0, 783.5)","(0.2, 0.0, 0.0, 1.0)"
0,884689.9,0,0,0,0,0,0,0,0,0,"(0.0, 0.0)","(0.0, 0.0)","(0.0, 0.0)","(0.0, 0.0, 0.0)","(0.0, 0.0, 0.0)","(0.0, 0.0, 0.0)","(0.0, 0.0, 0.0)","(0.0, 0.0, 0.0)","(0.0, 0.0, 0.0)",0,0,0,0,0,0,False,0,0,0,0,0,0,0,0,"(0.0, 6.0, 783.8)","(0.2, 0.0, 0.0, 1.0)"
0,884706.9,0,0,0,0,0,0,0,0,0,"(0.0, 0.0)","(0.0, 0.0)","(0.0, 0.0)","(0.0, 0.0, 0.0)","(0.0, 0.0, 0.0)","(0.0, 0.0, 0.0)","(0.0, 0.0, 0.0)","(0.0, 0.0, 0.0)","(0.0, 0.0, 0.0)",0,0,0,0,0,0,False,0,0,0,0,0,0,0,0,"(0.0, 6.0, 784.1)","(0.2, 0.0, 0.0, 1.0)"
0,884729.3,0,0,0,0,0,0,0,0,0,"(0.0, 0.0)","(0.0, 0.0)","(0.0, 0.0)","(0.0, 0.0, 0.0)","(0.0, 0.0, 0.0)","(0.0, 0.0, 0.0)","(0.0, 0.0, 0.0)","(0.0, 0.0, 0.0)","(0.0, 0.0, 0.0)",0,0,0,0,0,0,False,0,0,0,0,0,0,0,0,"(0.0, 6.0, 784.4)","(0.2, 0.0, 0.0, 1.0)"
0,884747.3,0,0,0,0,0,0,0,0,0,"(0.0, 0.0)","(0.0, 0.0)","(0.0, 0.0)","(0.0, 0.0, 0.0)","(0.0, 0.0, 0.0)","(0.0, 0.0, 0.0)","(0.0, 0.0, 0.0)","(0.0, 0.0, 0.0)","(0.0, 0.0, 0.0)",0,0,0,0,0,0,False,0,0,0,0,0,0,0,0,"(0.0, 6.0, 784.7)","(0.2, 0.0, 0.0, 1.0)"
0,884769.3,0,0,0,0,0,0,0,0,0,"(0.0, 0.0)","(0.0, 0.0)","(0.0, 0.0)","(0.0, 0.0, 0.0)","(0.0, 0.0, 0.0)","(0.0, 0.0, 0.0)","(0.0, 0.0, 0.0)","(0.0, 0.0, 0.0)","(0.0, 0.0, 0.0)",0,0,0,0,0,0,False,0,0,0,0,0,0,0,0,"(0.0, 6.0, 785.0)","(0.2, 0.0, 0.0, 1.0)"
0,884786.9,0,0,0,0,0,0,0,0,0,"(0.0, 0.0)","(0.0, 0.0)","(0.0, 0.0)","(0.0, 0.0, 0.0)","(0.0, 0.0, 0.0)","(0.0, 0.0, 0.0)","(0.0, 0.0, 0.0)","(0.0, 0.0, 0.0)","(0.0, 0.0, 0.0)",0,0,0,0,0,0,False,0,0,0,0,0,0,0,0,"(0.0, 6.0, 785.3)","(0.2, 0.0, 0.0, 1.0)"
0,884803.9,0,0,0,0,0,0,0,0,0,"(0.0, 0.0)","(0.0, 0.0)","(0.0, 0.0)","(0.0, 0.0, 0.0)","(0.0, 0.0, 0.0)","(0.0, 0.0, 0.0)","(0.0, 0.0, 0.0)","(0.0, 0.0, 0.0)","(0.0, 0.0, 0.0)",0,0,0,0,0,0,False,0,0,0,0,0,0,0,0,"(0.0, 6.0, 785.6)","(0.2, 0.0, 0.0, 1.0)"
0,884822.1,0,0,0,0,0,0,0,0,0,"(0.0, 0.0)","(0.0, 0.0)","(0.0, 0.0)","(0.0, 0.0, 0.0)","(0.0, 0.0, 0.0)","(0.0, 0.0, 0.0)","(0.0, 0.0, 0.0)","(0.0, 0.0, 0.0)","(0.0, 0.0, 0.0)",0,0,0,0,0,0,False,0,0,0,0,0,0,0,0,"(0.0, 6.0, 785.9)","(0.2, 0.0, 0.0, 1.0)"
0,884838.6,0,0,0,0,0,0,0,0,0,"(0.0, 0.0)","(0.0, 0.0)","(0.0, 0.0)","(0.0, 0.0, 0.0)","(0.0, 0.0, 0.0)","(0.0, 0.0, 0.0)","(0.0, 0.0, 0.0)","(0.0, 0.0, 0.0)","(0.0, 0.0, 0.0)",0,0,0,0,0,0,False,0,0,0,0,0,0,0,0,"(0.0, 6.0, 786.1)","(0.2, 0.0, 0.0, 1.0)"
0,884856.1,0,0,0,0,0,0,0,0,0,"(0.0, 0.0)","(0.0, 0.0)","(0.0, 0.0)","(0.0, 0.0, 0.0)","(0.0, 0.0, 0.0)","(0.0, 0.0, 0.0)","(0.0, 0.0, 0.0)","(0.0, 0.0, 0.0)","(0.0, 0.0, 0.0)",0,0,0,0,0,0,False,0,0,0,0,0,0,0,0,"(0.0, 6.0, 786.4)","(0.2, 0.0, 0.0, 1.0)"
0,884873.3,0,0,0,0,0,0,0,0,0,"(0.0, 0.0)","(0.0, 0.0)","(0.0, 0.0)","(0.0, 0.0, 0.0)","(0.0, 0.0, 0.0)","(0.0, 0.0, 0.0)","(0.0, 0.0, 0.0)","(0.0, 0.0, 0.0)","(0.0, 0.0, 0.0)",0,0,0,0,0,0,False,0,0,0,0,0,0,0,0,"(0.0, 6.0, 786.7)","(0.2, 0.0, 0.0, 1.0)"
0,884890,0,0,0,0,0,0,0,0,0,"(0.0, 0.0)","(0.0, 0.0)","(0.0, 0.0)","(0.0, 0.0, 0.0)","(0.0, 0.0, 0.0)","(0.0, 0.0, 0.0)","(0.0, 0.0, 0.0)","(0.0, 0.0, 0.0)","(0.0, 0.0, 0.0)",0,0,0,0,0,0,False,0,0,0,0,0,0,0,0,"(0.0, 6.0, 787.0)","(0.2, 0.0, 0.0, 1.0)"
0,884911.1,0,0,0,0,0,0,0,0,0,"(0.0, 0.0)","(0.0, 0.0)","(0.0, 0.0)","(0.0, 0.0, 0.0)","(0.0, 0.0, 0.0)","(0.0, 0.0, 0.0)","(0.0, 0.0, 0.0)","(0.0, 0.0, 0.0)","(0.0, 0.0, 0.0)",0,0,0,0,0,0,False,0,0,0,0,0,0,0,0,"(0.0, 6.0, 787.2)","(0.2, 0.0, 0.0, 1.0)"
0,884928.1,0,0,0,0,0,0,0,0,0,"(0.0, 0.0)","(0.0, 0.0)","(0.0, 0.0)","(0.0, 0.0, 0.0)","(0.0, 0.0, 0.0)","(0.0, 0.0, 0.0)","(0.0, 0.0, 0.0)","(0.0, 0.0, 0.0)","(0.0, 0.0, 0.0)",0,0,0,0,0,0,False,0,0,0,0,0,0,0,0,"(0.0, 6.0, 787.5)","(0.2, 0.0, 0.0, 1.0)"
0,884944.8,0,0,0,0,0,0,0,0,0,"(0.0, 0.0)","(0.0, 0.0)","(0.0, 0.0)","(0.0, 0.0, 0.0)","(0.0, 0.0, 0.0)","(0.0, 0.0, 0.0)","(0.0, 0.0, 0.0)","(0.0, 0.0, 0.0)","(0.0, 0.0, 0.0)",0,0,0,0,0,0,False,0,0,0,0,0,0,0,0,"(0.0, 6.0, 787.8)","(0.2, 0.0, 0.0, 1.0)"
0,884962.8,0,0,0,0,0,0,0,0,0,"(0.0, 0.0)","(0.0, 0.0)","(0.0, 0.0)","(0.0, 0.0, 0.0)","(0.0, 0.0, 0.0)","(0.0, 0.0, 0.0)","(0.0, 0.0, 0.0)","(0.0, 0.0, 0.0)","(0.0, 0.0, 0.0)",0,0,0,0,0,0,False,0,0,0,0,0,0,0,0,"(0.0, 6.0, 788.0)","(0.2, 0.0, 0.0, 1.0)"
0,884980.3,0,0,0,0,0,0,0,0,0,"(0.0, 0.0)","(0.0, 0.0)","(0.0, 0.0)","(0.0, 0.0, 0.0)","(0.0, 0.0, 0.0)","(0.0, 0.0, 0.0)","(0.0, 0.0, 0.0)","(0.0, 0.0, 0.0)","(0.0, 0.0, 0.0)",0,0,0,0,0,0,False,0,0,0,0,0,0,0,0,"(0.0, 6.0, 788.3)","(0.2, 0.0, 0.0, 1.0)"
0,884996.9,0,0,0,0,0,0,0,0,0,"(0.0, 0.0)","(0.0, 0.0)","(0.0, 0.0)","(0.0, 0.0, 0.0)","(0.0, 0.0, 0.0)","(0.0, 0.0, 0.0)","(0.0, 0.0, 0.0)","(0.0, 0.0, 0.0)","(0.0, 0.0, 0.0)",0,0,0,0,0,0,False,0,0,0,0,0,0,0,0,"(0.0, 6.0, 788.5)","(0.2, 0.0, 0.0, 1.0)"
0,885015.6,0,0,0,0,0,0,0,0,0,"(0.0, 0.0)","(0.0, 0.0)","(0.0, 0.0)","(0.0, 0.0, 0.0)","(0.0, 0.0, 0.0)","(0.0, 0.0, 0.0)","(0.0, 0.0, 0.0)","(0.0, 0.0, 0.0)","(0.0, 0.0, 0.0)",0,0,0,0,0,0,False,0,0,0,0,0,0,0,0,"(0.0, 6.0, 788.8)","(0.2, 0.0, 0.0, 1.0)"
0,885033.9,0,0,0,0,0,0,0,0,0,"(0.0, 0.0)","(0.0, 0.0)","(0.0, 0.0)","(0.0, 0.0, 0.0)","(0.0, 0.0, 0.0)","(0.0, 0.0, 0.0)","(0.0, 0.0, 0.0)","(0.0, 0.0, 0.0)","(0.0, 0.0, 0.0)",0,0,0,0,0,0,False,0,0,0,0,0,0,0,0,"(0.0, 6.0, 789.0)","(0.2, 0.0, 0.0, 1.0)"
0,885054.3,0,0,0,0,0,0,0,0,0,"(0.0, 0.0)","(0.0, 0.0)","(0.0, 0.0)","(0.0, 0.0, 0.0)","(0.0, 0.0, 0.0)","(0.0, 0.0, 0.0)","(0.0, 0.0, 0.0)","(0.0, 0.0, 0.0)","(0.0, 0.0, 0.0)",0,0,0,0,0,0,False,0,0,0,0,0,0,0,0,"(0.0, 6.0, 789.3)","(0.2, 0.0, 0.0, 1.0)"
0,885071.3,0,0,0,0,0,0,0,0,0,"(0.0, 0.0)","(0.0, 0.0)","(0.0, 0.0)","(0.0, 0.0, 0.0)","(0.0, 0.0, 0.0)","(0.0, 0.0, 0.0)","(0.0, 0.0, 0.0)","(0.0, 0.0, 0.0)","(0.0, 0.0, 0.0)",0,0,0,0,0,0,False,0,0,0,0,0,0,0,0,"(0.0, 6.0, 789.6)","(0.2, 0.0, 0.0, 1.0)"
0,885089.4,0,0,0,0,0,0,0,0,0,"(0.0, 0.0)","(0.0, 0.0)","(0.0, 0.0)","(0.0, 0.0, 0.0)","(0.0, 0.0, 0.0)","(0.0, 0.0, 0.0)","(0.0, 0.0, 0.0)","(0.0, 0.0, 0.0)","(0.0, 0.0, 0.0)",0,0,0,0,0,0,False,0,0,0,0,0,0,0,0,"(0.0, 6.0, 789.8)","(0.2, 0.0, 0.0, 1.0)"
0,885111.5,0,0,0,0,0,0,0,0,0,"(0.0, 0.0)","(0.0, 0.0)","(0.0, 0.0)","(0.0, 0.0, 0.0)","(0.0, 0.0, 0.0)","(0.0, 0.0, 0.0)","(0.0, 0.0, 0.0)","(0.0, 0.0, 0.0)","(0.0, 0.0, 0.0)",0,0,0,0,0,0,False,0,0,0,0,0,0,0,0,"(0.0, 6.0, 790.1)","(0.2, 0.0, 0.0, 1.0)"
0,885133.5,0,0,0,0,0,0,0,0,0,"(0.0, 0.0)","(0.0, 0.0)","(0.0, 0.0)","(0.0, 0.0, 0.0)","(0.0, 0.0, 0.0)","(0.0, 0.0, 0.0)","(0.0, 0.0, 0.0)","(0.0, 0.0, 0.0)","(0.0, 0.0, 0.0)",0,0,0,0,0,0,False,0,0,0,0,0,0,0,0,"(0.0, 6.0, 790.4)","(0.2, 0.0, 0.0, 1.0)"
0,885155.1,0,0,0,0,0,0,0,0,0,"(0.0, 0.0)","(0.0, 0.0)","(0.0, 0.0)","(0.0, 0.0, 0.0)","(0.0, 0.0, 0.0)","(0.0, 0.0, 0.0)","(0.0, 0.0, 0.0)","(0.0, 0.0, 0.0)","(0.0, 0.0, 0.0)",0,0,0,0,0,0,False,0,0,0,0,0,0,0,0,"(0.0, 6.0, 790.6)","(0.2, 0.0, 0.0, 1.0)"
0,885178.2,0,0,0,0,0,0,0,0,0,"(0.0, 0.0)","(0.0, 0.0)","(0.0, 0.0)","(0.0, 0.0, 0.0)","(0.0, 0.0, 0.0)","(0.0, 0.0, 0.0)","(0.0, 0.0, 0.0)","(0.0, 0.0, 0.0)","(0.0, 0.0, 0.0)",0,0,0,0,0,0,False,0,0,0,0,0,0,0,0,"(0.0, 6.0, 790.9)","(0.2, 0.0, 0.0, 1.0)"
0,885200.4,0,0,0,0,0,0,0,0,0,"(0.0, 0.0)","(0.0, 0.0)","(0.0, 0.0)","(0.0, 0.0, 0.0)","(0.0, 0.0, 0.0)","(0.0, 0.0, 0.0)","(0.0, 0.0, 0.0)","(0.0, 0.0, 0.0)","(0.0, 0.0, 0.0)",0,0,0,0,0,0,False,0,0,0,0,0,0,0,0,"(0.0, 6.0, 791.2)","(0.2, 0.0, 0.0, 1.0)"
0,885222.4,0,0,0,0,0,0,0,0,0,"(0.0, 0.0)","(0.0, 0.0)","(0.0, 0.0)","(0.0, 0.0, 0.0)","(0.0, 0.0, 0.0)","(0.0, 0.0, 0.0)","(0.0, 0.0, 0.0)","(0.0, 0.0, 0.0)","(0.0, 0.0, 0.0)",0,0,0,0,0,0,False,0,0,0,0,0,0,0,0,"(0.0, 6.0, 791.5)","(0.2, 0.0, 0.0, 1.0)"
0,885244.8,0,0,0,0,0,0,0,0,0,"(0.0, 0.0)","(0.0, 0.0)","(0.0, 0.0)","(0.0, 0.0, 0.0)","(0.0, 0.0, 0.0)","(0.0, 0.0, 0.0)","(0.0, 0.0, 0.0)","(0.0, 0.0, 0.0)","(0.0, 0.0, 0.0)",0,0,0,0,0,0,False,0,0,0,0,0,0,0,0,"(0.0, 6.0, 791.7)","(0.2, 0.0, 0.0, 1.0)"
0,885267.6,0,0,0,0,0,0,0,0,0,"(0.0, 0.0)","(0.0, 0.0)","(0.0, 0.0)","(0.0, 0.0, 0.0)","(0.0, 0.0, 0.0)","(0.0, 0.0, 0.0)","(0.0, 0.0, 0.0)","(0.0, 0.0, 0.0)","(0.0, 0.0, 0.0)",0,0,0,0,0,0,False,0,0,0,0,0,0,0,0,"(0.0, 6.0, 792.0)","(0.2, 0.0, 0.0, 1.0)"
0,885288.5,0,0,0,0,0,0,0,0,0,"(0.0, 0.0)","(0.0, 0.0)","(0.0, 0.0)","(0.0, 0.0, 0.0)","(0.0, 0.0, 0.0)","(0.0, 0.0, 0.0)","(0.0, 0.0, 0.0)","(0.0, 0.0, 0.0)","(0.0, 0.0, 0.0)",0,0,0,0,0,0,False,0,0,0,0,0,0,0,0,"(0.0, 6.0, 792.3)","(0.2, 0.0, 0.0, 1.0)"
0,885311.3,0,0,0,0,0,0,0,0,0,"(0.0, 0.0)","(0.0, 0.0)","(0.0, 0.0)","(0.0, 0.0, 0.0)","(0.0, 0.0, 0.0)","(0.0, 0.0, 0.0)","(0.0, 0.0, 0.0)","(0.0, 0.0, 0.0)","(0.0, 0.0, 0.0)",0,0,0,0,0,0,False,0,0,0,0,0,0,0,0,"(0.0, 6.0, 792.6)","(0.2, 0.0, 0.0, 1.0)"
0,885334.4,0,0,0,0,0,0,0,0,0,"(0.0, 0.0)","(0.0, 0.0)","(0.0, 0.0)","(0.0, 0.0, 0.0)","(0.0, 0.0, 0.0)","(0.0, 0.0, 0.0)","(0.0, 0.0, 0.0)","(0.0, 0.0, 0.0)","(0.0, 0.0, 0.0)",0,0,0,0,0,0,False,0,0,0,0,0,0,0,0,"(0.0, 6.0, 792.9)","(0.2, 0.0, 0.0, 1.0)"
0,885355.3,0,0,0,0,0,0,0,0,0,"(0.0, 0.0)","(0.0, 0.0)","(0.0, 0.0)","(0.0, 0.0, 0.0)","(0.0, 0.0, 0.0)","(0.0, 0.0, 0.0)","(0.0, 0.0, 0.0)","(0.0, 0.0, 0.0)","(0.0, 0.0, 0.0)",0,0,0,0,0,0,False,0,0,0,0,0,0,0,0,"(0.0, 6.0, 793.2)","(0.2, 0.0, 0.0, 1.0)"
0,885378.5,0,0,0,0,0,0,0,0,0,"(0.0, 0.0)","(0.0, 0.0)","(0.0, 0.0)","(0.0, 0.0, 0.0)","(0.0, 0.0, 0.0)","(0.0, 0.0, 0.0)","(0.0, 0.0, 0.0)","(0.0, 0.0, 0.0)","(0.0, 0.0, 0.0)",0,0,0,0,0,0,False,0,0,0,0,0,0,0,0,"(0.0, 6.0, 793.5)","(0.2, 0.0, 0.0, 1.0)"
0,885400.9,0,0,0,0,0,0,0,0,0,"(0.0, 0.0)","(0.0, 0.0)","(0.0, 0.0)","(0.0, 0.0, 0.0)","(0.0, 0.0, 0.0)","(0.0, 0.0, 0.0)","(0.0, 0.0, 0.0)","(0.0, 0.0, 0.0)","(0.0, 0.0, 0.0)",0,0,0,0,0,0,False,0,0,0,0,0,0,0,0,"(0.0, 6.0, 793.8)","(0.2, 0.0, 0.0, 1.0)"
0,885425.4,0,0,0,0,0,0,0,0,0,"(0.0, 0.0)","(0.0, 0.0)","(0.0, 0.0)","(0.0, 0.0, 0.0)","(0.0, 0.0, 0.0)","(0.0, 0.0, 0.0)","(0.0, 0.0, 0.0)","(0.0, 0.0, 0.0)","(0.0, 0.0, 0.0)",0,0,0,0,0,0,False,0,0,0,0,0,0,0,0,"(0.0, 6.0, 794.1)","(0.2, 0.0, 0.0, 1.0)"
0,885444.4,0,0,0,0,0,0,0,0,0,"(0.0, 0.0)","(0.0, 0.0)","(0.0, 0.0)","(0.0, 0.0, 0.0)","(0.0, 0.0, 0.0)","(0.0, 0.0, 0.0)","(0.0, 0.0, 0.0)","(0.0, 0.0, 0.0)","(0.0, 0.0, 0.0)",0,0,0,0,0,0,False,0,0,0,0,0,0,0,0,"(0.0, 6.0, 794.4)","(0.2, 0.0, 0.0, 1.0)"
0,885467.6,0,0,0,0,0,0,0,0,0,"(0.0, 0.0)","(0.0, 0.0)","(0.0, 0.0)","(0.0, 0.0, 0.0)","(0.0, 0.0, 0.0)","(0.0, 0.0, 0.0)","(0.0, 0.0, 0.0)","(0.0, 0.0, 0.0)","(0.0, 0.0, 0.0)",0,0,0,0,0,0,False,0,0,0,0,0,0,0,0,"(0.0, 6.0, 794.7)","(0.2, 0.0, 0.0, 1.0)"
0,885488.6,0,0,0,0,0,0,0,0,0,"(0.0, 0.0)","(0.0, 0.0)","(0.0, 0.0)","(0.0, 0.0, 0.0)","(0.0, 0.0, 0.0)","(0.0, 0.0, 0.0)","(0.0, 0.0, 0.0)","(0.0, 0.0, 0.0)","(0.0, 0.0, 0.0)",0,0,0,0,0,0,False,0,0,0,0,0,0,0,0,"(0.0, 6.0, 795.0)","(0.2, 0.0, 0.0, 1.0)"
0,885511.3,0,0,0,0,0,0,0,0,0,"(0.0, 0.0)","(0.0, 0.0)","(0.0, 0.0)","(0.0, 0.0, 0.0)","(0.0, 0.0, 0.0)","(0.0, 0.0, 0.0)","(0.0, 0.0, 0.0)","(0.0, 0.0, 0.0)","(0.0, 0.0, 0.0)",0,0,0,0,0,0,False,0,0,0,0,0,0,0,0,"(0.0, 6.0, 795.3)","(0.2, 0.0, 0.0, 1.0)"
0,885531.5,0,0,0,0,0,0,0,0,0,"(0.0, 0.0)","(0.0, 0.0)","(0.0, 0.0)","(0.0, 0.0, 0.0)","(0.0, 0.0, 0.0)","(0.0, 0.0, 0.0)","(0.0, 0.0, 0.0)","(0.0, 0.0, 0.0)","(0.0, 0.0, 0.0)",0,0,0,0,0,0,False,0,0,0,0,0,0,0,0,"(0.0, 6.0, 795.6)","(0.2, 0.0, 0.0, 1.0)"
0,885551.8,0,0,0,0,0,0,0,0,0,"(0.0, 0.0)","(0.0, 0.0)","(0.0, 0.0)","(0.0, 0.0, 0.0)","(0.0, 0.0, 0.0)","(0.0, 0.0, 0.0)","(0.0, 0.0, 0.0)","(0.0, 0.0, 0.0)","(0.0, 0.0, 0.0)",0,0,0,0,0,0,False,0,0,0,0,0,0,0,0,"(0.0, 6.0, 795.9)","(0.2, 0.0, 0.0, 1.0)"
0,885572,0,0,0,0,0,0,0,0,0,"(0.0, 0.0)","(0.0, 0.0)","(0.0, 0.0)","(0.0, 0.0, 0.0)","(0.0, 0.0, 0.0)","(0.0, 0.0, 0.0)","(0.0, 0.0, 0.0)","(0.0, 0.0, 0.0)","(0.0, 0.0, 0.0)",0,0,0,0,0,0,False,0,0,0,0,0,0,0,0,"(0.0, 6.0, 796.2)","(0.2, 0.0, 0.0, 1.0)"
0,885595.1,0,0,0,0,0,0,0,0,0,"(0.0, 0.0)","(0.0, 0.0)","(0.0, 0.0)","(0.0, 0.0, 0.0)","(0.0, 0.0, 0.0)","(0.0, 0.0, 0.0)","(0.0, 0.0, 0.0)","(0.0, 0.0, 0.0)","(0.0, 0.0, 0.0)",0,0,0,0,0,0,False,0,0,0,0,0,0,0,0,"(0.0, 6.0, 796.5)","(0.2, 0.0, 0.0, 1.0)"
0,885614.3,0,0,0,0,0,0,0,0,0,"(0.0, 0.0)","(0.0, 0.0)","(0.0, 0.0)","(0.0, 0.0, 0.0)","(0.0, 0.0, 0.0)","(0.0, 0.0, 0.0)","(0.0, 0.0, 0.0)","(0.0, 0.0, 0.0)","(0.0, 0.0, 0.0)",0,0,0,0,0,0,False,0,0,0,0,0,0,0,0,"(0.0, 6.0, 796.8)","(0.2, 0.0, 0.0, 1.0)"
0,885632.9,0,0,0,0,0,0,0,0,0,"(0.0, 0.0)","(0.0, 0.0)","(0.0, 0.0)","(0.0, 0.0, 0.0)","(0.0, 0.0, 0.0)","(0.0, 0.0, 0.0)","(0.0, 0.0, 0.0)","(0.0, 0.0, 0.0)","(0.0, 0.0, 0.0)",0,0,0,0,0,0,False,0,0,0,0,0,0,0,0,"(0.0, 6.0, 797.1)","(0.2, 0.0, 0.0, 1.0)"
0,885651.7,0,0,0,0,0,0,0,0,0,"(0.0, 0.0)","(0.0, 0.0)","(0.0, 0.0)","(0.0, 0.0, 0.0)","(0.0, 0.0, 0.0)","(0.0, 0.0, 0.0)","(0.0, 0.0, 0.0)","(0.0, 0.0, 0.0)","(0.0, 0.0, 0.0)",0,0,0,0,0,0,False,0,0,0,0,0,0,0,0,"(0.0, 6.0, 797.4)","(0.2, 0.0, 0.0, 1.0)"
0,885669,0,0,0,0,0,0,0,0,0,"(0.0, 0.0)","(0.0, 0.0)","(0.0, 0.0)","(0.0, 0.0, 0.0)","(0.0, 0.0, 0.0)","(0.0, 0.0, 0.0)","(0.0, 0.0, 0.0)","(0.0, 0.0, 0.0)","(0.0, 0.0, 0.0)",0,0,0,0,0,0,False,0,0,0,0,0,0,0,0,"(0.0, 6.0, 797.7)","(0.2, 0.0, 0.0, 1.0)"
0,885687.6,0,0,0,0,0,0,0,0,0,"(0.0, 0.0)","(0.0, 0.0)","(0.0, 0.0)","(0.0, 0.0, 0.0)","(0.0, 0.0, 0.0)","(0.0, 0.0, 0.0)","(0.0, 0.0, 0.0)","(0.0, 0.0, 0.0)","(0.0, 0.0, 0.0)",0,0,0,0,0,0,False,0,0,0,0,0,0,0,0,"(0.0, 6.0, 798.0)","(0.2, 0.0, 0.0, 1.0)"
0,885705.1,0,0,0,0,0,0,0,0,0,"(0.0, 0.0)","(0.0, 0.0)","(0.0, 0.0)","(0.0, 0.0, 0.0)","(0.0, 0.0, 0.0)","(0.0, 0.0, 0.0)","(0.0, 0.0, 0.0)","(0.0, 0.0, 0.0)","(0.0, 0.0, 0.0)",0,0,0,0,0,0,False,0,0,0,0,0,0,0,0,"(0.0, 6.0, 798.2)","(0.2, 0.0, 0.0, 1.0)"
0,885723.3,0,0,0,0,0,0,0,0,0,"(0.0, 0.0)","(0.0, 0.0)","(0.0, 0.0)","(0.0, 0.0, 0.0)","(0.0, 0.0, 0.0)","(0.0, 0.0, 0.0)","(0.0, 0.0, 0.0)","(0.0, 0.0, 0.0)","(0.0, 0.0, 0.0)",0,0,0,0,0,0,False,0,0,0,0,0,0,0,0,"(0.0, 6.0, 798.5)","(0.2, 0.0, 0.0, 1.0)"
0,885745.9,0,0,0,0,0,0,0,0,0,"(0.0, 0.0)","(0.0, 0.0)","(0.0, 0.0)","(0.0, 0.0, 0.0)","(0.0, 0.0, 0.0)","(0.0, 0.0, 0.0)","(0.0, 0.0, 0.0)","(0.0, 0.0, 0.0)","(0.0, 0.0, 0.0)",0,0,0,0,0,0,False,0,0,0,0,0,0,0,0,"(0.0, 6.0, 798.8)","(0.2, 0.0, 0.0, 1.0)"
0,885764.4,0,0,0,0,0,0,0,0,0,"(0.0, 0.0)","(0.0, 0.0)","(0.0, 0.0)","(0.0, 0.0, 0.0)","(0.0, 0.0, 0.0)","(0.0, 0.0, 0.0)","(0.0, 0.0, 0.0)","(0.0, 0.0, 0.0)","(0.0, 0.0, 0.0)",0,0,0,0,0,0,False,0,0,0,0,0,0,0,0,"(0.0, 6.0, 799.1)","(0.2, 0.0, 0.0, 1.0)"
0,885784.6,0,0,0,0,0,0,0,0,0,"(0.0, 0.0)","(0.0, 0.0)","(0.0, 0.0)","(0.0, 0.0, 0.0)","(0.0, 0.0, 0.0)","(0.0, 0.0, 0.0)","(0.0, 0.0, 0.0)","(0.0, 0.0, 0.0)","(0.0, 0.0, 0.0)",0,0,0,0,0,0,False,0,0,0,0,0,0,0,0,"(0.0, 6.0, 799.4)","(0.2, 0.0, 0.0, 1.0)"
0,885802.6,0,0,0,0,0,0,0,0,0,"(0.0, 0.0)","(0.0, 0.0)","(0.0, 0.0)","(0.0, 0.0, 0.0)","(0.0, 0.0, 0.0)","(0.0, 0.0, 0.0)","(0.0, 0.0, 0.0)","(0.0, 0.0, 0.0)","(0.0, 0.0, 0.0)",0,0,0,0,0,0,False,0,0,0,0,0,0,0,0,"(0.0, 6.0, 799.6)","(0.2, 0.0, 0.0, 1.0)"
0,885822.1,0,0,0,0,0,0,0,0,0,"(0.0, 0.0)","(0.0, 0.0)","(0.0, 0.0)","(0.0, 0.0, 0.0)","(0.0, 0.0, 0.0)","(0.0, 0.0, 0.0)","(0.0, 0.0, 0.0)","(0.0, 0.0, 0.0)","(0.0, 0.0, 0.0)",0,0,0,0,0,0,False,0,0,0,0,0,0,0,0,"(0.0, 6.0, 799.9)","(0.2, 0.0, 0.0, 1.0)"
0,885839.3,0,0,0,0,0,0,0,0,0,"(0.0, 0.0)","(0.0, 0.0)","(0.0, 0.0)","(0.0, 0.0, 0.0)","(0.0, 0.0, 0.0)","(0.0, 0.0, 0.0)","(0.0, 0.0, 0.0)","(0.0, 0.0, 0.0)","(0.0, 0.0, 0.0)",0,0,0,0,0,0,False,0,0,0,0,0,0,0,0,"(0.0, 6.0, 800.2)","(0.2, 0.0, 0.0, 1.0)"
0,885857.2,0,0,0,0,0,0,0,0,0,"(0.0, 0.0)","(0.0, 0.0)","(0.0, 0.0)","(0.0, 0.0, 0.0)","(0.0, 0.0, 0.0)","(0.0, 0.0, 0.0)","(0.0, 0.0, 0.0)","(0.0, 0.0, 0.0)","(0.0, 0.0, 0.0)",0,0,0,0,0,0,False,0,0,0,0,0,0,0,0,"(0.0, 6.0, 800.5)","(0.2, 0.0, 0.0, 1.0)"
0,885874.6,0,0,0,0,0,0,0,0,0,"(0.0, 0.0)","(0.0, 0.0)","(0.0, 0.0)","(0.0, 0.0, 0.0)","(0.0, 0.0, 0.0)","(0.0, 0.0, 0.0)","(0.0, 0.0, 0.0)","(0.0, 0.0, 0.0)","(0.0, 0.0, 0.0)",0,0,0,0,0,0,False,0,0,0,0,0,0,0,0,"(0.0, 6.0, 800.7)","(0.2, 0.0, 0.0, 1.0)"
0,885891.2,0,0,0,0,0,0,0,0,0,"(0.0, 0.0)","(0.0, 0.0)","(0.0, 0.0)","(0.0, 0.0, 0.0)","(0.0, 0.0, 0.0)","(0.0, 0.0, 0.0)","(0.0, 0.0, 0.0)","(0.0, 0.0, 0.0)","(0.0, 0.0, 0.0)",0,0,0,0,0,0,False,0,0,0,0,0,0,0,0,"(0.0, 6.0, 801.0)","(0.2, 0.0, 0.0, 1.0)"
0,885910.9,0,0,0,0,0,0,0,0,0,"(0.0, 0.0)","(0.0, 0.0)","(0.0, 0.0)","(0.0, 0.0, 0.0)","(0.0, 0.0, 0.0)","(0.0, 0.0, 0.0)","(0.0, 0.0, 0.0)","(0.0, 0.0, 0.0)","(0.0, 0.0, 0.0)",0,0,0,0,0,0,False,0,0,0,0,0,0,0,0,"(0.0, 6.0, 801.3)","(0.2, 0.0, 0.0, 1.0)"
0,885928.3,0,0,0,0,0,0,0,0,0,"(0.0, 0.0)","(0.0, 0.0)","(0.0, 0.0)","(0.0, 0.0, 0.0)","(0.0, 0.0, 0.0)","(0.0, 0.0, 0.0)","(0.0, 0.0, 0.0)","(0.0, 0.0, 0.0)","(0.0, 0.0, 0.0)",0,0,0,0,0,0,False,0,0,0,0,0,0,0,0,"(0.0, 6.0, 801.5)","(0.2, 0.0, 0.0, 1.0)"
0,885946.6,0,0,0,0,0,0,0,0,0,"(0.0, 0.0)","(0.0, 0.0)","(0.0, 0.0)","(0.0, 0.0, 0.0)","(0.0, 0.0, 0.0)","(0.0, 0.0, 0.0)","(0.0, 0.0, 0.0)","(0.0, 0.0, 0.0)","(0.0, 0.0, 0.0)",0,0,0,0,0,0,False,0,0,0,0,0,0,0,0,"(0.0, 6.0, 801.8)","(0.2, 0.0, 0.0, 1.0)"
0,885965.8,0,0,0,0,0,0,0,0,0,"(0.0, 0.0)","(0.0, 0.0)","(0.0, 0.0)","(0.0, 0.0, 0.0)","(0.0, 0.0, 0.0)","(0.0, 0.0, 0.0)","(0.0, 0.0, 0.0)","(0.0, 0.0, 0.0)","(0.0, 0.0, 0.0)",0,0,0,0,0,0,False,0,0,0,0,0,0,0,0,"(0.0, 6.0, 802.0)","(0.2, 0.0, 0.0, 1.0)"
0,885983.4,0,0,0,0,0,0,0,0,0,"(0.0, 0.0)","(0.0, 0.0)","(0.0, 0.0)","(0.0, 0.0, 0.0)","(0.0, 0.0, 0.0)","(0.0, 0.0, 0.0)","(0.0, 0.0, 0.0)","(0.0, 0.0, 0.0)","(0.0, 0.0, 0.0)",0,0,0,0,0,0,False,0,0,0,0,0,0,0,0,"(0.0, 6.0, 802.3)","(0.2, 0.0, 0.0, 1.0)"
0,886001.9,0,0,0,0,0,0,0,0,0,"(0.0, 0.0)","(0.0, 0.0)","(0.0, 0.0)","(0.0, 0.0, 0.0)","(0.0, 0.0, 0.0)","(0.0, 0.0, 0.0)","(0.0, 0.0, 0.0)","(0.0, 0.0, 0.0)","(0.0, 0.0, 0.0)",0,0,0,0,0,0,False,0,0,0,0,0,0,0,0,"(0.0, 6.0, 802.6)","(0.2, 0.0, 0.0, 1.0)"
0,886021.7,0,0,0,0,0,0,0,0,0,"(0.0, 0.0)","(0.0, 0.0)","(0.0, 0.0)","(0.0, 0.0, 0.0)","(0.0, 0.0, 0.0)","(0.0, 0.0, 0.0)","(0.0, 0.0, 0.0)","(0.0, 0.0, 0.0)","(0.0, 0.0, 0.0)",0,0,0,0,0,0,False,0,0,0,0,0,0,0,0,"(0.0, 6.0, 802.8)","(0.2, 0.0, 0.0, 1.0)"
0,886043.8,0,0,0,0,0,0,0,0,0,"(0.0, 0.0)","(0.0, 0.0)","(0.0, 0.0)","(0.0, 0.0, 0.0)","(0.0, 0.0, 0.0)","(0.0, 0.0, 0.0)","(0.0, 0.0, 0.0)","(0.0, 0.0, 0.0)","(0.0, 0.0, 0.0)",0,0,0,0,0,0,False,0,0,0,0,0,0,0,0,"(0.0, 6.0, 803.1)","(0.2, 0.0, 0.0, 1.0)"
0,886066.9,0,0,0,0,0,0,0,0,0,"(0.0, 0.0)","(0.0, 0.0)","(0.0, 0.0)","(0.0, 0.0, 0.0)","(0.0, 0.0, 0.0)","(0.0, 0.0, 0.0)","(0.0, 0.0, 0.0)","(0.0, 0.0, 0.0)","(0.0, 0.0, 0.0)",0,0,0,0,0,0,False,0,0,0,0,0,0,0,0,"(0.0, 6.0, 803.4)","(0.2, 0.0, 0.0, 1.0)"
0,886088.1,0,0,0,0,0,0,0,0,0,"(0.0, 0.0)","(0.0, 0.0)","(0.0, 0.0)","(0.0, 0.0, 0.0)","(0.0, 0.0, 0.0)","(0.0, 0.0, 0.0)","(0.0, 0.0, 0.0)","(0.0, 0.0, 0.0)","(0.0, 0.0, 0.0)",0,0,0,0,0,0,False,0,0,0,0,0,0,0,0,"(0.0, 6.0, 803.6)","(0.2, 0.0, 0.0, 1.0)"
0,886110.8,0,0,0,0,0,0,0,0,0,"(0.0, 0.0)","(0.0, 0.0)","(0.0, 0.0)","(0.0, 0.0, 0.0)","(0.0, 0.0, 0.0)","(0.0, 0.0, 0.0)","(0.0, 0.0, 0.0)","(0.0, 0.0, 0.0)","(0.0, 0.0, 0.0)",0,0,0,0,0,0,False,0,0,0,0,0,0,0,0,"(0.0, 6.0, 803.9)","(0.2, 0.0, 0.0, 1.0)"
0,886133.8,0,0,0,0,0,0,0,0,0,"(0.0, 0.0)","(0.0, 0.0)","(0.0, 0.0)","(0.0, 0.0, 0.0)","(0.0, 0.0, 0.0)","(0.0, 0.0, 0.0)","(0.0, 0.0, 0.0)","(0.0, 0.0, 0.0)","(0.0, 0.0, 0.0)",0,0,0,0,0,0,False,0,0,0,0,0,0,0,0,"(0.0, 6.0, 804.2)","(0.2, 0.0, 0.0, 1.0)"
0,886155.2,0,0,0,0,0,0,0,0,0,"(0.0, 0.0)","(0.0, 0.0)","(0.0, 0.0)","(0.0, 0.0, 0.0)","(0.0, 0.0, 0.0)","(0.0, 0.0, 0.0)","(0.0, 0.0, 0.0)","(0.0, 0.0, 0.0)","(0.0, 0.0, 0.0)",0,0,0,0,0,0,False,0,0,0,0,0,0,0,0,"(0.0, 6.0, 804.5)","(0.2, 0.0, 0.0, 1.0)"
0,886177.4,0,0,0,0,0,0,0,0,0,"(0.0, 0.0)","(0.0, 0.0)","(0.0, 0.0)","(0.0, 0.0, 0.0)","(0.0, 0.0, 0.0)","(0.0, 0.0, 0.0)","(0.0, 0.0, 0.0)","(0.0, 0.0, 0.0)","(0.0, 0.0, 0.0)",0,0,0,0,0,0,False,0,0,0,0,0,0,0,0,"(0.0, 6.0, 804.8)","(0.2, 0.0, 0.0, 1.0)"
0,886200.4,0,0,0,0,0,0,0,0,0,"(0.0, 0.0)","(0.0, 0.0)","(0.0, 0.0)","(0.0, 0.0, 0.0)","(0.0, 0.0, 0.0)","(0.0, 0.0, 0.0)","(0.0, 0.0, 0.0)","(0.0, 0.0, 0.0)","(0.0, 0.0, 0.0)",0,0,0,0,0,0,False,0,0,0,0,0,0,0,0,"(0.0, 6.0, 805.1)","(0.2, 0.0, 0.0, 1.0)"
0,886222,0,0,0,0,0,0,0,0,0,"(0.0, 0.0)","(0.0, 0.0)","(0.0, 0.0)","(0.0, 0.0, 0.0)","(0.0, 0.0, 0.0)","(0.0, 0.0, 0.0)","(0.0, 0.0, 0.0)","(0.0, 0.0, 0.0)","(0.0, 0.0, 0.0)",0,0,0,0,0,0,False,0,0,0,0,0,0,0,0,"(0.0, 6.0, 805.4)","(0.2, 0.0, 0.0, 1.0)"
0,886243.7,0,0,0,0,0,0,0,0,0,"(0.0, 0.0)","(0.0, 0.0)","(0.0, 0.0)","(0.0, 0.0, 0.0)","(0.0, 0.0, 0.0)","(0.0, 0.0, 0.0)","(0.0, 0.0, 0.0)","(0.0, 0.0, 0.0)","(0.0, 0.0, 0.0)",0,0,0,0,0,0,False,0,0,0,0,0,0,0,0,"(0.0, 6.0, 805.7)","(0.2, 0.0, 0.0, 1.0)"
0,886267,0,0,0,0,0,0,0,0,0,"(0.0, 0.0)","(0.0, 0.0)","(0.0, 0.0)","(0.0, 0.0, 0.0)","(0.0, 0.0, 0.0)","(0.0, 0.0, 0.0)","(0.0, 0.0, 0.0)","(0.0, 0.0, 0.0)","(0.0, 0.0, 0.0)",0,0,0,0,0,0,False,0,0,0,0,0,0,0,0,"(0.0, 6.0, 806.0)","(0.2, 0.0, 0.0, 1.0)"
0,886290.1,0,0,0,0,0,0,0,0,0,"(0.0, 0.0)","(0.0, 0.0)","(0.0, 0.0)","(0.0, 0.0, 0.0)","(0.0, 0.0, 0.0)","(0.0, 0.0, 0.0)","(0.0, 0.0, 0.0)","(0.0, 0.0, 0.0)","(0.0, 0.0, 0.0)",0,0,0,0,0,0,False,0,0,0,0,0,0,0,0,"(0.0, 6.0, 806.3)","(0.2, 0.0, 0.0, 1.0)"
0,886311.1,0,0,0,0,0,0,0,0,0,"(0.0, 0.0)","(0.0, 0.0)","(0.0, 0.0)","(0.0, 0.0, 0.0)","(0.0, 0.0, 0.0)","(0.0, 0.0, 0.0)","(0.0, 0.0, 0.0)","(0.0, 0.0, 0.0)","(0.0, 0.0, 0.0)",0,0,0,0,0,0,False,0,0,0,0,0,0,0,0,"(0.0, 6.0, 806.6)","(0.2, 0.0, 0.0, 1.0)"
0,886334,0,0,0,0,0,0,0,0,0,"(0.0, 0.0)","(0.0, 0.0)","(0.0, 0.0)","(0.0, 0.0, 0.0)","(0.0, 0.0, 0.0)","(0.0, 0.0, 0.0)","(0.0, 0.0, 0.0)","(0.0, 0.0, 0.0)","(0.0, 0.0, 0.0)",0,0,0,0,0,0,False,0,0,0,0,0,0,0,0,"(0.0, 6.0, 806.9)","(0.2, 0.0, 0.0, 1.0)"
0,886354.9,0,0,0,0,0,0,0,0,0,"(0.0, 0.0)","(0.0, 0.0)","(0.0, 0.0)","(0.0, 0.0, 0.0)","(0.0, 0.0, 0.0)","(0.0, 0.0, 0.0)","(0.0, 0.0, 0.0)","(0.0, 0.0, 0.0)","(0.0, 0.0, 0.0)",0,0,0,0,0,0,False,0,0,0,0,0,0,0,0,"(0.0, 6.0, 807.2)","(0.2, 0.0, 0.0, 1.0)"
0,886377.4,0,0,0,0,0,0,0,0,0,"(0.0, 0.0)","(0.0, 0.0)","(0.0, 0.0)","(0.0, 0.0, 0.0)","(0.0, 0.0, 0.0)","(0.0, 0.0, 0.0)","(0.0, 0.0, 0.0)","(0.0, 0.0, 0.0)","(0.0, 0.0, 0.0)",0,0,0,0,0,0,False,0,0,0,0,0,0,0,0,"(0.0, 6.0, 807.5)","(0.2, 0.0, 0.0, 1.0)"
0,886400.4,0,0,0,0,0,0,0,0,0,"(0.0, 0.0)","(0.0, 0.0)","(0.0, 0.0)","(0.0, 0.0, 0.0)","(0.0, 0.0, 0.0)","(0.0, 0.0, 0.0)","(0.0, 0.0, 0.0)","(0.0, 0.0, 0.0)","(0.0, 0.0, 0.0)",0,0,0,0,0,0,False,0,0,0,0,0,0,0,0,"(0.0, 6.0, 807.8)","(0.2, 0.0, 0.0, 1.0)"
0,886421.9,0,0,0,0,0,0,0,0,0,"(0.0, 0.0)","(0.0, 0.0)","(0.0, 0.0)","(0.0, 0.0, 0.0)","(0.0, 0.0, 0.0)","(0.0, 0.0, 0.0)","(0.0, 0.0, 0.0)","(0.0, 0.0, 0.0)","(0.0, 0.0, 0.0)",0,0,0,0,0,0,False,0,0,0,0,0,0,0,0,"(0.0, 6.0, 808.1)","(0.2, 0.0, 0.0, 1.0)"
0,886444.1,0,0,0,0,0,0,0,0,0,"(0.0, 0.0)","(0.0, 0.0)","(0.0, 0.0)","(0.0, 0.0, 0.0)","(0.0, 0.0, 0.0)","(0.0, 0.0, 0.0)","(0.0, 0.0, 0.0)","(0.0, 0.0, 0.0)","(0.0, 0.0, 0.0)",0,0,0,0,0,0,False,0,0,0,0,0,0,0,0,"(0.0, 6.0, 808.4)","(0.2, 0.0, 0.0, 1.0)"
0,886467.8,0,0,0,0,0,0,0,0,0,"(0.0, 0.0)","(0.0, 0.0)","(0.0, 0.0)","(0.0, 0.0, 0.0)","(0.0, 0.0, 0.0)","(0.0, 0.0, 0.0)","(0.0, 0.0, 0.0)","(0.0, 0.0, 0.0)","(0.0, 0.0, 0.0)",0,0,0,0,0,0,False,0,0,0,0,0,0,0,0,"(0.0, 6.0, 808.7)","(0.2, 0.0, 0.0, 1.0)"
0,886486.3,0,0,0,0,0,0,0,0,0,"(0.0, 0.0)","(0.0, 0.0)","(0.0, 0.0)","(0.0, 0.0, 0.0)","(0.0, 0.0, 0.0)","(0.0, 0.0, 0.0)","(0.0, 0.0, 0.0)","(0.0, 0.0, 0.0)","(0.0, 0.0, 0.0)",0,0,0,0,0,0,False,0,0,0,0,0,0,0,0,"(0.0, 6.0, 809.0)","(0.2, 0.0, 0.0, 1.0)"
0,886507,0,0,0,0,0,0,0,0,0,"(0.0, 0.0)","(0.0, 0.0)","(0.0, 0.0)","(0.0, 0.0, 0.0)","(0.0, 0.0, 0.0)","(0.0, 0.0, 0.0)","(0.0, 0.0, 0.0)","(0.0, 0.0, 0.0)","(0.0, 0.0, 0.0)",0,0,0,0,0,0,False,0,0,0,0,0,0,0,0,"(0.0, 6.0, 809.3)","(0.2, 0.0, 0.0, 1.0)"
0,886526.5,0,0,0,0,0,0,0,0,0,"(0.0, 0.0)","(0.0, 0.0)","(0.0, 0.0)","(0.0, 0.0, 0.0)","(0.0, 0.0, 0.0)","(0.0, 0.0, 0.0)","(0.0, 0.0, 0.0)","(0.0, 0.0, 0.0)","(0.0, 0.0, 0.0)",0,0,0,0,0,0,False,0,0,0,0,0,0,0,0,"(0.0, 6.0, 809.6)","(0.2, 0.0, 0.0, 1.0)"
0,886551.1,0,0,0,0,0,0,0,0,0,"(0.0, 0.0)","(0.0, 0.0)","(0.0, 0.0)","(0.0, 0.0, 0.0)","(0.0, 0.0, 0.0)","(0.0, 0.0, 0.0)","(0.0, 0.0, 0.0)","(0.0, 0.0, 0.0)","(0.0, 0.0, 0.0)",0,0,0,0,0,0,False,0,0,0,0,0,0,0,0,"(0.0, 6.0, 809.9)","(0.2, 0.0, 0.0, 1.0)"
0,886570.9,0,0,0,0,0,0,0,0,0,"(0.0, 0.0)","(0.0, 0.0)","(0.0, 0.0)","(0.0, 0.0, 0.0)","(0.0, 0.0, 0.0)","(0.0, 0.0, 0.0)","(0.0, 0.0, 0.0)","(0.0, 0.0, 0.0)","(0.0, 0.0, 0.0)",0,0,0,0,0,0,False,0,0,0,0,0,0,0,0,"(0.0, 6.0, 810.2)","(0.2, 0.0, 0.0, 1.0)"
0,886590.8,0,0,0,0,0,0,0,0,0,"(0.0, 0.0)","(0.0, 0.0)","(0.0, 0.0)","(0.0, 0.0, 0.0)","(0.0, 0.0, 0.0)","(0.0, 0.0, 0.0)","(0.0, 0.0, 0.0)","(0.0, 0.0, 0.0)","(0.0, 0.0, 0.0)",0,0,0,0,0,0,False,0,0,0,0,0,0,0,0,"(0.0, 6.0, 810.5)","(0.2, 0.0, 0.0, 1.0)"
0,886610.2,0,0,0,0,0,0,0,0,0,"(0.0, 0.0)","(0.0, 0.0)","(0.0, 0.0)","(0.0, 0.0, 0.0)","(0.0, 0.0, 0.0)","(0.0, 0.0, 0.0)","(0.0, 0.0, 0.0)","(0.0, 0.0, 0.0)","(0.0, 0.0, 0.0)",0,0,0,0,0,0,False,0,0,0,0,0,0,0,0,"(0.0, 6.0, 810.8)","(0.2, 0.0, 0.0, 1.0)"
0,886636.4,0,0,0,0,0,0,0,0,0,"(0.0, 0.0)","(0.0, 0.0)","(0.0, 0.0)","(0.0, 0.0, 0.0)","(0.0, 0.0, 0.0)","(0.0, 0.0, 0.0)","(0.0, 0.0, 0.0)","(0.0, 0.0, 0.0)","(0.0, 0.0, 0.0)",0,0,0,0,0,0,False,0,0,0,0,0,0,0,0,"(0.0, 6.0, 811.1)","(0.2, 0.0, 0.0, 1.0)"
0,886662,0,0,0,0,0,0,0,0,0,"(0.0, 0.0)","(0.0, 0.0)","(0.0, 0.0)","(0.0, 0.0, 0.0)","(0.0, 0.0, 0.0)","(0.0, 0.0, 0.0)","(0.0, 0.0, 0.0)","(0.0, 0.0, 0.0)","(0.0, 0.0, 0.0)",0,0,0,0,0,0,False,0,0,0,0,0,0,0,0,"(0.0, 6.0, 811.4)","(0.2, 0.0, 0.0, 1.0)"
0,886680.7,0,0,0,0,0,0,0,0,0,"(0.0, 0.0)","(0.0, 0.0)","(0.0, 0.0)","(0.0, 0.0, 0.0)","(0.0, 0.0, 0.0)","(0.0, 0.0, 0.0)","(0.0, 0.0, 0.0)","(0.0, 0.0, 0.0)","(0.0, 0.0, 0.0)",0,0,0,0,0,0,False,0,0,0,0,0,0,0,0,"(0.0, 6.0, 811.7)","(0.2, 0.0, 0.0, 1.0)"
0,886704.4,0,0,0,0,0,0,0,0,0,"(0.0, 0.0)","(0.0, 0.0)","(0.0, 0.0)","(0.0, 0.0, 0.0)","(0.0, 0.0, 0.0)","(0.0, 0.0, 0.0)","(0.0, 0.0, 0.0)","(0.0, 0.0, 0.0)","(0.0, 0.0, 0.0)",0,0,0,0,0,0,False,0,0,0,0,0,0,0,0,"(0.0, 6.0, 812.0)","(0.2, 0.0, 0.0, 1.0)"
0,886724.1,0,0,0,0,0,0,0,0,0,"(0.0, 0.0)","(0.0, 0.0)","(0.0, 0.0)","(0.0, 0.0, 0.0)","(0.0, 0.0, 0.0)","(0.0, 0.0, 0.0)","(0.0, 0.0, 0.0)","(0.0, 0.0, 0.0)","(0.0, 0.0, 0.0)",0,0,0,0,0,0,False,0,0,0,0,0,0,0,0,"(0.0, 6.0, 812.3)","(0.2, 0.0, 0.0, 1.0)"
0,886743,0,0,0,0,0,0,0,0,0,"(0.0, 0.0)","(0.0, 0.0)","(0.0, 0.0)","(0.0, 0.0, 0.0)","(0.0, 0.0, 0.0)","(0.0, 0.0, 0.0)","(0.0, 0.0, 0.0)","(0.0, 0.0, 0.0)","(0.0, 0.0, 0.0)",0,0,0,0,0,0,False,0,0,0,0,0,0,0,0,"(0.0, 6.0, 812.6)","(0.2, 0.0, 0.0, 1.0)"
0,886768.3,0,0,0,0,0,0,0,0,0,"(0.0, 0.0)","(0.0, 0.0)","(0.0, 0.0)","(0.0, 0.0, 0.0)","(0.0, 0.0, 0.0)","(0.0, 0.0, 0.0)","(0.0, 0.0, 0.0)","(0.0, 0.0, 0.0)","(0.0, 0.0, 0.0)",0,0,0,0,0,0,False,0,0,0,0,0,0,0,0,"(0.0, 6.0, 812.9)","(0.2, 0.0, 0.0, 1.0)"
0,886789.1,0,0,0,0,0,0,0,0,0,"(0.0, 0.0)","(0.0, 0.0)","(0.0, 0.0)","(0.0, 0.0, 0.0)","(0.0, 0.0, 0.0)","(0.0, 0.0, 0.0)","(0.0, 0.0, 0.0)","(0.0, 0.0, 0.0)","(0.0, 0.0, 0.0)",0,0,0,0,0,0,False,0,0,0,0,0,0,0,0,"(0.0, 6.0, 813.2)","(0.2, 0.0, 0.0, 1.0)"
0,886808.4,0,0,0,0,0,0,0,0,0,"(0.0, 0.0)","(0.0, 0.0)","(0.0, 0.0)","(0.0, 0.0, 0.0)","(0.0, 0.0, 0.0)","(0.0, 0.0, 0.0)","(0.0, 0.0, 0.0)","(0.0, 0.0, 0.0)","(0.0, 0.0, 0.0)",0,0,0,0,0,0,False,0,0,0,0,0,0,0,0,"(0.0, 6.0, 813.5)","(0.2, 0.0, 0.0, 1.0)"
0,886828.8,0,0,0,0,0,0,0,0,0,"(0.0, 0.0)","(0.0, 0.0)","(0.0, 0.0)","(0.0, 0.0, 0.0)","(0.0, 0.0, 0.0)","(0.0, 0.0, 0.0)","(0.0, 0.0, 0.0)","(0.0, 0.0, 0.0)","(0.0, 0.0, 0.0)",0,0,0,0,0,0,False,0,0,0,0,0,0,0,0,"(0.0, 6.0, 813.8)","(0.2, 0.0, 0.0, 1.0)"
0,886848.2,0,0,0,0,0,0,0,0,0,"(0.0, 0.0)","(0.0, 0.0)","(0.0, 0.0)","(0.0, 0.0, 0.0)","(0.0, 0.0, 0.0)","(0.0, 0.0, 0.0)","(0.0, 0.0, 0.0)","(0.0, 0.0, 0.0)","(0.0, 0.0, 0.0)",0,0,0,0,0,0,False,0,0,0,0,0,0,0,0,"(0.0, 6.0, 814.1)","(0.2, 0.0, 0.0, 1.0)"
0,886868.6,0,0,0,0,0,0,0,0,0,"(0.0, 0.0)","(0.0, 0.0)","(0.0, 0.0)","(0.0, 0.0, 0.0)","(0.0, 0.0, 0.0)","(0.0, 0.0, 0.0)","(0.0, 0.0, 0.0)","(0.0, 0.0, 0.0)","(0.0, 0.0, 0.0)",0,0,0,0,0,0,False,0,0,0,0,0,0,0,0,"(0.0, 6.0, 814.4)","(0.2, 0.0, 0.0, 1.0)"
0,886887.8,0,0,0,0,0,0,0,0,0,"(0.0, 0.0)","(0.0, 0.0)","(0.0, 0.0)","(0.0, 0.0, 0.0)","(0.0, 0.0, 0.0)","(0.0, 0.0, 0.0)","(0.0, 0.0, 0.0)","(0.0, 0.0, 0.0)","(0.0, 0.0, 0.0)",0,0,0,0,0,0,False,0,0,0,0,0,0,0,0,"(0.0, 6.0, 814.7)","(0.2, 0.0, 0.0, 1.0)"
0,886917.4,0,0,0,0,0,0,0,0,0,"(0.0, 0.0)","(0.0, 0.0)","(0.0, 0.0)","(0.0, 0.0, 0.0)","(0.0, 0.0, 0.0)","(0.0, 0.0, 0.0)","(0.0, 0.0, 0.0)","(0.0, 0.0, 0.0)","(0.0, 0.0, 0.0)",0,0,0,0,0,0,False,0,0,0,0,0,0,0,0,"(0.0, 6.0, 815.0)","(0.2, 0.0, 0.0, 1.0)"
0,886936.6,0,0,0,0,0,0,0,0,0,"(0.0, 0.0)","(0.0, 0.0)","(0.0, 0.0)","(0.0, 0.0, 0.0)","(0.0, 0.0, 0.0)","(0.0, 0.0, 0.0)","(0.0, 0.0, 0.0)","(0.0, 0.0, 0.0)","(0.0, 0.0, 0.0)",0,0,0,0,0,0,False,0,0,0,0,0,0,0,0,"(0.0, 6.0, 815.3)","(0.2, 0.0, 0.0, 1.0)"
0,886956.9,0,0,0,0,0,0,0,0,0,"(0.0, 0.0)","(0.0, 0.0)","(0.0, 0.0)","(0.0, 0.0, 0.0)","(0.0, 0.0, 0.0)","(0.0, 0.0, 0.0)","(0.0, 0.0, 0.0)","(0.0, 0.0, 0.0)","(0.0, 0.0, 0.0)",0,0,0,0,0,0,False,0,0,0,0,0,0,0,0,"(0.0, 6.0, 815.6)","(0.2, 0.0, 0.0, 1.0)"
0,886977.3,0,0,0,0,0,0,0,0,0,"(0.0, 0.0)","(0.0, 0.0)","(0.0, 0.0)","(0.0, 0.0, 0.0)","(0.0, 0.0, 0.0)","(0.0, 0.0, 0.0)","(0.0, 0.0, 0.0)","(0.0, 0.0, 0.0)","(0.0, 0.0, 0.0)",0,0,0,0,0,0,False,0,0,0,0,0,0,0,0,"(0.0, 6.0, 815.9)","(0.2, 0.0, 0.0, 1.0)"
0,887000.7,0,0,0,0,0,0,0,0,0,"(0.0, 0.0)","(0.0, 0.0)","(0.0, 0.0)","(0.0, 0.0, 0.0)","(0.0, 0.0, 0.0)","(0.0, 0.0, 0.0)","(0.0, 0.0, 0.0)","(0.0, 0.0, 0.0)","(0.0, 0.0, 0.0)",0,0,0,0,0,0,False,0,0,0,0,0,0,0,0,"(0.0, 6.0, 816.2)","(0.2, 0.0, 0.0, 1.0)"
0,887021.7,0,0,0,0,0,0,0,0,0,"(0.0, 0.0)","(0.0, 0.0)","(0.0, 0.0)","(0.0, 0.0, 0.0)","(0.0, 0.0, 0.0)","(0.0, 0.0, 0.0)","(0.0, 0.0, 0.0)","(0.0, 0.0, 0.0)","(0.0, 0.0, 0.0)",0,0,0,0,0,0,False,0,0,0,0,0,0,0,0,"(0.0, 6.0, 816.5)","(0.2, 0.0, 0.0, 1.0)"
0,887044.3,0,0,0,0,0,0,0,0,0,"(0.0, 0.0)","(0.0, 0.0)","(0.0, 0.0)","(0.0, 0.0, 0.0)","(0.0, 0.0, 0.0)","(0.0, 0.0, 0.0)","(0.0, 0.0, 0.0)","(0.0, 0.0, 0.0)","(0.0, 0.0, 0.0)",0,0,0,0,0,0,False,0,0,0,0,0,0,0,0,"(0.0, 6.0, 816.8)","(0.2, 0.0, 0.0, 1.0)"
0,887067.2,0,0,0,0,0,0,0,0,0,"(0.0, 0.0)","(0.0, 0.0)","(0.0, 0.0)","(0.0, 0.0, 0.0)","(0.0, 0.0, 0.0)","(0.0, 0.0, 0.0)","(0.0, 0.0, 0.0)","(0.0, 0.0, 0.0)","(0.0, 0.0, 0.0)",0,0,0,0,0,0,False,0,0,0,0,0,0,0,0,"(0.0, 6.0, 817.1)","(0.2, 0.0, 0.0, 1.0)"
0,887088.4,0,0,0,0,0,0,0,0,0,"(0.0, 0.0)","(0.0, 0.0)","(0.0, 0.0)","(0.0, 0.0, 0.0)","(0.0, 0.0, 0.0)","(0.0, 0.0, 0.0)","(0.0, 0.0, 0.0)","(0.0, 0.0, 0.0)","(0.0, 0.0, 0.0)",0,0,0,0,0,0,False,0,0,0,0,0,0,0,0,"(0.0, 6.0, 817.4)","(0.2, 0.0, 0.0, 1.0)"
0,887116.6,0,0,0,0,0,0,0,0,0,"(0.0, 0.0)","(0.0, 0.0)","(0.0, 0.0)","(0.0, 0.0, 0.0)","(0.0, 0.0, 0.0)","(0.0, 0.0, 0.0)","(0.0, 0.0, 0.0)","(0.0, 0.0, 0.0)","(0.0, 0.0, 0.0)",0,0,0,0,0,0,False,0,0,0,0,0,0,0,0,"(0.0, 6.0, 817.7)","(0.2, 0.0, 0.0, 1.0)"
0,887136.4,0,0,0,0,0,0,0,0,0,"(0.0, 0.0)","(0.0, 0.0)","(0.0, 0.0)","(0.0, 0.0, 0.0)","(0.0, 0.0, 0.0)","(0.0, 0.0, 0.0)","(0.0, 0.0, 0.0)","(0.0, 0.0, 0.0)","(0.0, 0.0, 0.0)",0,0,0,0,0,0,False,0,0,0,0,0,0,0,0,"(0.0, 6.0, 818.0)","(0.2, 0.0, 0.0, 1.0)"
0,887155.8,0,0,0,0,0,0,0,0,0,"(0.0, 0.0)","(0.0, 0.0)","(0.0, 0.0)","(0.0, 0.0, 0.0)","(0.0, 0.0, 0.0)","(0.0, 0.0, 0.0)","(0.0, 0.0, 0.0)","(0.0, 0.0, 0.0)","(0.0, 0.0, 0.0)",0,0,0,0,0,0,False,0,0,0,0,0,0,0,0,"(0.0, 6.0, 818.3)","(0.2, 0.0, 0.0, 1.0)"
0,887177.3,0,0,0,0,0,0,0,0,0,"(0.0, 0.0)","(0.0, 0.0)","(0.0, 0.0)","(0.0, 0.0, 0.0)","(0.0, 0.0, 0.0)","(0.0, 0.0, 0.0)","(0.0, 0.0, 0.0)","(0.0, 0.0, 0.0)","(0.0, 0.0, 0.0)",0,0,0,0,0,0,False,0,0,0,0,0,0,0,0,"(0.0, 6.0, 818.6)","(0.2, 0.0, 0.0, 1.0)"
0,887200.1,0,0,0,0,0,0,0,0,0,"(0.0, 0.0)","(0.0, 0.0)","(0.0, 0.0)","(0.0, 0.0, 0.0)","(0.0, 0.0, 0.0)","(0.0, 0.0, 0.0)","(0.0, 0.0, 0.0)","(0.0, 0.0, 0.0)","(0.0, 0.0, 0.0)",0,0,0,0,0,0,False,0,0,0,0,0,0,0,0,"(0.0, 6.0, 818.9)","(0.2, 0.0, 0.0, 1.0)"
0,887221.6,0,0,0,0,0,0,0,0,0,"(0.0, 0.0)","(0.0, 0.0)","(0.0, 0.0)","(0.0, 0.0, 0.0)","(0.0, 0.0, 0.0)","(0.0, 0.0, 0.0)","(0.0, 0.0, 0.0)","(0.0, 0.0, 0.0)","(0.0, 0.0, 0.0)",0,0,0,0,0,0,False,0,0,0,0,0,0,0,0,"(0.0, 6.0, 819.2)","(0.2, 0.0, 0.0, 1.0)"
0,887243.5,0,0,0,0,0,0,0,0,0,"(0.0, 0.0)","(0.0, 0.0)","(0.0, 0.0)","(0.0, 0.0, 0.0)","(0.0, 0.0, 0.0)","(0.0, 0.0, 0.0)","(0.0, 0.0, 0.0)","(0.0, 0.0, 0.0)","(0.0, 0.0, 0.0)",0,0,0,0,0,0,False,0,0,0,0,0,0,0,0,"(0.0, 6.0, 819.5)","(0.2, 0.0, 0.0, 1.0)"
0,887267.5,0,0,0,0,0,0,0,0,0,"(0.0, 0.0)","(0.0, 0.0)","(0.0, 0.0)","(0.0, 0.0, 0.0)","(0.0, 0.0, 0.0)","(0.0, 0.0, 0.0)","(0.0, 0.0, 0.0)","(0.0, 0.0, 0.0)","(0.0, 0.0, 0.0)",0,0,0,0,0,0,False,0,0,0,0,0,0,0,0,"(0.0, 6.0, 819.9)","(0.2, 0.0, 0.0, 1.0)"
0,887288.1,0,0,0,0,0,0,0,0,0,"(0.0, 0.0)","(0.0, 0.0)","(0.0, 0.0)","(0.0, 0.0, 0.0)","(0.0, 0.0, 0.0)","(0.0, 0.0, 0.0)","(0.0, 0.0, 0.0)","(0.0, 0.0, 0.0)","(0.0, 0.0, 0.0)",0,0,0,0,0,0,False,0,0,0,0,0,0,0,0,"(0.0, 6.0, 820.2)","(0.2, 0.0, 0.0, 1.0)"
0,887310.1,0,0,0,0,0,0,0,0,0,"(0.0, 0.0)","(0.0, 0.0)","(0.0, 0.0)","(0.0, 0.0, 0.0)","(0.0, 0.0, 0.0)","(0.0, 0.0, 0.0)","(0.0, 0.0, 0.0)","(0.0, 0.0, 0.0)","(0.0, 0.0, 0.0)",0,0,0,0,0,0,False,0,0,0,0,0,0,0,0,"(0.0, 6.0, 820.5)","(0.2, 0.0, 0.0, 1.0)"
0,887333.1,0,0,0,0,0,0,0,0,0,"(0.0, 0.0)","(0.0, 0.0)","(0.0, 0.0)","(0.0, 0.0, 0.0)","(0.0, 0.0, 0.0)","(0.0, 0.0, 0.0)","(0.0, 0.0, 0.0)","(0.0, 0.0, 0.0)","(0.0, 0.0, 0.0)",0,0,0,0,0,0,False,0,0,0,0,0,0,0,0,"(0.0, 6.0, 820.8)","(0.2, 0.0, 0.0, 1.0)"
0,887354.9,0,0,0,0,0,0,0,0,0,"(0.0, 0.0)","(0.0, 0.0)","(0.0, 0.0)","(0.0, 0.0, 0.0)","(0.0, 0.0, 0.0)","(0.0, 0.0, 0.0)","(0.0, 0.0, 0.0)","(0.0, 0.0, 0.0)","(0.0, 0.0, 0.0)",0,0,0,0,0,0,False,0,0,0,0,0,0,0,0,"(0.0, 6.0, 821.1)","(0.2, 0.0, 0.0, 1.0)"
0,887377,0,0,0,0,0,0,0,0,0,"(0.0, 0.0)","(0.0, 0.0)","(0.0, 0.0)","(0.0, 0.0, 0.0)","(0.0, 0.0, 0.0)","(0.0, 0.0, 0.0)","(0.0, 0.0, 0.0)","(0.0, 0.0, 0.0)","(0.0, 0.0, 0.0)",0,0,0,0,0,0,False,0,0,0,0,0,0,0,0,"(0.0, 6.0, 821.4)","(0.2, 0.0, 0.0, 1.0)"
0,887400.5,0,0,0,0,0,0,0,0,0,"(0.0, 0.0)","(0.0, 0.0)","(0.0, 0.0)","(0.0, 0.0, 0.0)","(0.0, 0.0, 0.0)","(0.0, 0.0, 0.0)","(0.0, 0.0, 0.0)","(0.0, 0.0, 0.0)","(0.0, 0.0, 0.0)",0,0,0,0,0,0,False,0,0,0,0,0,0,0,0,"(0.0, 6.0, 821.7)","(0.2, 0.0, 0.0, 1.0)"
0,887421.9,0,0,0,0,0,0,0,0,0,"(0.0, 0.0)","(0.0, 0.0)","(0.0, 0.0)","(0.0, 0.0, 0.0)","(0.0, 0.0, 0.0)","(0.0, 0.0, 0.0)","(0.0, 0.0, 0.0)","(0.0, 0.0, 0.0)","(0.0, 0.0, 0.0)",0,0,0,0,0,0,False,0,0,0,0,0,0,0,0,"(0.0, 6.0, 822.0)","(0.2, 0.0, 0.0, 1.0)"
0,887443.4,0,0,0,0,0,0,0,0,0,"(0.0, 0.0)","(0.0, 0.0)","(0.0, 0.0)","(0.0, 0.0, 0.0)","(0.0, 0.0, 0.0)","(0.0, 0.0, 0.0)","(0.0, 0.0, 0.0)","(0.0, 0.0, 0.0)","(0.0, 0.0, 0.0)",0,0,0,0,0,0,False,0,0,0,0,0,0,0,0,"(0.0, 6.0, 822.3)","(0.2, 0.0, 0.0, 1.0)"
0,887462.3,0,0,0,0,0,0,0,0,0,"(0.0, 0.0)","(0.0, 0.0)","(0.0, 0.0)","(0.0, 0.0, 0.0)","(0.0, 0.0, 0.0)","(0.0, 0.0, 0.0)","(0.0, 0.0, 0.0)","(0.0, 0.0, 0.0)","(0.0, 0.0, 0.0)",0,0,0,0,0,0,False,0,0,0,0,0,0,0,0,"(0.0, 6.0, 822.6)","(0.2, 0.0, 0.0, 1.0)"
0,887481.9,0,0,0,0,0,0,0,0,0,"(0.0, 0.0)","(0.0, 0.0)","(0.0, 0.0)","(0.0, 0.0, 0.0)","(0.0, 0.0, 0.0)","(0.0, 0.0, 0.0)","(0.0, 0.0, 0.0)","(0.0, 0.0, 0.0)","(0.0, 0.0, 0.0)",0,0,0,0,0,0,False,0,0,0,0,0,0,0,0,"(0.0, 6.0, 822.9)","(0.2, 0.0, 0.0, 1.0)"
0,887501.3,0,0,0,0,0,0,0,0,0,"(0.0, 0.0)","(0.0, 0.0)","(0.0, 0.0)","(0.0, 0.0, 0.0)","(0.0, 0.0, 0.0)","(0.0, 0.0, 0.0)","(0.0, 0.0, 0.0)","(0.0, 0.0, 0.0)","(0.0, 0.0, 0.0)",0,0,0,0,0,0,False,0,0,0,0,0,0,0,0,"(0.0, 6.0, 823.2)","(0.2, 0.0, 0.0, 1.0)"
0,887521.9,0,0,0,0,0,0,0,0,0,"(0.0, 0.0)","(0.0, 0.0)","(0.0, 0.0)","(0.0, 0.0, 0.0)","(0.0, 0.0, 0.0)","(0.0, 0.0, 0.0)","(0.0, 0.0, 0.0)","(0.0, 0.0, 0.0)","(0.0, 0.0, 0.0)",0,0,0,0,0,0,False,0,0,0,0,0,0,0,0,"(0.0, 6.0, 823.5)","(0.2, 0.0, 0.0, 1.0)"
0,887540.9,0,0,0,0,0,0,0,0,0,"(0.0, 0.0)","(0.0, 0.0)","(0.0, 0.0)","(0.0, 0.0, 0.0)","(0.0, 0.0, 0.0)","(0.0, 0.0, 0.0)","(0.0, 0.0, 0.0)","(0.0, 0.0, 0.0)","(0.0, 0.0, 0.0)",0,0,0,0,0,0,False,0,0,0,0,0,0,0,0,"(0.0, 6.0, 823.8)","(0.2, 0.0, 0.0, 1.0)"
0,887565,0,0,0,0,0,0,0,0,0,"(0.0, 0.0)","(0.0, 0.0)","(0.0, 0.0)","(0.0, 0.0, 0.0)","(0.0, 0.0, 0.0)","(0.0, 0.0, 0.0)","(0.0, 0.0, 0.0)","(0.0, 0.0, 0.0)","(0.0, 0.0, 0.0)",0,0,0,0,0,0,False,0,0,0,0,0,0,0,0,"(0.0, 6.0, 824.1)","(0.2, 0.0, 0.0, 1.0)"
0,887584.9,0,0,0,0,0,0,0,0,0,"(0.0, 0.0)","(0.0, 0.0)","(0.0, 0.0)","(0.0, 0.0, 0.0)","(0.0, 0.0, 0.0)","(0.0, 0.0, 0.0)","(0.0, 0.0, 0.0)","(0.0, 0.0, 0.0)","(0.0, 0.0, 0.0)",0,0,0,0,0,0,False,0,0,0,0,0,0,0,0,"(0.0, 6.0, 824.4)","(0.2, 0.0, 0.0, 1.0)"
0,887603.3,0,0,0,0,0,0,0,0,0,"(0.0, 0.0)","(0.0, 0.0)","(0.0, 0.0)","(0.0, 0.0, 0.0)","(0.0, 0.0, 0.0)","(0.0, 0.0, 0.0)","(0.0, 0.0, 0.0)","(0.0, 0.0, 0.0)","(0.0, 0.0, 0.0)",0,0,0,0,0,0,False,0,0,0,0,0,0,0,0,"(0.0, 6.0, 824.7)","(0.2, 0.0, 0.0, 1.0)"
0,887622.1,0,0,0,0,0,0,0,0,0,"(0.0, 0.0)","(0.0, 0.0)","(0.0, 0.0)","(0.0, 0.0, 0.0)","(0.0, 0.0, 0.0)","(0.0, 0.0, 0.0)","(0.0, 0.0, 0.0)","(0.0, 0.0, 0.0)","(0.0, 0.0, 0.0)",0,0,0,0,0,0,False,0,0,0,0,0,0,0,0,"(0.0, 6.0, 825.0)","(0.2, 0.0, 0.0, 1.0)"
0,887640.9,0,0,0,0,0,0,0,0,0,"(0.0, 0.0)","(0.0, 0.0)","(0.0, 0.0)","(0.0, 0.0, 0.0)","(0.0, 0.0, 0.0)","(0.0, 0.0, 0.0)","(0.0, 0.0, 0.0)","(0.0, 0.0, 0.0)","(0.0, 0.0, 0.0)",0,0,0,0,0,0,False,0,0,0,0,0,0,0,0,"(0.0, 6.0, 825.3)","(0.2, 0.0, 0.0, 1.0)"
0,887659.6,0,0,0,0,0,0,0,0,0,"(0.0, 0.0)","(0.0, 0.0)","(0.0, 0.0)","(0.0, 0.0, 0.0)","(0.0, 0.0, 0.0)","(0.0, 0.0, 0.0)","(0.0, 0.0, 0.0)","(0.0, 0.0, 0.0)","(0.0, 0.0, 0.0)",0,0,0,0,0,0,False,0,0,0,0,0,0,0,0,"(0.0, 6.0, 825.6)","(0.2, 0.0, 0.0, 1.0)"
0,887677.9,0,0,0,0,0,0,0,0,0,"(0.0, 0.0)","(0.0, 0.0)","(0.0, 0.0)","(0.0, 0.0, 0.0)","(0.0, 0.0, 0.0)","(0.0, 0.0, 0.0)","(0.0, 0.0, 0.0)","(0.0, 0.0, 0.0)","(0.0, 0.0, 0.0)",0,0,0,0,0,0,False,0,0,0,0,0,0,0,0,"(0.0, 6.0, 825.8)","(0.2, 0.0, 0.0, 1.0)"
0,887698.9,0,0,0,0,0,0,0,0,0,"(0.0, 0.0)","(0.0, 0.0)","(0.0, 0.0)","(0.0, 0.0, 0.0)","(0.0, 0.0, 0.0)","(0.0, 0.0, 0.0)","(0.0, 0.0, 0.0)","(0.0, 0.0, 0.0)","(0.0, 0.0, 0.0)",0,0,0,0,0,0,False,0,0,0,0,0,0,0,0,"(0.0, 6.0, 826.1)","(0.2, 0.0, 0.0, 1.0)"
0,887719.9,0,0,0,0,0,0,0,0,0,"(0.0, 0.0)","(0.0, 0.0)","(0.0, 0.0)","(0.0, 0.0, 0.0)","(0.0, 0.0, 0.0)","(0.0, 0.0, 0.0)","(0.0, 0.0, 0.0)","(0.0, 0.0, 0.0)","(0.0, 0.0, 0.0)",0,0,0,0,0,0,False,0,0,0,0,0,0,0,0,"(0.0, 6.0, 826.4)","(0.2, 0.0, 0.0, 1.0)"
0,887739.6,0,0,0,0,0,0,0,0,0,"(0.0, 0.0)","(0.0, 0.0)","(0.0, 0.0)","(0.0, 0.0, 0.0)","(0.0, 0.0, 0.0)","(0.0, 0.0, 0.0)","(0.0, 0.0, 0.0)","(0.0, 0.0, 0.0)","(0.0, 0.0, 0.0)",0,0,0,0,0,0,False,0,0,0,0,0,0,0,0,"(0.0, 6.0, 826.7)","(0.2, 0.0, 0.0, 1.0)"
0,887758.3,0,0,0,0,0,0,0,0,0,"(0.0, 0.0)","(0.0, 0.0)","(0.0, 0.0)","(0.0, 0.0, 0.0)","(0.0, 0.0, 0.0)","(0.0, 0.0, 0.0)","(0.0, 0.0, 0.0)","(0.0, 0.0, 0.0)","(0.0, 0.0, 0.0)",0,0,0,0,0,0,False,0,0,0,0,0,0,0,0,"(0.0, 6.0, 827.0)","(0.2, 0.0, 0.0, 1.0)"
0,887776.1,0,0,0,0,0,0,0,0,0,"(0.0, 0.0)","(0.0, 0.0)","(0.0, 0.0)","(0.0, 0.0, 0.0)","(0.0, 0.0, 0.0)","(0.0, 0.0, 0.0)","(0.0, 0.0, 0.0)","(0.0, 0.0, 0.0)","(0.0, 0.0, 0.0)",0,0,0,0,0,0,False,0,0,0,0,0,0,0,0,"(0.0, 6.0, 827.3)","(0.2, 0.0, 0.0, 1.0)"
0,887799.9,0,0,0,0,0,0,0,0,0,"(0.0, 0.0)","(0.0, 0.0)","(0.0, 0.0)","(0.0, 0.0, 0.0)","(0.0, 0.0, 0.0)","(0.0, 0.0, 0.0)","(0.0, 0.0, 0.0)","(0.0, 0.0, 0.0)","(0.0, 0.0, 0.0)",0,0,0,0,0,0,False,0,0,0,0,0,0,0,0,"(0.0, 6.0, 827.5)","(0.2, 0.0, 0.0, 1.0)"
0,887819.1,0,0,0,0,0,0,0,0,0,"(0.0, 0.0)","(0.0, 0.0)","(0.0, 0.0)","(0.0, 0.0, 0.0)","(0.0, 0.0, 0.0)","(0.0, 0.0, 0.0)","(0.0, 0.0, 0.0)","(0.0, 0.0, 0.0)","(0.0, 0.0, 0.0)",0,0,0,0,0,0,False,0,0,0,0,0,0,0,0,"(0.0, 6.0, 827.8)","(0.2, 0.0, 0.0, 1.0)"
0,887837.1,0,0,0,0,0,0,0,0,0,"(0.0, 0.0)","(0.0, 0.0)","(0.0, 0.0)","(0.0, 0.0, 0.0)","(0.0, 0.0, 0.0)","(0.0, 0.0, 0.0)","(0.0, 0.0, 0.0)","(0.0, 0.0, 0.0)","(0.0, 0.0, 0.0)",0,0,0,0,0,0,False,0,0,0,0,0,0,0,0,"(0.0, 6.0, 828.1)","(0.2, 0.0, 0.0, 1.0)"
0,887853.4,0,0,0,0,0,0,0,0,0,"(0.0, 0.0)","(0.0, 0.0)","(0.0, 0.0)","(0.0, 0.0, 0.0)","(0.0, 0.0, 0.0)","(0.0, 0.0, 0.0)","(0.0, 0.0, 0.0)","(0.0, 0.0, 0.0)","(0.0, 0.0, 0.0)",0,0,0,0,0,0,False,0,0,0,0,0,0,0,0,"(0.0, 6.0, 828.4)","(0.2, 0.0, 0.0, 1.0)"
0,887871.4,0,0,0,0,0,0,0,0,0,"(0.0, 0.0)","(0.0, 0.0)","(0.0, 0.0)","(0.0, 0.0, 0.0)","(0.0, 0.0, 0.0)","(0.0, 0.0, 0.0)","(0.0, 0.0, 0.0)","(0.0, 0.0, 0.0)","(0.0, 0.0, 0.0)",0,0,0,0,0,0,False,0,0,0,0,0,0,0,0,"(0.0, 6.0, 828.6)","(0.2, 0.0, 0.0, 1.0)"
0,887889.3,0,0,0,0,0,0,0,0,0,"(0.0, 0.0)","(0.0, 0.0)","(0.0, 0.0)","(0.0, 0.0, 0.0)","(0.0, 0.0, 0.0)","(0.0, 0.0, 0.0)","(0.0, 0.0, 0.0)","(0.0, 0.0, 0.0)","(0.0, 0.0, 0.0)",0,0,0,0,0,0,False,0,0,0,0,0,0,0,0,"(0.0, 6.0, 828.9)","(0.2, 0.0, 0.0, 1.0)"
0,887910.5,0,0,0,0,0,0,0,0,0,"(0.0, 0.0)","(0.0, 0.0)","(0.0, 0.0)","(0.0, 0.0, 0.0)","(0.0, 0.0, 0.0)","(0.0, 0.0, 0.0)","(0.0, 0.0, 0.0)","(0.0, 0.0, 0.0)","(0.0, 0.0, 0.0)",0,0,0,0,0,0,False,0,0,0,0,0,0,0,0,"(0.0, 6.0, 829.2)","(0.2, 0.0, 0.0, 1.0)"
0,887932.3,0,0,0,0,0,0,0,0,0,"(0.0, 0.0)","(0.0, 0.0)","(0.0, 0.0)","(0.0, 0.0, 0.0)","(0.0, 0.0, 0.0)","(0.0, 0.0, 0.0)","(0.0, 0.0, 0.0)","(0.0, 0.0, 0.0)","(0.0, 0.0, 0.0)",0,0,0,0,0,0,False,0,0,0,0,0,0,0,0,"(0.0, 6.0, 829.5)","(0.2, 0.0, 0.0, 1.0)"
0,887954.4,0,0,0,0,0,0,0,0,0,"(0.0, 0.0)","(0.0, 0.0)","(0.0, 0.0)","(0.0, 0.0, 0.0)","(0.0, 0.0, 0.0)","(0.0, 0.0, 0.0)","(0.0, 0.0, 0.0)","(0.0, 0.0, 0.0)","(0.0, 0.0, 0.0)",0,0,0,0,0,0,False,0,0,0,0,0,0,0,0,"(0.0, 6.0, 829.7)","(0.2, 0.0, 0.0, 1.0)"
0,887976.4,0,0,0,0,0,0,0,0,0,"(0.0, 0.0)","(0.0, 0.0)","(0.0, 0.0)","(0.0, 0.0, 0.0)","(0.0, 0.0, 0.0)","(0.0, 0.0, 0.0)","(0.0, 0.0, 0.0)","(0.0, 0.0, 0.0)","(0.0, 0.0, 0.0)",0,0,0,0,0,0,False,0,0,0,0,0,0,0,0,"(0.0, 6.0, 830.0)","(0.2, 0.0, 0.0, 1.0)"
0,887999,0,0,0,0,0,0,0,0,0,"(0.0, 0.0)","(0.0, 0.0)","(0.0, 0.0)","(0.0, 0.0, 0.0)","(0.0, 0.0, 0.0)","(0.0, 0.0, 0.0)","(0.0, 0.0, 0.0)","(0.0, 0.0, 0.0)","(0.0, 0.0, 0.0)",0,0,0,0,0,0,False,0,0,0,0,0,0,0,0,"(0.0, 6.0, 830.3)","(0.2, 0.0, 0.0, 1.0)"
0,888020.6,0,0,0,0,0,0,0,0,0,"(0.0, 0.0)","(0.0, 0.0)","(0.0, 0.0)","(0.0, 0.0, 0.0)","(0.0, 0.0, 0.0)","(0.0, 0.0, 0.0)","(0.0, 0.0, 0.0)","(0.0, 0.0, 0.0)","(0.0, 0.0, 0.0)",0,0,0,0,0,0,False,0,0,0,0,0,0,0,0,"(0.0, 6.0, 830.6)","(0.2, 0.0, 0.0, 1.0)"
0,888043.2,0,0,0,0,0,0,0,0,0,"(0.0, 0.0)","(0.0, 0.0)","(0.0, 0.0)","(0.0, 0.0, 0.0)","(0.0, 0.0, 0.0)","(0.0, 0.0, 0.0)","(0.0, 0.0, 0.0)","(0.0, 0.0, 0.0)","(0.0, 0.0, 0.0)",0,0,0,0,0,0,False,0,0,0,0,0,0,0,0,"(0.0, 6.0, 830.9)","(0.2, 0.0, 0.0, 1.0)"
0,888066.2,0,0,0,0,0,0,0,0,0,"(0.0, 0.0)","(0.0, 0.0)","(0.0, 0.0)","(0.0, 0.0, 0.0)","(0.0, 0.0, 0.0)","(0.0, 0.0, 0.0)","(0.0, 0.0, 0.0)","(0.0, 0.0, 0.0)","(0.0, 0.0, 0.0)",0,0,0,0,0,0,False,0,0,0,0,0,0,0,0,"(0.0, 6.0, 831.2)","(0.2, 0.0, 0.0, 1.0)"
0,888087.9,0,0,0,0,0,0,0,0,0,"(0.0, 0.0)","(0.0, 0.0)","(0.0, 0.0)","(0.0, 0.0, 0.0)","(0.0, 0.0, 0.0)","(0.0, 0.0, 0.0)","(0.0, 0.0, 0.0)","(0.0, 0.0, 0.0)","(0.0, 0.0, 0.0)",0,0,0,0,0,0,False,0,0,0,0,0,0,0,0,"(0.0, 6.0, 831.5)","(0.2, 0.0, 0.0, 1.0)"
0,888109.5,0,0,0,0,0,0,0,0,0,"(0.0, 0.0)","(0.0, 0.0)","(0.0, 0.0)","(0.0, 0.0, 0.0)","(0.0, 0.0, 0.0)","(0.0, 0.0, 0.0)","(0.0, 0.0, 0.0)","(0.0, 0.0, 0.0)","(0.0, 0.0, 0.0)",0,0,0,0,0,0,False,0,0,0,0,0,0,0,0,"(0.0, 6.0, 831.8)","(0.2, 0.0, 0.0, 1.0)"
0,888132.6,0,0,0,0,0,0,0,0,0,"(0.0, 0.0)","(0.0, 0.0)","(0.0, 0.0)","(0.0, 0.0, 0.0)","(0.0, 0.0, 0.0)","(0.0, 0.0, 0.0)","(0.0, 0.0, 0.0)","(0.0, 0.0, 0.0)","(0.0, 0.0, 0.0)",0,0,0,0,0,0,False,0,0,0,0,0,0,0,0,"(0.0, 6.0, 832.1)","(0.2, 0.0, 0.0, 1.0)"
0,888153.7,0,0,0,0,0,0,0,0,0,"(0.0, 0.0)","(0.0, 0.0)","(0.0, 0.0)","(0.0, 0.0, 0.0)","(0.0, 0.0, 0.0)","(0.0, 0.0, 0.0)","(0.0, 0.0, 0.0)","(0.0, 0.0, 0.0)","(0.0, 0.0, 0.0)",0,0,0,0,0,0,False,0,0,0,0,0,0,0,0,"(0.0, 6.0, 832.4)","(0.2, 0.0, 0.0, 1.0)"
0,888176.3,0,0,0,0,0,0,0,0,0,"(0.0, 0.0)","(0.0, 0.0)","(0.0, 0.0)","(0.0, 0.0, 0.0)","(0.0, 0.0, 0.0)","(0.0, 0.0, 0.0)","(0.0, 0.0, 0.0)","(0.0, 0.0, 0.0)","(0.0, 0.0, 0.0)",0,0,0,0,0,0,False,0,0,0,0,0,0,0,0,"(0.0, 6.0, 832.7)","(0.2, 0.0, 0.0, 1.0)"
0,888199.3,0,0,0,0,0,0,0,0,0,"(0.0, 0.0)","(0.0, 0.0)","(0.0, 0.0)","(0.0, 0.0, 0.0)","(0.0, 0.0, 0.0)","(0.0, 0.0, 0.0)","(0.0, 0.0, 0.0)","(0.0, 0.0, 0.0)","(0.0, 0.0, 0.0)",0,0,0,0,0,0,False,0,0,0,0,0,0,0,0,"(0.0, 6.0, 833.0)","(0.2, 0.0, 0.0, 1.0)"
0,888220.9,0,0,0,0,0,0,0,0,0,"(0.0, 0.0)","(0.0, 0.0)","(0.0, 0.0)","(0.0, 0.0, 0.0)","(0.0, 0.0, 0.0)","(0.0, 0.0, 0.0)","(0.0, 0.0, 0.0)","(0.0, 0.0, 0.0)","(0.0, 0.0, 0.0)",0,0,0,0,0,0,False,0,0,0,0,0,0,0,0,"(0.0, 6.0, 833.3)","(0.2, 0.0, 0.0, 1.0)"
0,888243,0,0,0,0,0,0,0,0,0,"(0.0, 0.0)","(0.0, 0.0)","(0.0, 0.0)","(0.0, 0.0, 0.0)","(0.0, 0.0, 0.0)","(0.0, 0.0, 0.0)","(0.0, 0.0, 0.0)","(0.0, 0.0, 0.0)","(0.0, 0.0, 0.0)",0,0,0,0,0,0,False,0,0,0,0,0,0,0,0,"(0.0, 6.0, 833.6)","(0.2, 0.0, 0.0, 1.0)"
0,888266.1,0,0,0,0,0,0,0,0,0,"(0.0, 0.0)","(0.0, 0.0)","(0.0, 0.0)","(0.0, 0.0, 0.0)","(0.0, 0.0, 0.0)","(0.0, 0.0, 0.0)","(0.0, 0.0, 0.0)","(0.0, 0.0, 0.0)","(0.0, 0.0, 0.0)",0,0,0,0,0,0,False,0,0,0,0,0,0,0,0,"(0.0, 6.0, 833.9)","(0.2, 0.0, 0.0, 1.0)"
0,888288.6,0,0,0,0,0,0,0,0,0,"(0.0, 0.0)","(0.0, 0.0)","(0.0, 0.0)","(0.0, 0.0, 0.0)","(0.0, 0.0, 0.0)","(0.0, 0.0, 0.0)","(0.0, 0.0, 0.0)","(0.0, 0.0, 0.0)","(0.0, 0.0, 0.0)",0,0,0,0,0,0,False,0,0,0,0,0,0,0,0,"(0.0, 6.0, 834.2)","(0.2, 0.0, 0.0, 1.0)"
0,888309.9,0,0,0,0,0,0,0,0,0,"(0.0, 0.0)","(0.0, 0.0)","(0.0, 0.0)","(0.0, 0.0, 0.0)","(0.0, 0.0, 0.0)","(0.0, 0.0, 0.0)","(0.0, 0.0, 0.0)","(0.0, 0.0, 0.0)","(0.0, 0.0, 0.0)",0,0,0,0,0,0,False,0,0,0,0,0,0,0,0,"(0.0, 6.0, 834.5)","(0.2, 0.0, 0.0, 1.0)"
0,888332.9,0,0,0,0,0,0,0,0,0,"(0.0, 0.0)","(0.0, 0.0)","(0.0, 0.0)","(0.0, 0.0, 0.0)","(0.0, 0.0, 0.0)","(0.0, 0.0, 0.0)","(0.0, 0.0, 0.0)","(0.0, 0.0, 0.0)","(0.0, 0.0, 0.0)",0,0,0,0,0,0,False,0,0,0,0,0,0,0,0,"(0.0, 6.0, 834.8)","(0.2, 0.0, 0.0, 1.0)"
0,888354.3,0,0,0,0,0,0,0,0,0,"(0.0, 0.0)","(0.0, 0.0)","(0.0, 0.0)","(0.0, 0.0, 0.0)","(0.0, 0.0, 0.0)","(0.0, 0.0, 0.0)","(0.0, 0.0, 0.0)","(0.0, 0.0, 0.0)","(0.0, 0.0, 0.0)",0,0,0,0,0,0,False,0,0,0,0,0,0,0,0,"(0.0, 6.0, 835.1)","(0.2, 0.0, 0.0, 1.0)"
0,888376.3,0,0,0,0,0,0,0,0,0,"(0.0, 0.0)","(0.0, 0.0)","(0.0, 0.0)","(0.0, 0.0, 0.0)","(0.0, 0.0, 0.0)","(0.0, 0.0, 0.0)","(0.0, 0.0, 0.0)","(0.0, 0.0, 0.0)","(0.0, 0.0, 0.0)",0,0,0,0,0,0,False,0,0,0,0,0,0,0,0,"(0.0, 6.0, 835.4)","(0.2, 0.0, 0.0, 1.0)"
0,888399,0,0,0,0,0,0,0,0,0,"(0.0, 0.0)","(0.0, 0.0)","(0.0, 0.0)","(0.0, 0.0, 0.0)","(0.0, 0.0, 0.0)","(0.0, 0.0, 0.0)","(0.0, 0.0, 0.0)","(0.0, 0.0, 0.0)","(0.0, 0.0, 0.0)",0,0,0,0,0,0,False,0,0,0,0,0,0,0,0,"(0.0, 6.0, 835.7)","(0.2, 0.0, 0.0, 1.0)"
0,888420.6,0,0,0,0,0,0,0,0,0,"(0.0, 0.0)","(0.0, 0.0)","(0.0, 0.0)","(0.0, 0.0, 0.0)","(0.0, 0.0, 0.0)","(0.0, 0.0, 0.0)","(0.0, 0.0, 0.0)","(0.0, 0.0, 0.0)","(0.0, 0.0, 0.0)",0,0,0,0,0,0,False,0,0,0,0,0,0,0,0,"(0.0, 6.0, 836.0)","(0.2, 0.0, 0.0, 1.0)"
0,888438.6,0,0,0,0,0,0,0,0,0,"(0.0, 0.0)","(0.0, 0.0)","(0.0, 0.0)","(0.0, 0.0, 0.0)","(0.0, 0.0, 0.0)","(0.0, 0.0, 0.0)","(0.0, 0.0, 0.0)","(0.0, 0.0, 0.0)","(0.0, 0.0, 0.0)",0,0,0,0,0,0,False,0,0,0,0,0,0,0,0,"(0.0, 6.0, 836.3)","(0.2, 0.0, 0.0, 1.0)"
0,888456.3,0,0,0,0,0,0,0,0,0,"(0.0, 0.0)","(0.0, 0.0)","(0.0, 0.0)","(0.0, 0.0, 0.0)","(0.0, 0.0, 0.0)","(0.0, 0.0, 0.0)","(0.0, 0.0, 0.0)","(0.0, 0.0, 0.0)","(0.0, 0.0, 0.0)",0,0,0,0,0,0,False,0,0,0,0,0,0,0,0,"(0.0, 6.0, 836.6)","(0.2, 0.0, 0.0, 1.0)"
0,888479,0,0,0,0,0,0,0,0,0,"(0.0, 0.0)","(0.0, 0.0)","(0.0, 0.0)","(0.0, 0.0, 0.0)","(0.0, 0.0, 0.0)","(0.0, 0.0, 0.0)","(0.0, 0.0, 0.0)","(0.0, 0.0, 0.0)","(0.0, 0.0, 0.0)",0,0,0,0,0,0,False,0,0,0,0,0,0,0,0,"(0.0, 6.0, 836.9)","(0.2, 0.0, 0.0, 1.0)"
0,888496.9,0,0,0,0,0,0,0,0,0,"(0.0, 0.0)","(0.0, 0.0)","(0.0, 0.0)","(0.0, 0.0, 0.0)","(0.0, 0.0, 0.0)","(0.0, 0.0, 0.0)","(0.0, 0.0, 0.0)","(0.0, 0.0, 0.0)","(0.0, 0.0, 0.0)",0,0,0,0,0,0,False,0,0,0,0,0,0,0,0,"(0.0, 6.0, 837.2)","(0.2, 0.0, 0.0, 1.0)"
0,888516.3,0,0,0,0,0,0,0,0,0,"(0.0, 0.0)","(0.0, 0.0)","(0.0, 0.0)","(0.0, 0.0, 0.0)","(0.0, 0.0, 0.0)","(0.0, 0.0, 0.0)","(0.0, 0.0, 0.0)","(0.0, 0.0, 0.0)","(0.0, 0.0, 0.0)",0,0,0,0,0,0,False,0,0,0,0,0,0,0,0,"(0.0, 6.0, 837.5)","(0.2, 0.0, 0.0, 1.0)"
0,888535.1,0,0,0,0,0,0,0,0,0,"(0.0, 0.0)","(0.0, 0.0)","(0.0, 0.0)","(0.0, 0.0, 0.0)","(0.0, 0.0, 0.0)","(0.0, 0.0, 0.0)","(0.0, 0.0, 0.0)","(0.0, 0.0, 0.0)","(0.0, 0.0, 0.0)",0,0,0,0,0,0,False,0,0,0,0,0,0,0,0,"(0.0, 6.0, 837.8)","(0.2, 0.0, 0.0, 1.0)"
0,888554,0,0,0,0,0,0,0,0,0,"(0.0, 0.0)","(0.0, 0.0)","(0.0, 0.0)","(0.0, 0.0, 0.0)","(0.0, 0.0, 0.0)","(0.0, 0.0, 0.0)","(0.0, 0.0, 0.0)","(0.0, 0.0, 0.0)","(0.0, 0.0, 0.0)",0,0,0,0,0,0,False,0,0,0,0,0,0,0,0,"(0.0, 6.0, 838.1)","(0.2, 0.0, 0.0, 1.0)"
0,888572.1,0,0,0,0,0,0,0,0,0,"(0.0, 0.0)","(0.0, 0.0)","(0.0, 0.0)","(0.0, 0.0, 0.0)","(0.0, 0.0, 0.0)","(0.0, 0.0, 0.0)","(0.0, 0.0, 0.0)","(0.0, 0.0, 0.0)","(0.0, 0.0, 0.0)",0,0,0,0,0,0,False,0,0,0,0,0,0,0,0,"(0.0, 6.0, 838.4)","(0.2, 0.0, 0.0, 1.0)"
0,888590.4,0,0,0,0,0,0,0,0,0,"(0.0, 0.0)","(0.0, 0.0)","(0.0, 0.0)","(0.0, 0.0, 0.0)","(0.0, 0.0, 0.0)","(0.0, 0.0, 0.0)","(0.0, 0.0, 0.0)","(0.0, 0.0, 0.0)","(0.0, 0.0, 0.0)",0,0,0,0,0,0,False,0,0,0,0,0,0,0,0,"(0.0, 6.0, 838.6)","(0.2, 0.0, 0.0, 1.0)"
0,888607.7,0,0,0,0,0,0,0,0,0,"(0.0, 0.0)","(0.0, 0.0)","(0.0, 0.0)","(0.0, 0.0, 0.0)","(0.0, 0.0, 0.0)","(0.0, 0.0, 0.0)","(0.0, 0.0, 0.0)","(0.0, 0.0, 0.0)","(0.0, 0.0, 0.0)",0,0,0,0,0,0,False,0,0,0,0,0,0,0,0,"(0.0, 6.0, 838.9)","(0.2, 0.0, 0.0, 1.0)"
0,888627.6,0,0,0,0,0,0,0,0,0,"(0.0, 0.0)","(0.0, 0.0)","(0.0, 0.0)","(0.0, 0.0, 0.0)","(0.0, 0.0, 0.0)","(0.0, 0.0, 0.0)","(0.0, 0.0, 0.0)","(0.0, 0.0, 0.0)","(0.0, 0.0, 0.0)",0,0,0,0,0,0,False,0,0,0,0,0,0,0,0,"(0.0, 6.0, 839.2)","(0.2, 0.0, 0.0, 1.0)"
0,888650.4,0,0,0,0,0,0,0,0,0,"(0.0, 0.0)","(0.0, 0.0)","(0.0, 0.0)","(0.0, 0.0, 0.0)","(0.0, 0.0, 0.0)","(0.0, 0.0, 0.0)","(0.0, 0.0, 0.0)","(0.0, 0.0, 0.0)","(0.0, 0.0, 0.0)",0,0,0,0,0,0,False,0,0,0,0,0,0,0,0,"(0.0, 6.0, 839.5)","(0.2, 0.0, 0.0, 1.0)"
0,888672.5,0,0,0,0,0,0,0,0,0,"(0.0, 0.0)","(0.0, 0.0)","(0.0, 0.0)","(0.0, 0.0, 0.0)","(0.0, 0.0, 0.0)","(0.0, 0.0, 0.0)","(0.0, 0.0, 0.0)","(0.0, 0.0, 0.0)","(0.0, 0.0, 0.0)",0,0,0,0,0,0,False,0,0,0,0,0,0,0,0,"(0.0, 6.0, 839.8)","(0.2, 0.0, 0.0, 1.0)"
0,888691.2,0,0,0,0,0,0,0,0,0,"(0.0, 0.0)","(0.0, 0.0)","(0.0, 0.0)","(0.0, 0.0, 0.0)","(0.0, 0.0, 0.0)","(0.0, 0.0, 0.0)","(0.0, 0.0, 0.0)","(0.0, 0.0, 0.0)","(0.0, 0.0, 0.0)",0,0,0,0,0,0,False,0,0,0,0,0,0,0,0,"(0.0, 6.0, 840.0)","(0.2, 0.0, 0.0, 1.0)"
0,888708.5,0,0,0,0,0,0,0,0,0,"(0.0, 0.0)","(0.0, 0.0)","(0.0, 0.0)","(0.0, 0.0, 0.0)","(0.0, 0.0, 0.0)","(0.0, 0.0, 0.0)","(0.0, 0.0, 0.0)","(0.0, 0.0, 0.0)","(0.0, 0.0, 0.0)",0,0,0,0,0,0,False,0,0,0,0,0,0,0,0,"(0.0, 6.0, 840.3)","(0.2, 0.0, 0.0, 1.0)"
0,888726.8,0,0,0,0,0,0,0,0,0,"(0.0, 0.0)","(0.0, 0.0)","(0.0, 0.0)","(0.0, 0.0, 0.0)","(0.0, 0.0, 0.0)","(0.0, 0.0, 0.0)","(0.0, 0.0, 0.0)","(0.0, 0.0, 0.0)","(0.0, 0.0, 0.0)",0,0,0,0,0,0,False,0,0,0,0,0,0,0,0,"(0.0, 6.0, 840.6)","(0.2, 0.0, 0.0, 1.0)"
0,888745.4,0,0,0,0,0,0,0,0,0,"(0.0, 0.0)","(0.0, 0.0)","(0.0, 0.0)","(0.0, 0.0, 0.0)","(0.0, 0.0, 0.0)","(0.0, 0.0, 0.0)","(0.0, 0.0, 0.0)","(0.0, 0.0, 0.0)","(0.0, 0.0, 0.0)",0,0,0,0,0,0,False,0,0,0,0,0,0,0,0,"(0.0, 6.0, 840.9)","(0.2, 0.0, 0.0, 1.0)"
0,888763.2,0,0,0,0,0,0,0,0,0,"(0.0, 0.0)","(0.0, 0.0)","(0.0, 0.0)","(0.0, 0.0, 0.0)","(0.0, 0.0, 0.0)","(0.0, 0.0, 0.0)","(0.0, 0.0, 0.0)","(0.0, 0.0, 0.0)","(0.0, 0.0, 0.0)",0,0,0,0,0,0,False,0,0,0,0,0,0,0,0,"(0.0, 6.0, 841.1)","(0.2, 0.0, 0.0, 1.0)"
0,888781.8,0,0,0,0,0,0,0,0,0,"(0.0, 0.0)","(0.0, 0.0)","(0.0, 0.0)","(0.0, 0.0, 0.0)","(0.0, 0.0, 0.0)","(0.0, 0.0, 0.0)","(0.0, 0.0, 0.0)","(0.0, 0.0, 0.0)","(0.0, 0.0, 0.0)",0,0,0,0,0,0,False,0,0,0,0,0,0,0,0,"(0.0, 6.0, 841.4)","(0.2, 0.0, 0.0, 1.0)"
0,888801.4,0,0,0,0,0,0,0,0,0,"(0.0, 0.0)","(0.0, 0.0)","(0.0, 0.0)","(0.0, 0.0, 0.0)","(0.0, 0.0, 0.0)","(0.0, 0.0, 0.0)","(0.0, 0.0, 0.0)","(0.0, 0.0, 0.0)","(0.0, 0.0, 0.0)",0,0,0,0,0,0,False,0,0,0,0,0,0,0,0,"(0.0, 6.0, 841.7)","(0.2, 0.0, 0.0, 1.0)"
0,888820.1,0,0,0,0,0,0,0,0,0,"(0.0, 0.0)","(0.0, 0.0)","(0.0, 0.0)","(0.0, 0.0, 0.0)","(0.0, 0.0, 0.0)","(0.0, 0.0, 0.0)","(0.0, 0.0, 0.0)","(0.0, 0.0, 0.0)","(0.0, 0.0, 0.0)",0,0,0,0,0,0,False,0,0,0,0,0,0,0,0,"(0.0, 6.0, 841.9)","(0.2, 0.0, 0.0, 1.0)"
0,888838.6,0,0,0,0,0,0,0,0,0,"(0.0, 0.0)","(0.0, 0.0)","(0.0, 0.0)","(0.0, 0.0, 0.0)","(0.0, 0.0, 0.0)","(0.0, 0.0, 0.0)","(0.0, 0.0, 0.0)","(0.0, 0.0, 0.0)","(0.0, 0.0, 0.0)",0,0,0,0,0,0,False,0,0,0,0,0,0,0,0,"(0.0, 6.0, 842.2)","(0.2, 0.0, 0.0, 1.0)"
0,888856.4,0,0,0,0,0,0,0,0,0,"(0.0, 0.0)","(0.0, 0.0)","(0.0, 0.0)","(0.0, 0.0, 0.0)","(0.0, 0.0, 0.0)","(0.0, 0.0, 0.0)","(0.0, 0.0, 0.0)","(0.0, 0.0, 0.0)","(0.0, 0.0, 0.0)",0,0,0,0,0,0,False,0,0,0,0,0,0,0,0,"(0.0, 6.0, 842.5)","(0.2, 0.0, 0.0, 1.0)"
0,888873.4,0,0,0,0,0,0,0,0,0,"(0.0, 0.0)","(0.0, 0.0)","(0.0, 0.0)","(0.0, 0.0, 0.0)","(0.0, 0.0, 0.0)","(0.0, 0.0, 0.0)","(0.0, 0.0, 0.0)","(0.0, 0.0, 0.0)","(0.0, 0.0, 0.0)",0,0,0,0,0,0,False,0,0,0,0,0,0,0,0,"(0.0, 6.0, 842.7)","(0.2, 0.0, 0.0, 1.0)"
0,888890.8,0,0,0,0,0,0,0,0,0,"(0.0, 0.0)","(0.0, 0.0)","(0.0, 0.0)","(0.0, 0.0, 0.0)","(0.0, 0.0, 0.0)","(0.0, 0.0, 0.0)","(0.0, 0.0, 0.0)","(0.0, 0.0, 0.0)","(0.0, 0.0, 0.0)",0,0,0,0,0,0,False,0,0,0,0,0,0,0,0,"(0.0, 6.0, 843.0)","(0.2, 0.0, 0.0, 1.0)"
0,888911.3,0,0,0,0,0,0,0,0,0,"(0.0, 0.0)","(0.0, 0.0)","(0.0, 0.0)","(0.0, 0.0, 0.0)","(0.0, 0.0, 0.0)","(0.0, 0.0, 0.0)","(0.0, 0.0, 0.0)","(0.0, 0.0, 0.0)","(0.0, 0.0, 0.0)",0,0,0,0,0,0,False,0,0,0,0,0,0,0,0,"(0.0, 6.0, 843.3)","(0.2, 0.0, 0.0, 1.0)"
0,888932.2,0,0,0,0,0,0,0,0,0,"(0.0, 0.0)","(0.0, 0.0)","(0.0, 0.0)","(0.0, 0.0, 0.0)","(0.0, 0.0, 0.0)","(0.0, 0.0, 0.0)","(0.0, 0.0, 0.0)","(0.0, 0.0, 0.0)","(0.0, 0.0, 0.0)",0,0,0,0,0,0,False,0,0,0,0,0,0,0,0,"(0.0, 6.0, 843.5)","(0.2, 0.0, 0.0, 1.0)"
0,888954.1,0,0,0,0,0,0,0,0,0,"(0.0, 0.0)","(0.0, 0.0)","(0.0, 0.0)","(0.0, 0.0, 0.0)","(0.0, 0.0, 0.0)","(0.0, 0.0, 0.0)","(0.0, 0.0, 0.0)","(0.0, 0.0, 0.0)","(0.0, 0.0, 0.0)",0,0,0,0,0,0,False,0,0,0,0,0,0,0,0,"(0.0, 6.0, 843.8)","(0.2, 0.0, 0.0, 1.0)"
0,888976.1,0,0,0,0,0,0,0,0,0,"(0.0, 0.0)","(0.0, 0.0)","(0.0, 0.0)","(0.0, 0.0, 0.0)","(0.0, 0.0, 0.0)","(0.0, 0.0, 0.0)","(0.0, 0.0, 0.0)","(0.0, 0.0, 0.0)","(0.0, 0.0, 0.0)",0,0,0,0,0,0,False,0,0,0,0,0,0,0,0,"(0.0, 6.0, 844.1)","(0.2, 0.0, 0.0, 1.0)"
0,889001.4,0,0,0,0,0,0,0,0,0,"(0.0, 0.0)","(0.0, 0.0)","(0.0, 0.0)","(0.0, 0.0, 0.0)","(0.0, 0.0, 0.0)","(0.0, 0.0, 0.0)","(0.0, 0.0, 0.0)","(0.0, 0.0, 0.0)","(0.0, 0.0, 0.0)",0,0,0,0,0,0,False,0,0,0,0,0,0,0,0,"(0.0, 6.0, 844.4)","(0.2, 0.0, 0.0, 1.0)"
0,889021.1,0,0,0,0,0,0,0,0,0,"(0.0, 0.0)","(0.0, 0.0)","(0.0, 0.0)","(0.0, 0.0, 0.0)","(0.0, 0.0, 0.0)","(0.0, 0.0, 0.0)","(0.0, 0.0, 0.0)","(0.0, 0.0, 0.0)","(0.0, 0.0, 0.0)",0,0,0,0,0,0,False,0,0,0,0,0,0,0,0,"(0.0, 6.0, 844.6)","(0.2, 0.0, 0.0, 1.0)"
0,889048.5,0,0,0,0,0,0,0,0,0,"(0.0, 0.0)","(0.0, 0.0)","(0.0, 0.0)","(0.0, 0.0, 0.0)","(0.0, 0.0, 0.0)","(0.0, 0.0, 0.0)","(0.0, 0.0, 0.0)","(0.0, 0.0, 0.0)","(0.0, 0.0, 0.0)",0,0,0,0,0,0,False,0,0,0,0,0,0,0,0,"(0.0, 6.0, 844.9)","(0.2, 0.0, 0.0, 1.0)"
0,889066.9,0,0,0,0,0,0,0,0,0,"(0.0, 0.0)","(0.0, 0.0)","(0.0, 0.0)","(0.0, 0.0, 0.0)","(0.0, 0.0, 0.0)","(0.0, 0.0, 0.0)","(0.0, 0.0, 0.0)","(0.0, 0.0, 0.0)","(0.0, 0.0, 0.0)",0,0,0,0,0,0,False,0,0,0,0,0,0,0,0,"(0.0, 6.0, 845.2)","(0.2, 0.0, 0.0, 1.0)"
0,889087.7,0,0,0,0,0,0,0,0,0,"(0.0, 0.0)","(0.0, 0.0)","(0.0, 0.0)","(0.0, 0.0, 0.0)","(0.0, 0.0, 0.0)","(0.0, 0.0, 0.0)","(0.0, 0.0, 0.0)","(0.0, 0.0, 0.0)","(0.0, 0.0, 0.0)",0,0,0,0,0,0,False,0,0,0,0,0,0,0,0,"(0.0, 6.0, 845.5)","(0.2, 0.0, 0.0, 1.0)"
0,889109.5,0,0,0,0,0,0,0,0,0,"(0.0, 0.0)","(0.0, 0.0)","(0.0, 0.0)","(0.0, 0.0, 0.0)","(0.0, 0.0, 0.0)","(0.0, 0.0, 0.0)","(0.0, 0.0, 0.0)","(0.0, 0.0, 0.0)","(0.0, 0.0, 0.0)",0,0,0,0,0,0,False,0,0,0,0,0,0,0,0,"(0.0, 6.0, 845.8)","(0.2, 0.0, 0.0, 1.0)"
0,889132.1,0,0,0,0,0,0,0,0,0,"(0.0, 0.0)","(0.0, 0.0)","(0.0, 0.0)","(0.0, 0.0, 0.0)","(0.0, 0.0, 0.0)","(0.0, 0.0, 0.0)","(0.0, 0.0, 0.0)","(0.0, 0.0, 0.0)","(0.0, 0.0, 0.0)",0,0,0,0,0,0,False,0,0,0,0,0,0,0,0,"(0.0, 6.0, 846.1)","(0.2, 0.0, 0.0, 1.0)"
0,889153.8,0,0,0,0,0,0,0,0,0,"(0.0, 0.0)","(0.0, 0.0)","(0.0, 0.0)","(0.0, 0.0, 0.0)","(0.0, 0.0, 0.0)","(0.0, 0.0, 0.0)","(0.0, 0.0, 0.0)","(0.0, 0.0, 0.0)","(0.0, 0.0, 0.0)",0,0,0,0,0,0,False,0,0,0,0,0,0,0,0,"(0.0, 6.0, 846.4)","(0.2, 0.0, 0.0, 1.0)"
0,889176.1,0,0,0,0,0,0,0,0,0,"(0.0, 0.0)","(0.0, 0.0)","(0.0, 0.0)","(0.0, 0.0, 0.0)","(0.0, 0.0, 0.0)","(0.0, 0.0, 0.0)","(0.0, 0.0, 0.0)","(0.0, 0.0, 0.0)","(0.0, 0.0, 0.0)",0,0,0,0,0,0,False,0,0,0,0,0,0,0,0,"(0.0, 6.0, 846.7)","(0.2, 0.0, 0.0, 1.0)"
0,889198.7,0,0,0,0,0,0,0,0,0,"(0.0, 0.0)","(0.0, 0.0)","(0.0, 0.0)","(0.0, 0.0, 0.0)","(0.0, 0.0, 0.0)","(0.0, 0.0, 0.0)","(0.0, 0.0, 0.0)","(0.0, 0.0, 0.0)","(0.0, 0.0, 0.0)",0,0,0,0,0,0,False,0,0,0,0,0,0,0,0,"(0.0, 6.0, 847.0)","(0.2, 0.0, 0.0, 1.0)"
0,889220.9,0,0,0,0,0,0,0,0,0,"(0.0, 0.0)","(0.0, 0.0)","(0.0, 0.0)","(0.0, 0.0, 0.0)","(0.0, 0.0, 0.0)","(0.0, 0.0, 0.0)","(0.0, 0.0, 0.0)","(0.0, 0.0, 0.0)","(0.0, 0.0, 0.0)",0,0,0,0,0,0,False,0,0,0,0,0,0,0,0,"(0.0, 6.0, 847.3)","(0.2, 0.0, 0.0, 1.0)"
0,889242.6,0,0,0,0,0,0,0,0,0,"(0.0, 0.0)","(0.0, 0.0)","(0.0, 0.0)","(0.0, 0.0, 0.0)","(0.0, 0.0, 0.0)","(0.0, 0.0, 0.0)","(0.0, 0.0, 0.0)","(0.0, 0.0, 0.0)","(0.0, 0.0, 0.0)",0,0,0,0,0,0,False,0,0,0,0,0,0,0,0,"(0.0, 6.0, 847.6)","(0.2, 0.0, 0.0, 1.0)"
0,889265.3,0,0,0,0,0,0,0,0,0,"(0.0, 0.0)","(0.0, 0.0)","(0.0, 0.0)","(0.0, 0.0, 0.0)","(0.0, 0.0, 0.0)","(0.0, 0.0, 0.0)","(0.0, 0.0, 0.0)","(0.0, 0.0, 0.0)","(0.0, 0.0, 0.0)",0,0,0,0,0,0,False,0,0,0,0,0,0,0,0,"(0.0, 6.0, 847.9)","(0.2, 0.0, 0.0, 1.0)"
0,889287.4,0,0,0,0,0,0,0,0,0,"(0.0, 0.0)","(0.0, 0.0)","(0.0, 0.0)","(0.0, 0.0, 0.0)","(0.0, 0.0, 0.0)","(0.0, 0.0, 0.0)","(0.0, 0.0, 0.0)","(0.0, 0.0, 0.0)","(0.0, 0.0, 0.0)",0,0,0,0,0,0,False,0,0,0,0,0,0,0,0,"(0.0, 6.0, 848.2)","(0.2, 0.0, 0.0, 1.0)"
0,889309.5,0,0,0,0,0,0,0,0,0,"(0.0, 0.0)","(0.0, 0.0)","(0.0, 0.0)","(0.0, 0.0, 0.0)","(0.0, 0.0, 0.0)","(0.0, 0.0, 0.0)","(0.0, 0.0, 0.0)","(0.0, 0.0, 0.0)","(0.0, 0.0, 0.0)",0,0,0,0,0,0,False,0,0,0,0,0,0,0,0,"(0.0, 6.0, 848.5)","(0.2, 0.0, 0.0, 1.0)"
0,889334.4,0,0,0,0,0,0,0,0,0,"(0.0, 0.0)","(0.0, 0.0)","(0.0, 0.0)","(0.0, 0.0, 0.0)","(0.0, 0.0, 0.0)","(0.0, 0.0, 0.0)","(0.0, 0.0, 0.0)","(0.0, 0.0, 0.0)","(0.0, 0.0, 0.0)",0,0,0,0,0,0,False,0,0,0,0,0,0,0,0,"(0.0, 6.0, 848.8)","(0.2, 0.0, 0.0, 1.0)"
0,889354.4,0,0,0,0,0,0,0,0,0,"(0.0, 0.0)","(0.0, 0.0)","(0.0, 0.0)","(0.0, 0.0, 0.0)","(0.0, 0.0, 0.0)","(0.0, 0.0, 0.0)","(0.0, 0.0, 0.0)","(0.0, 0.0, 0.0)","(0.0, 0.0, 0.0)",0,0,0,0,0,0,False,0,0,0,0,0,0,0,0,"(0.0, 6.0, 849.1)","(0.2, 0.0, 0.0, 1.0)"
0,889374.9,0,0,0,0,0,0,0,0,0,"(0.0, 0.0)","(0.0, 0.0)","(0.0, 0.0)","(0.0, 0.0, 0.0)","(0.0, 0.0, 0.0)","(0.0, 0.0, 0.0)","(0.0, 0.0, 0.0)","(0.0, 0.0, 0.0)","(0.0, 0.0, 0.0)",0,0,0,0,0,0,False,0,0,0,0,0,0,0,0,"(0.0, 6.0, 849.4)","(0.2, 0.0, 0.0, 1.0)"
0,889393,0,0,0,0,0,0,0,0,0,"(0.0, 0.0)","(0.0, 0.0)","(0.0, 0.0)","(0.0, 0.0, 0.0)","(0.0, 0.0, 0.0)","(0.0, 0.0, 0.0)","(0.0, 0.0, 0.0)","(0.0, 0.0, 0.0)","(0.0, 0.0, 0.0)",0,0,0,0,0,0,False,0,0,0,0,0,0,0,0,"(0.0, 6.0, 849.7)","(0.2, 0.0, 0.0, 1.0)"
0,889412,0,0,0,0,0,0,0,0,0,"(0.0, 0.0)","(0.0, 0.0)","(0.0, 0.0)","(0.0, 0.0, 0.0)","(0.0, 0.0, 0.0)","(0.0, 0.0, 0.0)","(0.0, 0.0, 0.0)","(0.0, 0.0, 0.0)","(0.0, 0.0, 0.0)",0,0,0,0,0,0,False,0,0,0,0,0,0,0,0,"(0.0, 6.0, 850.0)","(0.2, 0.0, 0.0, 1.0)"
0,889431.1,0,0,0,0,0,0,0,0,0,"(0.0, 0.0)","(0.0, 0.0)","(0.0, 0.0)","(0.0, 0.0, 0.0)","(0.0, 0.0, 0.0)","(0.0, 0.0, 0.0)","(0.0, 0.0, 0.0)","(0.0, 0.0, 0.0)","(0.0, 0.0, 0.0)",0,0,0,0,0,0,False,0,0,0,0,0,0,0,0,"(0.0, 6.0, 850.3)","(0.2, 0.0, 0.0, 1.0)"
0,889452.2,0,0,0,0,0,0,0,0,0,"(0.0, 0.0)","(0.0, 0.0)","(0.0, 0.0)","(0.0, 0.0, 0.0)","(0.0, 0.0, 0.0)","(0.0, 0.0, 0.0)","(0.0, 0.0, 0.0)","(0.0, 0.0, 0.0)","(0.0, 0.0, 0.0)",0,0,0,0,0,0,False,0,0,0,0,0,0,0,0,"(0.0, 6.0, 850.6)","(0.2, 0.0, 0.0, 1.0)"
0,889470.9,0,0,0,0,0,0,0,0,0,"(0.0, 0.0)","(0.0, 0.0)","(0.0, 0.0)","(0.0, 0.0, 0.0)","(0.0, 0.0, 0.0)","(0.0, 0.0, 0.0)","(0.0, 0.0, 0.0)","(0.0, 0.0, 0.0)","(0.0, 0.0, 0.0)",0,0,0,0,0,0,False,0,0,0,0,0,0,0,0,"(0.0, 6.0, 850.9)","(0.2, 0.0, 0.0, 1.0)"
0,889489.7,0,0,0,0,0,0,0,0,0,"(0.0, 0.0)","(0.0, 0.0)","(0.0, 0.0)","(0.0, 0.0, 0.0)","(0.0, 0.0, 0.0)","(0.0, 0.0, 0.0)","(0.0, 0.0, 0.0)","(0.0, 0.0, 0.0)","(0.0, 0.0, 0.0)",0,0,0,0,0,0,False,0,0,0,0,0,0,0,0,"(0.0, 6.0, 851.2)","(0.2, 0.0, 0.0, 1.0)"
0,889513.1,0,0,0,0,0,0,0,0,0,"(0.0, 0.0)","(0.0, 0.0)","(0.0, 0.0)","(0.0, 0.0, 0.0)","(0.0, 0.0, 0.0)","(0.0, 0.0, 0.0)","(0.0, 0.0, 0.0)","(0.0, 0.0, 0.0)","(0.0, 0.0, 0.0)",0,0,0,0,0,0,False,0,0,0,0,0,0,0,0,"(0.0, 6.0, 851.5)","(0.2, 0.0, 0.0, 1.0)"
0,889533.3,0,0,0,0,0,0,0,0,0,"(0.0, 0.0)","(0.0, 0.0)","(0.0, 0.0)","(0.0, 0.0, 0.0)","(0.0, 0.0, 0.0)","(0.0, 0.0, 0.0)","(0.0, 0.0, 0.0)","(0.0, 0.0, 0.0)","(0.0, 0.0, 0.0)",0,0,0,0,0,0,False,0,0,0,0,0,0,0,0,"(0.0, 6.0, 851.7)","(0.2, 0.0, 0.0, 1.0)"
0,889552.6,0,0,0,0,0,0,0,0,0,"(0.0, 0.0)","(0.0, 0.0)","(0.0, 0.0)","(0.0, 0.0, 0.0)","(0.0, 0.0, 0.0)","(0.0, 0.0, 0.0)","(0.0, 0.0, 0.0)","(0.0, 0.0, 0.0)","(0.0, 0.0, 0.0)",0,0,0,0,0,0,False,0,0,0,0,0,0,0,0,"(0.0, 6.0, 852.0)","(0.2, 0.0, 0.0, 1.0)"
0,889574.5,0,0,0,0,0,0,0,0,0,"(0.0, 0.0)","(0.0, 0.0)","(0.0, 0.0)","(0.0, 0.0, 0.0)","(0.0, 0.0, 0.0)","(0.0, 0.0, 0.0)","(0.0, 0.0, 0.0)","(0.0, 0.0, 0.0)","(0.0, 0.0, 0.0)",0,0,0,0,0,0,False,0,0,0,0,0,0,0,0,"(0.0, 6.0, 852.3)","(0.2, 0.0, 0.0, 1.0)"
0,889592.9,0,0,0,0,0,0,0,0,0,"(0.0, 0.0)","(0.0, 0.0)","(0.0, 0.0)","(0.0, 0.0, 0.0)","(0.0, 0.0, 0.0)","(0.0, 0.0, 0.0)","(0.0, 0.0, 0.0)","(0.0, 0.0, 0.0)","(0.0, 0.0, 0.0)",0,0,0,0,0,0,False,0,0,0,0,0,0,0,0,"(0.0, 6.0, 852.6)","(0.2, 0.0, 0.0, 1.0)"
0,889609.8,0,0,0,0,0,0,0,0,0,"(0.0, 0.0)","(0.0, 0.0)","(0.0, 0.0)","(0.0, 0.0, 0.0)","(0.0, 0.0, 0.0)","(0.0, 0.0, 0.0)","(0.0, 0.0, 0.0)","(0.0, 0.0, 0.0)","(0.0, 0.0, 0.0)",0,0,0,0,0,0,False,0,0,0,0,0,0,0,0,"(0.0, 6.0, 852.9)","(0.2, 0.0, 0.0, 1.0)"
0,889628.8,0,0,0,0,0,0,0,0,0,"(0.0, 0.0)","(0.0, 0.0)","(0.0, 0.0)","(0.0, 0.0, 0.0)","(0.0, 0.0, 0.0)","(0.0, 0.0, 0.0)","(0.0, 0.0, 0.0)","(0.0, 0.0, 0.0)","(0.0, 0.0, 0.0)",0,0,0,0,0,0,False,0,0,0,0,0,0,0,0,"(0.0, 6.0, 853.2)","(0.2, 0.0, 0.0, 1.0)"
0,889647.6,0,0,0,0,0,0,0,0,0,"(0.0, 0.0)","(0.0, 0.0)","(0.0, 0.0)","(0.0, 0.0, 0.0)","(0.0, 0.0, 0.0)","(0.0, 0.0, 0.0)","(0.0, 0.0, 0.0)","(0.0, 0.0, 0.0)","(0.0, 0.0, 0.0)",0,0,0,0,0,0,False,0,0,0,0,0,0,0,0,"(0.0, 6.0, 853.5)","(0.2, 0.0, 0.0, 1.0)"
0,889665.7,0,0,0,0,0,0,0,0,0,"(0.0, 0.0)","(0.0, 0.0)","(0.0, 0.0)","(0.0, 0.0, 0.0)","(0.0, 0.0, 0.0)","(0.0, 0.0, 0.0)","(0.0, 0.0, 0.0)","(0.0, 0.0, 0.0)","(0.0, 0.0, 0.0)",0,0,0,0,0,0,False,0,0,0,0,0,0,0,0,"(0.0, 6.0, 853.7)","(0.2, 0.0, 0.0, 1.0)"
0,889684.9,0,0,0,0,0,0,0,0,0,"(0.0, 0.0)","(0.0, 0.0)","(0.0, 0.0)","(0.0, 0.0, 0.0)","(0.0, 0.0, 0.0)","(0.0, 0.0, 0.0)","(0.0, 0.0, 0.0)","(0.0, 0.0, 0.0)","(0.0, 0.0, 0.0)",0,0,0,0,0,0,False,0,0,0,0,0,0,0,0,"(0.0, 6.0, 854.0)","(0.2, 0.0, 0.0, 1.0)"
0,889706.9,0,0,0,0,0,0,0,0,0,"(0.0, 0.0)","(0.0, 0.0)","(0.0, 0.0)","(0.0, 0.0, 0.0)","(0.0, 0.0, 0.0)","(0.0, 0.0, 0.0)","(0.0, 0.0, 0.0)","(0.0, 0.0, 0.0)","(0.0, 0.0, 0.0)",0,0,0,0,0,0,False,0,0,0,0,0,0,0,0,"(0.0, 6.0, 854.3)","(0.2, 0.0, 0.0, 1.0)"
0,889726,0,0,0,0,0,0,0,0,0,"(0.0, 0.0)","(0.0, 0.0)","(0.0, 0.0)","(0.0, 0.0, 0.0)","(0.0, 0.0, 0.0)","(0.0, 0.0, 0.0)","(0.0, 0.0, 0.0)","(0.0, 0.0, 0.0)","(0.0, 0.0, 0.0)",0,0,0,0,0,0,False,0,0,0,0,0,0,0,0,"(0.0, 6.0, 854.6)","(0.2, 0.0, 0.0, 1.0)"
0,889743.8,0,0,0,0,0,0,0,0,0,"(0.0, 0.0)","(0.0, 0.0)","(0.0, 0.0)","(0.0, 0.0, 0.0)","(0.0, 0.0, 0.0)","(0.0, 0.0, 0.0)","(0.0, 0.0, 0.0)","(0.0, 0.0, 0.0)","(0.0, 0.0, 0.0)",0,0,0,0,0,0,False,0,0,0,0,0,0,0,0,"(0.0, 6.0, 854.8)","(0.2, 0.0, 0.0, 1.0)"
0,889763.2,0,0,0,0,0,0,0,0,0,"(0.0, 0.0)","(0.0, 0.0)","(0.0, 0.0)","(0.0, 0.0, 0.0)","(0.0, 0.0, 0.0)","(0.0, 0.0, 0.0)","(0.0, 0.0, 0.0)","(0.0, 0.0, 0.0)","(0.0, 0.0, 0.0)",0,0,0,0,0,0,False,0,0,0,0,0,0,0,0,"(0.0, 6.0, 855.1)","(0.2, 0.0, 0.0, 1.0)"
0,889782.4,0,0,0,0,0,0,0,0,0,"(0.0, 0.0)","(0.0, 0.0)","(0.0, 0.0)","(0.0, 0.0, 0.0)","(0.0, 0.0, 0.0)","(0.0, 0.0, 0.0)","(0.0, 0.0, 0.0)","(0.0, 0.0, 0.0)","(0.0, 0.0, 0.0)",0,0,0,0,0,0,False,0,0,0,0,0,0,0,0,"(0.0, 6.0, 855.4)","(0.2, 0.0, 0.0, 1.0)"
0,889801.3,0,0,0,0,0,0,0,0,0,"(0.0, 0.0)","(0.0, 0.0)","(0.0, 0.0)","(0.0, 0.0, 0.0)","(0.0, 0.0, 0.0)","(0.0, 0.0, 0.0)","(0.0, 0.0, 0.0)","(0.0, 0.0, 0.0)","(0.0, 0.0, 0.0)",0,0,0,0,0,0,False,0,0,0,0,0,0,0,0,"(0.0, 6.0, 855.7)","(0.2, 0.0, 0.0, 1.0)"
0,889817.1,0,0,0,0,0,0,0,0,0,"(0.0, 0.0)","(0.0, 0.0)","(0.0, 0.0)","(0.0, 0.0, 0.0)","(0.0, 0.0, 0.0)","(0.0, 0.0, 0.0)","(0.0, 0.0, 0.0)","(0.0, 0.0, 0.0)","(0.0, 0.0, 0.0)",0,0,0,0,0,0,False,0,0,0,0,0,0,0,0,"(0.0, 6.0, 855.9)","(0.2, 0.0, 0.0, 1.0)"
0,889835.2,0,0,0,0,0,0,0,0,0,"(0.0, 0.0)","(0.0, 0.0)","(0.0, 0.0)","(0.0, 0.0, 0.0)","(0.0, 0.0, 0.0)","(0.0, 0.0, 0.0)","(0.0, 0.0, 0.0)","(0.0, 0.0, 0.0)","(0.0, 0.0, 0.0)",0,0,0,0,0,0,False,0,0,0,0,0,0,0,0,"(0.0, 6.0, 856.2)","(0.2, 0.0, 0.0, 1.0)"
0,889854.4,0,0,0,0,0,0,0,0,0,"(0.0, 0.0)","(0.0, 0.0)","(0.0, 0.0)","(0.0, 0.0, 0.0)","(0.0, 0.0, 0.0)","(0.0, 0.0, 0.0)","(0.0, 0.0, 0.0)","(0.0, 0.0, 0.0)","(0.0, 0.0, 0.0)",0,0,0,0,0,0,False,0,0,0,0,0,0,0,0,"(0.0, 6.0, 856.5)","(0.2, 0.0, 0.0, 1.0)"
0,889875.4,0,0,0,0,0,0,0,0,0,"(0.0, 0.0)","(0.0, 0.0)","(0.0, 0.0)","(0.0, 0.0, 0.0)","(0.0, 0.0, 0.0)","(0.0, 0.0, 0.0)","(0.0, 0.0, 0.0)","(0.0, 0.0, 0.0)","(0.0, 0.0, 0.0)",0,0,0,0,0,0,False,0,0,0,0,0,0,0,0,"(0.0, 6.0, 856.7)","(0.2, 0.0, 0.0, 1.0)"
0,889898.8,0,0,0,0,0,0,0,0,0,"(0.0, 0.0)","(0.0, 0.0)","(0.0, 0.0)","(0.0, 0.0, 0.0)","(0.0, 0.0, 0.0)","(0.0, 0.0, 0.0)","(0.0, 0.0, 0.0)","(0.0, 0.0, 0.0)","(0.0, 0.0, 0.0)",0,0,0,0,0,0,False,0,0,0,0,0,0,0,0,"(0.0, 6.0, 857.0)","(0.2, 0.0, 0.0, 1.0)"
0,889920.3,0,0,0,0,0,0,0,0,0,"(0.0, 0.0)","(0.0, 0.0)","(0.0, 0.0)","(0.0, 0.0, 0.0)","(0.0, 0.0, 0.0)","(0.0, 0.0, 0.0)","(0.0, 0.0, 0.0)","(0.0, 0.0, 0.0)","(0.0, 0.0, 0.0)",0,0,0,0,0,0,False,0,0,0,0,0,0,0,0,"(0.0, 6.0, 857.3)","(0.2, 0.0, 0.0, 1.0)"
0,889942.6,0,0,0,0,0,0,0,0,0,"(0.0, 0.0)","(0.0, 0.0)","(0.0, 0.0)","(0.0, 0.0, 0.0)","(0.0, 0.0, 0.0)","(0.0, 0.0, 0.0)","(0.0, 0.0, 0.0)","(0.0, 0.0, 0.0)","(0.0, 0.0, 0.0)",0,0,0,0,0,0,False,0,0,0,0,0,0,0,0,"(0.0, 6.0, 857.6)","(0.2, 0.0, 0.0, 1.0)"
0,889965.6,0,0,0,0,0,0,0,0,0,"(0.0, 0.0)","(0.0, 0.0)","(0.0, 0.0)","(0.0, 0.0, 0.0)","(0.0, 0.0, 0.0)","(0.0, 0.0, 0.0)","(0.0, 0.0, 0.0)","(0.0, 0.0, 0.0)","(0.0, 0.0, 0.0)",0,0,0,0,0,0,False,0,0,0,0,0,0,0,0,"(0.0, 6.0, 857.8)","(0.2, 0.0, 0.0, 1.0)"
0,889986.8,0,0,0,0,0,0,0,0,0,"(0.0, 0.0)","(0.0, 0.0)","(0.0, 0.0)","(0.0, 0.0, 0.0)","(0.0, 0.0, 0.0)","(0.0, 0.0, 0.0)","(0.0, 0.0, 0.0)","(0.0, 0.0, 0.0)","(0.0, 0.0, 0.0)",0,0,0,0,0,0,False,0,0,0,0,0,0,0,0,"(0.0, 6.0, 858.1)","(0.2, 0.0, 0.0, 1.0)"
0,890008.9,0,0,0,0,0,0,0,0,0,"(0.0, 0.0)","(0.0, 0.0)","(0.0, 0.0)","(0.0, 0.0, 0.0)","(0.0, 0.0, 0.0)","(0.0, 0.0, 0.0)","(0.0, 0.0, 0.0)","(0.0, 0.0, 0.0)","(0.0, 0.0, 0.0)",0,0,0,0,0,0,False,0,0,0,0,0,0,0,0,"(0.0, 6.0, 858.4)","(0.2, 0.0, 0.0, 1.0)"
0,890031.9,0,0,0,0,0,0,0,0,0,"(0.0, 0.0)","(0.0, 0.0)","(0.0, 0.0)","(0.0, 0.0, 0.0)","(0.0, 0.0, 0.0)","(0.0, 0.0, 0.0)","(0.0, 0.0, 0.0)","(0.0, 0.0, 0.0)","(0.0, 0.0, 0.0)",0,0,0,0,0,0,False,0,0,0,0,0,0,0,0,"(0.0, 6.0, 858.7)","(0.2, 0.0, 0.0, 1.0)"
0,890053.2,0,0,0,0,0,0,0,0,0,"(0.0, 0.0)","(0.0, 0.0)","(0.0, 0.0)","(0.0, 0.0, 0.0)","(0.0, 0.0, 0.0)","(0.0, 0.0, 0.0)","(0.0, 0.0, 0.0)","(0.0, 0.0, 0.0)","(0.0, 0.0, 0.0)",0,0,0,0,0,0,False,0,0,0,0,0,0,0,0,"(0.0, 6.0, 859.0)","(0.2, 0.0, 0.0, 1.0)"
0,890075.6,0,0,0,0,0,0,0,0,0,"(0.0, 0.0)","(0.0, 0.0)","(0.0, 0.0)","(0.0, 0.0, 0.0)","(0.0, 0.0, 0.0)","(0.0, 0.0, 0.0)","(0.0, 0.0, 0.0)","(0.0, 0.0, 0.0)","(0.0, 0.0, 0.0)",0,0,0,0,0,0,False,0,0,0,0,0,0,0,0,"(0.0, 6.0, 859.3)","(0.2, 0.0, 0.0, 1.0)"
0,890101.4,0,0,0,0,0,0,0,0,0,"(0.0, 0.0)","(0.0, 0.0)","(0.0, 0.0)","(0.0, 0.0, 0.0)","(0.0, 0.0, 0.0)","(0.0, 0.0, 0.0)","(0.0, 0.0, 0.0)","(0.0, 0.0, 0.0)","(0.0, 0.0, 0.0)",0,0,0,0,0,0,False,0,0,0,0,0,0,0,0,"(0.0, 6.0, 859.6)","(0.2, 0.0, 0.0, 1.0)"
0,890122.8,0,0,0,0,0,0,0,0,0,"(0.0, 0.0)","(0.0, 0.0)","(0.0, 0.0)","(0.0, 0.0, 0.0)","(0.0, 0.0, 0.0)","(0.0, 0.0, 0.0)","(0.0, 0.0, 0.0)","(0.0, 0.0, 0.0)","(0.0, 0.0, 0.0)",0,0,0,0,0,0,False,0,0,0,0,0,0,0,0,"(0.0, 6.0, 859.9)","(0.2, 0.0, 0.0, 1.0)"
0,890142.3,0,0,0,0,0,0,0,0,0,"(0.0, 0.0)","(0.0, 0.0)","(0.0, 0.0)","(0.0, 0.0, 0.0)","(0.0, 0.0, 0.0)","(0.0, 0.0, 0.0)","(0.0, 0.0, 0.0)","(0.0, 0.0, 0.0)","(0.0, 0.0, 0.0)",0,0,0,0,0,0,False,0,0,0,0,0,0,0,0,"(0.0, 6.0, 860.2)","(0.2, 0.0, 0.0, 1.0)"
0,890164.9,0,0,0,0,0,0,0,0,0,"(0.0, 0.0)","(0.0, 0.0)","(0.0, 0.0)","(0.0, 0.0, 0.0)","(0.0, 0.0, 0.0)","(0.0, 0.0, 0.0)","(0.0, 0.0, 0.0)","(0.0, 0.0, 0.0)","(0.0, 0.0, 0.0)",0,0,0,0,0,0,False,0,0,0,0,0,0,0,0,"(0.0, 6.0, 860.5)","(0.2, 0.0, 0.0, 1.0)"
0,890186.6,0,0,0,0,0,0,0,0,0,"(0.0, 0.0)","(0.0, 0.0)","(0.0, 0.0)","(0.0, 0.0, 0.0)","(0.0, 0.0, 0.0)","(0.0, 0.0, 0.0)","(0.0, 0.0, 0.0)","(0.0, 0.0, 0.0)","(0.0, 0.0, 0.0)",0,0,0,0,0,0,False,0,0,0,0,0,0,0,0,"(0.0, 6.0, 860.8)","(0.2, 0.0, 0.0, 1.0)"
0,890209.3,0,0,0,0,0,0,0,0,0,"(0.0, 0.0)","(0.0, 0.0)","(0.0, 0.0)","(0.0, 0.0, 0.0)","(0.0, 0.0, 0.0)","(0.0, 0.0, 0.0)","(0.0, 0.0, 0.0)","(0.0, 0.0, 0.0)","(0.0, 0.0, 0.0)",0,0,0,0,0,0,False,0,0,0,0,0,0,0,0,"(0.0, 6.0, 861.1)","(0.2, 0.0, 0.0, 1.0)"
0,890231.5,0,0,0,0,0,0,0,0,0,"(0.0, 0.0)","(0.0, 0.0)","(0.0, 0.0)","(0.0, 0.0, 0.0)","(0.0, 0.0, 0.0)","(0.0, 0.0, 0.0)","(0.0, 0.0, 0.0)","(0.0, 0.0, 0.0)","(0.0, 0.0, 0.0)",0,0,0,0,0,0,False,0,0,0,0,0,0,0,0,"(0.0, 6.0, 861.4)","(0.2, 0.0, 0.0, 1.0)"
0,890253.4,0,0,0,0,0,0,0,0,0,"(0.0, 0.0)","(0.0, 0.0)","(0.0, 0.0)","(0.0, 0.0, 0.0)","(0.0, 0.0, 0.0)","(0.0, 0.0, 0.0)","(0.0, 0.0, 0.0)","(0.0, 0.0, 0.0)","(0.0, 0.0, 0.0)",0,0,0,0,0,0,False,0,0,0,0,0,0,0,0,"(0.0, 6.0, 861.7)","(0.2, 0.0, 0.0, 1.0)"
0,890276.3,0,0,0,0,0,0,0,0,0,"(0.0, 0.0)","(0.0, 0.0)","(0.0, 0.0)","(0.0, 0.0, 0.0)","(0.0, 0.0, 0.0)","(0.0, 0.0, 0.0)","(0.0, 0.0, 0.0)","(0.0, 0.0, 0.0)","(0.0, 0.0, 0.0)",0,0,0,0,0,0,False,0,0,0,0,0,0,0,0,"(0.0, 6.0, 862.0)","(0.2, 0.0, 0.0, 1.0)"
0,890298.4,0,0,0,0,0,0,0,0,0,"(0.0, 0.0)","(0.0, 0.0)","(0.0, 0.0)","(0.0, 0.0, 0.0)","(0.0, 0.0, 0.0)","(0.0, 0.0, 0.0)","(0.0, 0.0, 0.0)","(0.0, 0.0, 0.0)","(0.0, 0.0, 0.0)",0,0,0,0,0,0,False,0,0,0,0,0,0,0,0,"(0.0, 6.0, 862.3)","(0.2, 0.0, 0.0, 1.0)"
0,890318,0,0,0,0,0,0,0,0,0,"(0.0, 0.0)","(0.0, 0.0)","(0.0, 0.0)","(0.0, 0.0, 0.0)","(0.0, 0.0, 0.0)","(0.0, 0.0, 0.0)","(0.0, 0.0, 0.0)","(0.0, 0.0, 0.0)","(0.0, 0.0, 0.0)",0,0,0,0,0,0,False,0,0,0,0,0,0,0,0,"(0.0, 6.0, 862.6)","(0.2, 0.0, 0.0, 1.0)"
0,890337.4,0,0,0,0,0,0,0,0,0,"(0.0, 0.0)","(0.0, 0.0)","(0.0, 0.0)","(0.0, 0.0, 0.0)","(0.0, 0.0, 0.0)","(0.0, 0.0, 0.0)","(0.0, 0.0, 0.0)","(0.0, 0.0, 0.0)","(0.0, 0.0, 0.0)",0,0,0,0,0,0,False,0,0,0,0,0,0,0,0,"(0.0, 6.0, 862.9)","(0.2, 0.0, 0.0, 1.0)"
0,890357.4,0,0,0,0,0,0,0,0,0,"(0.0, 0.0)","(0.0, 0.0)","(0.0, 0.0)","(0.0, 0.0, 0.0)","(0.0, 0.0, 0.0)","(0.0, 0.0, 0.0)","(0.0, 0.0, 0.0)","(0.0, 0.0, 0.0)","(0.0, 0.0, 0.0)",0,0,0,0,0,0,False,0,0,0,0,0,0,0,0,"(0.0, 6.0, 863.2)","(0.2, 0.0, 0.0, 1.0)"
0,890375.4,0,0,0,0,0,0,0,0,0,"(0.0, 0.0)","(0.0, 0.0)","(0.0, 0.0)","(0.0, 0.0, 0.0)","(0.0, 0.0, 0.0)","(0.0, 0.0, 0.0)","(0.0, 0.0, 0.0)","(0.0, 0.0, 0.0)","(0.0, 0.0, 0.0)",0,0,0,0,0,0,False,0,0,0,0,0,0,0,0,"(0.0, 6.0, 863.5)","(0.2, 0.0, 0.0, 1.0)"
0,890393.3,0,0,0,0,0,0,0,0,0,"(0.0, 0.0)","(0.0, 0.0)","(0.0, 0.0)","(0.0, 0.0, 0.0)","(0.0, 0.0, 0.0)","(0.0, 0.0, 0.0)","(0.0, 0.0, 0.0)","(0.0, 0.0, 0.0)","(0.0, 0.0, 0.0)",0,0,0,0,0,0,False,0,0,0,0,0,0,0,0,"(0.0, 6.0, 863.8)","(0.2, 0.0, 0.0, 1.0)"
0,890412.6,0,0,0,0,0,0,0,0,0,"(0.0, 0.0)","(0.0, 0.0)","(0.0, 0.0)","(0.0, 0.0, 0.0)","(0.0, 0.0, 0.0)","(0.0, 0.0, 0.0)","(0.0, 0.0, 0.0)","(0.0, 0.0, 0.0)","(0.0, 0.0, 0.0)",0,0,0,0,0,0,False,0,0,0,0,0,0,0,0,"(0.0, 6.0, 864.1)","(0.2, 0.0, 0.0, 1.0)"
0,890436.4,0,0,0,0,0,0,0,0,0,"(0.0, 0.0)","(0.0, 0.0)","(0.0, 0.0)","(0.0, 0.0, 0.0)","(0.0, 0.0, 0.0)","(0.0, 0.0, 0.0)","(0.0, 0.0, 0.0)","(0.0, 0.0, 0.0)","(0.0, 0.0, 0.0)",0,0,0,0,0,0,False,0,0,0,0,0,0,0,0,"(0.0, 6.0, 864.4)","(0.2, 0.0, 0.0, 1.0)"
0,890455.3,0,0,0,0,0,0,0,0,0,"(0.0, 0.0)","(0.0, 0.0)","(0.0, 0.0)","(0.0, 0.0, 0.0)","(0.0, 0.0, 0.0)","(0.0, 0.0, 0.0)","(0.0, 0.0, 0.0)","(0.0, 0.0, 0.0)","(0.0, 0.0, 0.0)",0,0,0,0,0,0,False,0,0,0,0,0,0,0,0,"(0.0, 6.0, 864.7)","(0.2, 0.0, 0.0, 1.0)"
0,890472.5,0,0,0,0,0,0,0,0,0,"(0.0, 0.0)","(0.0, 0.0)","(0.0, 0.0)","(0.0, 0.0, 0.0)","(0.0, 0.0, 0.0)","(0.0, 0.0, 0.0)","(0.0, 0.0, 0.0)","(0.0, 0.0, 0.0)","(0.0, 0.0, 0.0)",0,0,0,0,0,0,False,0,0,0,0,0,0,0,0,"(0.0, 6.0, 864.9)","(0.2, 0.0, 0.0, 1.0)"
0,890489.6,0,0,0,0,0,0,0,0,0,"(0.0, 0.0)","(0.0, 0.0)","(0.0, 0.0)","(0.0, 0.0, 0.0)","(0.0, 0.0, 0.0)","(0.0, 0.0, 0.0)","(0.0, 0.0, 0.0)","(0.0, 0.0, 0.0)","(0.0, 0.0, 0.0)",0,0,0,0,0,0,False,0,0,0,0,0,0,0,0,"(0.0, 6.0, 865.2)","(0.2, 0.0, 0.0, 1.0)"
0,890506.9,0,0,0,0,0,0,0,0,0,"(0.0, 0.0)","(0.0, 0.0)","(0.0, 0.0)","(0.0, 0.0, 0.0)","(0.0, 0.0, 0.0)","(0.0, 0.0, 0.0)","(0.0, 0.0, 0.0)","(0.0, 0.0, 0.0)","(0.0, 0.0, 0.0)",0,0,0,0,0,0,False,0,0,0,0,0,0,0,0,"(0.0, 6.0, 865.5)","(0.2, 0.0, 0.0, 1.0)"
0,890525.1,0,0,0,0,0,0,0,0,0,"(0.0, 0.0)","(0.0, 0.0)","(0.0, 0.0)","(0.0, 0.0, 0.0)","(0.0, 0.0, 0.0)","(0.0, 0.0, 0.0)","(0.0, 0.0, 0.0)","(0.0, 0.0, 0.0)","(0.0, 0.0, 0.0)",0,0,0,0,0,0,False,0,0,0,0,0,0,0,0,"(0.0, 6.0, 865.8)","(0.2, 0.0, 0.0, 1.0)"
0,890542.6,0,0,0,0,0,0,0,0,0,"(0.0, 0.0)","(0.0, 0.0)","(0.0, 0.0)","(0.0, 0.0, 0.0)","(0.0, 0.0, 0.0)","(0.0, 0.0, 0.0)","(0.0, 0.0, 0.0)","(0.0, 0.0, 0.0)","(0.0, 0.0, 0.0)",0,0,0,0,0,0,False,0,0,0,0,0,0,0,0,"(0.0, 6.0, 866.0)","(0.2, 0.0, 0.0, 1.0)"
0,890559.6,0,0,0,0,0,0,0,0,0,"(0.0, 0.0)","(0.0, 0.0)","(0.0, 0.0)","(0.0, 0.0, 0.0)","(0.0, 0.0, 0.0)","(0.0, 0.0, 0.0)","(0.0, 0.0, 0.0)","(0.0, 0.0, 0.0)","(0.0, 0.0, 0.0)",0,0,0,0,0,0,False,0,0,0,0,0,0,0,0,"(0.0, 6.0, 866.3)","(0.2, 0.0, 0.0, 1.0)"
0,890578.1,0,0,0,0,0,0,0,0,0,"(0.0, 0.0)","(0.0, 0.0)","(0.0, 0.0)","(0.0, 0.0, 0.0)","(0.0, 0.0, 0.0)","(0.0, 0.0, 0.0)","(0.0, 0.0, 0.0)","(0.0, 0.0, 0.0)","(0.0, 0.0, 0.0)",0,0,0,0,0,0,False,0,0,0,0,0,0,0,0,"(0.0, 6.0, 866.6)","(0.2, 0.0, 0.0, 1.0)"
0,890595.7,0,0,0,0,0,0,0,0,0,"(0.0, 0.0)","(0.0, 0.0)","(0.0, 0.0)","(0.0, 0.0, 0.0)","(0.0, 0.0, 0.0)","(0.0, 0.0, 0.0)","(0.0, 0.0, 0.0)","(0.0, 0.0, 0.0)","(0.0, 0.0, 0.0)",0,0,0,0,0,0,False,0,0,0,0,0,0,0,0,"(0.0, 6.0, 866.8)","(0.2, 0.0, 0.0, 1.0)"
0,890614.2,0,0,0,0,0,0,0,0,0,"(0.0, 0.0)","(0.0, 0.0)","(0.0, 0.0)","(0.0, 0.0, 0.0)","(0.0, 0.0, 0.0)","(0.0, 0.0, 0.0)","(0.0, 0.0, 0.0)","(0.0, 0.0, 0.0)","(0.0, 0.0, 0.0)",0,0,0,0,0,0,False,0,0,0,0,0,0,0,0,"(0.0, 6.0, 867.1)","(0.2, 0.0, 0.0, 1.0)"
0,890639.1,0,0,0,0,0,0,0,0,0,"(0.0, 0.0)","(0.0, 0.0)","(0.0, 0.0)","(0.0, 0.0, 0.0)","(0.0, 0.0, 0.0)","(0.0, 0.0, 0.0)","(0.0, 0.0, 0.0)","(0.0, 0.0, 0.0)","(0.0, 0.0, 0.0)",0,0,0,0,0,0,False,0,0,0,0,0,0,0,0,"(0.0, 6.0, 867.4)","(0.2, 0.0, 0.0, 1.0)"
0,890671.7,0,0,0,0,0,0,0,0,0,"(0.0, 0.0)","(0.0, 0.0)","(0.0, 0.0)","(0.0, 0.0, 0.0)","(0.0, 0.0, 0.0)","(0.0, 0.0, 0.0)","(0.0, 0.0, 0.0)","(0.0, 0.0, 0.0)","(0.0, 0.0, 0.0)",0,0,0,0,0,0,False,0,0,0,0,0,0,0,0,"(0.0, 6.0, 867.7)","(0.2, 0.0, 0.0, 1.0)"
0,890691.1,0,0,0,0,0,0,0,0,0,"(0.0, 0.0)","(0.0, 0.0)","(0.0, 0.0)","(0.0, 0.0, 0.0)","(0.0, 0.0, 0.0)","(0.0, 0.0, 0.0)","(0.0, 0.0, 0.0)","(0.0, 0.0, 0.0)","(0.0, 0.0, 0.0)",0,0,0,0,0,0,False,0,0,0,0,0,0,0,0,"(0.0, 6.0, 868.0)","(0.2, 0.0, 0.0, 1.0)"
0,890707.6,0,0,0,0,0,0,0,0,0,"(0.0, 0.0)","(0.0, 0.0)","(0.0, 0.0)","(0.0, 0.0, 0.0)","(0.0, 0.0, 0.0)","(0.0, 0.0, 0.0)","(0.0, 0.0, 0.0)","(0.0, 0.0, 0.0)","(0.0, 0.0, 0.0)",0,0,0,0,0,0,False,0,0,0,0,0,0,0,0,"(0.0, 6.0, 868.2)","(0.2, 0.0, 0.0, 1.0)"
0,890729.7,0,0,0,0,0,0,0,0,0,"(0.0, 0.0)","(0.0, 0.0)","(0.0, 0.0)","(0.0, 0.0, 0.0)","(0.0, 0.0, 0.0)","(0.0, 0.0, 0.0)","(0.0, 0.0, 0.0)","(0.0, 0.0, 0.0)","(0.0, 0.0, 0.0)",0,0,0,0,0,0,False,0,0,0,0,0,0,0,0,"(0.0, 6.0, 868.5)","(0.2, 0.0, 0.0, 1.0)"
0,890753.4,0,0,0,0,0,0,0,0,0,"(0.0, 0.0)","(0.0, 0.0)","(0.0, 0.0)","(0.0, 0.0, 0.0)","(0.0, 0.0, 0.0)","(0.0, 0.0, 0.0)","(0.0, 0.0, 0.0)","(0.0, 0.0, 0.0)","(0.0, 0.0, 0.0)",0,0,0,0,0,0,False,0,0,0,0,0,0,0,0,"(0.0, 6.0, 868.8)","(0.2, 0.0, 0.0, 1.0)"
0,890775.1,0,0,0,0,0,0,0,0,0,"(0.0, 0.0)","(0.0, 0.0)","(0.0, 0.0)","(0.0, 0.0, 0.0)","(0.0, 0.0, 0.0)","(0.0, 0.0, 0.0)","(0.0, 0.0, 0.0)","(0.0, 0.0, 0.0)","(0.0, 0.0, 0.0)",0,0,0,0,0,0,False,0,0,0,0,0,0,0,0,"(0.0, 6.0, 869.1)","(0.2, 0.0, 0.0, 1.0)"
0,890798,0,0,0,0,0,0,0,0,0,"(0.0, 0.0)","(0.0, 0.0)","(0.0, 0.0)","(0.0, 0.0, 0.0)","(0.0, 0.0, 0.0)","(0.0, 0.0, 0.0)","(0.0, 0.0, 0.0)","(0.0, 0.0, 0.0)","(0.0, 0.0, 0.0)",0,0,0,0,0,0,False,0,0,0,0,0,0,0,0,"(0.0, 6.0, 869.4)","(0.2, 0.0, 0.0, 1.0)"
0,890819.6,0,0,0,0,0,0,0,0,0,"(0.0, 0.0)","(0.0, 0.0)","(0.0, 0.0)","(0.0, 0.0, 0.0)","(0.0, 0.0, 0.0)","(0.0, 0.0, 0.0)","(0.0, 0.0, 0.0)","(0.0, 0.0, 0.0)","(0.0, 0.0, 0.0)",0,0,0,0,0,0,False,0,0,0,0,0,0,0,0,"(0.0, 6.0, 869.7)","(0.2, 0.0, 0.0, 1.0)"
0,890841.6,0,0,0,0,0,0,0,0,0,"(0.0, 0.0)","(0.0, 0.0)","(0.0, 0.0)","(0.0, 0.0, 0.0)","(0.0, 0.0, 0.0)","(0.0, 0.0, 0.0)","(0.0, 0.0, 0.0)","(0.0, 0.0, 0.0)","(0.0, 0.0, 0.0)",0,0,0,0,0,0,False,0,0,0,0,0,0,0,0,"(0.0, 6.0, 870.0)","(0.2, 0.0, 0.0, 1.0)"
0,890864.7,0,0,0,0,0,0,0,0,0,"(0.0, 0.0)","(0.0, 0.0)","(0.0, 0.0)","(0.0, 0.0, 0.0)","(0.0, 0.0, 0.0)","(0.0, 0.0, 0.0)","(0.0, 0.0, 0.0)","(0.0, 0.0, 0.0)","(0.0, 0.0, 0.0)",0,0,0,0,0,0,False,0,0,0,0,0,0,0,0,"(0.0, 6.0, 870.3)","(0.2, 0.0, 0.0, 1.0)"
0,890886.2,0,0,0,0,0,0,0,0,0,"(0.0, 0.0)","(0.0, 0.0)","(0.0, 0.0)","(0.0, 0.0, 0.0)","(0.0, 0.0, 0.0)","(0.0, 0.0, 0.0)","(0.0, 0.0, 0.0)","(0.0, 0.0, 0.0)","(0.0, 0.0, 0.0)",0,0,0,0,0,0,False,0,0,0,0,0,0,0,0,"(0.0, 6.0, 870.6)","(0.2, 0.0, 0.0, 1.0)"
0,890908.6,0,0,0,0,0,0,0,0,0,"(0.0, 0.0)","(0.0, 0.0)","(0.0, 0.0)","(0.0, 0.0, 0.0)","(0.0, 0.0, 0.0)","(0.0, 0.0, 0.0)","(0.0, 0.0, 0.0)","(0.0, 0.0, 0.0)","(0.0, 0.0, 0.0)",0,0,0,0,0,0,False,0,0,0,0,0,0,0,0,"(0.0, 6.0, 870.9)","(0.2, 0.0, 0.0, 1.0)"
0,890931.4,0,0,0,0,0,0,0,0,0,"(0.0, 0.0)","(0.0, 0.0)","(0.0, 0.0)","(0.0, 0.0, 0.0)","(0.0, 0.0, 0.0)","(0.0, 0.0, 0.0)","(0.0, 0.0, 0.0)","(0.0, 0.0, 0.0)","(0.0, 0.0, 0.0)",0,0,0,0,0,0,False,0,0,0,0,0,0,0,0,"(0.0, 6.0, 871.2)","(0.2, 0.0, 0.0, 1.0)"
0,890952.9,0,0,0,0,0,0,0,0,0,"(0.0, 0.0)","(0.0, 0.0)","(0.0, 0.0)","(0.0, 0.0, 0.0)","(0.0, 0.0, 0.0)","(0.0, 0.0, 0.0)","(0.0, 0.0, 0.0)","(0.0, 0.0, 0.0)","(0.0, 0.0, 0.0)",0,0,0,0,0,0,False,0,0,0,0,0,0,0,0,"(0.0, 6.0, 871.5)","(0.2, 0.0, 0.0, 1.0)"
0,890975.4,0,0,0,0,0,0,0,0,0,"(0.0, 0.0)","(0.0, 0.0)","(0.0, 0.0)","(0.0, 0.0, 0.0)","(0.0, 0.0, 0.0)","(0.0, 0.0, 0.0)","(0.0, 0.0, 0.0)","(0.0, 0.0, 0.0)","(0.0, 0.0, 0.0)",0,0,0,0,0,0,False,0,0,0,0,0,0,0,0,"(0.0, 6.0, 871.8)","(0.2, 0.0, 0.0, 1.0)"
0,890997.8,0,0,0,0,0,0,0,0,0,"(0.0, 0.0)","(0.0, 0.0)","(0.0, 0.0)","(0.0, 0.0, 0.0)","(0.0, 0.0, 0.0)","(0.0, 0.0, 0.0)","(0.0, 0.0, 0.0)","(0.0, 0.0, 0.0)","(0.0, 0.0, 0.0)",0,0,0,0,0,0,False,0,0,0,0,0,0,0,0,"(0.0, 6.0, 872.1)","(0.2, 0.0, 0.0, 1.0)"
0,891019.7,0,0,0,0,0,0,0,0,0,"(0.0, 0.0)","(0.0, 0.0)","(0.0, 0.0)","(0.0, 0.0, 0.0)","(0.0, 0.0, 0.0)","(0.0, 0.0, 0.0)","(0.0, 0.0, 0.0)","(0.0, 0.0, 0.0)","(0.0, 0.0, 0.0)",0,0,0,0,0,0,False,0,0,0,0,0,0,0,0,"(0.0, 6.0, 872.4)","(0.2, 0.0, 0.0, 1.0)"
0,891042.1,0,0,0,0,0,0,0,0,0,"(0.0, 0.0)","(0.0, 0.0)","(0.0, 0.0)","(0.0, 0.0, 0.0)","(0.0, 0.0, 0.0)","(0.0, 0.0, 0.0)","(0.0, 0.0, 0.0)","(0.0, 0.0, 0.0)","(0.0, 0.0, 0.0)",0,0,0,0,0,0,False,0,0,0,0,0,0,0,0,"(0.0, 6.0, 872.7)","(0.2, 0.0, 0.0, 1.0)"
0,891064.7,0,0,0,0,0,0,0,0,0,"(0.0, 0.0)","(0.0, 0.0)","(0.0, 0.0)","(0.0, 0.0, 0.0)","(0.0, 0.0, 0.0)","(0.0, 0.0, 0.0)","(0.0, 0.0, 0.0)","(0.0, 0.0, 0.0)","(0.0, 0.0, 0.0)",0,0,0,0,0,0,False,0,0,0,0,0,0,0,0,"(0.0, 6.0, 873.0)","(0.2, 0.0, 0.0, 1.0)"
0,891086.3,0,0,0,0,0,0,0,0,0,"(0.0, 0.0)","(0.0, 0.0)","(0.0, 0.0)","(0.0, 0.0, 0.0)","(0.0, 0.0, 0.0)","(0.0, 0.0, 0.0)","(0.0, 0.0, 0.0)","(0.0, 0.0, 0.0)","(0.0, 0.0, 0.0)",0,0,0,0,0,0,False,0,0,0,0,0,0,0,0,"(0.0, 6.0, 873.3)","(0.2, 0.0, 0.0, 1.0)"
0,891108.4,0,0,0,0,0,0,0,0,0,"(0.0, 0.0)","(0.0, 0.0)","(0.0, 0.0)","(0.0, 0.0, 0.0)","(0.0, 0.0, 0.0)","(0.0, 0.0, 0.0)","(0.0, 0.0, 0.0)","(0.0, 0.0, 0.0)","(0.0, 0.0, 0.0)",0,0,0,0,0,0,False,0,0,0,0,0,0,0,0,"(0.0, 6.0, 873.6)","(0.2, 0.0, 0.0, 1.0)"
0,891131.9,0,0,0,0,0,0,0,0,0,"(0.0, 0.0)","(0.0, 0.0)","(0.0, 0.0)","(0.0, 0.0, 0.0)","(0.0, 0.0, 0.0)","(0.0, 0.0, 0.0)","(0.0, 0.0, 0.0)","(0.0, 0.0, 0.0)","(0.0, 0.0, 0.0)",0,0,0,0,0,0,False,0,0,0,0,0,0,0,0,"(0.0, 6.0, 874.0)","(0.2, 0.0, 0.0, 1.0)"
0,891157.1,0,0,0,0,0,0,0,0,0,"(0.0, 0.0)","(0.0, 0.0)","(0.0, 0.0)","(0.0, 0.0, 0.0)","(0.0, 0.0, 0.0)","(0.0, 0.0, 0.0)","(0.0, 0.0, 0.0)","(0.0, 0.0, 0.0)","(0.0, 0.0, 0.0)",0,0,0,0,0,0,False,0,0,0,0,0,0,0,0,"(0.0, 6.0, 874.3)","(0.2, 0.0, 0.0, 1.0)"
0,891176.4,0,0,0,0,0,0,0,0,0,"(0.0, 0.0)","(0.0, 0.0)","(0.0, 0.0)","(0.0, 0.0, 0.0)","(0.0, 0.0, 0.0)","(0.0, 0.0, 0.0)","(0.0, 0.0, 0.0)","(0.0, 0.0, 0.0)","(0.0, 0.0, 0.0)",0,0,0,0,0,0,False,0,0,0,0,0,0,0,0,"(0.0, 6.0, 874.6)","(0.2, 0.0, 0.0, 1.0)"
0,891197.6,0,0,0,0,0,0,0,0,0,"(0.0, 0.0)","(0.0, 0.0)","(0.0, 0.0)","(0.0, 0.0, 0.0)","(0.0, 0.0, 0.0)","(0.0, 0.0, 0.0)","(0.0, 0.0, 0.0)","(0.0, 0.0, 0.0)","(0.0, 0.0, 0.0)",0,0,0,0,0,0,False,0,0,0,0,0,0,0,0,"(0.0, 6.0, 874.9)","(0.2, 0.0, 0.0, 1.0)"
0,891219.7,0,0,0,0,0,0,0,0,0,"(0.0, 0.0)","(0.0, 0.0)","(0.0, 0.0)","(0.0, 0.0, 0.0)","(0.0, 0.0, 0.0)","(0.0, 0.0, 0.0)","(0.0, 0.0, 0.0)","(0.0, 0.0, 0.0)","(0.0, 0.0, 0.0)",0,0,0,0,0,0,False,0,0,0,0,0,0,0,0,"(0.0, 6.0, 875.2)","(0.2, 0.0, 0.0, 1.0)"
0,891241.2,0,0,0,0,0,0,0,0,0,"(0.0, 0.0)","(0.0, 0.0)","(0.0, 0.0)","(0.0, 0.0, 0.0)","(0.0, 0.0, 0.0)","(0.0, 0.0, 0.0)","(0.0, 0.0, 0.0)","(0.0, 0.0, 0.0)","(0.0, 0.0, 0.0)",0,0,0,0,0,0,False,0,0,0,0,0,0,0,0,"(0.0, 6.0, 875.5)","(0.2, 0.0, 0.0, 1.0)"
0,891264.4,0,0,0,0,0,0,0,0,0,"(0.0, 0.0)","(0.0, 0.0)","(0.0, 0.0)","(0.0, 0.0, 0.0)","(0.0, 0.0, 0.0)","(0.0, 0.0, 0.0)","(0.0, 0.0, 0.0)","(0.0, 0.0, 0.0)","(0.0, 0.0, 0.0)",0,0,0,0,0,0,False,0,0,0,0,0,0,0,0,"(0.0, 6.0, 875.8)","(0.2, 0.0, 0.0, 1.0)"
0,891285.3,0,0,0,0,0,0,0,0,0,"(0.0, 0.0)","(0.0, 0.0)","(0.0, 0.0)","(0.0, 0.0, 0.0)","(0.0, 0.0, 0.0)","(0.0, 0.0, 0.0)","(0.0, 0.0, 0.0)","(0.0, 0.0, 0.0)","(0.0, 0.0, 0.0)",0,0,0,0,0,0,False,0,0,0,0,0,0,0,0,"(0.0, 6.0, 876.1)","(0.2, 0.0, 0.0, 1.0)"
0,891305.8,0,0,0,0,0,0,0,0,0,"(0.0, 0.0)","(0.0, 0.0)","(0.0, 0.0)","(0.0, 0.0, 0.0)","(0.0, 0.0, 0.0)","(0.0, 0.0, 0.0)","(0.0, 0.0, 0.0)","(0.0, 0.0, 0.0)","(0.0, 0.0, 0.0)",0,0,0,0,0,0,False,0,0,0,0,0,0,0,0,"(0.0, 6.0, 876.4)","(0.2, 0.0, 0.0, 1.0)"
0,891326.2,0,0,0,0,0,0,0,0,0,"(0.0, 0.0)","(0.0, 0.0)","(0.0, 0.0)","(0.0, 0.0, 0.0)","(0.0, 0.0, 0.0)","(0.0, 0.0, 0.0)","(0.0, 0.0, 0.0)","(0.0, 0.0, 0.0)","(0.0, 0.0, 0.0)",0,0,0,0,0,0,False,0,0,0,0,0,0,0,0,"(0.0, 6.0, 876.7)","(0.2, 0.0, 0.0, 1.0)"
0,891355.8,0,0,0,0,0,0,0,0,0,"(0.0, 0.0)","(0.0, 0.0)","(0.0, 0.0)","(0.0, 0.0, 0.0)","(0.0, 0.0, 0.0)","(0.0, 0.0, 0.0)","(0.0, 0.0, 0.0)","(0.0, 0.0, 0.0)","(0.0, 0.0, 0.0)",0,0,0,0,0,0,False,0,0,0,0,0,0,0,0,"(0.0, 6.0, 877.0)","(0.2, 0.0, 0.0, 1.0)"
0,891375.5,0,0,0,0,0,0,0,0,0,"(0.0, 0.0)","(0.0, 0.0)","(0.0, 0.0)","(0.0, 0.0, 0.0)","(0.0, 0.0, 0.0)","(0.0, 0.0, 0.0)","(0.0, 0.0, 0.0)","(0.0, 0.0, 0.0)","(0.0, 0.0, 0.0)",0,0,0,0,0,0,False,0,0,0,0,0,0,0,0,"(0.0, 6.0, 877.4)","(0.2, 0.0, 0.0, 1.0)"
0,891395.1,0,0,0,0,0,0,0,0,0,"(0.0, 0.0)","(0.0, 0.0)","(0.0, 0.0)","(0.0, 0.0, 0.0)","(0.0, 0.0, 0.0)","(0.0, 0.0, 0.0)","(0.0, 0.0, 0.0)","(0.0, 0.0, 0.0)","(0.0, 0.0, 0.0)",0,0,0,0,0,0,False,0,0,0,0,0,0,0,0,"(0.0, 6.0, 877.7)","(0.2, 0.0, 0.0, 1.0)"
0,891415.6,0,0,0,0,0,0,0,0,0,"(0.0, 0.0)","(0.0, 0.0)","(0.0, 0.0)","(0.0, 0.0, 0.0)","(0.0, 0.0, 0.0)","(0.0, 0.0, 0.0)","(0.0, 0.0, 0.0)","(0.0, 0.0, 0.0)","(0.0, 0.0, 0.0)",0,0,0,0,0,0,False,0,0,0,0,0,0,0,0,"(0.0, 6.0, 878.0)","(0.2, 0.0, 0.0, 1.0)"
0,891435.2,0,0,0,0,0,0,0,0,0,"(0.0, 0.0)","(0.0, 0.0)","(0.0, 0.0)","(0.0, 0.0, 0.0)","(0.0, 0.0, 0.0)","(0.0, 0.0, 0.0)","(0.0, 0.0, 0.0)","(0.0, 0.0, 0.0)","(0.0, 0.0, 0.0)",0,0,0,0,0,0,False,0,0,0,0,0,0,0,0,"(0.0, 6.0, 878.3)","(0.2, 0.0, 0.0, 1.0)"
0,891454.3,0,0,0,0,0,0,0,0,0,"(0.0, 0.0)","(0.0, 0.0)","(0.0, 0.0)","(0.0, 0.0, 0.0)","(0.0, 0.0, 0.0)","(0.0, 0.0, 0.0)","(0.0, 0.0, 0.0)","(0.0, 0.0, 0.0)","(0.0, 0.0, 0.0)",0,0,0,0,0,0,False,0,0,0,0,0,0,0,0,"(0.0, 6.0, 878.6)","(0.2, 0.0, 0.0, 1.0)"
0,891470.3,0,0,0,0,0,0,0,0,0,"(0.0, 0.0)","(0.0, 0.0)","(0.0, 0.0)","(0.0, 0.0, 0.0)","(0.0, 0.0, 0.0)","(0.0, 0.0, 0.0)","(0.0, 0.0, 0.0)","(0.0, 0.0, 0.0)","(0.0, 0.0, 0.0)",0,0,0,0,0,0,False,0,0,0,0,0,0,0,0,"(0.0, 6.0, 878.9)","(0.2, 0.0, 0.0, 1.0)"
0,891488.3,0,0,0,0,0,0,0,0,0,"(0.0, 0.0)","(0.0, 0.0)","(0.0, 0.0)","(0.0, 0.0, 0.0)","(0.0, 0.0, 0.0)","(0.0, 0.0, 0.0)","(0.0, 0.0, 0.0)","(0.0, 0.0, 0.0)","(0.0, 0.0, 0.0)",0,0,0,0,0,0,False,0,0,0,0,0,0,0,0,"(0.0, 6.0, 879.1)","(0.2, 0.0, 0.0, 1.0)"
0,891510.8,0,0,0,0,0,0,0,0,0,"(0.0, 0.0)","(0.0, 0.0)","(0.0, 0.0)","(0.0, 0.0, 0.0)","(0.0, 0.0, 0.0)","(0.0, 0.0, 0.0)","(0.0, 0.0, 0.0)","(0.0, 0.0, 0.0)","(0.0, 0.0, 0.0)",0,0,0,0,0,0,False,0,0,0,0,0,0,0,0,"(0.0, 6.0, 879.4)","(0.2, 0.0, 0.0, 1.0)"
0,891530.2,0,0,0,0,0,0,0,0,0,"(0.0, 0.0)","(0.0, 0.0)","(0.0, 0.0)","(0.0, 0.0, 0.0)","(0.0, 0.0, 0.0)","(0.0, 0.0, 0.0)","(0.0, 0.0, 0.0)","(0.0, 0.0, 0.0)","(0.0, 0.0, 0.0)",0,0,0,0,0,0,False,0,0,0,0,0,0,0,0,"(0.0, 6.0, 879.7)","(0.2, 0.0, 0.0, 1.0)"
0,891548,0,0,0,0,0,0,0,0,0,"(0.0, 0.0)","(0.0, 0.0)","(0.0, 0.0)","(0.0, 0.0, 0.0)","(0.0, 0.0, 0.0)","(0.0, 0.0, 0.0)","(0.0, 0.0, 0.0)","(0.0, 0.0, 0.0)","(0.0, 0.0, 0.0)",0,0,0,0,0,0,False,0,0,0,0,0,0,0,0,"(0.0, 6.0, 880.0)","(0.2, 0.0, 0.0, 1.0)"
0,891567.1,0,0,0,0,0,0,0,0,0,"(0.0, 0.0)","(0.0, 0.0)","(0.0, 0.0)","(0.0, 0.0, 0.0)","(0.0, 0.0, 0.0)","(0.0, 0.0, 0.0)","(0.0, 0.0, 0.0)","(0.0, 0.0, 0.0)","(0.0, 0.0, 0.0)",0,0,0,0,0,0,False,0,0,0,0,0,0,0,0,"(0.0, 6.0, 880.3)","(0.2, 0.0, 0.0, 1.0)"
0,891585.9,0,0,0,0,0,0,0,0,0,"(0.0, 0.0)","(0.0, 0.0)","(0.0, 0.0)","(0.0, 0.0, 0.0)","(0.0, 0.0, 0.0)","(0.0, 0.0, 0.0)","(0.0, 0.0, 0.0)","(0.0, 0.0, 0.0)","(0.0, 0.0, 0.0)",0,0,0,0,0,0,False,0,0,0,0,0,0,0,0,"(0.0, 6.0, 880.6)","(0.2, 0.0, 0.0, 1.0)"
0,891602.9,0,0,0,0,0,0,0,0,0,"(0.0, 0.0)","(0.0, 0.0)","(0.0, 0.0)","(0.0, 0.0, 0.0)","(0.0, 0.0, 0.0)","(0.0, 0.0, 0.0)","(0.0, 0.0, 0.0)","(0.0, 0.0, 0.0)","(0.0, 0.0, 0.0)",0,0,0,0,0,0,False,0,0,0,0,0,0,0,0,"(0.0, 6.0, 880.8)","(0.2, 0.0, 0.0, 1.0)"
0,891621.3,0,0,0,0,0,0,0,0,0,"(0.0, 0.0)","(0.0, 0.0)","(0.0, 0.0)","(0.0, 0.0, 0.0)","(0.0, 0.0, 0.0)","(0.0, 0.0, 0.0)","(0.0, 0.0, 0.0)","(0.0, 0.0, 0.0)","(0.0, 0.0, 0.0)",0,0,0,0,0,0,False,0,0,0,0,0,0,0,0,"(0.0, 6.0, 881.1)","(0.2, 0.0, 0.0, 1.0)"
0,891639.8,0,0,0,0,0,0,0,0,0,"(0.0, 0.0)","(0.0, 0.0)","(0.0, 0.0)","(0.0, 0.0, 0.0)","(0.0, 0.0, 0.0)","(0.0, 0.0, 0.0)","(0.0, 0.0, 0.0)","(0.0, 0.0, 0.0)","(0.0, 0.0, 0.0)",0,0,0,0,0,0,False,0,0,0,0,0,0,0,0,"(0.0, 6.0, 881.4)","(0.2, 0.0, 0.0, 1.0)"
0,891658.1,0,0,0,0,0,0,0,0,0,"(0.0, 0.0)","(0.0, 0.0)","(0.0, 0.0)","(0.0, 0.0, 0.0)","(0.0, 0.0, 0.0)","(0.0, 0.0, 0.0)","(0.0, 0.0, 0.0)","(0.0, 0.0, 0.0)","(0.0, 0.0, 0.0)",0,0,0,0,0,0,False,0,0,0,0,0,0,0,0,"(0.0, 6.0, 881.7)","(0.2, 0.0, 0.0, 1.0)"
0,891677.2,0,0,0,0,0,0,0,0,0,"(0.0, 0.0)","(0.0, 0.0)","(0.0, 0.0)","(0.0, 0.0, 0.0)","(0.0, 0.0, 0.0)","(0.0, 0.0, 0.0)","(0.0, 0.0, 0.0)","(0.0, 0.0, 0.0)","(0.0, 0.0, 0.0)",0,0,0,0,0,0,False,0,0,0,0,0,0,0,0,"(0.0, 6.0, 881.9)","(0.2, 0.0, 0.0, 1.0)"
0,891697.8,0,0,0,0,0,0,0,0,0,"(0.0, 0.0)","(0.0, 0.0)","(0.0, 0.0)","(0.0, 0.0, 0.0)","(0.0, 0.0, 0.0)","(0.0, 0.0, 0.0)","(0.0, 0.0, 0.0)","(0.0, 0.0, 0.0)","(0.0, 0.0, 0.0)",0,0,0,0,0,0,False,0,0,0,0,0,0,0,0,"(0.0, 6.0, 882.2)","(0.2, 0.0, 0.0, 1.0)"
0,891718.7,0,0,0,0,0,0,0,0,0,"(0.0, 0.0)","(0.0, 0.0)","(0.0, 0.0)","(0.0, 0.0, 0.0)","(0.0, 0.0, 0.0)","(0.0, 0.0, 0.0)","(0.0, 0.0, 0.0)","(0.0, 0.0, 0.0)","(0.0, 0.0, 0.0)",0,0,0,0,0,0,False,0,0,0,0,0,0,0,0,"(0.0, 6.0, 882.5)","(0.2, 0.0, 0.0, 1.0)"
0,891736.4,0,0,0,0,0,0,0,0,0,"(0.0, 0.0)","(0.0, 0.0)","(0.0, 0.0)","(0.0, 0.0, 0.0)","(0.0, 0.0, 0.0)","(0.0, 0.0, 0.0)","(0.0, 0.0, 0.0)","(0.0, 0.0, 0.0)","(0.0, 0.0, 0.0)",0,0,0,0,0,0,False,0,0,0,0,0,0,0,0,"(0.0, 6.0, 882.8)","(0.2, 0.0, 0.0, 1.0)"
0,891754.9,0,0,0,0,0,0,0,0,0,"(0.0, 0.0)","(0.0, 0.0)","(0.0, 0.0)","(0.0, 0.0, 0.0)","(0.0, 0.0, 0.0)","(0.0, 0.0, 0.0)","(0.0, 0.0, 0.0)","(0.0, 0.0, 0.0)","(0.0, 0.0, 0.0)",0,0,0,0,0,0,False,0,0,0,0,0,0,0,0,"(0.0, 6.0, 883.0)","(0.2, 0.0, 0.0, 1.0)"
0,891774.7,0,0,0,0,0,0,0,0,0,"(0.0, 0.0)","(0.0, 0.0)","(0.0, 0.0)","(0.0, 0.0, 0.0)","(0.0, 0.0, 0.0)","(0.0, 0.0, 0.0)","(0.0, 0.0, 0.0)","(0.0, 0.0, 0.0)","(0.0, 0.0, 0.0)",0,0,0,0,0,0,False,0,0,0,0,0,0,0,0,"(0.0, 6.0, 883.3)","(0.2, 0.0, 0.0, 1.0)"
0,891797.2,0,0,0,0,0,0,0,0,0,"(0.0, 0.0)","(0.0, 0.0)","(0.0, 0.0)","(0.0, 0.0, 0.0)","(0.0, 0.0, 0.0)","(0.0, 0.0, 0.0)","(0.0, 0.0, 0.0)","(0.0, 0.0, 0.0)","(0.0, 0.0, 0.0)",0,0,0,0,0,0,False,0,0,0,0,0,0,0,0,"(0.0, 6.0, 883.6)","(0.2, 0.0, 0.0, 1.0)"
0,891819.3,0,0,0,0,0,0,0,0,0,"(0.0, 0.0)","(0.0, 0.0)","(0.0, 0.0)","(0.0, 0.0, 0.0)","(0.0, 0.0, 0.0)","(0.0, 0.0, 0.0)","(0.0, 0.0, 0.0)","(0.0, 0.0, 0.0)","(0.0, 0.0, 0.0)",0,0,0,0,0,0,False,0,0,0,0,0,0,0,0,"(0.0, 6.0, 883.8)","(0.2, 0.0, 0.0, 1.0)"
0,891843,0,0,0,0,0,0,0,0,0,"(0.0, 0.0)","(0.0, 0.0)","(0.0, 0.0)","(0.0, 0.0, 0.0)","(0.0, 0.0, 0.0)","(0.0, 0.0, 0.0)","(0.0, 0.0, 0.0)","(0.0, 0.0, 0.0)","(0.0, 0.0, 0.0)",0,0,0,0,0,0,False,0,0,0,0,0,0,0,0,"(0.0, 6.0, 884.1)","(0.2, 0.0, 0.0, 1.0)"
0,891867.1,0,0,0,0,0,0,0,0,0,"(0.0, 0.0)","(0.0, 0.0)","(0.0, 0.0)","(0.0, 0.0, 0.0)","(0.0, 0.0, 0.0)","(0.0, 0.0, 0.0)","(0.0, 0.0, 0.0)","(0.0, 0.0, 0.0)","(0.0, 0.0, 0.0)",0,0,0,0,0,0,False,0,0,0,0,0,0,0,0,"(0.0, 6.0, 884.4)","(0.2, 0.0, 0.0, 1.0)"
0,891885.8,0,0,0,0,0,0,0,0,0,"(0.0, 0.0)","(0.0, 0.0)","(0.0, 0.0)","(0.0, 0.0, 0.0)","(0.0, 0.0, 0.0)","(0.0, 0.0, 0.0)","(0.0, 0.0, 0.0)","(0.0, 0.0, 0.0)","(0.0, 0.0, 0.0)",0,0,0,0,0,0,False,0,0,0,0,0,0,0,0,"(0.0, 6.0, 884.7)","(0.2, 0.0, 0.0, 1.0)"
0,891907.9,0,0,0,0,0,0,0,0,0,"(0.0, 0.0)","(0.0, 0.0)","(0.0, 0.0)","(0.0, 0.0, 0.0)","(0.0, 0.0, 0.0)","(0.0, 0.0, 0.0)","(0.0, 0.0, 0.0)","(0.0, 0.0, 0.0)","(0.0, 0.0, 0.0)",0,0,0,0,0,0,False,0,0,0,0,0,0,0,0,"(0.0, 6.0, 885.0)","(0.2, 0.0, 0.0, 1.0)"
0,891930.7,0,0,0,0,0,0,0,0,0,"(0.0, 0.0)","(0.0, 0.0)","(0.0, 0.0)","(0.0, 0.0, 0.0)","(0.0, 0.0, 0.0)","(0.0, 0.0, 0.0)","(0.0, 0.0, 0.0)","(0.0, 0.0, 0.0)","(0.0, 0.0, 0.0)",0,0,0,0,0,0,False,0,0,0,0,0,0,0,0,"(0.0, 6.0, 885.3)","(0.2, 0.0, 0.0, 1.0)"
0,891952.6,0,0,0,0,0,0,0,0,0,"(0.0, 0.0)","(0.0, 0.0)","(0.0, 0.0)","(0.0, 0.0, 0.0)","(0.0, 0.0, 0.0)","(0.0, 0.0, 0.0)","(0.0, 0.0, 0.0)","(0.0, 0.0, 0.0)","(0.0, 0.0, 0.0)",0,0,0,0,0,0,False,0,0,0,0,0,0,0,0,"(0.0, 6.0, 885.6)","(0.2, 0.0, 0.0, 1.0)"
0,891974.5,0,0,0,0,0,0,0,0,0,"(0.0, 0.0)","(0.0, 0.0)","(0.0, 0.0)","(0.0, 0.0, 0.0)","(0.0, 0.0, 0.0)","(0.0, 0.0, 0.0)","(0.0, 0.0, 0.0)","(0.0, 0.0, 0.0)","(0.0, 0.0, 0.0)",0,0,0,0,0,0,False,0,0,0,0,0,0,0,0,"(0.0, 6.0, 885.9)","(0.2, 0.0, 0.0, 1.0)"
0,891997.1,0,0,0,0,0,0,0,0,0,"(0.0, 0.0)","(0.0, 0.0)","(0.0, 0.0)","(0.0, 0.0, 0.0)","(0.0, 0.0, 0.0)","(0.0, 0.0, 0.0)","(0.0, 0.0, 0.0)","(0.0, 0.0, 0.0)","(0.0, 0.0, 0.0)",0,0,0,0,0,0,False,0,0,0,0,0,0,0,0,"(0.0, 6.0, 886.2)","(0.2, 0.0, 0.0, 1.0)"
0,892021.3,0,0,0,0,0,0,0,0,0,"(0.0, 0.0)","(0.0, 0.0)","(0.0, 0.0)","(0.0, 0.0, 0.0)","(0.0, 0.0, 0.0)","(0.0, 0.0, 0.0)","(0.0, 0.0, 0.0)","(0.0, 0.0, 0.0)","(0.0, 0.0, 0.0)",0,0,0,0,0,0,False,0,0,0,0,0,0,0,0,"(0.0, 6.0, 886.5)","(0.2, 0.0, 0.0, 1.0)"
0,892041.1,0,0,0,0,0,0,0,0,0,"(0.0, 0.0)","(0.0, 0.0)","(0.0, 0.0)","(0.0, 0.0, 0.0)","(0.0, 0.0, 0.0)","(0.0, 0.0, 0.0)","(0.0, 0.0, 0.0)","(0.0, 0.0, 0.0)","(0.0, 0.0, 0.0)",0,0,0,0,0,0,False,0,0,0,0,0,0,0,0,"(0.0, 6.0, 886.8)","(0.2, 0.0, 0.0, 1.0)"
0,892064.1,0,0,0,0,0,0,0,0,0,"(0.0, 0.0)","(0.0, 0.0)","(0.0, 0.0)","(0.0, 0.0, 0.0)","(0.0, 0.0, 0.0)","(0.0, 0.0, 0.0)","(0.0, 0.0, 0.0)","(0.0, 0.0, 0.0)","(0.0, 0.0, 0.0)",0,0,0,0,0,0,False,0,0,0,0,0,0,0,0,"(0.0, 6.0, 887.1)","(0.2, 0.0, 0.0, 1.0)"
0,892086.4,0,0,0,0,0,0,0,0,0,"(0.0, 0.0)","(0.0, 0.0)","(0.0, 0.0)","(0.0, 0.0, 0.0)","(0.0, 0.0, 0.0)","(0.0, 0.0, 0.0)","(0.0, 0.0, 0.0)","(0.0, 0.0, 0.0)","(0.0, 0.0, 0.0)",0,0,0,0,0,0,False,0,0,0,0,0,0,0,0,"(0.0, 6.0, 887.4)","(0.2, 0.0, 0.0, 1.0)"
0,892107.9,0,0,0,0,0,0,0,0,0,"(0.0, 0.0)","(0.0, 0.0)","(0.0, 0.0)","(0.0, 0.0, 0.0)","(0.0, 0.0, 0.0)","(0.0, 0.0, 0.0)","(0.0, 0.0, 0.0)","(0.0, 0.0, 0.0)","(0.0, 0.0, 0.0)",0,0,0,0,0,0,False,0,0,0,0,0,0,0,0,"(0.0, 6.0, 887.7)","(0.2, 0.0, 0.0, 1.0)"
0,892131.1,0,0,0,0,0,0,0,0,0,"(0.0, 0.0)","(0.0, 0.0)","(0.0, 0.0)","(0.0, 0.0, 0.0)","(0.0, 0.0, 0.0)","(0.0, 0.0, 0.0)","(0.0, 0.0, 0.0)","(0.0, 0.0, 0.0)","(0.0, 0.0, 0.0)",0,0,0,0,0,0,False,0,0,0,0,0,0,0,0,"(0.0, 6.0, 888.0)","(0.2, 0.0, 0.0, 1.0)"
0,892153,0,0,0,0,0,0,0,0,0,"(0.0, 0.0)","(0.0, 0.0)","(0.0, 0.0)","(0.0, 0.0, 0.0)","(0.0, 0.0, 0.0)","(0.0, 0.0, 0.0)","(0.0, 0.0, 0.0)","(0.0, 0.0, 0.0)","(0.0, 0.0, 0.0)",0,0,0,0,0,0,False,0,0,0,0,0,0,0,0,"(0.0, 6.0, 888.3)","(0.2, 0.0, 0.0, 1.0)"
0,892175.8,0,0,0,0,0,0,0,0,0,"(0.0, 0.0)","(0.0, 0.0)","(0.0, 0.0)","(0.0, 0.0, 0.0)","(0.0, 0.0, 0.0)","(0.0, 0.0, 0.0)","(0.0, 0.0, 0.0)","(0.0, 0.0, 0.0)","(0.0, 0.0, 0.0)",0,0,0,0,0,0,False,0,0,0,0,0,0,0,0,"(0.0, 6.0, 888.6)","(0.2, 0.0, 0.0, 1.0)"
0,892196.7,0,0,0,0,0,0,0,0,0,"(0.0, 0.0)","(0.0, 0.0)","(0.0, 0.0)","(0.0, 0.0, 0.0)","(0.0, 0.0, 0.0)","(0.0, 0.0, 0.0)","(0.0, 0.0, 0.0)","(0.0, 0.0, 0.0)","(0.0, 0.0, 0.0)",0,0,0,0,0,0,False,0,0,0,0,0,0,0,0,"(0.0, 6.0, 888.9)","(0.2, 0.0, 0.0, 1.0)"
0,892219.1,0,0,0,0,0,0,0,0,0,"(0.0, 0.0)","(0.0, 0.0)","(0.0, 0.0)","(0.0, 0.0, 0.0)","(0.0, 0.0, 0.0)","(0.0, 0.0, 0.0)","(0.0, 0.0, 0.0)","(0.0, 0.0, 0.0)","(0.0, 0.0, 0.0)",0,0,0,0,0,0,False,0,0,0,0,0,0,0,0,"(0.0, 6.0, 889.2)","(0.2, 0.0, 0.0, 1.0)"
0,892241.1,0,0,0,0,0,0,0,0,0,"(0.0, 0.0)","(0.0, 0.0)","(0.0, 0.0)","(0.0, 0.0, 0.0)","(0.0, 0.0, 0.0)","(0.0, 0.0, 0.0)","(0.0, 0.0, 0.0)","(0.0, 0.0, 0.0)","(0.0, 0.0, 0.0)",0,0,0,0,0,0,False,0,0,0,0,0,0,0,0,"(0.0, 6.0, 889.5)","(0.2, 0.0, 0.0, 1.0)"
0,892258.7,0,0,0,0,0,0,0,0,0,"(0.0, 0.0)","(0.0, 0.0)","(0.0, 0.0)","(0.0, 0.0, 0.0)","(0.0, 0.0, 0.0)","(0.0, 0.0, 0.0)","(0.0, 0.0, 0.0)","(0.0, 0.0, 0.0)","(0.0, 0.0, 0.0)",0,0,0,0,0,0,False,0,0,0,0,0,0,0,0,"(0.0, 6.0, 889.8)","(0.2, 0.0, 0.0, 1.0)"
0,892276.8,0,0,0,0,0,0,0,0,0,"(0.0, 0.0)","(0.0, 0.0)","(0.0, 0.0)","(0.0, 0.0, 0.0)","(0.0, 0.0, 0.0)","(0.0, 0.0, 0.0)","(0.0, 0.0, 0.0)","(0.0, 0.0, 0.0)","(0.0, 0.0, 0.0)",0,0,0,0,0,0,False,0,0,0,0,0,0,0,0,"(0.0, 6.0, 890.1)","(0.2, 0.0, 0.0, 1.0)"
0,892296.4,0,0,0,0,0,0,0,0,0,"(0.0, 0.0)","(0.0, 0.0)","(0.0, 0.0)","(0.0, 0.0, 0.0)","(0.0, 0.0, 0.0)","(0.0, 0.0, 0.0)","(0.0, 0.0, 0.0)","(0.0, 0.0, 0.0)","(0.0, 0.0, 0.0)",0,0,0,0,0,0,False,0,0,0,0,0,0,0,0,"(0.0, 6.0, 890.4)","(0.2, 0.0, 0.0, 1.0)"
0,892330.2,0,0,0,0,0,0,0,0,0,"(0.0, 0.0)","(0.0, 0.0)","(0.0, 0.0)","(0.0, 0.0, 0.0)","(0.0, 0.0, 0.0)","(0.0, 0.0, 0.0)","(0.0, 0.0, 0.0)","(0.0, 0.0, 0.0)","(0.0, 0.0, 0.0)",0,0,0,0,0,0,False,0,0,0,0,0,0,0,0,"(0.0, 6.0, 890.7)","(0.2, 0.0, 0.0, 1.0)"
0,892348.5,0,0,0,0,0,0,0,0,0,"(0.0, 0.0)","(0.0, 0.0)","(0.0, 0.0)","(0.0, 0.0, 0.0)","(0.0, 0.0, 0.0)","(0.0, 0.0, 0.0)","(0.0, 0.0, 0.0)","(0.0, 0.0, 0.0)","(0.0, 0.0, 0.0)",0,0,0,0,0,0,False,0,0,0,0,0,0,0,0,"(0.0, 6.0, 890.9)","(0.2, 0.0, 0.0, 1.0)"
0,892368.5,0,0,0,0,0,0,0,0,0,"(0.0, 0.0)","(0.0, 0.0)","(0.0, 0.0)","(0.0, 0.0, 0.0)","(0.0, 0.0, 0.0)","(0.0, 0.0, 0.0)","(0.0, 0.0, 0.0)","(0.0, 0.0, 0.0)","(0.0, 0.0, 0.0)",0,0,0,0,0,0,False,0,0,0,0,0,0,0,0,"(0.0, 6.0, 891.1)","(0.2, 0.0, 0.0, 1.0)"
0,892386.6,0,0,0,0,0,0,0,0,0,"(0.0, 0.0)","(0.0, 0.0)","(0.0, 0.0)","(0.0, 0.0, 0.0)","(0.0, 0.0, 0.0)","(0.0, 0.0, 0.0)","(0.0, 0.0, 0.0)","(0.0, 0.0, 0.0)","(0.0, 0.0, 0.0)",0,0,0,0,0,0,False,0,0,0,0,0,0,0,0,"(0.0, 6.0, 891.3)","(0.2, 0.0, 0.0, 1.0)"
0,892404.2,0,0,0,0,0,0,0,0,0,"(0.0, 0.0)","(0.0, 0.0)","(0.0, 0.0)","(0.0, 0.0, 0.0)","(0.0, 0.0, 0.0)","(0.0, 0.0, 0.0)","(0.0, 0.0, 0.0)","(0.0, 0.0, 0.0)","(0.0, 0.0, 0.0)",0,0,0,0,0,0,False,0,0,0,0,0,0,0,0,"(0.0, 6.0, 891.5)","(0.2, 0.0, 0.0, 1.0)"
0,892421.6,0,0,0,0,0,0,0,0,0,"(0.0, 0.0)","(0.0, 0.0)","(0.0, 0.0)","(0.0, 0.0, 0.0)","(0.0, 0.0, 0.0)","(0.0, 0.0, 0.0)","(0.0, 0.0, 0.0)","(0.0, 0.0, 0.0)","(0.0, 0.0, 0.0)",0,0,0,0,0,0,False,0,0,0,0,0,0,0,0,"(0.0, 6.0, 891.6)","(0.2, 0.0, 0.0, 1.0)"
0,892439.8,0,0,0,0,0,0,0,0,0,"(0.0, 0.0)","(0.0, 0.0)","(0.0, 0.0)","(0.0, 0.0, 0.0)","(0.0, 0.0, 0.0)","(0.0, 0.0, 0.0)","(0.0, 0.0, 0.0)","(0.0, 0.0, 0.0)","(0.0, 0.0, 0.0)",0,0,0,0,0,0,False,0,0,0,0,0,0,0,0,"(0.0, 6.0, 891.8)","(0.2, 0.0, 0.0, 1.0)"
0,892457.5,0,0,0,0,0,0,0,0,0,"(0.0, 0.0)","(0.0, 0.0)","(0.0, 0.0)","(0.0, 0.0, 0.0)","(0.0, 0.0, 0.0)","(0.0, 0.0, 0.0)","(0.0, 0.0, 0.0)","(0.0, 0.0, 0.0)","(0.0, 0.0, 0.0)",0,0,0,0,0,0,False,0,0,0,0,0,0,0,0,"(0.0, 6.0, 891.9)","(0.2, 0.0, 0.0, 1.0)"
0,892475.3,0,0,0,0,0,0,0,0,0,"(0.0, 0.0)","(0.0, 0.0)","(0.0, 0.0)","(0.0, 0.0, 0.0)","(0.0, 0.0, 0.0)","(0.0, 0.0, 0.0)","(0.0, 0.0, 0.0)","(0.0, 0.0, 0.0)","(0.0, 0.0, 0.0)",0,0,0,0,0,0,False,0,0,0,0,0,0,0,0,"(0.0, 6.0, 892.0)","(0.2, 0.0, 0.0, 1.0)"
0,892493.5,0,0,0,0,0,0,0,0,0,"(0.0, 0.0)","(0.0, 0.0)","(0.0, 0.0)","(0.0, 0.0, 0.0)","(0.0, 0.0, 0.0)","(0.0, 0.0, 0.0)","(0.0, 0.0, 0.0)","(0.0, 0.0, 0.0)","(0.0, 0.0, 0.0)",0,0,0,0,0,0,False,0,0,0,0,0,0,0,0,"(0.0, 6.0, 892.1)","(0.2, 0.0, 0.0, 1.0)"
0,892513.6,0,0,0,0,0,0,0,0,0,"(0.0, 0.0)","(0.0, 0.0)","(0.0, 0.0)","(0.0, 0.0, 0.0)","(0.0, 0.0, 0.0)","(0.0, 0.0, 0.0)","(0.0, 0.0, 0.0)","(0.0, 0.0, 0.0)","(0.0, 0.0, 0.0)",0,0,0,0,0,0,False,0,0,0,0,0,0,0,0,"(0.0, 6.0, 892.2)","(0.2, 0.0, 0.0, 1.0)"
0,892535.6,0,0,0,0,0,0,0,0,0,"(0.0, 0.0)","(0.0, 0.0)","(0.0, 0.0)","(0.0, 0.0, 0.0)","(0.0, 0.0, 0.0)","(0.0, 0.0, 0.0)","(0.0, 0.0, 0.0)","(0.0, 0.0, 0.0)","(0.0, 0.0, 0.0)",0,0,0,0,0,0,False,0,0,0,0,0,0,0,0,"(0.0, 6.0, 892.3)","(0.2, 0.0, 0.0, 1.0)"
0,892555.4,0,0,0,0,0,0,0,0,0,"(0.0, 0.0)","(0.0, 0.0)","(0.0, 0.0)","(0.0, 0.0, 0.0)","(0.0, 0.0, 0.0)","(0.0, 0.0, 0.0)","(0.0, 0.0, 0.0)","(0.0, 0.0, 0.0)","(0.0, 0.0, 0.0)",0,0,0,0,0,0,False,0,0,0,0,0,0,0,0,"(0.0, 6.0, 892.4)","(0.2, 0.0, 0.0, 1.0)"
0,892573.7,0,0,0,0,0,0,0,0,0,"(0.0, 0.0)","(0.0, 0.0)","(0.0, 0.0)","(0.0, 0.0, 0.0)","(0.0, 0.0, 0.0)","(0.0, 0.0, 0.0)","(0.0, 0.0, 0.0)","(0.0, 0.0, 0.0)","(0.0, 0.0, 0.0)",0,0,0,0,0,0,False,0,0,0,0,0,0,0,0,"(0.0, 6.0, 892.4)","(0.2, 0.0, 0.0, 1.0)"
0,892598.8,0,0,0,0,0,0,0,0,0,"(0.0, 0.0)","(0.0, 0.0)","(0.0, 0.0)","(0.0, 0.0, 0.0)","(0.0, 0.0, 0.0)","(0.0, 0.0, 0.0)","(0.0, 0.0, 0.0)","(0.0, 0.0, 0.0)","(0.0, 0.0, 0.0)",0,0,0,0,0,0,False,0,0,0,0,0,0,0,0,"(0.0, 6.0, 892.5)","(0.2, 0.0, 0.0, 1.0)"
0,892618,0,0,0,0,0,0,0,0,0,"(0.0, 0.0)","(0.0, 0.0)","(0.0, 0.0)","(0.0, 0.0, 0.0)","(0.0, 0.0, 0.0)","(0.0, 0.0, 0.0)","(0.0, 0.0, 0.0)","(0.0, 0.0, 0.0)","(0.0, 0.0, 0.0)",0,0,0,0,0,0,False,0,0,0,0,0,0,0,0,"(0.0, 6.0, 892.6)","(0.2, 0.0, 0.0, 1.0)"
0,892636.8,0,0,0,0,0,0,0,0,0,"(0.0, 0.0)","(0.0, 0.0)","(0.0, 0.0)","(0.0, 0.0, 0.0)","(0.0, 0.0, 0.0)","(0.0, 0.0, 0.0)","(0.0, 0.0, 0.0)","(0.0, 0.0, 0.0)","(0.0, 0.0, 0.0)",0,0,0,0,0,0,False,0,0,0,0,0,0,0,0,"(0.0, 6.0, 892.6)","(0.2, 0.0, 0.0, 1.0)"
0,892656,0,0,0,0,0,0,0,0,0,"(0.0, 0.0)","(0.0, 0.0)","(0.0, 0.0)","(0.0, 0.0, 0.0)","(0.0, 0.0, 0.0)","(0.0, 0.0, 0.0)","(0.0, 0.0, 0.0)","(0.0, 0.0, 0.0)","(0.0, 0.0, 0.0)",0,0,0,0,0,0,False,0,0,0,0,0,0,0,0,"(0.0, 6.0, 892.6)","(0.2, 0.0, 0.0, 1.0)"
0,892674.4,0,0,0,0,0,0,0,0,0,"(0.0, 0.0)","(0.0, 0.0)","(0.0, 0.0)","(0.0, 0.0, 0.0)","(0.0, 0.0, 0.0)","(0.0, 0.0, 0.0)","(0.0, 0.0, 0.0)","(0.0, 0.0, 0.0)","(0.0, 0.0, 0.0)",0,0,0,0,0,0,False,0,0,0,0,0,0,0,0,"(0.0, 6.0, 892.7)","(0.2, 0.0, 0.0, 1.0)"
0,892691.9,0,0,0,0,0,0,0,0,0,"(0.0, 0.0)","(0.0, 0.0)","(0.0, 0.0)","(0.0, 0.0, 0.0)","(0.0, 0.0, 0.0)","(0.0, 0.0, 0.0)","(0.0, 0.0, 0.0)","(0.0, 0.0, 0.0)","(0.0, 0.0, 0.0)",0,0,0,0,0,0,False,0,0,0,0,0,0,0,0,"(0.0, 6.0, 892.7)","(0.2, 0.0, 0.0, 1.0)"
0,892708.9,0,0,0,0,0,0,0,0,0,"(0.0, 0.0)","(0.0, 0.0)","(0.0, 0.0)","(0.0, 0.0, 0.0)","(0.0, 0.0, 0.0)","(0.0, 0.0, 0.0)","(0.0, 0.0, 0.0)","(0.0, 0.0, 0.0)","(0.0, 0.0, 0.0)",0,0,0,0,0,0,False,0,0,0,0,0,0,0,0,"(0.0, 6.0, 892.8)","(0.2, 0.0, 0.0, 1.0)"
0,892730.6,0,0,0,0,0,0,0,0,0,"(0.0, 0.0)","(0.0, 0.0)","(0.0, 0.0)","(0.0, 0.0, 0.0)","(0.0, 0.0, 0.0)","(0.0, 0.0, 0.0)","(0.0, 0.0, 0.0)","(0.0, 0.0, 0.0)","(0.0, 0.0, 0.0)",0,0,0,0,0,0,False,0,0,0,0,0,0,0,0,"(0.0, 6.0, 892.8)","(0.2, 0.0, 0.0, 1.0)"
0,892752,0,0,0,0,0,0,0,0,0,"(0.0, 0.0)","(0.0, 0.0)","(0.0, 0.0)","(0.0, 0.0, 0.0)","(0.0, 0.0, 0.0)","(0.0, 0.0, 0.0)","(0.0, 0.0, 0.0)","(0.0, 0.0, 0.0)","(0.0, 0.0, 0.0)",0,0,0,0,0,0,False,0,0,0,0,0,0,0,0,"(0.0, 6.0, 892.8)","(0.2, 0.0, 0.0, 1.0)"
0,892773.9,0,0,0,0,0,0,0,0,0,"(0.0, 0.0)","(0.0, 0.0)","(0.0, 0.0)","(0.0, 0.0, 0.0)","(0.0, 0.0, 0.0)","(0.0, 0.0, 0.0)","(0.0, 0.0, 0.0)","(0.0, 0.0, 0.0)","(0.0, 0.0, 0.0)",0,0,0,0,0,0,False,0,0,0,0,0,0,0,0,"(0.0, 6.0, 892.8)","(0.2, 0.0, 0.0, 1.0)"
0,892797.4,0,0,0,0,0,0,0,0,0,"(0.0, 0.0)","(0.0, 0.0)","(0.0, 0.0)","(0.0, 0.0, 0.0)","(0.0, 0.0, 0.0)","(0.0, 0.0, 0.0)","(0.0, 0.0, 0.0)","(0.0, 0.0, 0.0)","(0.0, 0.0, 0.0)",0,0,0,0,0,0,False,0,0,0,0,0,0,0,0,"(0.0, 6.0, 892.9)","(0.2, 0.0, 0.0, 1.0)"
0,892819.1,0,0,0,0,0,0,0,0,0,"(0.0, 0.0)","(0.0, 0.0)","(0.0, 0.0)","(0.0, 0.0, 0.0)","(0.0, 0.0, 0.0)","(0.0, 0.0, 0.0)","(0.0, 0.0, 0.0)","(0.0, 0.0, 0.0)","(0.0, 0.0, 0.0)",0,0,0,0,0,0,False,0,0,0,0,0,0,0,0,"(0.0, 6.0, 892.9)","(0.2, 0.0, 0.0, 1.0)"
0,892840.8,0,0,0,0,0,0,0,0,0,"(0.0, 0.0)","(0.0, 0.0)","(0.0, 0.0)","(0.0, 0.0, 0.0)","(0.0, 0.0, 0.0)","(0.0, 0.0, 0.0)","(0.0, 0.0, 0.0)","(0.0, 0.0, 0.0)","(0.0, 0.0, 0.0)",0,0,0,0,0,0,False,0,0,0,0,0,0,0,0,"(0.0, 6.0, 892.9)","(0.2, 0.0, 0.0, 1.0)"
0,892863.8,0,0,0,0,0,0,0,0,0,"(0.0, 0.0)","(0.0, 0.0)","(0.0, 0.0)","(0.0, 0.0, 0.0)","(0.0, 0.0, 0.0)","(0.0, 0.0, 0.0)","(0.0, 0.0, 0.0)","(0.0, 0.0, 0.0)","(0.0, 0.0, 0.0)",0,0,0,0,0,0,False,0,0,0,0,0,0,0,0,"(0.0, 6.0, 892.9)","(0.2, 0.0, 0.0, 1.0)"
0,892885.6,0,0,0,0,0,0,0,0,0,"(0.0, 0.0)","(0.0, 0.0)","(0.0, 0.0)","(0.0, 0.0, 0.0)","(0.0, 0.0, 0.0)","(0.0, 0.0, 0.0)","(0.0, 0.0, 0.0)","(0.0, 0.0, 0.0)","(0.0, 0.0, 0.0)",0,0,0,0,0,0,False,0,0,0,0,0,0,0,0,"(0.0, 6.0, 892.9)","(0.2, 0.0, 0.0, 1.0)"
0,892907.6,0,0,0,0,0,0,0,0,0,"(0.0, 0.0)","(0.0, 0.0)","(0.0, 0.0)","(0.0, 0.0, 0.0)","(0.0, 0.0, 0.0)","(0.0, 0.0, 0.0)","(0.0, 0.0, 0.0)","(0.0, 0.0, 0.0)","(0.0, 0.0, 0.0)",0,0,0,0,0,0,False,0,0,0,0,0,0,0,0,"(0.0, 6.0, 892.9)","(0.2, 0.0, 0.0, 1.0)"
0,892930.6,0,0,0,0,0,0,0,0,0,"(0.0, 0.0)","(0.0, 0.0)","(0.0, 0.0)","(0.0, 0.0, 0.0)","(0.0, 0.0, 0.0)","(0.0, 0.0, 0.0)","(0.0, 0.0, 0.0)","(0.0, 0.0, 0.0)","(0.0, 0.0, 0.0)",0,0,0,0,0,0,False,0,0,0,0,0,0,0,0,"(0.0, 6.0, 892.9)","(0.2, 0.0, 0.0, 1.0)"
0,892951.8,0,0,0,0,0,0,0,0,0,"(0.0, 0.0)","(0.0, 0.0)","(0.0, 0.0)","(0.0, 0.0, 0.0)","(0.0, 0.0, 0.0)","(0.0, 0.0, 0.0)","(0.0, 0.0, 0.0)","(0.0, 0.0, 0.0)","(0.0, 0.0, 0.0)",0,0,0,0,0,0,False,0,0,0,0,0,0,0,0,"(0.0, 6.0, 893.0)","(0.2, 0.0, 0.0, 1.0)"
0,892974,0,0,0,0,0,0,0,0,0,"(0.0, 0.0)","(0.0, 0.0)","(0.0, 0.0)","(0.0, 0.0, 0.0)","(0.0, 0.0, 0.0)","(0.0, 0.0, 0.0)","(0.0, 0.0, 0.0)","(0.0, 0.0, 0.0)","(0.0, 0.0, 0.0)",0,0,0,0,0,0,False,0,0,0,0,0,0,0,0,"(0.0, 6.0, 893.0)","(0.2, 0.0, 0.0, 1.0)"
0,892996.9,0,0,0,0,0,0,0,0,0,"(0.0, 0.0)","(0.0, 0.0)","(0.0, 0.0)","(0.0, 0.0, 0.0)","(0.0, 0.0, 0.0)","(0.0, 0.0, 0.0)","(0.0, 0.0, 0.0)","(0.0, 0.0, 0.0)","(0.0, 0.0, 0.0)",0,0,0,0,0,0,False,0,0,0,0,0,0,0,0,"(0.0, 6.0, 893.0)","(0.2, 0.0, 0.0, 1.0)"
0,893019,0,0,0,0,0,0,0,0,0,"(0.0, 0.0)","(0.0, 0.0)","(0.0, 0.0)","(0.0, 0.0, 0.0)","(0.0, 0.0, 0.0)","(0.0, 0.0, 0.0)","(0.0, 0.0, 0.0)","(0.0, 0.0, 0.0)","(0.0, 0.0, 0.0)",0,0,0,0,0,0,False,0,0,0,0,0,0,0,0,"(0.0, 6.0, 893.0)","(0.2, 0.0, 0.0, 1.0)"
0,893040.5,0,0,0,0,0,0,0,0,0,"(0.0, 0.0)","(0.0, 0.0)","(0.0, 0.0)","(0.0, 0.0, 0.0)","(0.0, 0.0, 0.0)","(0.0, 0.0, 0.0)","(0.0, 0.0, 0.0)","(0.0, 0.0, 0.0)","(0.0, 0.0, 0.0)",0,0,0,0,0,0,False,0,0,0,0,0,0,0,0,"(0.0, 6.0, 893.0)","(0.2, 0.0, 0.0, 1.0)"
0,893063.7,0,0,0,0,0,0,0,0,0,"(0.0, 0.0)","(0.0, 0.0)","(0.0, 0.0)","(0.0, 0.0, 0.0)","(0.0, 0.0, 0.0)","(0.0, 0.0, 0.0)","(0.0, 0.0, 0.0)","(0.0, 0.0, 0.0)","(0.0, 0.0, 0.0)",0,0,0,0,0,0,False,0,0,0,0,0,0,0,0,"(0.0, 6.0, 893.0)","(0.2, 0.0, 0.0, 1.0)"
0,893085.6,0,0,0,0,0,0,0,0,0,"(0.0, 0.0)","(0.0, 0.0)","(0.0, 0.0)","(0.0, 0.0, 0.0)","(0.0, 0.0, 0.0)","(0.0, 0.0, 0.0)","(0.0, 0.0, 0.0)","(0.0, 0.0, 0.0)","(0.0, 0.0, 0.0)",0,0,0,0,0,0,False,0,0,0,0,0,0,0,0,"(0.0, 6.0, 893.0)","(0.2, 0.0, 0.0, 1.0)"
0,893107.4,0,0,0,0,0,0,0,0,0,"(0.0, 0.0)","(0.0, 0.0)","(0.0, 0.0)","(0.0, 0.0, 0.0)","(0.0, 0.0, 0.0)","(0.0, 0.0, 0.0)","(0.0, 0.0, 0.0)","(0.0, 0.0, 0.0)","(0.0, 0.0, 0.0)",0,0,0,0,0,0,False,0,0,0,0,0,0,0,0,"(0.0, 6.0, 893.0)","(0.2, 0.0, 0.0, 1.0)"
0,893131.1,0,0,0,0,0,0,0,0,0,"(0.0, 0.0)","(0.0, 0.0)","(0.0, 0.0)","(0.0, 0.0, 0.0)","(0.0, 0.0, 0.0)","(0.0, 0.0, 0.0)","(0.0, 0.0, 0.0)","(0.0, 0.0, 0.0)","(0.0, 0.0, 0.0)",0,0,0,0,0,0,False,0,0,0,0,0,0,0,0,"(0.0, 6.0, 893.0)","(0.2, 0.0, 0.0, 1.0)"
0,893152.3,0,0,0,0,0,0,0,0,0,"(0.0, 0.0)","(0.0, 0.0)","(0.0, 0.0)","(0.0, 0.0, 0.0)","(0.0, 0.0, 0.0)","(0.0, 0.0, 0.0)","(0.0, 0.0, 0.0)","(0.0, 0.0, 0.0)","(0.0, 0.0, 0.0)",0,0,0,0,0,0,False,0,0,0,0,0,0,0,0,"(0.0, 6.0, 893.0)","(0.2, 0.0, 0.0, 1.0)"
0,893174.1,0,0,0,0,0,0,0,0,0,"(0.0, 0.0)","(0.0, 0.0)","(0.0, 0.0)","(0.0, 0.0, 0.0)","(0.0, 0.0, 0.0)","(0.0, 0.0, 0.0)","(0.0, 0.0, 0.0)","(0.0, 0.0, 0.0)","(0.0, 0.0, 0.0)",0,0,0,0,0,0,False,0,0,0,0,0,0,0,0,"(0.0, 6.0, 893.0)","(0.2, 0.0, 0.0, 1.0)"
0,893197,0,0,0,0,0,0,0,0,0,"(0.0, 0.0)","(0.0, 0.0)","(0.0, 0.0)","(0.0, 0.0, 0.0)","(0.0, 0.0, 0.0)","(0.0, 0.0, 0.0)","(0.0, 0.0, 0.0)","(0.0, 0.0, 0.0)","(0.0, 0.0, 0.0)",0,0,0,0,0,0,False,0,0,0,0,0,0,0,0,"(0.0, 6.0, 893.0)","(0.2, 0.0, 0.0, 1.0)"
0,893218.5,0,0,0,0,0,0,0,0,0,"(0.0, 0.0)","(0.0, 0.0)","(0.0, 0.0)","(0.0, 0.0, 0.0)","(0.0, 0.0, 0.0)","(0.0, 0.0, 0.0)","(0.0, 0.0, 0.0)","(0.0, 0.0, 0.0)","(0.0, 0.0, 0.0)",0,0,0,0,0,0,False,0,0,0,0,0,0,0,0,"(0.0, 6.0, 893.0)","(0.2, 0.0, 0.0, 1.0)"
0,893238.7,0,0,0,0,0,0,0,0,0,"(0.0, 0.0)","(0.0, 0.0)","(0.0, 0.0)","(0.0, 0.0, 0.0)","(0.0, 0.0, 0.0)","(0.0, 0.0, 0.0)","(0.0, 0.0, 0.0)","(0.0, 0.0, 0.0)","(0.0, 0.0, 0.0)",0,0,0,0,0,0,False,0,0,0,0,0,0,0,0,"(0.0, 6.0, 893.0)","(0.2, 0.0, 0.0, 1.0)"
0,893257.6,0,0,0,0,0,0,0,0,0,"(0.0, 0.0)","(0.0, 0.0)","(0.0, 0.0)","(0.0, 0.0, 0.0)","(0.0, 0.0, 0.0)","(0.0, 0.0, 0.0)","(0.0, 0.0, 0.0)","(0.0, 0.0, 0.0)","(0.0, 0.0, 0.0)",0,0,0,0,0,0,False,0,0,0,0,0,0,0,0,"(0.0, 6.0, 893.0)","(0.2, 0.0, 0.0, 1.0)"
0,893276.6,0,0,0,0,0,0,0,0,0,"(0.0, 0.0)","(0.0, 0.0)","(0.0, 0.0)","(0.0, 0.0, 0.0)","(0.0, 0.0, 0.0)","(0.0, 0.0, 0.0)","(0.0, 0.0, 0.0)","(0.0, 0.0, 0.0)","(0.0, 0.0, 0.0)",0,0,0,0,0,0,False,0,0,0,0,0,0,0,0,"(0.0, 6.0, 893.0)","(0.2, 0.0, 0.0, 1.0)"
0,893294.6,0,0,0,0,0,0,0,0,0,"(0.0, 0.0)","(0.0, 0.0)","(0.0, 0.0)","(0.0, 0.0, 0.0)","(0.0, 0.0, 0.0)","(0.0, 0.0, 0.0)","(0.0, 0.0, 0.0)","(0.0, 0.0, 0.0)","(0.0, 0.0, 0.0)",0,0,0,0,0,0,False,0,0,0,0,0,0,0,0,"(0.0, 6.0, 893.0)","(0.2, 0.0, 0.0, 1.0)"
0,893314.1,0,0,0,0,0,0,0,0,0,"(0.0, 0.0)","(0.0, 0.0)","(0.0, 0.0)","(0.0, 0.0, 0.0)","(0.0, 0.0, 0.0)","(0.0, 0.0, 0.0)","(0.0, 0.0, 0.0)","(0.0, 0.0, 0.0)","(0.0, 0.0, 0.0)",0,0,0,0,0,0,False,0,0,0,0,0,0,0,0,"(0.0, 6.0, 893.0)","(0.2, 0.0, 0.0, 1.0)"
0,893332.3,0,0,0,0,0,0,0,0,0,"(0.0, 0.0)","(0.0, 0.0)","(0.0, 0.0)","(0.0, 0.0, 0.0)","(0.0, 0.0, 0.0)","(0.0, 0.0, 0.0)","(0.0, 0.0, 0.0)","(0.0, 0.0, 0.0)","(0.0, 0.0, 0.0)",0,0,0,0,0,0,False,0,0,0,0,0,0,0,0,"(0.0, 6.0, 893.0)","(0.2, 0.0, 0.0, 1.0)"
0,893351.1,0,0,0,0,0,0,0,0,0,"(0.0, 0.0)","(0.0, 0.0)","(0.0, 0.0)","(0.0, 0.0, 0.0)","(0.0, 0.0, 0.0)","(0.0, 0.0, 0.0)","(0.0, 0.0, 0.0)","(0.0, 0.0, 0.0)","(0.0, 0.0, 0.0)",0,0,0,0,0,0,False,0,0,0,0,0,0,0,0,"(0.0, 6.0, 893.0)","(0.2, 0.0, 0.0, 1.0)"
0,893368.5,0,0,0,0,0,0,0,0,0,"(0.0, 0.0)","(0.0, 0.0)","(0.0, 0.0)","(0.0, 0.0, 0.0)","(0.0, 0.0, 0.0)","(0.0, 0.0, 0.0)","(0.0, 0.0, 0.0)","(0.0, 0.0, 0.0)","(0.0, 0.0, 0.0)",0,0,0,0,0,0,False,0,0,0,0,0,0,0,0,"(0.0, 6.0, 893.0)","(0.2, 0.0, 0.0, 1.0)"
0,893387,0,0,0,0,0,0,0,0,0,"(0.0, 0.0)","(0.0, 0.0)","(0.0, 0.0)","(0.0, 0.0, 0.0)","(0.0, 0.0, 0.0)","(0.0, 0.0, 0.0)","(0.0, 0.0, 0.0)","(0.0, 0.0, 0.0)","(0.0, 0.0, 0.0)",0,0,0,0,0,0,False,0,0,0,0,0,0,0,0,"(0.0, 6.0, 893.0)","(0.2, 0.0, 0.0, 1.0)"
0,893404.3,0,0,0,0,0,0,0,0,0,"(0.0, 0.0)","(0.0, 0.0)","(0.0, 0.0)","(0.0, 0.0, 0.0)","(0.0, 0.0, 0.0)","(0.0, 0.0, 0.0)","(0.0, 0.0, 0.0)","(0.0, 0.0, 0.0)","(0.0, 0.0, 0.0)",0,0,0,0,0,0,False,0,0,0,0,0,0,0,0,"(0.0, 6.0, 893.0)","(0.2, 0.0, 0.0, 1.0)"
0,893420.6,0,0,0,0,0,0,0,0,0,"(0.0, 0.0)","(0.0, 0.0)","(0.0, 0.0)","(0.0, 0.0, 0.0)","(0.0, 0.0, 0.0)","(0.0, 0.0, 0.0)","(0.0, 0.0, 0.0)","(0.0, 0.0, 0.0)","(0.0, 0.0, 0.0)",0,0,0,0,0,0,False,0,0,0,0,0,0,0,0,"(0.0, 6.0, 893.0)","(0.2, 0.0, 0.0, 1.0)"
0,893438.4,0,0,0,0,0,0,0,0,0,"(0.0, 0.0)","(0.0, 0.0)","(0.0, 0.0)","(0.0, 0.0, 0.0)","(0.0, 0.0, 0.0)","(0.0, 0.0, 0.0)","(0.0, 0.0, 0.0)","(0.0, 0.0, 0.0)","(0.0, 0.0, 0.0)",0,0,0,0,0,0,False,0,0,0,0,0,0,0,0,"(0.0, 6.0, 893.0)","(0.2, 0.0, 0.0, 1.0)"
0,893456.3,0,0,0,0,0,0,0,0,0,"(0.0, 0.0)","(0.0, 0.0)","(0.0, 0.0)","(0.0, 0.0, 0.0)","(0.0, 0.0, 0.0)","(0.0, 0.0, 0.0)","(0.0, 0.0, 0.0)","(0.0, 0.0, 0.0)","(0.0, 0.0, 0.0)",0,0,0,0,0,0,False,0,0,0,0,0,0,0,0,"(0.0, 6.0, 893.0)","(0.2, 0.0, 0.0, 1.0)"
0,893473.8,0,0,0,0,0,0,0,0,0,"(0.0, 0.0)","(0.0, 0.0)","(0.0, 0.0)","(0.0, 0.0, 0.0)","(0.0, 0.0, 0.0)","(0.0, 0.0, 0.0)","(0.0, 0.0, 0.0)","(0.0, 0.0, 0.0)","(0.0, 0.0, 0.0)",0,0,0,0,0,0,False,0,0,0,0,0,0,0,0,"(0.0, 6.0, 893.0)","(0.2, 0.0, 0.0, 1.0)"
0,893490.9,0,0,0,0,0,0,0,0,0,"(0.0, 0.0)","(0.0, 0.0)","(0.0, 0.0)","(0.0, 0.0, 0.0)","(0.0, 0.0, 0.0)","(0.0, 0.0, 0.0)","(0.0, 0.0, 0.0)","(0.0, 0.0, 0.0)","(0.0, 0.0, 0.0)",0,0,0,0,0,0,False,0,0,0,0,0,0,0,0,"(0.0, 6.0, 893.0)","(0.2, 0.0, 0.0, 1.0)"
0,893507.4,0,0,0,0,0,0,0,0,0,"(0.0, 0.0)","(0.0, 0.0)","(0.0, 0.0)","(0.0, 0.0, 0.0)","(0.0, 0.0, 0.0)","(0.0, 0.0, 0.0)","(0.0, 0.0, 0.0)","(0.0, 0.0, 0.0)","(0.0, 0.0, 0.0)",0,0,0,0,0,0,False,0,0,0,0,0,0,0,0,"(0.0, 6.0, 893.0)","(0.2, 0.0, 0.0, 1.0)"
0,893523.6,0,0,0,0,0,0,0,0,0,"(0.0, 0.0)","(0.0, 0.0)","(0.0, 0.0)","(0.0, 0.0, 0.0)","(0.0, 0.0, 0.0)","(0.0, 0.0, 0.0)","(0.0, 0.0, 0.0)","(0.0, 0.0, 0.0)","(0.0, 0.0, 0.0)",0,0,0,0,0,0,False,0,0,0,0,0,0,0,0,"(0.0, 6.0, 893.0)","(0.2, 0.0, 0.0, 1.0)"
0,893540.1,0,0,0,0,0,0,0,0,0,"(0.0, 0.0)","(0.0, 0.0)","(0.0, 0.0)","(0.0, 0.0, 0.0)","(0.0, 0.0, 0.0)","(0.0, 0.0, 0.0)","(0.0, 0.0, 0.0)","(0.0, 0.0, 0.0)","(0.0, 0.0, 0.0)",0,0,0,0,0,0,False,0,0,0,0,0,0,0,0,"(0.0, 6.0, 893.0)","(0.2, 0.0, 0.0, 1.0)"
0,893557.3,0,0,0,0,0,0,0,0,0,"(0.0, 0.0)","(0.0, 0.0)","(0.0, 0.0)","(0.0, 0.0, 0.0)","(0.0, 0.0, 0.0)","(0.0, 0.0, 0.0)","(0.0, 0.0, 0.0)","(0.0, 0.0, 0.0)","(0.0, 0.0, 0.0)",0,0,0,0,0,0,False,0,0,0,0,0,0,0,0,"(0.0, 6.0, 893.0)","(0.2, 0.0, 0.0, 1.0)"
0,893574.1,0,0,0,0,0,0,0,0,0,"(0.0, 0.0)","(0.0, 0.0)","(0.0, 0.0)","(0.0, 0.0, 0.0)","(0.0, 0.0, 0.0)","(0.0, 0.0, 0.0)","(0.0, 0.0, 0.0)","(0.0, 0.0, 0.0)","(0.0, 0.0, 0.0)",0,0,0,0,0,0,False,0,0,0,0,0,0,0,0,"(0.0, 6.0, 893.0)","(0.2, 0.0, 0.0, 1.0)"
0,893592,0,0,0,0,0,0,0,0,0,"(0.0, 0.0)","(0.0, 0.0)","(0.0, 0.0)","(0.0, 0.0, 0.0)","(0.0, 0.0, 0.0)","(0.0, 0.0, 0.0)","(0.0, 0.0, 0.0)","(0.0, 0.0, 0.0)","(0.0, 0.0, 0.0)",0,0,0,0,0,0,False,0,0,0,0,0,0,0,0,"(0.0, 6.0, 893.0)","(0.2, 0.0, 0.0, 1.0)"
0,893610.1,0,0,0,0,0,0,0,0,0,"(0.0, 0.0)","(0.0, 0.0)","(0.0, 0.0)","(0.0, 0.0, 0.0)","(0.0, 0.0, 0.0)","(0.0, 0.0, 0.0)","(0.0, 0.0, 0.0)","(0.0, 0.0, 0.0)","(0.0, 0.0, 0.0)",0,0,0,0,0,0,False,0,0,0,0,0,0,0,0,"(0.0, 6.0, 893.0)","(0.2, 0.0, 0.0, 1.0)"
0,893628.5,0,0,0,0,0,0,0,0,0,"(0.0, 0.0)","(0.0, 0.0)","(0.0, 0.0)","(0.0, 0.0, 0.0)","(0.0, 0.0, 0.0)","(0.0, 0.0, 0.0)","(0.0, 0.0, 0.0)","(0.0, 0.0, 0.0)","(0.0, 0.0, 0.0)",0,0,0,0,0,0,False,0,0,0,0,0,0,0,0,"(0.0, 6.0, 893.0)","(0.2, 0.0, 0.0, 1.0)"
0,893646.3,0,0,0,0,0,0,0,0,0,"(0.0, 0.0)","(0.0, 0.0)","(0.0, 0.0)","(0.0, 0.0, 0.0)","(0.0, 0.0, 0.0)","(0.0, 0.0, 0.0)","(0.0, 0.0, 0.0)","(0.0, 0.0, 0.0)","(0.0, 0.0, 0.0)",0,0,0,0,0,0,False,0,0,0,0,0,0,0,0,"(0.0, 6.0, 893.0)","(0.2, 0.0, 0.0, 1.0)"
0,893662.8,0,0,0,0,0,0,0,0,0,"(0.0, 0.0)","(0.0, 0.0)","(0.0, 0.0)","(0.0, 0.0, 0.0)","(0.0, 0.0, 0.0)","(0.0, 0.0, 0.0)","(0.0, 0.0, 0.0)","(0.0, 0.0, 0.0)","(0.0, 0.0, 0.0)",0,0,0,0,0,0,False,0,0,0,0,0,0,0,0,"(0.0, 6.0, 893.0)","(0.2, 0.0, 0.0, 1.0)"
0,893685.3,0,0,0,0,0,0,0,0,0,"(0.0, 0.0)","(0.0, 0.0)","(0.0, 0.0)","(0.0, 0.0, 0.0)","(0.0, 0.0, 0.0)","(0.0, 0.0, 0.0)","(0.0, 0.0, 0.0)","(0.0, 0.0, 0.0)","(0.0, 0.0, 0.0)",0,0,0,0,0,0,False,0,0,0,0,0,0,0,0,"(0.0, 6.0, 893.0)","(0.2, 0.0, 0.0, 1.0)"
0,893707.1,0,0,0,0,0,0,0,0,0,"(0.0, 0.0)","(0.0, 0.0)","(0.0, 0.0)","(0.0, 0.0, 0.0)","(0.0, 0.0, 0.0)","(0.0, 0.0, 0.0)","(0.0, 0.0, 0.0)","(0.0, 0.0, 0.0)","(0.0, 0.0, 0.0)",0,0,0,0,0,0,False,0,0,0,0,0,0,0,0,"(0.0, 6.0, 893.0)","(0.2, 0.0, 0.0, 1.0)"
0,893731.8,0,0,0,0,0,0,0,0,0,"(0.0, 0.0)","(0.0, 0.0)","(0.0, 0.0)","(0.0, 0.0, 0.0)","(0.0, 0.0, 0.0)","(0.0, 0.0, 0.0)","(0.0, 0.0, 0.0)","(0.0, 0.0, 0.0)","(0.0, 0.0, 0.0)",0,0,0,0,0,0,False,0,0,0,0,0,0,0,0,"(0.0, 6.0, 893.0)","(0.2, 0.0, 0.0, 1.0)"
0,893752.5,0,0,0,0,0,0,0,0,0,"(0.0, 0.0)","(0.0, 0.0)","(0.0, 0.0)","(0.0, 0.0, 0.0)","(0.0, 0.0, 0.0)","(0.0, 0.0, 0.0)","(0.0, 0.0, 0.0)","(0.0, 0.0, 0.0)","(0.0, 0.0, 0.0)",0,0,0,0,0,0,False,0,0,0,0,0,0,0,0,"(0.0, 6.0, 893.0)","(0.2, 0.0, 0.0, 1.0)"
0,893774.1,0,0,0,0,0,0,0,0,0,"(0.0, 0.0)","(0.0, 0.0)","(0.0, 0.0)","(0.0, 0.0, 0.0)","(0.0, 0.0, 0.0)","(0.0, 0.0, 0.0)","(0.0, 0.0, 0.0)","(0.0, 0.0, 0.0)","(0.0, 0.0, 0.0)",0,0,0,0,0,0,False,0,0,0,0,0,0,0,0,"(0.0, 6.0, 893.0)","(0.2, 0.0, 0.0, 1.0)"
0,893796.1,0,0,0,0,0,0,0,0,0,"(0.0, 0.0)","(0.0, 0.0)","(0.0, 0.0)","(0.0, 0.0, 0.0)","(0.0, 0.0, 0.0)","(0.0, 0.0, 0.0)","(0.0, 0.0, 0.0)","(0.0, 0.0, 0.0)","(0.0, 0.0, 0.0)",0,0,0,0,0,0,False,0,0,0,0,0,0,0,0,"(0.0, 6.0, 893.0)","(0.2, 0.0, 0.0, 1.0)"
0,893819.3,0,0,0,0,0,0,0,0,0,"(0.0, 0.0)","(0.0, 0.0)","(0.0, 0.0)","(0.0, 0.0, 0.0)","(0.0, 0.0, 0.0)","(0.0, 0.0, 0.0)","(0.0, 0.0, 0.0)","(0.0, 0.0, 0.0)","(0.0, 0.0, 0.0)",0,0,0,0,0,0,False,0,0,0,0,0,0,0,0,"(0.0, 6.0, 893.0)","(0.2, 0.0, 0.0, 1.0)"
0,893844.1,0,0,0,0,0,0,0,0,0,"(0.0, 0.0)","(0.0, 0.0)","(0.0, 0.0)","(0.0, 0.0, 0.0)","(0.0, 0.0, 0.0)","(0.0, 0.0, 0.0)","(0.0, 0.0, 0.0)","(0.0, 0.0, 0.0)","(0.0, 0.0, 0.0)",0,0,0,0,0,0,False,0,0,0,0,0,0,0,0,"(0.0, 6.0, 893.1)","(0.2, 0.0, 0.0, 1.0)"
0,893868.1,0,0,0,0,0,0,0,0,0,"(0.0, 0.0)","(0.0, 0.0)","(0.0, 0.0)","(0.0, 0.0, 0.0)","(0.0, 0.0, 0.0)","(0.0, 0.0, 0.0)","(0.0, 0.0, 0.0)","(0.0, 0.0, 0.0)","(0.0, 0.0, 0.0)",0,0,0,0,0,0,False,0,0,0,0,0,0,0,0,"(0.0, 6.0, 893.1)","(0.2, 0.0, 0.0, 1.0)"
0,893887.3,0,0,0,0,0,0,0,0,0,"(0.0, 0.0)","(0.0, 0.0)","(0.0, 0.0)","(0.0, 0.0, 0.0)","(0.0, 0.0, 0.0)","(0.0, 0.0, 0.0)","(0.0, 0.0, 0.0)","(0.0, 0.0, 0.0)","(0.0, 0.0, 0.0)",0,0,0,0,0,0,False,0,0,0,0,0,0,0,0,"(0.0, 6.0, 893.2)","(0.2, 0.0, 0.0, 1.0)"
0,893906.7,0,0,0,0,0,0,0,0,0,"(0.0, 0.0)","(0.0, 0.0)","(0.0, 0.0)","(0.0, 0.0, 0.0)","(0.0, 0.0, 0.0)","(0.0, 0.0, 0.0)","(0.0, 0.0, 0.0)","(0.0, 0.0, 0.0)","(0.0, 0.0, 0.0)",0,0,0,0,0,0,False,0,0,0,0,0,0,0,0,"(0.0, 6.0, 893.3)","(0.2, 0.0, 0.0, 1.0)"
0,893929.6,0,0,0,0,0,0,0,0,0,"(0.0, 0.0)","(0.0, 0.0)","(0.0, 0.0)","(0.0, 0.0, 0.0)","(0.0, 0.0, 0.0)","(0.0, 0.0, 0.0)","(0.0, 0.0, 0.0)","(0.0, 0.0, 0.0)","(0.0, 0.0, 0.0)",0,0,0,0,0,0,False,0,0,0,0,0,0,0,0,"(0.0, 6.0, 893.5)","(0.2, 0.0, 0.0, 1.0)"
0,893952.3,0,0,0,0,0,0,0,0,0,"(0.0, 0.0)","(0.0, 0.0)","(0.0, 0.0)","(0.0, 0.0, 0.0)","(0.0, 0.0, 0.0)","(0.0, 0.0, 0.0)","(0.0, 0.0, 0.0)","(0.0, 0.0, 0.0)","(0.0, 0.0, 0.0)",0,0,0,0,0,0,False,0,0,0,0,0,0,0,0,"(0.0, 6.0, 893.6)","(0.2, 0.0, 0.0, 1.0)"
0,893973.6,0,0,0,0,0,0,0,0,0,"(0.0, 0.0)","(0.0, 0.0)","(0.0, 0.0)","(0.0, 0.0, 0.0)","(0.0, 0.0, 0.0)","(0.0, 0.0, 0.0)","(0.0, 0.0, 0.0)","(0.0, 0.0, 0.0)","(0.0, 0.0, 0.0)",0,0,0,0,0,0,False,0,0,0,0,0,0,0,0,"(0.0, 6.0, 893.8)","(0.2, 0.0, 0.0, 1.0)"
0,893996.3,0,0,0,0,0,0,0,0,0,"(0.0, 0.0)","(0.0, 0.0)","(0.0, 0.0)","(0.0, 0.0, 0.0)","(0.0, 0.0, 0.0)","(0.0, 0.0, 0.0)","(0.0, 0.0, 0.0)","(0.0, 0.0, 0.0)","(0.0, 0.0, 0.0)",0,0,0,0,0,0,False,0,0,0,0,0,0,0,0,"(0.0, 6.0, 893.9)","(0.2, 0.0, 0.0, 1.0)"
0,894018.4,0,0,0,0,0,0,0,0,0,"(0.0, 0.0)","(0.0, 0.0)","(0.0, 0.0)","(0.0, 0.0, 0.0)","(0.0, 0.0, 0.0)","(0.0, 0.0, 0.0)","(0.0, 0.0, 0.0)","(0.0, 0.0, 0.0)","(0.0, 0.0, 0.0)",0,0,0,0,0,0,False,0,0,0,0,0,0,0,0,"(0.0, 6.0, 894.1)","(0.2, 0.0, 0.0, 1.0)"
0,894040.2,0,0,0,0,0,0,0,0,0,"(0.0, 0.0)","(0.0, 0.0)","(0.0, 0.0)","(0.0, 0.0, 0.0)","(0.0, 0.0, 0.0)","(0.0, 0.0, 0.0)","(0.0, 0.0, 0.0)","(0.0, 0.0, 0.0)","(0.0, 0.0, 0.0)",0,0,0,0,0,0,False,0,0,0,0,0,0,0,0,"(0.0, 6.0, 894.3)","(0.2, 0.0, 0.0, 1.0)"
0,894063.3,0,0,0,0,0,0,0,0,0,"(0.0, 0.0)","(0.0, 0.0)","(0.0, 0.0)","(0.0, 0.0, 0.0)","(0.0, 0.0, 0.0)","(0.0, 0.0, 0.0)","(0.0, 0.0, 0.0)","(0.0, 0.0, 0.0)","(0.0, 0.0, 0.0)",0,0,0,0,0,0,False,0,0,0,0,0,0,0,0,"(0.0, 6.0, 894.5)","(0.2, 0.0, 0.0, 1.0)"
0,894089.3,0,0,0,0,0,0,0,0,0,"(0.0, 0.0)","(0.0, 0.0)","(0.0, 0.0)","(0.0, 0.0, 0.0)","(0.0, 0.0, 0.0)","(0.0, 0.0, 0.0)","(0.0, 0.0, 0.0)","(0.0, 0.0, 0.0)","(0.0, 0.0, 0.0)",0,0,0,0,0,0,False,0,0,0,0,0,0,0,0,"(0.0, 6.0, 894.8)","(0.2, 0.0, 0.0, 1.0)"
0,894108.8,0,0,0,0,0,0,0,0,0,"(0.0, 0.0)","(0.0, 0.0)","(0.0, 0.0)","(0.0, 0.0, 0.0)","(0.0, 0.0, 0.0)","(0.0, 0.0, 0.0)","(0.0, 0.0, 0.0)","(0.0, 0.0, 0.0)","(0.0, 0.0, 0.0)",0,0,0,0,0,0,False,0,0,0,0,0,0,0,0,"(0.0, 6.0, 895.0)","(0.2, 0.0, 0.0, 1.0)"
0,894129.6,0,0,0,0,0,0,0,0,0,"(0.0, 0.0)","(0.0, 0.0)","(0.0, 0.0)","(0.0, 0.0, 0.0)","(0.0, 0.0, 0.0)","(0.0, 0.0, 0.0)","(0.0, 0.0, 0.0)","(0.0, 0.0, 0.0)","(0.0, 0.0, 0.0)",0,0,0,0,0,0,False,0,0,0,0,0,0,0,0,"(0.0, 6.0, 895.2)","(0.2, 0.0, 0.0, 1.0)"
0,894148.3,0,0,0,0,0,0,0,0,0,"(0.0, 0.0)","(0.0, 0.0)","(0.0, 0.0)","(0.0, 0.0, 0.0)","(0.0, 0.0, 0.0)","(0.0, 0.0, 0.0)","(0.0, 0.0, 0.0)","(0.0, 0.0, 0.0)","(0.0, 0.0, 0.0)",0,0,0,0,0,0,False,0,0,0,0,0,0,0,0,"(0.0, 6.0, 895.5)","(0.2, 0.0, 0.0, 1.0)"
0,894167.4,0,0,0,0,0,0,0,0,0,"(0.0, 0.0)","(0.0, 0.0)","(0.0, 0.0)","(0.0, 0.0, 0.0)","(0.0, 0.0, 0.0)","(0.0, 0.0, 0.0)","(0.0, 0.0, 0.0)","(0.0, 0.0, 0.0)","(0.0, 0.0, 0.0)",0,0,0,0,0,0,False,0,0,0,0,0,0,0,0,"(0.0, 6.0, 895.7)","(0.2, 0.0, 0.0, 1.0)"
0,894186.2,0,0,0,0,0,0,0,0,0,"(0.0, 0.0)","(0.0, 0.0)","(0.0, 0.0)","(0.0, 0.0, 0.0)","(0.0, 0.0, 0.0)","(0.0, 0.0, 0.0)","(0.0, 0.0, 0.0)","(0.0, 0.0, 0.0)","(0.0, 0.0, 0.0)",0,0,0,0,0,0,False,0,0,0,0,0,0,0,0,"(0.0, 6.0, 896.0)","(0.2, 0.0, 0.0, 1.0)"
0,894205.1,0,0,0,0,0,0,0,0,0,"(0.0, 0.0)","(0.0, 0.0)","(0.0, 0.0)","(0.0, 0.0, 0.0)","(0.0, 0.0, 0.0)","(0.0, 0.0, 0.0)","(0.0, 0.0, 0.0)","(0.0, 0.0, 0.0)","(0.0, 0.0, 0.0)",0,0,0,0,0,0,False,0,0,0,0,0,0,0,0,"(0.0, 6.0, 896.2)","(0.2, 0.0, 0.0, 1.0)"
0,894224.7,0,0,0,0,0,0,0,0,0,"(0.0, 0.0)","(0.0, 0.0)","(0.0, 0.0)","(0.0, 0.0, 0.0)","(0.0, 0.0, 0.0)","(0.0, 0.0, 0.0)","(0.0, 0.0, 0.0)","(0.0, 0.0, 0.0)","(0.0, 0.0, 0.0)",0,0,0,0,0,0,False,0,0,0,0,0,0,0,0,"(0.0, 6.0, 896.5)","(0.2, 0.0, 0.0, 1.0)"
0,894243.1,0,0,0,0,0,0,0,0,0,"(0.0, 0.0)","(0.0, 0.0)","(0.0, 0.0)","(0.0, 0.0, 0.0)","(0.0, 0.0, 0.0)","(0.0, 0.0, 0.0)","(0.0, 0.0, 0.0)","(0.0, 0.0, 0.0)","(0.0, 0.0, 0.0)",0,0,0,0,0,0,False,0,0,0,0,0,0,0,0,"(0.0, 6.0, 896.7)","(0.2, 0.0, 0.0, 1.0)"
0,894263.1,0,0,0,0,0,0,0,0,0,"(0.0, 0.0)","(0.0, 0.0)","(0.0, 0.0)","(0.0, 0.0, 0.0)","(0.0, 0.0, 0.0)","(0.0, 0.0, 0.0)","(0.0, 0.0, 0.0)","(0.0, 0.0, 0.0)","(0.0, 0.0, 0.0)",0,0,0,0,0,0,False,0,0,0,0,0,0,0,0,"(0.0, 6.0, 897.0)","(0.2, 0.0, 0.0, 1.0)"
0,894281.1,0,0,0,0,0,0,0,0,0,"(0.0, 0.0)","(0.0, 0.0)","(0.0, 0.0)","(0.0, 0.0, 0.0)","(0.0, 0.0, 0.0)","(0.0, 0.0, 0.0)","(0.0, 0.0, 0.0)","(0.0, 0.0, 0.0)","(0.0, 0.0, 0.0)",0,0,0,0,0,0,False,0,0,0,0,0,0,0,0,"(0.0, 6.0, 897.2)","(0.2, 0.0, 0.0, 1.0)"
0,894300.8,0,0,0,0,0,0,0,0,0,"(0.0, 0.0)","(0.0, 0.0)","(0.0, 0.0)","(0.0, 0.0, 0.0)","(0.0, 0.0, 0.0)","(0.0, 0.0, 0.0)","(0.0, 0.0, 0.0)","(0.0, 0.0, 0.0)","(0.0, 0.0, 0.0)",0,0,0,0,0,0,False,0,0,0,0,0,0,0,0,"(0.0, 6.0, 897.5)","(0.2, 0.0, 0.0, 1.0)"
0,894319.7,0,0,0,0,0,0,0,0,0,"(0.0, 0.0)","(0.0, 0.0)","(0.0, 0.0)","(0.0, 0.0, 0.0)","(0.0, 0.0, 0.0)","(0.0, 0.0, 0.0)","(0.0, 0.0, 0.0)","(0.0, 0.0, 0.0)","(0.0, 0.0, 0.0)",0,0,0,0,0,0,False,0,0,0,0,0,0,0,0,"(0.0, 6.0, 897.7)","(0.2, 0.0, 0.0, 1.0)"
0,894340.1,0,0,0,0,0,0,0,0,0,"(0.0, 0.0)","(0.0, 0.0)","(0.0, 0.0)","(0.0, 0.0, 0.0)","(0.0, 0.0, 0.0)","(0.0, 0.0, 0.0)","(0.0, 0.0, 0.0)","(0.0, 0.0, 0.0)","(0.0, 0.0, 0.0)",0,0,0,0,0,0,False,0,0,0,0,0,0,0,0,"(0.0, 6.0, 898.0)","(0.2, 0.0, 0.0, 1.0)"
0,894358.5,0,0,0,0,0,0,0,0,0,"(0.0, 0.0)","(0.0, 0.0)","(0.0, 0.0)","(0.0, 0.0, 0.0)","(0.0, 0.0, 0.0)","(0.0, 0.0, 0.0)","(0.0, 0.0, 0.0)","(0.0, 0.0, 0.0)","(0.0, 0.0, 0.0)",0,0,0,0,0,0,False,0,0,0,0,0,0,0,0,"(0.0, 6.0, 898.3)","(0.2, 0.0, 0.0, 1.0)"
0,894375.9,0,0,0,0,0,0,0,0,0,"(0.0, 0.0)","(0.0, 0.0)","(0.0, 0.0)","(0.0, 0.0, 0.0)","(0.0, 0.0, 0.0)","(0.0, 0.0, 0.0)","(0.0, 0.0, 0.0)","(0.0, 0.0, 0.0)","(0.0, 0.0, 0.0)",0,0,0,0,0,0,False,0,0,0,0,0,0,0,0,"(0.0, 6.0, 898.5)","(0.2, 0.0, 0.0, 1.0)"
0,894392.4,0,0,0,0,0,0,0,0,0,"(0.0, 0.0)","(0.0, 0.0)","(0.0, 0.0)","(0.0, 0.0, 0.0)","(0.0, 0.0, 0.0)","(0.0, 0.0, 0.0)","(0.0, 0.0, 0.0)","(0.0, 0.0, 0.0)","(0.0, 0.0, 0.0)",0,0,0,0,0,0,False,0,0,0,0,0,0,0,0,"(0.0, 6.0, 898.8)","(0.2, 0.0, 0.0, 1.0)"
0,894414.6,0,0,0,0,0,0,0,0,0,"(0.0, 0.0)","(0.0, 0.0)","(0.0, 0.0)","(0.0, 0.0, 0.0)","(0.0, 0.0, 0.0)","(0.0, 0.0, 0.0)","(0.0, 0.0, 0.0)","(0.0, 0.0, 0.0)","(0.0, 0.0, 0.0)",0,0,0,0,0,0,False,0,0,0,0,0,0,0,0,"(0.0, 6.0, 899.0)","(0.2, 0.0, 0.0, 1.0)"
0,894432.3,0,0,0,0,0,0,0,0,0,"(0.0, 0.0)","(0.0, 0.0)","(0.0, 0.0)","(0.0, 0.0, 0.0)","(0.0, 0.0, 0.0)","(0.0, 0.0, 0.0)","(0.0, 0.0, 0.0)","(0.0, 0.0, 0.0)","(0.0, 0.0, 0.0)",0,0,0,0,0,0,False,0,0,0,0,0,0,0,0,"(0.0, 6.0, 899.3)","(0.2, 0.0, 0.0, 1.0)"
0,894452.3,0,0,0,0,0,0,0,0,0,"(0.0, 0.0)","(0.0, 0.0)","(0.0, 0.0)","(0.0, 0.0, 0.0)","(0.0, 0.0, 0.0)","(0.0, 0.0, 0.0)","(0.0, 0.0, 0.0)","(0.0, 0.0, 0.0)","(0.0, 0.0, 0.0)",0,0,0,0,0,0,False,0,0,0,0,0,0,0,0,"(0.0, 6.0, 899.5)","(0.2, 0.0, 0.0, 1.0)"
0,894469.1,0,0,0,0,0,0,0,0,0,"(0.0, 0.0)","(0.0, 0.0)","(0.0, 0.0)","(0.0, 0.0, 0.0)","(0.0, 0.0, 0.0)","(0.0, 0.0, 0.0)","(0.0, 0.0, 0.0)","(0.0, 0.0, 0.0)","(0.0, 0.0, 0.0)",0,0,0,0,0,0,False,0,0,0,0,0,0,0,0,"(0.0, 6.0, 899.8)","(0.2, 0.0, 0.0, 1.0)"
0,894489.3,0,0,0,0,0,0,0,0,0,"(0.0, 0.0)","(0.0, 0.0)","(0.0, 0.0)","(0.0, 0.0, 0.0)","(0.0, 0.0, 0.0)","(0.0, 0.0, 0.0)","(0.0, 0.0, 0.0)","(0.0, 0.0, 0.0)","(0.0, 0.0, 0.0)",0,0,0,0,0,0,False,0,0,0,0,0,0,0,0,"(0.0, 6.0, 900.1)","(0.2, 0.0, 0.0, 1.0)"
0,894508,0,0,0,0,0,0,0,0,0,"(0.0, 0.0)","(0.0, 0.0)","(0.0, 0.0)","(0.0, 0.0, 0.0)","(0.0, 0.0, 0.0)","(0.0, 0.0, 0.0)","(0.0, 0.0, 0.0)","(0.0, 0.0, 0.0)","(0.0, 0.0, 0.0)",0,0,0,0,0,0,False,0,0,0,0,0,0,0,0,"(0.0, 6.0, 900.3)","(0.2, 0.0, 0.0, 1.0)"
0,894531.8,0,0,0,0,0,0,0,0,0,"(0.0, 0.0)","(0.0, 0.0)","(0.0, 0.0)","(0.0, 0.0, 0.0)","(0.0, 0.0, 0.0)","(0.0, 0.0, 0.0)","(0.0, 0.0, 0.0)","(0.0, 0.0, 0.0)","(0.0, 0.0, 0.0)",0,0,0,0,0,0,False,0,0,0,0,0,0,0,0,"(0.0, 6.0, 900.6)","(0.2, 0.0, 0.0, 1.0)"
0,894551.4,0,0,0,0,0,0,0,0,0,"(0.0, 0.0)","(0.0, 0.0)","(0.0, 0.0)","(0.0, 0.0, 0.0)","(0.0, 0.0, 0.0)","(0.0, 0.0, 0.0)","(0.0, 0.0, 0.0)","(0.0, 0.0, 0.0)","(0.0, 0.0, 0.0)",0,0,0,0,0,0,False,0,0,0,0,0,0,0,0,"(0.0, 6.0, 900.9)","(0.2, 0.0, 0.0, 1.0)"
0,894573.6,0,0,0,0,0,0,0,0,0,"(0.0, 0.0)","(0.0, 0.0)","(0.0, 0.0)","(0.0, 0.0, 0.0)","(0.0, 0.0, 0.0)","(0.0, 0.0, 0.0)","(0.0, 0.0, 0.0)","(0.0, 0.0, 0.0)","(0.0, 0.0, 0.0)",0,0,0,0,0,0,False,0,0,0,0,0,0,0,0,"(0.0, 6.0, 901.1)","(0.2, 0.0, 0.0, 1.0)"
0,894596,0,0,0,0,0,0,0,0,0,"(0.0, 0.0)","(0.0, 0.0)","(0.0, 0.0)","(0.0, 0.0, 0.0)","(0.0, 0.0, 0.0)","(0.0, 0.0, 0.0)","(0.0, 0.0, 0.0)","(0.0, 0.0, 0.0)","(0.0, 0.0, 0.0)",0,0,0,0,0,0,False,0,0,0,0,0,0,0,0,"(0.0, 6.0, 901.4)","(0.2, 0.0, 0.0, 1.0)"
0,894634.9,0,0,0,0,0,0,0,0,0,"(0.0, 0.0)","(0.0, 0.0)","(0.0, 0.0)","(0.0, 0.0, 0.0)","(0.0, 0.0, 0.0)","(0.0, 0.0, 0.0)","(0.0, 0.0, 0.0)","(0.0, 0.0, 0.0)","(0.0, 0.0, 0.0)",0,0,0,0,0,0,False,0,0,0,0,0,0,0,0,"(0.0, 6.0, 901.7)","(0.2, 0.0, 0.0, 1.0)"
0,894653.1,0,0,0,0,0,0,0,0,0,"(0.0, 0.0)","(0.0, 0.0)","(0.0, 0.0)","(0.0, 0.0, 0.0)","(0.0, 0.0, 0.0)","(0.0, 0.0, 0.0)","(0.0, 0.0, 0.0)","(0.0, 0.0, 0.0)","(0.0, 0.0, 0.0)",0,0,0,0,0,0,False,0,0,0,0,0,0,0,0,"(0.0, 6.0, 902.0)","(0.2, 0.0, 0.0, 1.0)"
0,894669.8,0,0,0,0,0,0,0,0,0,"(0.0, 0.0)","(0.0, 0.0)","(0.0, 0.0)","(0.0, 0.0, 0.0)","(0.0, 0.0, 0.0)","(0.0, 0.0, 0.0)","(0.0, 0.0, 0.0)","(0.0, 0.0, 0.0)","(0.0, 0.0, 0.0)",0,0,0,0,0,0,False,0,0,0,0,0,0,0,0,"(0.0, 6.0, 902.3)","(0.2, 0.0, 0.0, 1.0)"
0,894688,0,0,0,0,0,0,0,0,0,"(0.0, 0.0)","(0.0, 0.0)","(0.0, 0.0)","(0.0, 0.0, 0.0)","(0.0, 0.0, 0.0)","(0.0, 0.0, 0.0)","(0.0, 0.0, 0.0)","(0.0, 0.0, 0.0)","(0.0, 0.0, 0.0)",0,0,0,0,0,0,False,0,0,0,0,0,0,0,0,"(0.0, 6.0, 902.6)","(0.2, 0.0, 0.0, 1.0)"
0,894709.4,0,0,0,0,0,0,0,0,0,"(0.0, 0.0)","(0.0, 0.0)","(0.0, 0.0)","(0.0, 0.0, 0.0)","(0.0, 0.0, 0.0)","(0.0, 0.0, 0.0)","(0.0, 0.0, 0.0)","(0.0, 0.0, 0.0)","(0.0, 0.0, 0.0)",0,0,0,0,0,0,False,0,0,0,0,0,0,0,0,"(0.0, 6.0, 902.9)","(0.2, 0.0, 0.0, 1.0)"
0,894729.4,0,0,0,0,0,0,0,0,0,"(0.0, 0.0)","(0.0, 0.0)","(0.0, 0.0)","(0.0, 0.0, 0.0)","(0.0, 0.0, 0.0)","(0.0, 0.0, 0.0)","(0.0, 0.0, 0.0)","(0.0, 0.0, 0.0)","(0.0, 0.0, 0.0)",0,0,0,0,0,0,False,0,0,0,0,0,0,0,0,"(0.0, 6.0, 903.2)","(0.2, 0.0, 0.0, 1.0)"
0,894751.5,0,0,0,0,0,0,0,0,0,"(0.0, 0.0)","(0.0, 0.0)","(0.0, 0.0)","(0.0, 0.0, 0.0)","(0.0, 0.0, 0.0)","(0.0, 0.0, 0.0)","(0.0, 0.0, 0.0)","(0.0, 0.0, 0.0)","(0.0, 0.0, 0.0)",0,0,0,0,0,0,False,0,0,0,0,0,0,0,0,"(0.0, 6.0, 903.5)","(0.2, 0.0, 0.0, 1.0)"
0,894773.8,0,0,0,0,0,0,0,0,0,"(0.0, 0.0)","(0.0, 0.0)","(0.0, 0.0)","(0.0, 0.0, 0.0)","(0.0, 0.0, 0.0)","(0.0, 0.0, 0.0)","(0.0, 0.0, 0.0)","(0.0, 0.0, 0.0)","(0.0, 0.0, 0.0)",0,0,0,0,0,0,False,0,0,0,0,0,0,0,0,"(0.0, 6.0, 903.8)","(0.2, 0.0, 0.0, 1.0)"
0,894795.7,0,0,0,0,0,0,0,0,0,"(0.0, 0.0)","(0.0, 0.0)","(0.0, 0.0)","(0.0, 0.0, 0.0)","(0.0, 0.0, 0.0)","(0.0, 0.0, 0.0)","(0.0, 0.0, 0.0)","(0.0, 0.0, 0.0)","(0.0, 0.0, 0.0)",0,0,0,0,0,0,False,0,0,0,0,0,0,0,0,"(0.0, 6.0, 904.1)","(0.2, 0.0, 0.0, 1.0)"
0,894819.2,0,0,0,0,0,0,0,0,0,"(0.0, 0.0)","(0.0, 0.0)","(0.0, 0.0)","(0.0, 0.0, 0.0)","(0.0, 0.0, 0.0)","(0.0, 0.0, 0.0)","(0.0, 0.0, 0.0)","(0.0, 0.0, 0.0)","(0.0, 0.0, 0.0)",0,0,0,0,0,0,False,0,0,0,0,0,0,0,0,"(0.0, 6.0, 904.4)","(0.2, 0.0, 0.0, 1.0)"
0,894839.8,0,0,0,0,0,0,0,0,0,"(0.0, 0.0)","(0.0, 0.0)","(0.0, 0.0)","(0.0, 0.0, 0.0)","(0.0, 0.0, 0.0)","(0.0, 0.0, 0.0)","(0.0, 0.0, 0.0)","(0.0, 0.0, 0.0)","(0.0, 0.0, 0.0)",0,0,0,0,0,0,False,0,0,0,0,0,0,0,0,"(0.0, 6.0, 904.7)","(0.2, 0.0, 0.0, 1.0)"
0,894862.6,0,0,0,0,0,0,0,0,0,"(0.0, 0.0)","(0.0, 0.0)","(0.0, 0.0)","(0.0, 0.0, 0.0)","(0.0, 0.0, 0.0)","(0.0, 0.0, 0.0)","(0.0, 0.0, 0.0)","(0.0, 0.0, 0.0)","(0.0, 0.0, 0.0)",0,0,0,0,0,0,False,0,0,0,0,0,0,0,0,"(0.0, 6.0, 905.0)","(0.2, 0.0, 0.0, 1.0)"
0,894885.1,0,0,0,0,0,0,0,0,0,"(0.0, 0.0)","(0.0, 0.0)","(0.0, 0.0)","(0.0, 0.0, 0.0)","(0.0, 0.0, 0.0)","(0.0, 0.0, 0.0)","(0.0, 0.0, 0.0)","(0.0, 0.0, 0.0)","(0.0, 0.0, 0.0)",0,0,0,0,0,0,False,0,0,0,0,0,0,0,0,"(0.0, 6.0, 905.3)","(0.2, 0.0, 0.0, 1.0)"
0,894906.6,0,0,0,0,0,0,0,0,0,"(0.0, 0.0)","(0.0, 0.0)","(0.0, 0.0)","(0.0, 0.0, 0.0)","(0.0, 0.0, 0.0)","(0.0, 0.0, 0.0)","(0.0, 0.0, 0.0)","(0.0, 0.0, 0.0)","(0.0, 0.0, 0.0)",0,0,0,0,0,0,False,0,0,0,0,0,0,0,0,"(0.0, 6.0, 905.6)","(0.2, 0.0, 0.0, 1.0)"
0,894929.4,0,0,0,0,0,0,0,0,0,"(0.0, 0.0)","(0.0, 0.0)","(0.0, 0.0)","(0.0, 0.0, 0.0)","(0.0, 0.0, 0.0)","(0.0, 0.0, 0.0)","(0.0, 0.0, 0.0)","(0.0, 0.0, 0.0)","(0.0, 0.0, 0.0)",0,0,0,0,0,0,False,0,0,0,0,0,0,0,0,"(0.0, 6.0, 905.9)","(0.2, 0.0, 0.0, 1.0)"
0,894952.1,0,0,0,0,0,0,0,0,0,"(0.0, 0.0)","(0.0, 0.0)","(0.0, 0.0)","(0.0, 0.0, 0.0)","(0.0, 0.0, 0.0)","(0.0, 0.0, 0.0)","(0.0, 0.0, 0.0)","(0.0, 0.0, 0.0)","(0.0, 0.0, 0.0)",0,0,0,0,0,0,False,0,0,0,0,0,0,0,0,"(0.0, 6.0, 906.2)","(0.2, 0.0, 0.0, 1.0)"
0,894973.4,0,0,0,0,0,0,0,0,0,"(0.0, 0.0)","(0.0, 0.0)","(0.0, 0.0)","(0.0, 0.0, 0.0)","(0.0, 0.0, 0.0)","(0.0, 0.0, 0.0)","(0.0, 0.0, 0.0)","(0.0, 0.0, 0.0)","(0.0, 0.0, 0.0)",0,0,0,0,0,0,False,0,0,0,0,0,0,0,0,"(0.0, 6.0, 906.5)","(0.2, 0.0, 0.0, 1.0)"
0,894996.2,0,0,0,0,0,0,0,0,0,"(0.0, 0.0)","(0.0, 0.0)","(0.0, 0.0)","(0.0, 0.0, 0.0)","(0.0, 0.0, 0.0)","(0.0, 0.0, 0.0)","(0.0, 0.0, 0.0)","(0.0, 0.0, 0.0)","(0.0, 0.0, 0.0)",0,0,0,0,0,0,False,0,0,0,0,0,0,0,0,"(0.0, 6.0, 906.8)","(0.2, 0.0, 0.0, 1.0)"
0,895018.3,0,0,0,0,0,0,0,0,0,"(0.0, 0.0)","(0.0, 0.0)","(0.0, 0.0)","(0.0, 0.0, 0.0)","(0.0, 0.0, 0.0)","(0.0, 0.0, 0.0)","(0.0, 0.0, 0.0)","(0.0, 0.0, 0.0)","(0.0, 0.0, 0.0)",0,0,0,0,0,0,False,0,0,0,0,0,0,0,0,"(0.0, 6.0, 907.1)","(0.2, 0.0, 0.0, 1.0)"
0,895040.4,0,0,0,0,0,0,0,0,0,"(0.0, 0.0)","(0.0, 0.0)","(0.0, 0.0)","(0.0, 0.0, 0.0)","(0.0, 0.0, 0.0)","(0.0, 0.0, 0.0)","(0.0, 0.0, 0.0)","(0.0, 0.0, 0.0)","(0.0, 0.0, 0.0)",0,0,0,0,0,0,False,0,0,0,0,0,0,0,0,"(0.0, 6.0, 907.4)","(0.2, 0.0, 0.0, 1.0)"
0,895062.6,0,0,0,0,0,0,0,0,0,"(0.0, 0.0)","(0.0, 0.0)","(0.0, 0.0)","(0.0, 0.0, 0.0)","(0.0, 0.0, 0.0)","(0.0, 0.0, 0.0)","(0.0, 0.0, 0.0)","(0.0, 0.0, 0.0)","(0.0, 0.0, 0.0)",0,0,0,0,0,0,False,0,0,0,0,0,0,0,0,"(0.0, 6.0, 907.7)","(0.2, 0.0, 0.0, 1.0)"
0,895084.9,0,0,0,0,0,0,0,0,0,"(0.0, 0.0)","(0.0, 0.0)","(0.0, 0.0)","(0.0, 0.0, 0.0)","(0.0, 0.0, 0.0)","(0.0, 0.0, 0.0)","(0.0, 0.0, 0.0)","(0.0, 0.0, 0.0)","(0.0, 0.0, 0.0)",0,0,0,0,0,0,False,0,0,0,0,0,0,0,0,"(0.0, 6.0, 908.0)","(0.2, 0.0, 0.0, 1.0)"
0,895106.8,0,0,0,0,0,0,0,0,0,"(0.0, 0.0)","(0.0, 0.0)","(0.0, 0.0)","(0.0, 0.0, 0.0)","(0.0, 0.0, 0.0)","(0.0, 0.0, 0.0)","(0.0, 0.0, 0.0)","(0.0, 0.0, 0.0)","(0.0, 0.0, 0.0)",0,0,0,0,0,0,False,0,0,0,0,0,0,0,0,"(0.0, 6.0, 908.3)","(0.2, 0.0, 0.0, 1.0)"
0,895126.8,0,0,0,0,0,0,0,0,0,"(0.0, 0.0)","(0.0, 0.0)","(0.0, 0.0)","(0.0, 0.0, 0.0)","(0.0, 0.0, 0.0)","(0.0, 0.0, 0.0)","(0.0, 0.0, 0.0)","(0.0, 0.0, 0.0)","(0.0, 0.0, 0.0)",0,0,0,0,0,0,False,0,0,0,0,0,0,0,0,"(0.0, 6.0, 908.6)","(0.2, 0.0, 0.0, 1.0)"
0,895146.1,0,0,0,0,0,0,0,0,0,"(0.0, 0.0)","(0.0, 0.0)","(0.0, 0.0)","(0.0, 0.0, 0.0)","(0.0, 0.0, 0.0)","(0.0, 0.0, 0.0)","(0.0, 0.0, 0.0)","(0.0, 0.0, 0.0)","(0.0, 0.0, 0.0)",0,0,0,0,0,0,False,0,0,0,0,0,0,0,0,"(0.0, 6.0, 908.9)","(0.2, 0.0, 0.0, 1.0)"
0,895165.8,0,0,0,0,0,0,0,0,0,"(0.0, 0.0)","(0.0, 0.0)","(0.0, 0.0)","(0.0, 0.0, 0.0)","(0.0, 0.0, 0.0)","(0.0, 0.0, 0.0)","(0.0, 0.0, 0.0)","(0.0, 0.0, 0.0)","(0.0, 0.0, 0.0)",0,0,0,0,0,0,False,0,0,0,0,0,0,0,0,"(0.0, 6.0, 909.2)","(0.2, 0.0, 0.0, 1.0)"
0,895189.4,0,0,0,0,0,0,0,0,0,"(0.0, 0.0)","(0.0, 0.0)","(0.0, 0.0)","(0.0, 0.0, 0.0)","(0.0, 0.0, 0.0)","(0.0, 0.0, 0.0)","(0.0, 0.0, 0.0)","(0.0, 0.0, 0.0)","(0.0, 0.0, 0.0)",0,0,0,0,0,0,False,0,0,0,0,0,0,0,0,"(0.0, 6.0, 909.5)","(0.2, 0.0, 0.0, 1.0)"
0,895209,0,0,0,0,0,0,0,0,0,"(0.0, 0.0)","(0.0, 0.0)","(0.0, 0.0)","(0.0, 0.0, 0.0)","(0.0, 0.0, 0.0)","(0.0, 0.0, 0.0)","(0.0, 0.0, 0.0)","(0.0, 0.0, 0.0)","(0.0, 0.0, 0.0)",0,0,0,0,0,0,False,0,0,0,0,0,0,0,0,"(0.0, 6.0, 909.8)","(0.2, 0.0, 0.0, 1.0)"
0,895229.8,0,0,0,0,0,0,0,0,0,"(0.0, 0.0)","(0.0, 0.0)","(0.0, 0.0)","(0.0, 0.0, 0.0)","(0.0, 0.0, 0.0)","(0.0, 0.0, 0.0)","(0.0, 0.0, 0.0)","(0.0, 0.0, 0.0)","(0.0, 0.0, 0.0)",0,0,0,0,0,0,False,0,0,0,0,0,0,0,0,"(0.0, 6.0, 910.1)","(0.2, 0.0, 0.0, 1.0)"
0,895252.5,0,0,0,0,0,0,0,0,0,"(0.0, 0.0)","(0.0, 0.0)","(0.0, 0.0)","(0.0, 0.0, 0.0)","(0.0, 0.0, 0.0)","(0.0, 0.0, 0.0)","(0.0, 0.0, 0.0)","(0.0, 0.0, 0.0)","(0.0, 0.0, 0.0)",0,0,0,0,0,0,False,0,0,0,0,0,0,0,0,"(0.0, 6.0, 910.4)","(0.2, 0.0, 0.0, 1.0)"
0,895271.1,0,0,0,0,0,0,0,0,0,"(0.0, 0.0)","(0.0, 0.0)","(0.0, 0.0)","(0.0, 0.0, 0.0)","(0.0, 0.0, 0.0)","(0.0, 0.0, 0.0)","(0.0, 0.0, 0.0)","(0.0, 0.0, 0.0)","(0.0, 0.0, 0.0)",0,0,0,0,0,0,False,0,0,0,0,0,0,0,0,"(0.0, 6.0, 910.7)","(0.2, 0.0, 0.0, 1.0)"
0,895289.9,0,0,0,0,0,0,0,0,0,"(0.0, 0.0)","(0.0, 0.0)","(0.0, 0.0)","(0.0, 0.0, 0.0)","(0.0, 0.0, 0.0)","(0.0, 0.0, 0.0)","(0.0, 0.0, 0.0)","(0.0, 0.0, 0.0)","(0.0, 0.0, 0.0)",0,0,0,0,0,0,False,0,0,0,0,0,0,0,0,"(0.0, 6.0, 911.0)","(0.2, 0.0, 0.0, 1.0)"
0,895307.3,0,0,0,0,0,0,0,0,0,"(0.0, 0.0)","(0.0, 0.0)","(0.0, 0.0)","(0.0, 0.0, 0.0)","(0.0, 0.0, 0.0)","(0.0, 0.0, 0.0)","(0.0, 0.0, 0.0)","(0.0, 0.0, 0.0)","(0.0, 0.0, 0.0)",0,0,0,0,0,0,False,0,0,0,0,0,0,0,0,"(0.0, 6.0, 911.3)","(0.2, 0.0, 0.0, 1.0)"
0,895326.1,0,0,0,0,0,0,0,0,0,"(0.0, 0.0)","(0.0, 0.0)","(0.0, 0.0)","(0.0, 0.0, 0.0)","(0.0, 0.0, 0.0)","(0.0, 0.0, 0.0)","(0.0, 0.0, 0.0)","(0.0, 0.0, 0.0)","(0.0, 0.0, 0.0)",0,0,0,0,0,0,False,0,0,0,0,0,0,0,0,"(0.0, 6.0, 911.6)","(0.2, 0.0, 0.0, 1.0)"
0,895345.4,0,0,0,0,0,0,0,0,0,"(0.0, 0.0)","(0.0, 0.0)","(0.0, 0.0)","(0.0, 0.0, 0.0)","(0.0, 0.0, 0.0)","(0.0, 0.0, 0.0)","(0.0, 0.0, 0.0)","(0.0, 0.0, 0.0)","(0.0, 0.0, 0.0)",0,0,0,0,0,0,False,0,0,0,0,0,0,0,0,"(0.0, 6.0, 911.9)","(0.2, 0.0, 0.0, 1.0)"
0,895369.3,0,0,0,0,0,0,0,0,0,"(0.0, 0.0)","(0.0, 0.0)","(0.0, 0.0)","(0.0, 0.0, 0.0)","(0.0, 0.0, 0.0)","(0.0, 0.0, 0.0)","(0.0, 0.0, 0.0)","(0.0, 0.0, 0.0)","(0.0, 0.0, 0.0)",0,0,0,0,0,0,False,0,0,0,0,0,0,0,0,"(0.0, 6.0, 912.1)","(0.2, 0.0, 0.0, 1.0)"
0,895389.2,0,0,0,0,0,0,0,0,0,"(0.0, 0.0)","(0.0, 0.0)","(0.0, 0.0)","(0.0, 0.0, 0.0)","(0.0, 0.0, 0.0)","(0.0, 0.0, 0.0)","(0.0, 0.0, 0.0)","(0.0, 0.0, 0.0)","(0.0, 0.0, 0.0)",0,0,0,0,0,0,False,0,0,0,0,0,0,0,0,"(0.0, 6.0, 912.4)","(0.2, 0.0, 0.0, 1.0)"
0,895406.4,0,0,0,0,0,0,0,0,0,"(0.0, 0.0)","(0.0, 0.0)","(0.0, 0.0)","(0.0, 0.0, 0.0)","(0.0, 0.0, 0.0)","(0.0, 0.0, 0.0)","(0.0, 0.0, 0.0)","(0.0, 0.0, 0.0)","(0.0, 0.0, 0.0)",0,0,0,0,0,0,False,0,0,0,0,0,0,0,0,"(0.0, 6.0, 912.7)","(0.2, 0.0, 0.0, 1.0)"
0,895424.6,0,0,0,0,0,0,0,0,0,"(0.0, 0.0)","(0.0, 0.0)","(0.0, 0.0)","(0.0, 0.0, 0.0)","(0.0, 0.0, 0.0)","(0.0, 0.0, 0.0)","(0.0, 0.0, 0.0)","(0.0, 0.0, 0.0)","(0.0, 0.0, 0.0)",0,0,0,0,0,0,False,0,0,0,0,0,0,0,0,"(0.0, 6.0, 913.0)","(0.2, 0.0, 0.0, 1.0)"
0,895442.2,0,0,0,0,0,0,0,0,0,"(0.0, 0.0)","(0.0, 0.0)","(0.0, 0.0)","(0.0, 0.0, 0.0)","(0.0, 0.0, 0.0)","(0.0, 0.0, 0.0)","(0.0, 0.0, 0.0)","(0.0, 0.0, 0.0)","(0.0, 0.0, 0.0)",0,0,0,0,0,0,False,0,0,0,0,0,0,0,0,"(0.0, 6.0, 913.3)","(0.2, 0.0, 0.0, 1.0)"
0,895459.5,0,0,0,0,0,0,0,0,0,"(0.0, 0.0)","(0.0, 0.0)","(0.0, 0.0)","(0.0, 0.0, 0.0)","(0.0, 0.0, 0.0)","(0.0, 0.0, 0.0)","(0.0, 0.0, 0.0)","(0.0, 0.0, 0.0)","(0.0, 0.0, 0.0)",0,0,0,0,0,0,False,0,0,0,0,0,0,0,0,"(0.0, 6.0, 913.5)","(0.2, 0.0, 0.0, 1.0)"
0,895478.3,0,0,0,0,0,0,0,0,0,"(0.0, 0.0)","(0.0, 0.0)","(0.0, 0.0)","(0.0, 0.0, 0.0)","(0.0, 0.0, 0.0)","(0.0, 0.0, 0.0)","(0.0, 0.0, 0.0)","(0.0, 0.0, 0.0)","(0.0, 0.0, 0.0)",0,0,0,0,0,0,False,0,0,0,0,0,0,0,0,"(0.0, 6.0, 913.8)","(0.2, 0.0, 0.0, 1.0)"
0,895498.1,0,0,0,0,0,0,0,0,0,"(0.0, 0.0)","(0.0, 0.0)","(0.0, 0.0)","(0.0, 0.0, 0.0)","(0.0, 0.0, 0.0)","(0.0, 0.0, 0.0)","(0.0, 0.0, 0.0)","(0.0, 0.0, 0.0)","(0.0, 0.0, 0.0)",0,0,0,0,0,0,False,0,0,0,0,0,0,0,0,"(0.0, 6.0, 914.1)","(0.2, 0.0, 0.0, 1.0)"
0,895521.7,0,0,0,0,0,0,0,0,0,"(0.0, 0.0)","(0.0, 0.0)","(0.0, 0.0)","(0.0, 0.0, 0.0)","(0.0, 0.0, 0.0)","(0.0, 0.0, 0.0)","(0.0, 0.0, 0.0)","(0.0, 0.0, 0.0)","(0.0, 0.0, 0.0)",0,0,0,0,0,0,False,0,0,0,0,0,0,0,0,"(0.0, 6.0, 914.4)","(0.2, 0.0, 0.0, 1.0)"
0,895542.6,0,0,0,0,0,0,0,0,0,"(0.0, 0.0)","(0.0, 0.0)","(0.0, 0.0)","(0.0, 0.0, 0.0)","(0.0, 0.0, 0.0)","(0.0, 0.0, 0.0)","(0.0, 0.0, 0.0)","(0.0, 0.0, 0.0)","(0.0, 0.0, 0.0)",0,0,0,0,0,0,False,0,0,0,0,0,0,0,0,"(0.0, 6.0, 914.6)","(0.2, 0.0, 0.0, 1.0)"
0,895561.8,0,0,0,0,0,0,0,0,0,"(0.0, 0.0)","(0.0, 0.0)","(0.0, 0.0)","(0.0, 0.0, 0.0)","(0.0, 0.0, 0.0)","(0.0, 0.0, 0.0)","(0.0, 0.0, 0.0)","(0.0, 0.0, 0.0)","(0.0, 0.0, 0.0)",0,0,0,0,0,0,False,0,0,0,0,0,0,0,0,"(0.0, 6.0, 914.9)","(0.2, 0.0, 0.0, 1.0)"
0,895584.7,0,0,0,0,0,0,0,0,0,"(0.0, 0.0)","(0.0, 0.0)","(0.0, 0.0)","(0.0, 0.0, 0.0)","(0.0, 0.0, 0.0)","(0.0, 0.0, 0.0)","(0.0, 0.0, 0.0)","(0.0, 0.0, 0.0)","(0.0, 0.0, 0.0)",0,0,0,0,0,0,False,0,0,0,0,0,0,0,0,"(0.0, 6.0, 915.2)","(0.2, 0.0, 0.0, 1.0)"
0,895606,0,0,0,0,0,0,0,0,0,"(0.0, 0.0)","(0.0, 0.0)","(0.0, 0.0)","(0.0, 0.0, 0.0)","(0.0, 0.0, 0.0)","(0.0, 0.0, 0.0)","(0.0, 0.0, 0.0)","(0.0, 0.0, 0.0)","(0.0, 0.0, 0.0)",0,0,0,0,0,0,False,0,0,0,0,0,0,0,0,"(0.0, 6.0, 915.5)","(0.2, 0.0, 0.0, 1.0)"
0,895629.7,0,0,0,0,0,0,0,0,0,"(0.0, 0.0)","(0.0, 0.0)","(0.0, 0.0)","(0.0, 0.0, 0.0)","(0.0, 0.0, 0.0)","(0.0, 0.0, 0.0)","(0.0, 0.0, 0.0)","(0.0, 0.0, 0.0)","(0.0, 0.0, 0.0)",0,0,0,0,0,0,False,0,0,0,0,0,0,0,0,"(0.0, 6.0, 915.8)","(0.2, 0.0, 0.0, 1.0)"
0,895651.8,0,0,0,0,0,0,0,0,0,"(0.0, 0.0)","(0.0, 0.0)","(0.0, 0.0)","(0.0, 0.0, 0.0)","(0.0, 0.0, 0.0)","(0.0, 0.0, 0.0)","(0.0, 0.0, 0.0)","(0.0, 0.0, 0.0)","(0.0, 0.0, 0.0)",0,0,0,0,0,0,False,0,0,0,0,0,0,0,0,"(0.0, 6.0, 916.1)","(0.2, 0.0, 0.0, 1.0)"
0,895673.3,0,0,0,0,0,0,0,0,0,"(0.0, 0.0)","(0.0, 0.0)","(0.0, 0.0)","(0.0, 0.0, 0.0)","(0.0, 0.0, 0.0)","(0.0, 0.0, 0.0)","(0.0, 0.0, 0.0)","(0.0, 0.0, 0.0)","(0.0, 0.0, 0.0)",0,0,0,0,0,0,False,0,0,0,0,0,0,0,0,"(0.0, 6.0, 916.4)","(0.2, 0.0, 0.0, 1.0)"
0,895696.4,0,0,0,0,0,0,0,0,0,"(0.0, 0.0)","(0.0, 0.0)","(0.0, 0.0)","(0.0, 0.0, 0.0)","(0.0, 0.0, 0.0)","(0.0, 0.0, 0.0)","(0.0, 0.0, 0.0)","(0.0, 0.0, 0.0)","(0.0, 0.0, 0.0)",0,0,0,0,0,0,False,0,0,0,0,0,0,0,0,"(0.0, 6.0, 916.7)","(0.2, 0.0, 0.0, 1.0)"
0,895718,0,0,0,0,0,0,0,0,0,"(0.0, 0.0)","(0.0, 0.0)","(0.0, 0.0)","(0.0, 0.0, 0.0)","(0.0, 0.0, 0.0)","(0.0, 0.0, 0.0)","(0.0, 0.0, 0.0)","(0.0, 0.0, 0.0)","(0.0, 0.0, 0.0)",0,0,0,0,0,0,False,0,0,0,0,0,0,0,0,"(0.0, 6.0, 917.0)","(0.2, 0.0, 0.0, 1.0)"
0,895739.8,0,0,0,0,0,0,0,0,0,"(0.0, 0.0)","(0.0, 0.0)","(0.0, 0.0)","(0.0, 0.0, 0.0)","(0.0, 0.0, 0.0)","(0.0, 0.0, 0.0)","(0.0, 0.0, 0.0)","(0.0, 0.0, 0.0)","(0.0, 0.0, 0.0)",0,0,0,0,0,0,False,0,0,0,0,0,0,0,0,"(0.0, 6.0, 917.3)","(0.2, 0.0, 0.0, 1.0)"
0,895762.7,0,0,0,0,0,0,0,0,0,"(0.0, 0.0)","(0.0, 0.0)","(0.0, 0.0)","(0.0, 0.0, 0.0)","(0.0, 0.0, 0.0)","(0.0, 0.0, 0.0)","(0.0, 0.0, 0.0)","(0.0, 0.0, 0.0)","(0.0, 0.0, 0.0)",0,0,0,0,0,0,False,0,0,0,0,0,0,0,0,"(0.0, 6.0, 917.6)","(0.2, 0.0, 0.0, 1.0)"
0,895785,0,0,0,0,0,0,0,0,0,"(0.0, 0.0)","(0.0, 0.0)","(0.0, 0.0)","(0.0, 0.0, 0.0)","(0.0, 0.0, 0.0)","(0.0, 0.0, 0.0)","(0.0, 0.0, 0.0)","(0.0, 0.0, 0.0)","(0.0, 0.0, 0.0)",0,0,0,0,0,0,False,0,0,0,0,0,0,0,0,"(0.0, 6.0, 917.9)","(0.2, 0.0, 0.0, 1.0)"
0,895806.3,0,0,0,0,0,0,0,0,0,"(0.0, 0.0)","(0.0, 0.0)","(0.0, 0.0)","(0.0, 0.0, 0.0)","(0.0, 0.0, 0.0)","(0.0, 0.0, 0.0)","(0.0, 0.0, 0.0)","(0.0, 0.0, 0.0)","(0.0, 0.0, 0.0)",0,0,0,0,0,0,False,0,0,0,0,0,0,0,0,"(0.0, 6.0, 918.2)","(0.2, 0.0, 0.0, 1.0)"
0,895831.5,0,0,0,0,0,0,0,0,0,"(0.0, 0.0)","(0.0, 0.0)","(0.0, 0.0)","(0.0, 0.0, 0.0)","(0.0, 0.0, 0.0)","(0.0, 0.0, 0.0)","(0.0, 0.0, 0.0)","(0.0, 0.0, 0.0)","(0.0, 0.0, 0.0)",0,0,0,0,0,0,False,0,0,0,0,0,0,0,0,"(0.0, 6.0, 918.5)","(0.2, 0.0, 0.0, 1.0)"
0,895851.9,0,0,0,0,0,0,0,0,0,"(0.0, 0.0)","(0.0, 0.0)","(0.0, 0.0)","(0.0, 0.0, 0.0)","(0.0, 0.0, 0.0)","(0.0, 0.0, 0.0)","(0.0, 0.0, 0.0)","(0.0, 0.0, 0.0)","(0.0, 0.0, 0.0)",0,0,0,0,0,0,False,0,0,0,0,0,0,0,0,"(0.0, 6.0, 918.8)","(0.2, 0.0, 0.0, 1.0)"
0,895872.6,0,0,0,0,0,0,0,0,0,"(0.0, 0.0)","(0.0, 0.0)","(0.0, 0.0)","(0.0, 0.0, 0.0)","(0.0, 0.0, 0.0)","(0.0, 0.0, 0.0)","(0.0, 0.0, 0.0)","(0.0, 0.0, 0.0)","(0.0, 0.0, 0.0)",0,0,0,0,0,0,False,0,0,0,0,0,0,0,0,"(0.0, 6.0, 919.1)","(0.2, 0.0, 0.0, 1.0)"
0,895895.4,0,0,0,0,0,0,0,0,0,"(0.0, 0.0)","(0.0, 0.0)","(0.0, 0.0)","(0.0, 0.0, 0.0)","(0.0, 0.0, 0.0)","(0.0, 0.0, 0.0)","(0.0, 0.0, 0.0)","(0.0, 0.0, 0.0)","(0.0, 0.0, 0.0)",0,0,0,0,0,0,False,0,0,0,0,0,0,0,0,"(0.0, 6.0, 919.4)","(0.2, 0.0, 0.0, 1.0)"
0,895918.4,0,0,0,0,0,0,0,0,0,"(0.0, 0.0)","(0.0, 0.0)","(0.0, 0.0)","(0.0, 0.0, 0.0)","(0.0, 0.0, 0.0)","(0.0, 0.0, 0.0)","(0.0, 0.0, 0.0)","(0.0, 0.0, 0.0)","(0.0, 0.0, 0.0)",0,0,0,0,0,0,False,0,0,0,0,0,0,0,0,"(0.0, 6.0, 919.7)","(0.2, 0.0, 0.0, 1.0)"
0,895939.6,0,0,0,0,0,0,0,0,0,"(0.0, 0.0)","(0.0, 0.0)","(0.0, 0.0)","(0.0, 0.0, 0.0)","(0.0, 0.0, 0.0)","(0.0, 0.0, 0.0)","(0.0, 0.0, 0.0)","(0.0, 0.0, 0.0)","(0.0, 0.0, 0.0)",0,0,0,0,0,0,False,0,0,0,0,0,0,0,0,"(0.0, 6.0, 920.0)","(0.2, 0.0, 0.0, 1.0)"
0,895962.4,0,0,0,0,0,0,0,0,0,"(0.0, 0.0)","(0.0, 0.0)","(0.0, 0.0)","(0.0, 0.0, 0.0)","(0.0, 0.0, 0.0)","(0.0, 0.0, 0.0)","(0.0, 0.0, 0.0)","(0.0, 0.0, 0.0)","(0.0, 0.0, 0.0)",0,0,0,0,0,0,False,0,0,0,0,0,0,0,0,"(0.0, 6.0, 920.3)","(0.2, 0.0, 0.0, 1.0)"
0,895987.3,0,0,0,0,0,0,0,0,0,"(0.0, 0.0)","(0.0, 0.0)","(0.0, 0.0)","(0.0, 0.0, 0.0)","(0.0, 0.0, 0.0)","(0.0, 0.0, 0.0)","(0.0, 0.0, 0.0)","(0.0, 0.0, 0.0)","(0.0, 0.0, 0.0)",0,0,0,0,0,0,False,0,0,0,0,0,0,0,0,"(0.0, 6.0, 920.6)","(0.2, 0.0, 0.0, 1.0)"
0,896006.1,0,0,0,0,0,0,0,0,0,"(0.0, 0.0)","(0.0, 0.0)","(0.0, 0.0)","(0.0, 0.0, 0.0)","(0.0, 0.0, 0.0)","(0.0, 0.0, 0.0)","(0.0, 0.0, 0.0)","(0.0, 0.0, 0.0)","(0.0, 0.0, 0.0)",0,0,0,0,0,0,False,0,0,0,0,0,0,0,0,"(0.0, 6.0, 920.9)","(0.2, 0.0, 0.0, 1.0)"
0,896028.1,0,0,0,0,0,0,0,0,0,"(0.0, 0.0)","(0.0, 0.0)","(0.0, 0.0)","(0.0, 0.0, 0.0)","(0.0, 0.0, 0.0)","(0.0, 0.0, 0.0)","(0.0, 0.0, 0.0)","(0.0, 0.0, 0.0)","(0.0, 0.0, 0.0)",0,0,0,0,0,0,False,0,0,0,0,0,0,0,0,"(0.0, 6.0, 921.2)","(0.2, 0.0, 0.0, 1.0)"
0,896051.4,0,0,0,0,0,0,0,0,0,"(0.0, 0.0)","(0.0, 0.0)","(0.0, 0.0)","(0.0, 0.0, 0.0)","(0.0, 0.0, 0.0)","(0.0, 0.0, 0.0)","(0.0, 0.0, 0.0)","(0.0, 0.0, 0.0)","(0.0, 0.0, 0.0)",0,0,0,0,0,0,False,0,0,0,0,0,0,0,0,"(0.0, 6.0, 921.5)","(0.2, 0.0, 0.0, 1.0)"
0,896072.5,0,0,0,0,0,0,0,0,0,"(0.0, 0.0)","(0.0, 0.0)","(0.0, 0.0)","(0.0, 0.0, 0.0)","(0.0, 0.0, 0.0)","(0.0, 0.0, 0.0)","(0.0, 0.0, 0.0)","(0.0, 0.0, 0.0)","(0.0, 0.0, 0.0)",0,0,0,0,0,0,False,0,0,0,0,0,0,0,0,"(0.0, 6.0, 921.8)","(0.2, 0.0, 0.0, 1.0)"
0,896090.8,0,0,0,0,0,0,0,0,0,"(0.0, 0.0)","(0.0, 0.0)","(0.0, 0.0)","(0.0, 0.0, 0.0)","(0.0, 0.0, 0.0)","(0.0, 0.0, 0.0)","(0.0, 0.0, 0.0)","(0.0, 0.0, 0.0)","(0.0, 0.0, 0.0)",0,0,0,0,0,0,False,0,0,0,0,0,0,0,0,"(0.0, 6.0, 922.1)","(0.2, 0.0, 0.0, 1.0)"
0,896109.4,0,0,0,0,0,0,0,0,0,"(0.0, 0.0)","(0.0, 0.0)","(0.0, 0.0)","(0.0, 0.0, 0.0)","(0.0, 0.0, 0.0)","(0.0, 0.0, 0.0)","(0.0, 0.0, 0.0)","(0.0, 0.0, 0.0)","(0.0, 0.0, 0.0)",0,0,0,0,0,0,False,0,0,0,0,0,0,0,0,"(0.0, 6.0, 922.4)","(0.2, 0.0, 0.0, 1.0)"
0,896129.2,0,0,0,0,0,0,0,0,0,"(0.0, 0.0)","(0.0, 0.0)","(0.0, 0.0)","(0.0, 0.0, 0.0)","(0.0, 0.0, 0.0)","(0.0, 0.0, 0.0)","(0.0, 0.0, 0.0)","(0.0, 0.0, 0.0)","(0.0, 0.0, 0.0)",0,0,0,0,0,0,False,0,0,0,0,0,0,0,0,"(0.0, 6.0, 922.7)","(0.2, 0.0, 0.0, 1.0)"
0,896151.7,0,0,0,0,0,0,0,0,0,"(0.0, 0.0)","(0.0, 0.0)","(0.0, 0.0)","(0.0, 0.0, 0.0)","(0.0, 0.0, 0.0)","(0.0, 0.0, 0.0)","(0.0, 0.0, 0.0)","(0.0, 0.0, 0.0)","(0.0, 0.0, 0.0)",0,0,0,0,0,0,False,0,0,0,0,0,0,0,0,"(0.0, 6.0, 923.0)","(0.2, 0.0, 0.0, 1.0)"
0,896170.9,0,0,0,0,0,0,0,0,0,"(0.0, 0.0)","(0.0, 0.0)","(0.0, 0.0)","(0.0, 0.0, 0.0)","(0.0, 0.0, 0.0)","(0.0, 0.0, 0.0)","(0.0, 0.0, 0.0)","(0.0, 0.0, 0.0)","(0.0, 0.0, 0.0)",0,0,0,0,0,0,False,0,0,0,0,0,0,0,0,"(0.0, 6.0, 923.3)","(0.2, 0.0, 0.0, 1.0)"
0,896189.8,0,0,0,0,0,0,0,0,0,"(0.0, 0.0)","(0.0, 0.0)","(0.0, 0.0)","(0.0, 0.0, 0.0)","(0.0, 0.0, 0.0)","(0.0, 0.0, 0.0)","(0.0, 0.0, 0.0)","(0.0, 0.0, 0.0)","(0.0, 0.0, 0.0)",0,0,0,0,0,0,False,0,0,0,0,0,0,0,0,"(0.0, 6.0, 923.6)","(0.2, 0.0, 0.0, 1.0)"
0,896206.8,0,0,0,0,0,0,0,0,0,"(0.0, 0.0)","(0.0, 0.0)","(0.0, 0.0)","(0.0, 0.0, 0.0)","(0.0, 0.0, 0.0)","(0.0, 0.0, 0.0)","(0.0, 0.0, 0.0)","(0.0, 0.0, 0.0)","(0.0, 0.0, 0.0)",0,0,0,0,0,0,False,0,0,0,0,0,0,0,0,"(0.0, 6.0, 923.9)","(0.2, 0.0, 0.0, 1.0)"
0,896230.4,0,0,0,0,0,0,0,0,0,"(0.0, 0.0)","(0.0, 0.0)","(0.0, 0.0)","(0.0, 0.0, 0.0)","(0.0, 0.0, 0.0)","(0.0, 0.0, 0.0)","(0.0, 0.0, 0.0)","(0.0, 0.0, 0.0)","(0.0, 0.0, 0.0)",0,0,0,0,0,0,False,0,0,0,0,0,0,0,0,"(0.0, 6.0, 924.2)","(0.2, 0.0, 0.0, 1.0)"
0,896250.4,0,0,0,0,0,0,0,0,0,"(0.0, 0.0)","(0.0, 0.0)","(0.0, 0.0)","(0.0, 0.0, 0.0)","(0.0, 0.0, 0.0)","(0.0, 0.0, 0.0)","(0.0, 0.0, 0.0)","(0.0, 0.0, 0.0)","(0.0, 0.0, 0.0)",0,0,0,0,0,0,False,0,0,0,0,0,0,0,0,"(0.0, 6.0, 924.5)","(0.2, 0.0, 0.0, 1.0)"
0,896270.9,0,0,0,0,0,0,0,0,0,"(0.0, 0.0)","(0.0, 0.0)","(0.0, 0.0)","(0.0, 0.0, 0.0)","(0.0, 0.0, 0.0)","(0.0, 0.0, 0.0)","(0.0, 0.0, 0.0)","(0.0, 0.0, 0.0)","(0.0, 0.0, 0.0)",0,0,0,0,0,0,False,0,0,0,0,0,0,0,0,"(0.0, 6.0, 924.8)","(0.2, 0.0, 0.0, 1.0)"
0,896288.4,0,0,0,0,0,0,0,0,0,"(0.0, 0.0)","(0.0, 0.0)","(0.0, 0.0)","(0.0, 0.0, 0.0)","(0.0, 0.0, 0.0)","(0.0, 0.0, 0.0)","(0.0, 0.0, 0.0)","(0.0, 0.0, 0.0)","(0.0, 0.0, 0.0)",0,0,0,0,0,0,False,0,0,0,0,0,0,0,0,"(0.0, 6.0, 925.0)","(0.2, 0.0, 0.0, 1.0)"
0,896309.3,0,0,0,0,0,0,0,0,0,"(0.0, 0.0)","(0.0, 0.0)","(0.0, 0.0)","(0.0, 0.0, 0.0)","(0.0, 0.0, 0.0)","(0.0, 0.0, 0.0)","(0.0, 0.0, 0.0)","(0.0, 0.0, 0.0)","(0.0, 0.0, 0.0)",0,0,0,0,0,0,False,0,0,0,0,0,0,0,0,"(0.0, 6.0, 925.3)","(0.2, 0.0, 0.0, 1.0)"
0,896328.4,0,0,0,0,0,0,0,0,0,"(0.0, 0.0)","(0.0, 0.0)","(0.0, 0.0)","(0.0, 0.0, 0.0)","(0.0, 0.0, 0.0)","(0.0, 0.0, 0.0)","(0.0, 0.0, 0.0)","(0.0, 0.0, 0.0)","(0.0, 0.0, 0.0)",0,0,0,0,0,0,False,0,0,0,0,0,0,0,0,"(0.0, 6.0, 925.6)","(0.2, 0.0, 0.0, 1.0)"
0,896349.1,0,0,0,0,0,0,0,0,0,"(0.0, 0.0)","(0.0, 0.0)","(0.0, 0.0)","(0.0, 0.0, 0.0)","(0.0, 0.0, 0.0)","(0.0, 0.0, 0.0)","(0.0, 0.0, 0.0)","(0.0, 0.0, 0.0)","(0.0, 0.0, 0.0)",0,0,0,0,0,0,False,0,0,0,0,0,0,0,0,"(0.0, 6.0, 925.9)","(0.2, 0.0, 0.0, 1.0)"
0,896369.4,0,0,0,0,0,0,0,0,0,"(0.0, 0.0)","(0.0, 0.0)","(0.0, 0.0)","(0.0, 0.0, 0.0)","(0.0, 0.0, 0.0)","(0.0, 0.0, 0.0)","(0.0, 0.0, 0.0)","(0.0, 0.0, 0.0)","(0.0, 0.0, 0.0)",0,0,0,0,0,0,False,0,0,0,0,0,0,0,0,"(0.0, 6.0, 926.2)","(0.2, 0.0, 0.0, 1.0)"
0,896388.4,0,0,0,0,0,0,0,0,0,"(0.0, 0.0)","(0.0, 0.0)","(0.0, 0.0)","(0.0, 0.0, 0.0)","(0.0, 0.0, 0.0)","(0.0, 0.0, 0.0)","(0.0, 0.0, 0.0)","(0.0, 0.0, 0.0)","(0.0, 0.0, 0.0)",0,0,0,0,0,0,False,0,0,0,0,0,0,0,0,"(0.0, 6.0, 926.5)","(0.2, 0.0, 0.0, 1.0)"
0,896406.6,0,0,0,0,0,0,0,0,0,"(0.0, 0.0)","(0.0, 0.0)","(0.0, 0.0)","(0.0, 0.0, 0.0)","(0.0, 0.0, 0.0)","(0.0, 0.0, 0.0)","(0.0, 0.0, 0.0)","(0.0, 0.0, 0.0)","(0.0, 0.0, 0.0)",0,0,0,0,0,0,False,0,0,0,0,0,0,0,0,"(0.0, 6.0, 926.7)","(0.2, 0.0, 0.0, 1.0)"
0,896424.5,0,0,0,0,0,0,0,0,0,"(0.0, 0.0)","(0.0, 0.0)","(0.0, 0.0)","(0.0, 0.0, 0.0)","(0.0, 0.0, 0.0)","(0.0, 0.0, 0.0)","(0.0, 0.0, 0.0)","(0.0, 0.0, 0.0)","(0.0, 0.0, 0.0)",0,0,0,0,0,0,False,0,0,0,0,0,0,0,0,"(0.0, 6.0, 927.0)","(0.2, 0.0, 0.0, 1.0)"
0,896441.4,0,0,0,0,0,0,0,0,0,"(0.0, 0.0)","(0.0, 0.0)","(0.0, 0.0)","(0.0, 0.0, 0.0)","(0.0, 0.0, 0.0)","(0.0, 0.0, 0.0)","(0.0, 0.0, 0.0)","(0.0, 0.0, 0.0)","(0.0, 0.0, 0.0)",0,0,0,0,0,0,False,0,0,0,0,0,0,0,0,"(0.0, 6.0, 927.3)","(0.2, 0.0, 0.0, 1.0)"
0,896460.3,0,0,0,0,0,0,0,0,0,"(0.0, 0.0)","(0.0, 0.0)","(0.0, 0.0)","(0.0, 0.0, 0.0)","(0.0, 0.0, 0.0)","(0.0, 0.0, 0.0)","(0.0, 0.0, 0.0)","(0.0, 0.0, 0.0)","(0.0, 0.0, 0.0)",0,0,0,0,0,0,False,0,0,0,0,0,0,0,0,"(0.0, 6.0, 927.6)","(0.2, 0.0, 0.0, 1.0)"
0,896480.9,0,0,0,0,0,0,0,0,0,"(0.0, 0.0)","(0.0, 0.0)","(0.0, 0.0)","(0.0, 0.0, 0.0)","(0.0, 0.0, 0.0)","(0.0, 0.0, 0.0)","(0.0, 0.0, 0.0)","(0.0, 0.0, 0.0)","(0.0, 0.0, 0.0)",0,0,0,0,0,0,False,0,0,0,0,0,0,0,0,"(0.0, 6.0, 927.8)","(0.2, 0.0, 0.0, 1.0)"
0,896501.3,0,0,0,0,0,0,0,0,0,"(0.0, 0.0)","(0.0, 0.0)","(0.0, 0.0)","(0.0, 0.0, 0.0)","(0.0, 0.0, 0.0)","(0.0, 0.0, 0.0)","(0.0, 0.0, 0.0)","(0.0, 0.0, 0.0)","(0.0, 0.0, 0.0)",0,0,0,0,0,0,False,0,0,0,0,0,0,0,0,"(0.0, 6.0, 928.1)","(0.2, 0.0, 0.0, 1.0)"
0,896520.9,0,0,0,0,0,0,0,0,0,"(0.0, 0.0)","(0.0, 0.0)","(0.0, 0.0)","(0.0, 0.0, 0.0)","(0.0, 0.0, 0.0)","(0.0, 0.0, 0.0)","(0.0, 0.0, 0.0)","(0.0, 0.0, 0.0)","(0.0, 0.0, 0.0)",0,0,0,0,0,0,False,0,0,0,0,0,0,0,0,"(0.0, 6.0, 928.4)","(0.2, 0.0, 0.0, 1.0)"
0,896539.5,0,0,0,0,0,0,0,0,0,"(0.0, 0.0)","(0.0, 0.0)","(0.0, 0.0)","(0.0, 0.0, 0.0)","(0.0, 0.0, 0.0)","(0.0, 0.0, 0.0)","(0.0, 0.0, 0.0)","(0.0, 0.0, 0.0)","(0.0, 0.0, 0.0)",0,0,0,0,0,0,False,0,0,0,0,0,0,0,0,"(0.0, 6.0, 928.7)","(0.2, 0.0, 0.0, 1.0)"
0,896564.7,0,0,0,0,0,0,0,0,0,"(0.0, 0.0)","(0.0, 0.0)","(0.0, 0.0)","(0.0, 0.0, 0.0)","(0.0, 0.0, 0.0)","(0.0, 0.0, 0.0)","(0.0, 0.0, 0.0)","(0.0, 0.0, 0.0)","(0.0, 0.0, 0.0)",0,0,0,0,0,0,False,0,0,0,0,0,0,0,0,"(0.0, 6.0, 928.9)","(0.2, 0.0, 0.0, 1.0)"
0,896582.8,0,0,0,0,0,0,0,0,0,"(0.0, 0.0)","(0.0, 0.0)","(0.0, 0.0)","(0.0, 0.0, 0.0)","(0.0, 0.0, 0.0)","(0.0, 0.0, 0.0)","(0.0, 0.0, 0.0)","(0.0, 0.0, 0.0)","(0.0, 0.0, 0.0)",0,0,0,0,0,0,False,0,0,0,0,0,0,0,0,"(0.0, 6.0, 929.2)","(0.2, 0.0, 0.0, 1.0)"
0,896603,0,0,0,0,0,0,0,0,0,"(0.0, 0.0)","(0.0, 0.0)","(0.0, 0.0)","(0.0, 0.0, 0.0)","(0.0, 0.0, 0.0)","(0.0, 0.0, 0.0)","(0.0, 0.0, 0.0)","(0.0, 0.0, 0.0)","(0.0, 0.0, 0.0)",0,0,0,0,0,0,False,0,0,0,0,0,0,0,0,"(0.0, 6.0, 929.5)","(0.2, 0.0, 0.0, 1.0)"
0,896623.6,0,0,0,0,0,0,0,0,0,"(0.0, 0.0)","(0.0, 0.0)","(0.0, 0.0)","(0.0, 0.0, 0.0)","(0.0, 0.0, 0.0)","(0.0, 0.0, 0.0)","(0.0, 0.0, 0.0)","(0.0, 0.0, 0.0)","(0.0, 0.0, 0.0)",0,0,0,0,0,0,False,0,0,0,0,0,0,0,0,"(0.0, 6.0, 929.8)","(0.2, 0.0, 0.0, 1.0)"
0,896643.4,0,0,0,0,0,0,0,0,0,"(0.0, 0.0)","(0.0, 0.0)","(0.0, 0.0)","(0.0, 0.0, 0.0)","(0.0, 0.0, 0.0)","(0.0, 0.0, 0.0)","(0.0, 0.0, 0.0)","(0.0, 0.0, 0.0)","(0.0, 0.0, 0.0)",0,0,0,0,0,0,False,0,0,0,0,0,0,0,0,"(0.0, 6.0, 930.1)","(0.2, 0.0, 0.0, 1.0)"
0,896661.9,0,0,0,0,0,0,0,0,0,"(0.0, 0.0)","(0.0, 0.0)","(0.0, 0.0)","(0.0, 0.0, 0.0)","(0.0, 0.0, 0.0)","(0.0, 0.0, 0.0)","(0.0, 0.0, 0.0)","(0.0, 0.0, 0.0)","(0.0, 0.0, 0.0)",0,0,0,0,0,0,False,0,0,0,0,0,0,0,0,"(0.0, 6.0, 930.3)","(0.2, 0.0, 0.0, 1.0)"
0,896684.8,0,0,0,0,0,0,0,0,0,"(0.0, 0.0)","(0.0, 0.0)","(0.0, 0.0)","(0.0, 0.0, 0.0)","(0.0, 0.0, 0.0)","(0.0, 0.0, 0.0)","(0.0, 0.0, 0.0)","(0.0, 0.0, 0.0)","(0.0, 0.0, 0.0)",0,0,0,0,0,0,False,0,0,0,0,0,0,0,0,"(0.0, 6.0, 930.6)","(0.2, 0.0, 0.0, 1.0)"
0,896705.6,0,0,0,0,0,0,0,0,0,"(0.0, 0.0)","(0.0, 0.0)","(0.0, 0.0)","(0.0, 0.0, 0.0)","(0.0, 0.0, 0.0)","(0.0, 0.0, 0.0)","(0.0, 0.0, 0.0)","(0.0, 0.0, 0.0)","(0.0, 0.0, 0.0)",0,0,0,0,0,0,False,0,0,0,0,0,0,0,0,"(0.0, 6.0, 930.9)","(0.2, 0.0, 0.0, 1.0)"
0,896728.6,0,0,0,0,0,0,0,0,0,"(0.0, 0.0)","(0.0, 0.0)","(0.0, 0.0)","(0.0, 0.0, 0.0)","(0.0, 0.0, 0.0)","(0.0, 0.0, 0.0)","(0.0, 0.0, 0.0)","(0.0, 0.0, 0.0)","(0.0, 0.0, 0.0)",0,0,0,0,0,0,False,0,0,0,0,0,0,0,0,"(0.0, 6.0, 931.2)","(0.2, 0.0, 0.0, 1.0)"
0,896750.9,0,0,0,0,0,0,0,0,0,"(0.0, 0.0)","(0.0, 0.0)","(0.0, 0.0)","(0.0, 0.0, 0.0)","(0.0, 0.0, 0.0)","(0.0, 0.0, 0.0)","(0.0, 0.0, 0.0)","(0.0, 0.0, 0.0)","(0.0, 0.0, 0.0)",0,0,0,0,0,0,False,0,0,0,0,0,0,0,0,"(0.0, 6.0, 931.5)","(0.2, 0.0, 0.0, 1.0)"
0,896772.3,0,0,0,0,0,0,0,0,0,"(0.0, 0.0)","(0.0, 0.0)","(0.0, 0.0)","(0.0, 0.0, 0.0)","(0.0, 0.0, 0.0)","(0.0, 0.0, 0.0)","(0.0, 0.0, 0.0)","(0.0, 0.0, 0.0)","(0.0, 0.0, 0.0)",0,0,0,0,0,0,False,0,0,0,0,0,0,0,0,"(0.0, 6.0, 931.8)","(0.2, 0.0, 0.0, 1.0)"
0,896794.8,0,0,0,0,0,0,0,0,0,"(0.0, 0.0)","(0.0, 0.0)","(0.0, 0.0)","(0.0, 0.0, 0.0)","(0.0, 0.0, 0.0)","(0.0, 0.0, 0.0)","(0.0, 0.0, 0.0)","(0.0, 0.0, 0.0)","(0.0, 0.0, 0.0)",0,0,0,0,0,0,False,0,0,0,0,0,0,0,0,"(0.0, 6.0, 932.1)","(0.2, 0.0, 0.0, 1.0)"
0,896817.4,0,0,0,0,0,0,0,0,0,"(0.0, 0.0)","(0.0, 0.0)","(0.0, 0.0)","(0.0, 0.0, 0.0)","(0.0, 0.0, 0.0)","(0.0, 0.0, 0.0)","(0.0, 0.0, 0.0)","(0.0, 0.0, 0.0)","(0.0, 0.0, 0.0)",0,0,0,0,0,0,False,0,0,0,0,0,0,0,0,"(0.0, 6.0, 932.4)","(0.2, 0.0, 0.0, 1.0)"
0,896839.5,0,0,0,0,0,0,0,0,0,"(0.0, 0.0)","(0.0, 0.0)","(0.0, 0.0)","(0.0, 0.0, 0.0)","(0.0, 0.0, 0.0)","(0.0, 0.0, 0.0)","(0.0, 0.0, 0.0)","(0.0, 0.0, 0.0)","(0.0, 0.0, 0.0)",0,0,0,0,0,0,False,0,0,0,0,0,0,0,0,"(0.0, 6.0, 932.7)","(0.2, 0.0, 0.0, 1.0)"
0,896861.9,0,0,0,0,0,0,0,0,0,"(0.0, 0.0)","(0.0, 0.0)","(0.0, 0.0)","(0.0, 0.0, 0.0)","(0.0, 0.0, 0.0)","(0.0, 0.0, 0.0)","(0.0, 0.0, 0.0)","(0.0, 0.0, 0.0)","(0.0, 0.0, 0.0)",0,0,0,0,0,0,False,0,0,0,0,0,0,0,0,"(0.0, 6.0, 933.0)","(0.2, 0.0, 0.0, 1.0)"
0,896891.4,0,0,0,0,0,0,0,0,0,"(0.0, 0.0)","(0.0, 0.0)","(0.0, 0.0)","(0.0, 0.0, 0.0)","(0.0, 0.0, 0.0)","(0.0, 0.0, 0.0)","(0.0, 0.0, 0.0)","(0.0, 0.0, 0.0)","(0.0, 0.0, 0.0)",0,0,0,0,0,0,False,0,0,0,0,0,0,0,0,"(0.0, 6.0, 933.3)","(0.2, 0.0, 0.0, 1.0)"
0,896915.2,0,0,0,0,0,0,0,0,0,"(0.0, 0.0)","(0.0, 0.0)","(0.0, 0.0)","(0.0, 0.0, 0.0)","(0.0, 0.0, 0.0)","(0.0, 0.0, 0.0)","(0.0, 0.0, 0.0)","(0.0, 0.0, 0.0)","(0.0, 0.0, 0.0)",0,0,0,0,0,0,False,0,0,0,0,0,0,0,0,"(0.0, 6.0, 933.6)","(0.2, 0.0, 0.0, 1.0)"
0,896935.1,0,0,0,0,0,0,0,0,0,"(0.0, 0.0)","(0.0, 0.0)","(0.0, 0.0)","(0.0, 0.0, 0.0)","(0.0, 0.0, 0.0)","(0.0, 0.0, 0.0)","(0.0, 0.0, 0.0)","(0.0, 0.0, 0.0)","(0.0, 0.0, 0.0)",0,0,0,0,0,0,False,0,0,0,0,0,0,0,0,"(0.0, 6.0, 933.9)","(0.2, 0.0, 0.0, 1.0)"
0,896957.3,0,0,0,0,0,0,0,0,0,"(0.0, 0.0)","(0.0, 0.0)","(0.0, 0.0)","(0.0, 0.0, 0.0)","(0.0, 0.0, 0.0)","(0.0, 0.0, 0.0)","(0.0, 0.0, 0.0)","(0.0, 0.0, 0.0)","(0.0, 0.0, 0.0)",0,0,0,0,0,0,False,0,0,0,0,0,0,0,0,"(0.0, 6.0, 934.2)","(0.2, 0.0, 0.0, 1.0)"
0,896975.9,0,0,0,0,0,0,0,0,0,"(0.0, 0.0)","(0.0, 0.0)","(0.0, 0.0)","(0.0, 0.0, 0.0)","(0.0, 0.0, 0.0)","(0.0, 0.0, 0.0)","(0.0, 0.0, 0.0)","(0.0, 0.0, 0.0)","(0.0, 0.0, 0.0)",0,0,0,0,0,0,False,0,0,0,0,0,0,0,0,"(0.0, 6.0, 934.5)","(0.2, 0.0, 0.0, 1.0)"
0,896994.7,0,0,0,0,0,0,0,0,0,"(0.0, 0.0)","(0.0, 0.0)","(0.0, 0.0)","(0.0, 0.0, 0.0)","(0.0, 0.0, 0.0)","(0.0, 0.0, 0.0)","(0.0, 0.0, 0.0)","(0.0, 0.0, 0.0)","(0.0, 0.0, 0.0)",0,0,0,0,0,0,False,0,0,0,0,0,0,0,0,"(0.0, 6.0, 934.8)","(0.2, 0.0, 0.0, 1.0)"
0,897018.7,0,0,0,0,0,0,0,0,0,"(0.0, 0.0)","(0.0, 0.0)","(0.0, 0.0)","(0.0, 0.0, 0.0)","(0.0, 0.0, 0.0)","(0.0, 0.0, 0.0)","(0.0, 0.0, 0.0)","(0.0, 0.0, 0.0)","(0.0, 0.0, 0.0)",0,0,0,0,0,0,False,0,0,0,0,0,0,0,0,"(0.0, 6.0, 935.1)","(0.2, 0.0, 0.0, 1.0)"
0,897037.5,0,0,0,0,0,0,0,0,0,"(0.0, 0.0)","(0.0, 0.0)","(0.0, 0.0)","(0.0, 0.0, 0.0)","(0.0, 0.0, 0.0)","(0.0, 0.0, 0.0)","(0.0, 0.0, 0.0)","(0.0, 0.0, 0.0)","(0.0, 0.0, 0.0)",0,0,0,0,0,0,False,0,0,0,0,0,0,0,0,"(0.0, 6.0, 935.4)","(0.2, 0.0, 0.0, 1.0)"
0,897056.4,0,0,0,0,0,0,0,0,0,"(0.0, 0.0)","(0.0, 0.0)","(0.0, 0.0)","(0.0, 0.0, 0.0)","(0.0, 0.0, 0.0)","(0.0, 0.0, 0.0)","(0.0, 0.0, 0.0)","(0.0, 0.0, 0.0)","(0.0, 0.0, 0.0)",0,0,0,0,0,0,False,0,0,0,0,0,0,0,0,"(0.0, 6.0, 935.7)","(0.2, 0.0, 0.0, 1.0)"
0,897074.6,0,0,0,0,0,0,0,0,0,"(0.0, 0.0)","(0.0, 0.0)","(0.0, 0.0)","(0.0, 0.0, 0.0)","(0.0, 0.0, 0.0)","(0.0, 0.0, 0.0)","(0.0, 0.0, 0.0)","(0.0, 0.0, 0.0)","(0.0, 0.0, 0.0)",0,0,0,0,0,0,False,0,0,0,0,0,0,0,0,"(0.0, 6.0, 936.0)","(0.2, 0.0, 0.0, 1.0)"
0,897091.9,0,0,0,0,0,0,0,0,0,"(0.0, 0.0)","(0.0, 0.0)","(0.0, 0.0)","(0.0, 0.0, 0.0)","(0.0, 0.0, 0.0)","(0.0, 0.0, 0.0)","(0.0, 0.0, 0.0)","(0.0, 0.0, 0.0)","(0.0, 0.0, 0.0)",0,0,0,0,0,0,False,0,0,0,0,0,0,0,0,"(0.0, 6.0, 936.3)","(0.2, 0.0, 0.0, 1.0)"
0,897109.9,0,0,0,0,0,0,0,0,0,"(0.0, 0.0)","(0.0, 0.0)","(0.0, 0.0)","(0.0, 0.0, 0.0)","(0.0, 0.0, 0.0)","(0.0, 0.0, 0.0)","(0.0, 0.0, 0.0)","(0.0, 0.0, 0.0)","(0.0, 0.0, 0.0)",0,0,0,0,0,0,False,0,0,0,0,0,0,0,0,"(0.0, 6.0, 936.6)","(0.2, 0.0, 0.0, 1.0)"
0,897127.4,0,0,0,0,0,0,0,0,0,"(0.0, 0.0)","(0.0, 0.0)","(0.0, 0.0)","(0.0, 0.0, 0.0)","(0.0, 0.0, 0.0)","(0.0, 0.0, 0.0)","(0.0, 0.0, 0.0)","(0.0, 0.0, 0.0)","(0.0, 0.0, 0.0)",0,0,0,0,0,0,False,0,0,0,0,0,0,0,0,"(0.0, 6.0, 936.8)","(0.2, 0.0, 0.0, 1.0)"
0,897145.9,0,0,0,0,0,0,0,0,0,"(0.0, 0.0)","(0.0, 0.0)","(0.0, 0.0)","(0.0, 0.0, 0.0)","(0.0, 0.0, 0.0)","(0.0, 0.0, 0.0)","(0.0, 0.0, 0.0)","(0.0, 0.0, 0.0)","(0.0, 0.0, 0.0)",0,0,0,0,0,0,False,0,0,0,0,0,0,0,0,"(0.0, 6.0, 937.1)","(0.2, 0.0, 0.0, 1.0)"
0,897164.3,0,0,0,0,0,0,0,0,0,"(0.0, 0.0)","(0.0, 0.0)","(0.0, 0.0)","(0.0, 0.0, 0.0)","(0.0, 0.0, 0.0)","(0.0, 0.0, 0.0)","(0.0, 0.0, 0.0)","(0.0, 0.0, 0.0)","(0.0, 0.0, 0.0)",0,0,0,0,0,0,False,0,0,0,0,0,0,0,0,"(0.0, 6.0, 937.4)","(0.2, 0.0, 0.0, 1.0)"
0,897184.8,0,0,0,0,0,0,0,0,0,"(0.0, 0.0)","(0.0, 0.0)","(0.0, 0.0)","(0.0, 0.0, 0.0)","(0.0, 0.0, 0.0)","(0.0, 0.0, 0.0)","(0.0, 0.0, 0.0)","(0.0, 0.0, 0.0)","(0.0, 0.0, 0.0)",0,0,0,0,0,0,False,0,0,0,0,0,0,0,0,"(0.0, 6.0, 937.7)","(0.2, 0.0, 0.0, 1.0)"
0,897208.5,0,0,0,0,0,0,0,0,0,"(0.0, 0.0)","(0.0, 0.0)","(0.0, 0.0)","(0.0, 0.0, 0.0)","(0.0, 0.0, 0.0)","(0.0, 0.0, 0.0)","(0.0, 0.0, 0.0)","(0.0, 0.0, 0.0)","(0.0, 0.0, 0.0)",0,0,0,0,0,0,False,0,0,0,0,0,0,0,0,"(0.0, 6.0, 937.9)","(0.2, 0.0, 0.0, 1.0)"
0,897226.7,0,0,0,0,0,0,0,0,0,"(0.0, 0.0)","(0.0, 0.0)","(0.0, 0.0)","(0.0, 0.0, 0.0)","(0.0, 0.0, 0.0)","(0.0, 0.0, 0.0)","(0.0, 0.0, 0.0)","(0.0, 0.0, 0.0)","(0.0, 0.0, 0.0)",0,0,0,0,0,0,False,0,0,0,0,0,0,0,0,"(0.0, 6.0, 938.2)","(0.2, 0.0, 0.0, 1.0)"
0,897246.2,0,0,0,0,0,0,0,0,0,"(0.0, 0.0)","(0.0, 0.0)","(0.0, 0.0)","(0.0, 0.0, 0.0)","(0.0, 0.0, 0.0)","(0.0, 0.0, 0.0)","(0.0, 0.0, 0.0)","(0.0, 0.0, 0.0)","(0.0, 0.0, 0.0)",0,0,0,0,0,0,False,0,0,0,0,0,0,0,0,"(0.0, 6.0, 938.5)","(0.2, 0.0, 0.0, 1.0)"
0,897266.4,0,0,0,0,0,0,0,0,0,"(0.0, 0.0)","(0.0, 0.0)","(0.0, 0.0)","(0.0, 0.0, 0.0)","(0.0, 0.0, 0.0)","(0.0, 0.0, 0.0)","(0.0, 0.0, 0.0)","(0.0, 0.0, 0.0)","(0.0, 0.0, 0.0)",0,0,0,0,0,0,False,0,0,0,0,0,0,0,0,"(0.0, 6.0, 938.8)","(0.2, 0.0, 0.0, 1.0)"
0,897285,0,0,0,0,0,0,0,0,0,"(0.0, 0.0)","(0.0, 0.0)","(0.0, 0.0)","(0.0, 0.0, 0.0)","(0.0, 0.0, 0.0)","(0.0, 0.0, 0.0)","(0.0, 0.0, 0.0)","(0.0, 0.0, 0.0)","(0.0, 0.0, 0.0)",0,0,0,0,0,0,False,0,0,0,0,0,0,0,0,"(0.0, 6.0, 939.1)","(0.2, 0.0, 0.0, 1.0)"
0,897303.3,0,0,0,0,0,0,0,0,0,"(0.0, 0.0)","(0.0, 0.0)","(0.0, 0.0)","(0.0, 0.0, 0.0)","(0.0, 0.0, 0.0)","(0.0, 0.0, 0.0)","(0.0, 0.0, 0.0)","(0.0, 0.0, 0.0)","(0.0, 0.0, 0.0)",0,0,0,0,0,0,False,0,0,0,0,0,0,0,0,"(0.0, 6.0, 939.3)","(0.2, 0.0, 0.0, 1.0)"
0,897320.9,0,0,0,0,0,0,0,0,0,"(0.0, 0.0)","(0.0, 0.0)","(0.0, 0.0)","(0.0, 0.0, 0.0)","(0.0, 0.0, 0.0)","(0.0, 0.0, 0.0)","(0.0, 0.0, 0.0)","(0.0, 0.0, 0.0)","(0.0, 0.0, 0.0)",0,0,0,0,0,0,False,0,0,0,0,0,0,0,0,"(0.0, 6.0, 939.6)","(0.2, 0.0, 0.0, 1.0)"
0,897339.6,0,0,0,0,0,0,0,0,0,"(0.0, 0.0)","(0.0, 0.0)","(0.0, 0.0)","(0.0, 0.0, 0.0)","(0.0, 0.0, 0.0)","(0.0, 0.0, 0.0)","(0.0, 0.0, 0.0)","(0.0, 0.0, 0.0)","(0.0, 0.0, 0.0)",0,0,0,0,0,0,False,0,0,0,0,0,0,0,0,"(0.0, 6.0, 939.9)","(0.2, 0.0, 0.0, 1.0)"
0,897358.5,0,0,0,0,0,0,0,0,0,"(0.0, 0.0)","(0.0, 0.0)","(0.0, 0.0)","(0.0, 0.0, 0.0)","(0.0, 0.0, 0.0)","(0.0, 0.0, 0.0)","(0.0, 0.0, 0.0)","(0.0, 0.0, 0.0)","(0.0, 0.0, 0.0)",0,0,0,0,0,0,False,0,0,0,0,0,0,0,0,"(0.0, 6.0, 940.2)","(0.2, 0.0, 0.0, 1.0)"
0,897385.8,0,0,0,0,0,0,0,0,0,"(0.0, 0.0)","(0.0, 0.0)","(0.0, 0.0)","(0.0, 0.0, 0.0)","(0.0, 0.0, 0.0)","(0.0, 0.0, 0.0)","(0.0, 0.0, 0.0)","(0.0, 0.0, 0.0)","(0.0, 0.0, 0.0)",0,0,0,0,0,0,False,0,0,0,0,0,0,0,0,"(0.0, 6.0, 940.4)","(0.2, 0.0, 0.0, 1.0)"
0,897402.8,0,0,0,0,0,0,0,0,0,"(0.0, 0.0)","(0.0, 0.0)","(0.0, 0.0)","(0.0, 0.0, 0.0)","(0.0, 0.0, 0.0)","(0.0, 0.0, 0.0)","(0.0, 0.0, 0.0)","(0.0, 0.0, 0.0)","(0.0, 0.0, 0.0)",0,0,0,0,0,0,False,0,0,0,0,0,0,0,0,"(0.0, 6.0, 940.7)","(0.2, 0.0, 0.0, 1.0)"
0,897420.8,0,0,0,0,0,0,0,0,0,"(0.0, 0.0)","(0.0, 0.0)","(0.0, 0.0)","(0.0, 0.0, 0.0)","(0.0, 0.0, 0.0)","(0.0, 0.0, 0.0)","(0.0, 0.0, 0.0)","(0.0, 0.0, 0.0)","(0.0, 0.0, 0.0)",0,0,0,0,0,0,False,0,0,0,0,0,0,0,0,"(0.0, 6.0, 941.0)","(0.2, 0.0, 0.0, 1.0)"
0,897438.4,0,0,0,0,0,0,0,0,0,"(0.0, 0.0)","(0.0, 0.0)","(0.0, 0.0)","(0.0, 0.0, 0.0)","(0.0, 0.0, 0.0)","(0.0, 0.0, 0.0)","(0.0, 0.0, 0.0)","(0.0, 0.0, 0.0)","(0.0, 0.0, 0.0)",0,0,0,0,0,0,False,0,0,0,0,0,0,0,0,"(0.0, 6.0, 941.3)","(0.2, 0.0, 0.0, 1.0)"
0,897455.9,0,0,0,0,0,0,0,0,0,"(0.0, 0.0)","(0.0, 0.0)","(0.0, 0.0)","(0.0, 0.0, 0.0)","(0.0, 0.0, 0.0)","(0.0, 0.0, 0.0)","(0.0, 0.0, 0.0)","(0.0, 0.0, 0.0)","(0.0, 0.0, 0.0)",0,0,0,0,0,0,False,0,0,0,0,0,0,0,0,"(0.0, 6.0, 941.5)","(0.2, 0.0, 0.0, 1.0)"
0,897472.4,0,0,0,0,0,0,0,0,0,"(0.0, 0.0)","(0.0, 0.0)","(0.0, 0.0)","(0.0, 0.0, 0.0)","(0.0, 0.0, 0.0)","(0.0, 0.0, 0.0)","(0.0, 0.0, 0.0)","(0.0, 0.0, 0.0)","(0.0, 0.0, 0.0)",0,0,0,0,0,0,False,0,0,0,0,0,0,0,0,"(0.0, 6.0, 941.8)","(0.2, 0.0, 0.0, 1.0)"
0,897495,0,0,0,0,0,0,0,0,0,"(0.0, 0.0)","(0.0, 0.0)","(0.0, 0.0)","(0.0, 0.0, 0.0)","(0.0, 0.0, 0.0)","(0.0, 0.0, 0.0)","(0.0, 0.0, 0.0)","(0.0, 0.0, 0.0)","(0.0, 0.0, 0.0)",0,0,0,0,0,0,False,0,0,0,0,0,0,0,0,"(0.0, 6.0, 942.1)","(0.2, 0.0, 0.0, 1.0)"
0,897517.3,0,0,0,0,0,0,0,0,0,"(0.0, 0.0)","(0.0, 0.0)","(0.0, 0.0)","(0.0, 0.0, 0.0)","(0.0, 0.0, 0.0)","(0.0, 0.0, 0.0)","(0.0, 0.0, 0.0)","(0.0, 0.0, 0.0)","(0.0, 0.0, 0.0)",0,0,0,0,0,0,False,0,0,0,0,0,0,0,0,"(0.0, 6.0, 942.3)","(0.2, 0.0, 0.0, 1.0)"
0,897539.2,0,0,0,0,0,0,0,0,0,"(0.0, 0.0)","(0.0, 0.0)","(0.0, 0.0)","(0.0, 0.0, 0.0)","(0.0, 0.0, 0.0)","(0.0, 0.0, 0.0)","(0.0, 0.0, 0.0)","(0.0, 0.0, 0.0)","(0.0, 0.0, 0.0)",0,0,0,0,0,0,False,0,0,0,0,0,0,0,0,"(0.0, 6.0, 942.6)","(0.2, 0.0, 0.0, 1.0)"
0,897561.1,0,0,0,0,0,0,0,0,0,"(0.0, 0.0)","(0.0, 0.0)","(0.0, 0.0)","(0.0, 0.0, 0.0)","(0.0, 0.0, 0.0)","(0.0, 0.0, 0.0)","(0.0, 0.0, 0.0)","(0.0, 0.0, 0.0)","(0.0, 0.0, 0.0)",0,0,0,0,0,0,False,0,0,0,0,0,0,0,0,"(0.0, 6.0, 942.9)","(0.2, 0.0, 0.0, 1.0)"
0,897584.3,0,0,0,0,0,0,0,0,0,"(0.0, 0.0)","(0.0, 0.0)","(0.0, 0.0)","(0.0, 0.0, 0.0)","(0.0, 0.0, 0.0)","(0.0, 0.0, 0.0)","(0.0, 0.0, 0.0)","(0.0, 0.0, 0.0)","(0.0, 0.0, 0.0)",0,0,0,0,0,0,False,0,0,0,0,0,0,0,0,"(0.0, 6.0, 943.2)","(0.2, 0.0, 0.0, 1.0)"
0,897605.5,0,0,0,0,0,0,0,0,0,"(0.0, 0.0)","(0.0, 0.0)","(0.0, 0.0)","(0.0, 0.0, 0.0)","(0.0, 0.0, 0.0)","(0.0, 0.0, 0.0)","(0.0, 0.0, 0.0)","(0.0, 0.0, 0.0)","(0.0, 0.0, 0.0)",0,0,0,0,0,0,False,0,0,0,0,0,0,0,0,"(0.0, 6.0, 943.5)","(0.2, 0.0, 0.0, 1.0)"
0,897628.3,0,0,0,0,0,0,0,0,0,"(0.0, 0.0)","(0.0, 0.0)","(0.0, 0.0)","(0.0, 0.0, 0.0)","(0.0, 0.0, 0.0)","(0.0, 0.0, 0.0)","(0.0, 0.0, 0.0)","(0.0, 0.0, 0.0)","(0.0, 0.0, 0.0)",0,0,0,0,0,0,False,0,0,0,0,0,0,0,0,"(0.0, 6.0, 943.8)","(0.2, 0.0, 0.0, 1.0)"
0,897650.5,0,0,0,0,0,0,0,0,0,"(0.0, 0.0)","(0.0, 0.0)","(0.0, 0.0)","(0.0, 0.0, 0.0)","(0.0, 0.0, 0.0)","(0.0, 0.0, 0.0)","(0.0, 0.0, 0.0)","(0.0, 0.0, 0.0)","(0.0, 0.0, 0.0)",0,0,0,0,0,0,False,0,0,0,0,0,0,0,0,"(0.0, 6.0, 944.1)","(0.2, 0.0, 0.0, 1.0)"
0,897672.3,0,0,0,0,0,0,0,0,0,"(0.0, 0.0)","(0.0, 0.0)","(0.0, 0.0)","(0.0, 0.0, 0.0)","(0.0, 0.0, 0.0)","(0.0, 0.0, 0.0)","(0.0, 0.0, 0.0)","(0.0, 0.0, 0.0)","(0.0, 0.0, 0.0)",0,0,0,0,0,0,False,0,0,0,0,0,0,0,0,"(0.0, 6.0, 944.3)","(0.2, 0.0, 0.0, 1.0)"
0,897694.3,0,0,0,0,0,0,0,0,0,"(0.0, 0.0)","(0.0, 0.0)","(0.0, 0.0)","(0.0, 0.0, 0.0)","(0.0, 0.0, 0.0)","(0.0, 0.0, 0.0)","(0.0, 0.0, 0.0)","(0.0, 0.0, 0.0)","(0.0, 0.0, 0.0)",0,0,0,0,0,0,False,0,0,0,0,0,0,0,0,"(0.0, 6.0, 944.6)","(0.2, 0.0, 0.0, 1.0)"
0,897717.2,0,0,0,0,0,0,0,0,0,"(0.0, 0.0)","(0.0, 0.0)","(0.0, 0.0)","(0.0, 0.0, 0.0)","(0.0, 0.0, 0.0)","(0.0, 0.0, 0.0)","(0.0, 0.0, 0.0)","(0.0, 0.0, 0.0)","(0.0, 0.0, 0.0)",0,0,0,0,0,0,False,0,0,0,0,0,0,0,0,"(0.0, 6.0, 944.9)","(0.2, 0.0, 0.0, 1.0)"
0,897738.9,0,0,0,0,0,0,0,0,0,"(0.0, 0.0)","(0.0, 0.0)","(0.0, 0.0)","(0.0, 0.0, 0.0)","(0.0, 0.0, 0.0)","(0.0, 0.0, 0.0)","(0.0, 0.0, 0.0)","(0.0, 0.0, 0.0)","(0.0, 0.0, 0.0)",0,0,0,0,0,0,False,0,0,0,0,0,0,0,0,"(0.0, 6.0, 945.2)","(0.2, 0.0, 0.0, 1.0)"
0,897761.1,0,0,0,0,0,0,0,0,0,"(0.0, 0.0)","(0.0, 0.0)","(0.0, 0.0)","(0.0, 0.0, 0.0)","(0.0, 0.0, 0.0)","(0.0, 0.0, 0.0)","(0.0, 0.0, 0.0)","(0.0, 0.0, 0.0)","(0.0, 0.0, 0.0)",0,0,0,0,0,0,False,0,0,0,0,0,0,0,0,"(0.0, 6.0, 945.5)","(0.2, 0.0, 0.0, 1.0)"
0,897784.4,0,0,0,0,0,0,0,0,0,"(0.0, 0.0)","(0.0, 0.0)","(0.0, 0.0)","(0.0, 0.0, 0.0)","(0.0, 0.0, 0.0)","(0.0, 0.0, 0.0)","(0.0, 0.0, 0.0)","(0.0, 0.0, 0.0)","(0.0, 0.0, 0.0)",0,0,0,0,0,0,False,0,0,0,0,0,0,0,0,"(0.0, 6.0, 945.8)","(0.2, 0.0, 0.0, 1.0)"
0,897805.6,0,0,0,0,0,0,0,0,0,"(0.0, 0.0)","(0.0, 0.0)","(0.0, 0.0)","(0.0, 0.0, 0.0)","(0.0, 0.0, 0.0)","(0.0, 0.0, 0.0)","(0.0, 0.0, 0.0)","(0.0, 0.0, 0.0)","(0.0, 0.0, 0.0)",0,0,0,0,0,0,False,0,0,0,0,0,0,0,0,"(0.0, 6.0, 946.1)","(0.2, 0.0, 0.0, 1.0)"
0,897828,0,0,0,0,0,0,0,0,0,"(0.0, 0.0)","(0.0, 0.0)","(0.0, 0.0)","(0.0, 0.0, 0.0)","(0.0, 0.0, 0.0)","(0.0, 0.0, 0.0)","(0.0, 0.0, 0.0)","(0.0, 0.0, 0.0)","(0.0, 0.0, 0.0)",0,0,0,0,0,0,False,0,0,0,0,0,0,0,0,"(0.0, 6.0, 946.4)","(0.2, 0.0, 0.0, 1.0)"
0,897851.1,0,0,0,0,0,0,0,0,0,"(0.0, 0.0)","(0.0, 0.0)","(0.0, 0.0)","(0.0, 0.0, 0.0)","(0.0, 0.0, 0.0)","(0.0, 0.0, 0.0)","(0.0, 0.0, 0.0)","(0.0, 0.0, 0.0)","(0.0, 0.0, 0.0)",0,0,0,0,0,0,False,0,0,0,0,0,0,0,0,"(0.0, 6.0, 946.7)","(0.2, 0.0, 0.0, 1.0)"
0,897872.2,0,0,0,0,0,0,0,0,0,"(0.0, 0.0)","(0.0, 0.0)","(0.0, 0.0)","(0.0, 0.0, 0.0)","(0.0, 0.0, 0.0)","(0.0, 0.0, 0.0)","(0.0, 0.0, 0.0)","(0.0, 0.0, 0.0)","(0.0, 0.0, 0.0)",0,0,0,0,0,0,False,0,0,0,0,0,0,0,0,"(0.0, 6.0, 947.0)","(0.2, 0.0, 0.0, 1.0)"
0,897894.9,0,0,0,0,0,0,0,0,0,"(0.0, 0.0)","(0.0, 0.0)","(0.0, 0.0)","(0.0, 0.0, 0.0)","(0.0, 0.0, 0.0)","(0.0, 0.0, 0.0)","(0.0, 0.0, 0.0)","(0.0, 0.0, 0.0)","(0.0, 0.0, 0.0)",0,0,0,0,0,0,False,0,0,0,0,0,0,0,0,"(0.0, 6.0, 947.4)","(0.2, 0.0, 0.0, 1.0)"
0,897918,0,0,0,0,0,0,0,0,0,"(0.0, 0.0)","(0.0, 0.0)","(0.0, 0.0)","(0.0, 0.0, 0.0)","(0.0, 0.0, 0.0)","(0.0, 0.0, 0.0)","(0.0, 0.0, 0.0)","(0.0, 0.0, 0.0)","(0.0, 0.0, 0.0)",0,0,0,0,0,0,False,0,0,0,0,0,0,0,0,"(0.0, 6.0, 947.7)","(0.2, 0.0, 0.0, 1.0)"
0,897942.9,0,0,0,0,0,0,0,0,0,"(0.0, 0.0)","(0.0, 0.0)","(0.0, 0.0)","(0.0, 0.0, 0.0)","(0.0, 0.0, 0.0)","(0.0, 0.0, 0.0)","(0.0, 0.0, 0.0)","(0.0, 0.0, 0.0)","(0.0, 0.0, 0.0)",0,0,0,0,0,0,False,0,0,0,0,0,0,0,0,"(0.0, 6.0, 948.0)","(0.2, 0.0, 0.0, 1.0)"
0,897964.6,0,0,0,0,0,0,0,0,0,"(0.0, 0.0)","(0.0, 0.0)","(0.0, 0.0)","(0.0, 0.0, 0.0)","(0.0, 0.0, 0.0)","(0.0, 0.0, 0.0)","(0.0, 0.0, 0.0)","(0.0, 0.0, 0.0)","(0.0, 0.0, 0.0)",0,0,0,0,0,0,False,0,0,0,0,0,0,0,0,"(0.0, 6.0, 948.3)","(0.2, 0.0, 0.0, 1.0)"
0,897989.4,0,0,0,0,0,0,0,0,0,"(0.0, 0.0)","(0.0, 0.0)","(0.0, 0.0)","(0.0, 0.0, 0.0)","(0.0, 0.0, 0.0)","(0.0, 0.0, 0.0)","(0.0, 0.0, 0.0)","(0.0, 0.0, 0.0)","(0.0, 0.0, 0.0)",0,0,0,0,0,0,False,0,0,0,0,0,0,0,0,"(0.0, 6.0, 948.6)","(0.2, 0.0, 0.0, 1.0)"
0,898007.8,0,0,0,0,0,0,0,0,0,"(0.0, 0.0)","(0.0, 0.0)","(0.0, 0.0)","(0.0, 0.0, 0.0)","(0.0, 0.0, 0.0)","(0.0, 0.0, 0.0)","(0.0, 0.0, 0.0)","(0.0, 0.0, 0.0)","(0.0, 0.0, 0.0)",0,0,0,0,0,0,False,0,0,0,0,0,0,0,0,"(0.0, 6.0, 948.9)","(0.2, 0.0, 0.0, 1.0)"
0,898026,0,0,0,0,0,0,0,0,0,"(0.0, 0.0)","(0.0, 0.0)","(0.0, 0.0)","(0.0, 0.0, 0.0)","(0.0, 0.0, 0.0)","(0.0, 0.0, 0.0)","(0.0, 0.0, 0.0)","(0.0, 0.0, 0.0)","(0.0, 0.0, 0.0)",0,0,0,0,0,0,False,0,0,0,0,0,0,0,0,"(0.0, 6.0, 949.2)","(0.2, 0.0, 0.0, 1.0)"
0,898045.8,0,0,0,0,0,0,0,0,0,"(0.0, 0.0)","(0.0, 0.0)","(0.0, 0.0)","(0.0, 0.0, 0.0)","(0.0, 0.0, 0.0)","(0.0, 0.0, 0.0)","(0.0, 0.0, 0.0)","(0.0, 0.0, 0.0)","(0.0, 0.0, 0.0)",0,0,0,0,0,0,False,0,0,0,0,0,0,0,0,"(0.0, 6.0, 949.5)","(0.2, 0.0, 0.0, 1.0)"
0,898065.4,0,0,0,0,0,0,0,0,0,"(0.0, 0.0)","(0.0, 0.0)","(0.0, 0.0)","(0.0, 0.0, 0.0)","(0.0, 0.0, 0.0)","(0.0, 0.0, 0.0)","(0.0, 0.0, 0.0)","(0.0, 0.0, 0.0)","(0.0, 0.0, 0.0)",0,0,0,0,0,0,False,0,0,0,0,0,0,0,0,"(0.0, 6.0, 949.8)","(0.2, 0.0, 0.0, 1.0)"
0,898084.1,0,0,0,0,0,0,0,0,0,"(0.0, 0.0)","(0.0, 0.0)","(0.0, 0.0)","(0.0, 0.0, 0.0)","(0.0, 0.0, 0.0)","(0.0, 0.0, 0.0)","(0.0, 0.0, 0.0)","(0.0, 0.0, 0.0)","(0.0, 0.0, 0.0)",0,0,0,0,0,0,False,0,0,0,0,0,0,0,0,"(0.0, 6.0, 950.1)","(0.2, 0.0, 0.0, 1.0)"
0,898103,0,0,0,0,0,0,0,0,0,"(0.0, 0.0)","(0.0, 0.0)","(0.0, 0.0)","(0.0, 0.0, 0.0)","(0.0, 0.0, 0.0)","(0.0, 0.0, 0.0)","(0.0, 0.0, 0.0)","(0.0, 0.0, 0.0)","(0.0, 0.0, 0.0)",0,0,0,0,0,0,False,0,0,0,0,0,0,0,0,"(0.0, 6.0, 950.4)","(0.2, 0.0, 0.0, 1.0)"
0,898121.1,0,0,0,0,0,0,0,0,0,"(0.0, 0.0)","(0.0, 0.0)","(0.0, 0.0)","(0.0, 0.0, 0.0)","(0.0, 0.0, 0.0)","(0.0, 0.0, 0.0)","(0.0, 0.0, 0.0)","(0.0, 0.0, 0.0)","(0.0, 0.0, 0.0)",0,0,0,0,0,0,False,0,0,0,0,0,0,0,0,"(0.0, 6.0, 950.7)","(0.2, 0.0, 0.0, 1.0)"
0,898141,0,0,0,0,0,0,0,0,0,"(0.0, 0.0)","(0.0, 0.0)","(0.0, 0.0)","(0.0, 0.0, 0.0)","(0.0, 0.0, 0.0)","(0.0, 0.0, 0.0)","(0.0, 0.0, 0.0)","(0.0, 0.0, 0.0)","(0.0, 0.0, 0.0)",0,0,0,0,0,0,False,0,0,0,0,0,0,0,0,"(0.0, 6.0, 951.0)","(0.2, 0.0, 0.0, 1.0)"
0,898163.3,0,0,0,0,0,0,0,0,0,"(0.0, 0.0)","(0.0, 0.0)","(0.0, 0.0)","(0.0, 0.0, 0.0)","(0.0, 0.0, 0.0)","(0.0, 0.0, 0.0)","(0.0, 0.0, 0.0)","(0.0, 0.0, 0.0)","(0.0, 0.0, 0.0)",0,0,0,0,0,0,False,0,0,0,0,0,0,0,0,"(0.0, 6.0, 951.3)","(0.2, 0.0, 0.0, 1.0)"
0,898181.7,0,0,0,0,0,0,0,0,0,"(0.0, 0.0)","(0.0, 0.0)","(0.0, 0.0)","(0.0, 0.0, 0.0)","(0.0, 0.0, 0.0)","(0.0, 0.0, 0.0)","(0.0, 0.0, 0.0)","(0.0, 0.0, 0.0)","(0.0, 0.0, 0.0)",0,0,0,0,0,0,False,0,0,0,0,0,0,0,0,"(0.0, 6.0, 951.5)","(0.2, 0.0, 0.0, 1.0)"
0,898201.4,0,0,0,0,0,0,0,0,0,"(0.0, 0.0)","(0.0, 0.0)","(0.0, 0.0)","(0.0, 0.0, 0.0)","(0.0, 0.0, 0.0)","(0.0, 0.0, 0.0)","(0.0, 0.0, 0.0)","(0.0, 0.0, 0.0)","(0.0, 0.0, 0.0)",0,0,0,0,0,0,False,0,0,0,0,0,0,0,0,"(0.0, 6.0, 951.8)","(0.2, 0.0, 0.0, 1.0)"
0,898218.3,0,0,0,0,0,0,0,0,0,"(0.0, 0.0)","(0.0, 0.0)","(0.0, 0.0)","(0.0, 0.0, 0.0)","(0.0, 0.0, 0.0)","(0.0, 0.0, 0.0)","(0.0, 0.0, 0.0)","(0.0, 0.0, 0.0)","(0.0, 0.0, 0.0)",0,0,0,0,0,0,False,0,0,0,0,0,0,0,0,"(0.0, 6.0, 952.1)","(0.2, 0.0, 0.0, 1.0)"
0,898236.7,0,0,0,0,0,0,0,0,0,"(0.0, 0.0)","(0.0, 0.0)","(0.0, 0.0)","(0.0, 0.0, 0.0)","(0.0, 0.0, 0.0)","(0.0, 0.0, 0.0)","(0.0, 0.0, 0.0)","(0.0, 0.0, 0.0)","(0.0, 0.0, 0.0)",0,0,0,0,0,0,False,0,0,0,0,0,0,0,0,"(0.0, 6.0, 952.4)","(0.2, 0.0, 0.0, 1.0)"
0,898253.1,0,0,0,0,0,0,0,0,0,"(0.0, 0.0)","(0.0, 0.0)","(0.0, 0.0)","(0.0, 0.0, 0.0)","(0.0, 0.0, 0.0)","(0.0, 0.0, 0.0)","(0.0, 0.0, 0.0)","(0.0, 0.0, 0.0)","(0.0, 0.0, 0.0)",0,0,0,0,0,0,False,0,0,0,0,0,0,0,0,"(0.0, 6.0, 952.7)","(0.2, 0.0, 0.0, 1.0)"
0,898272,0,0,0,0,0,0,0,0,0,"(0.0, 0.0)","(0.0, 0.0)","(0.0, 0.0)","(0.0, 0.0, 0.0)","(0.0, 0.0, 0.0)","(0.0, 0.0, 0.0)","(0.0, 0.0, 0.0)","(0.0, 0.0, 0.0)","(0.0, 0.0, 0.0)",0,0,0,0,0,0,False,0,0,0,0,0,0,0,0,"(0.0, 6.0, 952.9)","(0.2, 0.0, 0.0, 1.0)"
0,898290.1,0,0,0,0,0,0,0,0,0,"(0.0, 0.0)","(0.0, 0.0)","(0.0, 0.0)","(0.0, 0.0, 0.0)","(0.0, 0.0, 0.0)","(0.0, 0.0, 0.0)","(0.0, 0.0, 0.0)","(0.0, 0.0, 0.0)","(0.0, 0.0, 0.0)",0,0,0,0,0,0,False,0,0,0,0,0,0,0,0,"(0.0, 6.0, 953.2)","(0.2, 0.0, 0.0, 1.0)"
0,898308.1,0,0,0,0,0,0,0,0,0,"(0.0, 0.0)","(0.0, 0.0)","(0.0, 0.0)","(0.0, 0.0, 0.0)","(0.0, 0.0, 0.0)","(0.0, 0.0, 0.0)","(0.0, 0.0, 0.0)","(0.0, 0.0, 0.0)","(0.0, 0.0, 0.0)",0,0,0,0,0,0,False,0,0,0,0,0,0,0,0,"(0.0, 6.0, 953.5)","(0.2, 0.0, 0.0, 1.0)"
0,898325.6,0,0,0,0,0,0,0,0,0,"(0.0, 0.0)","(0.0, 0.0)","(0.0, 0.0)","(0.0, 0.0, 0.0)","(0.0, 0.0, 0.0)","(0.0, 0.0, 0.0)","(0.0, 0.0, 0.0)","(0.0, 0.0, 0.0)","(0.0, 0.0, 0.0)",0,0,0,0,0,0,False,0,0,0,0,0,0,0,0,"(0.0, 6.0, 953.7)","(0.2, 0.0, 0.0, 1.0)"
0,898344.6,0,0,0,0,0,0,0,0,0,"(0.0, 0.0)","(0.0, 0.0)","(0.0, 0.0)","(0.0, 0.0, 0.0)","(0.0, 0.0, 0.0)","(0.0, 0.0, 0.0)","(0.0, 0.0, 0.0)","(0.0, 0.0, 0.0)","(0.0, 0.0, 0.0)",0,0,0,0,0,0,False,0,0,0,0,0,0,0,0,"(0.0, 6.0, 954.0)","(0.2, 0.0, 0.0, 1.0)"
0,898368.9,0,0,0,0,0,0,0,0,0,"(0.0, 0.0)","(0.0, 0.0)","(0.0, 0.0)","(0.0, 0.0, 0.0)","(0.0, 0.0, 0.0)","(0.0, 0.0, 0.0)","(0.0, 0.0, 0.0)","(0.0, 0.0, 0.0)","(0.0, 0.0, 0.0)",0,0,0,0,0,0,False,0,0,0,0,0,0,0,0,"(0.0, 6.0, 954.3)","(0.2, 0.0, 0.0, 1.0)"
0,898387.3,0,0,0,0,0,0,0,0,0,"(0.0, 0.0)","(0.0, 0.0)","(0.0, 0.0)","(0.0, 0.0, 0.0)","(0.0, 0.0, 0.0)","(0.0, 0.0, 0.0)","(0.0, 0.0, 0.0)","(0.0, 0.0, 0.0)","(0.0, 0.0, 0.0)",0,0,0,0,0,0,False,0,0,0,0,0,0,0,0,"(0.0, 6.0, 954.5)","(0.2, 0.0, 0.0, 1.0)"
0,898405,0,0,0,0,0,0,0,0,0,"(0.0, 0.0)","(0.0, 0.0)","(0.0, 0.0)","(0.0, 0.0, 0.0)","(0.0, 0.0, 0.0)","(0.0, 0.0, 0.0)","(0.0, 0.0, 0.0)","(0.0, 0.0, 0.0)","(0.0, 0.0, 0.0)",0,0,0,0,0,0,False,0,0,0,0,0,0,0,0,"(0.0, 6.0, 954.8)","(0.2, 0.0, 0.0, 1.0)"
0,898427.1,0,0,0,0,0,0,0,0,0,"(0.0, 0.0)","(0.0, 0.0)","(0.0, 0.0)","(0.0, 0.0, 0.0)","(0.0, 0.0, 0.0)","(0.0, 0.0, 0.0)","(0.0, 0.0, 0.0)","(0.0, 0.0, 0.0)","(0.0, 0.0, 0.0)",0,0,0,0,0,0,False,0,0,0,0,0,0,0,0,"(0.0, 6.0, 955.1)","(0.2, 0.0, 0.0, 1.0)"
0,898449.2,0,0,0,0,0,0,0,0,0,"(0.0, 0.0)","(0.0, 0.0)","(0.0, 0.0)","(0.0, 0.0, 0.0)","(0.0, 0.0, 0.0)","(0.0, 0.0, 0.0)","(0.0, 0.0, 0.0)","(0.0, 0.0, 0.0)","(0.0, 0.0, 0.0)",0,0,0,0,0,0,False,0,0,0,0,0,0,0,0,"(0.0, 6.0, 955.4)","(0.2, 0.0, 0.0, 1.0)"
0,898471.3,0,0,0,0,0,0,0,0,0,"(0.0, 0.0)","(0.0, 0.0)","(0.0, 0.0)","(0.0, 0.0, 0.0)","(0.0, 0.0, 0.0)","(0.0, 0.0, 0.0)","(0.0, 0.0, 0.0)","(0.0, 0.0, 0.0)","(0.0, 0.0, 0.0)",0,0,0,0,0,0,False,0,0,0,0,0,0,0,0,"(0.0, 6.0, 955.6)","(0.2, 0.0, 0.0, 1.0)"
0,898493.9,0,0,0,0,0,0,0,0,0,"(0.0, 0.0)","(0.0, 0.0)","(0.0, 0.0)","(0.0, 0.0, 0.0)","(0.0, 0.0, 0.0)","(0.0, 0.0, 0.0)","(0.0, 0.0, 0.0)","(0.0, 0.0, 0.0)","(0.0, 0.0, 0.0)",0,0,0,0,0,0,False,0,0,0,0,0,0,0,0,"(0.0, 6.0, 955.9)","(0.2, 0.0, 0.0, 1.0)"
0,898517.1,0,0,0,0,0,0,0,0,0,"(0.0, 0.0)","(0.0, 0.0)","(0.0, 0.0)","(0.0, 0.0, 0.0)","(0.0, 0.0, 0.0)","(0.0, 0.0, 0.0)","(0.0, 0.0, 0.0)","(0.0, 0.0, 0.0)","(0.0, 0.0, 0.0)",0,0,0,0,0,0,False,0,0,0,0,0,0,0,0,"(0.0, 6.0, 956.2)","(0.2, 0.0, 0.0, 1.0)"
0,898538.1,0,0,0,0,0,0,0,0,0,"(0.0, 0.0)","(0.0, 0.0)","(0.0, 0.0)","(0.0, 0.0, 0.0)","(0.0, 0.0, 0.0)","(0.0, 0.0, 0.0)","(0.0, 0.0, 0.0)","(0.0, 0.0, 0.0)","(0.0, 0.0, 0.0)",0,0,0,0,0,0,False,0,0,0,0,0,0,0,0,"(0.0, 6.0, 956.5)","(0.2, 0.0, 0.0, 1.0)"
0,898560.3,0,0,0,0,0,0,0,0,0,"(0.0, 0.0)","(0.0, 0.0)","(0.0, 0.0)","(0.0, 0.0, 0.0)","(0.0, 0.0, 0.0)","(0.0, 0.0, 0.0)","(0.0, 0.0, 0.0)","(0.0, 0.0, 0.0)","(0.0, 0.0, 0.0)",0,0,0,0,0,0,False,0,0,0,0,0,0,0,0,"(0.0, 6.0, 956.8)","(0.2, 0.0, 0.0, 1.0)"
0,898583.4,0,0,0,0,0,0,0,0,0,"(0.0, 0.0)","(0.0, 0.0)","(0.0, 0.0)","(0.0, 0.0, 0.0)","(0.0, 0.0, 0.0)","(0.0, 0.0, 0.0)","(0.0, 0.0, 0.0)","(0.0, 0.0, 0.0)","(0.0, 0.0, 0.0)",0,0,0,0,0,0,False,0,0,0,0,0,0,0,0,"(0.0, 6.0, 957.1)","(0.2, 0.0, 0.0, 1.0)"
0,898604.5,0,0,0,0,0,0,0,0,0,"(0.0, 0.0)","(0.0, 0.0)","(0.0, 0.0)","(0.0, 0.0, 0.0)","(0.0, 0.0, 0.0)","(0.0, 0.0, 0.0)","(0.0, 0.0, 0.0)","(0.0, 0.0, 0.0)","(0.0, 0.0, 0.0)",0,0,0,0,0,0,False,0,0,0,0,0,0,0,0,"(0.0, 6.0, 957.4)","(0.2, 0.0, 0.0, 1.0)"
0,898627.5,0,0,0,0,0,0,0,0,0,"(0.0, 0.0)","(0.0, 0.0)","(0.0, 0.0)","(0.0, 0.0, 0.0)","(0.0, 0.0, 0.0)","(0.0, 0.0, 0.0)","(0.0, 0.0, 0.0)","(0.0, 0.0, 0.0)","(0.0, 0.0, 0.0)",0,0,0,0,0,0,False,0,0,0,0,0,0,0,0,"(0.0, 6.0, 957.7)","(0.2, 0.0, 0.0, 1.0)"
0,898650.6,0,0,0,0,0,0,0,0,0,"(0.0, 0.0)","(0.0, 0.0)","(0.0, 0.0)","(0.0, 0.0, 0.0)","(0.0, 0.0, 0.0)","(0.0, 0.0, 0.0)","(0.0, 0.0, 0.0)","(0.0, 0.0, 0.0)","(0.0, 0.0, 0.0)",0,0,0,0,0,0,False,0,0,0,0,0,0,0,0,"(0.0, 6.0, 958.0)","(0.2, 0.0, 0.0, 1.0)"
0,898671.3,0,0,0,0,0,0,0,0,0,"(0.0, 0.0)","(0.0, 0.0)","(0.0, 0.0)","(0.0, 0.0, 0.0)","(0.0, 0.0, 0.0)","(0.0, 0.0, 0.0)","(0.0, 0.0, 0.0)","(0.0, 0.0, 0.0)","(0.0, 0.0, 0.0)",0,0,0,0,0,0,False,0,0,0,0,0,0,0,0,"(0.0, 6.0, 958.3)","(0.2, 0.0, 0.0, 1.0)"
0,898694,0,0,0,0,0,0,0,0,0,"(0.0, 0.0)","(0.0, 0.0)","(0.0, 0.0)","(0.0, 0.0, 0.0)","(0.0, 0.0, 0.0)","(0.0, 0.0, 0.0)","(0.0, 0.0, 0.0)","(0.0, 0.0, 0.0)","(0.0, 0.0, 0.0)",0,0,0,0,0,0,False,0,0,0,0,0,0,0,0,"(0.0, 6.0, 958.6)","(0.2, 0.0, 0.0, 1.0)"
0,898716.9,0,0,0,0,0,0,0,0,0,"(0.0, 0.0)","(0.0, 0.0)","(0.0, 0.0)","(0.0, 0.0, 0.0)","(0.0, 0.0, 0.0)","(0.0, 0.0, 0.0)","(0.0, 0.0, 0.0)","(0.0, 0.0, 0.0)","(0.0, 0.0, 0.0)",0,0,0,0,0,0,False,0,0,0,0,0,0,0,0,"(0.0, 6.0, 958.9)","(0.2, 0.0, 0.0, 1.0)"
0,898738.3,0,0,0,0,0,0,0,0,0,"(0.0, 0.0)","(0.0, 0.0)","(0.0, 0.0)","(0.0, 0.0, 0.0)","(0.0, 0.0, 0.0)","(0.0, 0.0, 0.0)","(0.0, 0.0, 0.0)","(0.0, 0.0, 0.0)","(0.0, 0.0, 0.0)",0,0,0,0,0,0,False,0,0,0,0,0,0,0,0,"(0.0, 6.0, 959.2)","(0.2, 0.0, 0.0, 1.0)"
0,898761.1,0,0,0,0,0,0,0,0,0,"(0.0, 0.0)","(0.0, 0.0)","(0.0, 0.0)","(0.0, 0.0, 0.0)","(0.0, 0.0, 0.0)","(0.0, 0.0, 0.0)","(0.0, 0.0, 0.0)","(0.0, 0.0, 0.0)","(0.0, 0.0, 0.0)",0,0,0,0,0,0,False,0,0,0,0,0,0,0,0,"(0.0, 6.0, 959.5)","(0.2, 0.0, 0.0, 1.0)"
0,898783.8,0,0,0,0,0,0,0,0,0,"(0.0, 0.0)","(0.0, 0.0)","(0.0, 0.0)","(0.0, 0.0, 0.0)","(0.0, 0.0, 0.0)","(0.0, 0.0, 0.0)","(0.0, 0.0, 0.0)","(0.0, 0.0, 0.0)","(0.0, 0.0, 0.0)",0,0,0,0,0,0,False,0,0,0,0,0,0,0,0,"(0.0, 6.0, 959.8)","(0.2, 0.0, 0.0, 1.0)"
0,898804.6,0,0,0,0,0,0,0,0,0,"(0.0, 0.0)","(0.0, 0.0)","(0.0, 0.0)","(0.0, 0.0, 0.0)","(0.0, 0.0, 0.0)","(0.0, 0.0, 0.0)","(0.0, 0.0, 0.0)","(0.0, 0.0, 0.0)","(0.0, 0.0, 0.0)",0,0,0,0,0,0,False,0,0,0,0,0,0,0,0,"(0.0, 6.0, 960.1)","(0.2, 0.0, 0.0, 1.0)"
0,898826.7,0,0,0,0,0,0,0,0,0,"(0.0, 0.0)","(0.0, 0.0)","(0.0, 0.0)","(0.0, 0.0, 0.0)","(0.0, 0.0, 0.0)","(0.0, 0.0, 0.0)","(0.0, 0.0, 0.0)","(0.0, 0.0, 0.0)","(0.0, 0.0, 0.0)",0,0,0,0,0,0,False,0,0,0,0,0,0,0,0,"(0.0, 6.0, 960.4)","(0.2, 0.0, 0.0, 1.0)"
0,898850.4,0,0,0,0,0,0,0,0,0,"(0.0, 0.0)","(0.0, 0.0)","(0.0, 0.0)","(0.0, 0.0, 0.0)","(0.0, 0.0, 0.0)","(0.0, 0.0, 0.0)","(0.0, 0.0, 0.0)","(0.0, 0.0, 0.0)","(0.0, 0.0, 0.0)",0,0,0,0,0,0,False,0,0,0,0,0,0,0,0,"(0.0, 6.0, 960.7)","(0.2, 0.0, 0.0, 1.0)"
0,898871.3,0,0,0,0,0,0,0,0,0,"(0.0, 0.0)","(0.0, 0.0)","(0.0, 0.0)","(0.0, 0.0, 0.0)","(0.0, 0.0, 0.0)","(0.0, 0.0, 0.0)","(0.0, 0.0, 0.0)","(0.0, 0.0, 0.0)","(0.0, 0.0, 0.0)",0,0,0,0,0,0,False,0,0,0,0,0,0,0,0,"(0.0, 6.0, 961.0)","(0.2, 0.0, 0.0, 1.0)"
0,898893.6,0,0,0,0,0,0,0,0,0,"(0.0, 0.0)","(0.0, 0.0)","(0.0, 0.0)","(0.0, 0.0, 0.0)","(0.0, 0.0, 0.0)","(0.0, 0.0, 0.0)","(0.0, 0.0, 0.0)","(0.0, 0.0, 0.0)","(0.0, 0.0, 0.0)",0,0,0,0,0,0,False,0,0,0,0,0,0,0,0,"(0.0, 6.0, 961.3)","(0.2, 0.0, 0.0, 1.0)"
0,898917.5,0,0,0,0,0,0,0,0,0,"(0.0, 0.0)","(0.0, 0.0)","(0.0, 0.0)","(0.0, 0.0, 0.0)","(0.0, 0.0, 0.0)","(0.0, 0.0, 0.0)","(0.0, 0.0, 0.0)","(0.0, 0.0, 0.0)","(0.0, 0.0, 0.0)",0,0,0,0,0,0,False,0,0,0,0,0,0,0,0,"(0.0, 6.0, 961.6)","(0.2, 0.0, 0.0, 1.0)"
0,898938.1,0,0,0,0,0,0,0,0,0,"(0.0, 0.0)","(0.0, 0.0)","(0.0, 0.0)","(0.0, 0.0, 0.0)","(0.0, 0.0, 0.0)","(0.0, 0.0, 0.0)","(0.0, 0.0, 0.0)","(0.0, 0.0, 0.0)","(0.0, 0.0, 0.0)",0,0,0,0,0,0,False,0,0,0,0,0,0,0,0,"(0.0, 6.0, 961.9)","(0.2, 0.0, 0.0, 1.0)"
0,898957.2,0,0,0,0,0,0,0,0,0,"(0.0, 0.0)","(0.0, 0.0)","(0.0, 0.0)","(0.0, 0.0, 0.0)","(0.0, 0.0, 0.0)","(0.0, 0.0, 0.0)","(0.0, 0.0, 0.0)","(0.0, 0.0, 0.0)","(0.0, 0.0, 0.0)",0,0,0,0,0,0,False,0,0,0,0,0,0,0,0,"(0.0, 6.0, 962.2)","(0.2, 0.0, 0.0, 1.0)"
0,898975.4,0,0,0,0,0,0,0,0,0,"(0.0, 0.0)","(0.0, 0.0)","(0.0, 0.0)","(0.0, 0.0, 0.0)","(0.0, 0.0, 0.0)","(0.0, 0.0, 0.0)","(0.0, 0.0, 0.0)","(0.0, 0.0, 0.0)","(0.0, 0.0, 0.0)",0,0,0,0,0,0,False,0,0,0,0,0,0,0,0,"(0.0, 6.0, 962.5)","(0.2, 0.0, 0.0, 1.0)"
0,898993.6,0,0,0,0,0,0,0,0,0,"(0.0, 0.0)","(0.0, 0.0)","(0.0, 0.0)","(0.0, 0.0, 0.0)","(0.0, 0.0, 0.0)","(0.0, 0.0, 0.0)","(0.0, 0.0, 0.0)","(0.0, 0.0, 0.0)","(0.0, 0.0, 0.0)",0,0,0,0,0,0,False,0,0,0,0,0,0,0,0,"(0.0, 6.0, 962.8)","(0.2, 0.0, 0.0, 1.0)"
0,899012.8,0,0,0,0,0,0,0,0,0,"(0.0, 0.0)","(0.0, 0.0)","(0.0, 0.0)","(0.0, 0.0, 0.0)","(0.0, 0.0, 0.0)","(0.0, 0.0, 0.0)","(0.0, 0.0, 0.0)","(0.0, 0.0, 0.0)","(0.0, 0.0, 0.0)",0,0,0,0,0,0,False,0,0,0,0,0,0,0,0,"(0.0, 6.0, 963.1)","(0.2, 0.0, 0.0, 1.0)"
0,899031.9,0,0,0,0,0,0,0,0,0,"(0.0, 0.0)","(0.0, 0.0)","(0.0, 0.0)","(0.0, 0.0, 0.0)","(0.0, 0.0, 0.0)","(0.0, 0.0, 0.0)","(0.0, 0.0, 0.0)","(0.0, 0.0, 0.0)","(0.0, 0.0, 0.0)",0,0,0,0,0,0,False,0,0,0,0,0,0,0,0,"(0.0, 6.0, 963.4)","(0.2, 0.0, 0.0, 1.0)"
0,899051.4,0,0,0,0,0,0,0,0,0,"(0.0, 0.0)","(0.0, 0.0)","(0.0, 0.0)","(0.0, 0.0, 0.0)","(0.0, 0.0, 0.0)","(0.0, 0.0, 0.0)","(0.0, 0.0, 0.0)","(0.0, 0.0, 0.0)","(0.0, 0.0, 0.0)",0,0,0,0,0,0,False,0,0,0,0,0,0,0,0,"(0.0, 6.0, 963.7)","(0.2, 0.0, 0.0, 1.0)"
0,899070.8,0,0,0,0,0,0,0,0,0,"(0.0, 0.0)","(0.0, 0.0)","(0.0, 0.0)","(0.0, 0.0, 0.0)","(0.0, 0.0, 0.0)","(0.0, 0.0, 0.0)","(0.0, 0.0, 0.0)","(0.0, 0.0, 0.0)","(0.0, 0.0, 0.0)",0,0,0,0,0,0,False,0,0,0,0,0,0,0,0,"(0.0, 6.0, 964.0)","(0.2, 0.0, 0.0, 1.0)"
0,899088.4,0,0,0,0,0,0,0,0,0,"(0.0, 0.0)","(0.0, 0.0)","(0.0, 0.0)","(0.0, 0.0, 0.0)","(0.0, 0.0, 0.0)","(0.0, 0.0, 0.0)","(0.0, 0.0, 0.0)","(0.0, 0.0, 0.0)","(0.0, 0.0, 0.0)",0,0,0,0,0,0,False,0,0,0,0,0,0,0,0,"(0.0, 6.0, 964.3)","(0.2, 0.0, 0.0, 1.0)"
0,899108.4,0,0,0,0,0,0,0,0,0,"(0.0, 0.0)","(0.0, 0.0)","(0.0, 0.0)","(0.0, 0.0, 0.0)","(0.0, 0.0, 0.0)","(0.0, 0.0, 0.0)","(0.0, 0.0, 0.0)","(0.0, 0.0, 0.0)","(0.0, 0.0, 0.0)",0,0,0,0,0,0,False,0,0,0,0,0,0,0,0,"(0.0, 6.0, 964.6)","(0.2, 0.0, 0.0, 1.0)"
0,899126.3,0,0,0,0,0,0,0,0,0,"(0.0, 0.0)","(0.0, 0.0)","(0.0, 0.0)","(0.0, 0.0, 0.0)","(0.0, 0.0, 0.0)","(0.0, 0.0, 0.0)","(0.0, 0.0, 0.0)","(0.0, 0.0, 0.0)","(0.0, 0.0, 0.0)",0,0,0,0,0,0,False,0,0,0,0,0,0,0,0,"(0.0, 6.0, 964.8)","(0.2, 0.0, 0.0, 1.0)"
0,899146.3,0,0,0,0,0,0,0,0,0,"(0.0, 0.0)","(0.0, 0.0)","(0.0, 0.0)","(0.0, 0.0, 0.0)","(0.0, 0.0, 0.0)","(0.0, 0.0, 0.0)","(0.0, 0.0, 0.0)","(0.0, 0.0, 0.0)","(0.0, 0.0, 0.0)",0,0,0,0,0,0,False,0,0,0,0,0,0,0,0,"(0.0, 6.0, 965.1)","(0.2, 0.0, 0.0, 1.0)"
0,899168.1,0,0,0,0,0,0,0,0,0,"(0.0, 0.0)","(0.0, 0.0)","(0.0, 0.0)","(0.0, 0.0, 0.0)","(0.0, 0.0, 0.0)","(0.0, 0.0, 0.0)","(0.0, 0.0, 0.0)","(0.0, 0.0, 0.0)","(0.0, 0.0, 0.0)",0,0,0,0,0,0,False,0,0,0,0,0,0,0,0,"(0.0, 6.0, 965.4)","(0.2, 0.0, 0.0, 1.0)"
0,899185.9,0,0,0,0,0,0,0,0,0,"(0.0, 0.0)","(0.0, 0.0)","(0.0, 0.0)","(0.0, 0.0, 0.0)","(0.0, 0.0, 0.0)","(0.0, 0.0, 0.0)","(0.0, 0.0, 0.0)","(0.0, 0.0, 0.0)","(0.0, 0.0, 0.0)",0,0,0,0,0,0,False,0,0,0,0,0,0,0,0,"(0.0, 6.0, 965.7)","(0.2, 0.0, 0.0, 1.0)"
0,899205.5,0,0,0,0,0,0,0,0,0,"(0.0, 0.0)","(0.0, 0.0)","(0.0, 0.0)","(0.0, 0.0, 0.0)","(0.0, 0.0, 0.0)","(0.0, 0.0, 0.0)","(0.0, 0.0, 0.0)","(0.0, 0.0, 0.0)","(0.0, 0.0, 0.0)",0,0,0,0,0,0,False,0,0,0,0,0,0,0,0,"(0.0, 6.0, 965.9)","(0.2, 0.0, 0.0, 1.0)"
0,899222.6,0,0,0,0,0,0,0,0,0,"(0.0, 0.0)","(0.0, 0.0)","(0.0, 0.0)","(0.0, 0.0, 0.0)","(0.0, 0.0, 0.0)","(0.0, 0.0, 0.0)","(0.0, 0.0, 0.0)","(0.0, 0.0, 0.0)","(0.0, 0.0, 0.0)",0,0,0,0,0,0,False,0,0,0,0,0,0,0,0,"(0.0, 6.0, 966.2)","(0.2, 0.0, 0.0, 1.0)"
0,899239.4,0,0,0,0,0,0,0,0,0,"(0.0, 0.0)","(0.0, 0.0)","(0.0, 0.0)","(0.0, 0.0, 0.0)","(0.0, 0.0, 0.0)","(0.0, 0.0, 0.0)","(0.0, 0.0, 0.0)","(0.0, 0.0, 0.0)","(0.0, 0.0, 0.0)",0,0,0,0,0,0,False,0,0,0,0,0,0,0,0,"(0.0, 6.0, 966.5)","(0.2, 0.0, 0.0, 1.0)"
0,899256.3,0,0,0,0,0,0,0,0,0,"(0.0, 0.0)","(0.0, 0.0)","(0.0, 0.0)","(0.0, 0.0, 0.0)","(0.0, 0.0, 0.0)","(0.0, 0.0, 0.0)","(0.0, 0.0, 0.0)","(0.0, 0.0, 0.0)","(0.0, 0.0, 0.0)",0,0,0,0,0,0,False,0,0,0,0,0,0,0,0,"(0.0, 6.0, 966.8)","(0.2, 0.0, 0.0, 1.0)"
0,899274.1,0,0,0,0,0,0,0,0,0,"(0.0, 0.0)","(0.0, 0.0)","(0.0, 0.0)","(0.0, 0.0, 0.0)","(0.0, 0.0, 0.0)","(0.0, 0.0, 0.0)","(0.0, 0.0, 0.0)","(0.0, 0.0, 0.0)","(0.0, 0.0, 0.0)",0,0,0,0,0,0,False,0,0,0,0,0,0,0,0,"(0.0, 6.0, 967.0)","(0.2, 0.0, 0.0, 1.0)"
0,899291.4,0,0,0,0,0,0,0,0,0,"(0.0, 0.0)","(0.0, 0.0)","(0.0, 0.0)","(0.0, 0.0, 0.0)","(0.0, 0.0, 0.0)","(0.0, 0.0, 0.0)","(0.0, 0.0, 0.0)","(0.0, 0.0, 0.0)","(0.0, 0.0, 0.0)",0,0,0,0,0,0,False,0,0,0,0,0,0,0,0,"(0.0, 6.0, 967.3)","(0.2, 0.0, 0.0, 1.0)"
0,899309.4,0,0,0,0,0,0,0,0,0,"(0.0, 0.0)","(0.0, 0.0)","(0.0, 0.0)","(0.0, 0.0, 0.0)","(0.0, 0.0, 0.0)","(0.0, 0.0, 0.0)","(0.0, 0.0, 0.0)","(0.0, 0.0, 0.0)","(0.0, 0.0, 0.0)",0,0,0,0,0,0,False,0,0,0,0,0,0,0,0,"(0.0, 6.0, 967.5)","(0.2, 0.0, 0.0, 1.0)"
0,899326.9,0,0,0,0,0,0,0,0,0,"(0.0, 0.0)","(0.0, 0.0)","(0.0, 0.0)","(0.0, 0.0, 0.0)","(0.0, 0.0, 0.0)","(0.0, 0.0, 0.0)","(0.0, 0.0, 0.0)","(0.0, 0.0, 0.0)","(0.0, 0.0, 0.0)",0,0,0,0,0,0,False,0,0,0,0,0,0,0,0,"(0.0, 6.0, 967.8)","(0.2, 0.0, 0.0, 1.0)"
0,899350.8,0,0,0,0,0,0,0,0,0,"(0.0, 0.0)","(0.0, 0.0)","(0.0, 0.0)","(0.0, 0.0, 0.0)","(0.0, 0.0, 0.0)","(0.0, 0.0, 0.0)","(0.0, 0.0, 0.0)","(0.0, 0.0, 0.0)","(0.0, 0.0, 0.0)",0,0,0,0,0,0,False,0,0,0,0,0,0,0,0,"(0.0, 6.0, 968.1)","(0.2, 0.0, 0.0, 1.0)"
0,899370.9,0,0,0,0,0,0,0,0,0,"(0.0, 0.0)","(0.0, 0.0)","(0.0, 0.0)","(0.0, 0.0, 0.0)","(0.0, 0.0, 0.0)","(0.0, 0.0, 0.0)","(0.0, 0.0, 0.0)","(0.0, 0.0, 0.0)","(0.0, 0.0, 0.0)",0,0,0,0,0,0,False,0,0,0,0,0,0,0,0,"(0.0, 6.0, 968.3)","(0.2, 0.0, 0.0, 1.0)"
0,899393.4,0,0,0,0,0,0,0,0,0,"(0.0, 0.0)","(0.0, 0.0)","(0.0, 0.0)","(0.0, 0.0, 0.0)","(0.0, 0.0, 0.0)","(0.0, 0.0, 0.0)","(0.0, 0.0, 0.0)","(0.0, 0.0, 0.0)","(0.0, 0.0, 0.0)",0,0,0,0,0,0,False,0,0,0,0,0,0,0,0,"(0.0, 6.0, 968.6)","(0.2, 0.0, 0.0, 1.0)"
0,899416.2,0,0,0,0,0,0,0,0,0,"(0.0, 0.0)","(0.0, 0.0)","(0.0, 0.0)","(0.0, 0.0, 0.0)","(0.0, 0.0, 0.0)","(0.0, 0.0, 0.0)","(0.0, 0.0, 0.0)","(0.0, 0.0, 0.0)","(0.0, 0.0, 0.0)",0,0,0,0,0,0,False,0,0,0,0,0,0,0,0,"(0.0, 6.0, 968.9)","(0.2, 0.0, 0.0, 1.0)"
0,899437.6,0,0,0,0,0,0,0,0,0,"(0.0, 0.0)","(0.0, 0.0)","(0.0, 0.0)","(0.0, 0.0, 0.0)","(0.0, 0.0, 0.0)","(0.0, 0.0, 0.0)","(0.0, 0.0, 0.0)","(0.0, 0.0, 0.0)","(0.0, 0.0, 0.0)",0,0,0,0,0,0,False,0,0,0,0,0,0,0,0,"(0.0, 6.0, 969.2)","(0.2, 0.0, 0.0, 1.0)"
0,899460.2,0,0,0,0,0,0,0,0,0,"(0.0, 0.0)","(0.0, 0.0)","(0.0, 0.0)","(0.0, 0.0, 0.0)","(0.0, 0.0, 0.0)","(0.0, 0.0, 0.0)","(0.0, 0.0, 0.0)","(0.0, 0.0, 0.0)","(0.0, 0.0, 0.0)",0,0,0,0,0,0,False,0,0,0,0,0,0,0,0,"(0.0, 6.0, 969.5)","(0.2, 0.0, 0.0, 1.0)"
0,899483.6,0,0,0,0,0,0,0,0,0,"(0.0, 0.0)","(0.0, 0.0)","(0.0, 0.0)","(0.0, 0.0, 0.0)","(0.0, 0.0, 0.0)","(0.0, 0.0, 0.0)","(0.0, 0.0, 0.0)","(0.0, 0.0, 0.0)","(0.0, 0.0, 0.0)",0,0,0,0,0,0,False,0,0,0,0,0,0,0,0,"(0.0, 6.0, 969.7)","(0.2, 0.0, 0.0, 1.0)"
0,899504.2,0,0,0,0,0,0,0,0,0,"(0.0, 0.0)","(0.0, 0.0)","(0.0, 0.0)","(0.0, 0.0, 0.0)","(0.0, 0.0, 0.0)","(0.0, 0.0, 0.0)","(0.0, 0.0, 0.0)","(0.0, 0.0, 0.0)","(0.0, 0.0, 0.0)",0,0,0,0,0,0,False,0,0,0,0,0,0,0,0,"(0.0, 6.0, 970.0)","(0.2, 0.0, 0.0, 1.0)"
0,899527,0,0,0,0,0,0,0,0,0,"(0.0, 0.0)","(0.0, 0.0)","(0.0, 0.0)","(0.0, 0.0, 0.0)","(0.0, 0.0, 0.0)","(0.0, 0.0, 0.0)","(0.0, 0.0, 0.0)","(0.0, 0.0, 0.0)","(0.0, 0.0, 0.0)",0,0,0,0,0,0,False,0,0,0,0,0,0,0,0,"(0.0, 6.0, 970.3)","(0.2, 0.0, 0.0, 1.0)"
0,899549.9,0,0,0,0,0,0,0,0,0,"(0.0, 0.0)","(0.0, 0.0)","(0.0, 0.0)","(0.0, 0.0, 0.0)","(0.0, 0.0, 0.0)","(0.0, 0.0, 0.0)","(0.0, 0.0, 0.0)","(0.0, 0.0, 0.0)","(0.0, 0.0, 0.0)",0,0,0,0,0,0,False,0,0,0,0,0,0,0,0,"(0.0, 6.0, 970.6)","(0.2, 0.0, 0.0, 1.0)"
0,899570.9,0,0,0,0,0,0,0,0,0,"(0.0, 0.0)","(0.0, 0.0)","(0.0, 0.0)","(0.0, 0.0, 0.0)","(0.0, 0.0, 0.0)","(0.0, 0.0, 0.0)","(0.0, 0.0, 0.0)","(0.0, 0.0, 0.0)","(0.0, 0.0, 0.0)",0,0,0,0,0,0,False,0,0,0,0,0,0,0,0,"(0.0, 6.0, 970.9)","(0.2, 0.0, 0.0, 1.0)"
0,899593.3,0,0,0,0,0,0,0,0,0,"(0.0, 0.0)","(0.0, 0.0)","(0.0, 0.0)","(0.0, 0.0, 0.0)","(0.0, 0.0, 0.0)","(0.0, 0.0, 0.0)","(0.0, 0.0, 0.0)","(0.0, 0.0, 0.0)","(0.0, 0.0, 0.0)",0,0,0,0,0,0,False,0,0,0,0,0,0,0,0,"(0.0, 6.0, 971.2)","(0.2, 0.0, 0.0, 1.0)"
0,899617.9,0,0,0,0,0,0,0,0,0,"(0.0, 0.0)","(0.0, 0.0)","(0.0, 0.0)","(0.0, 0.0, 0.0)","(0.0, 0.0, 0.0)","(0.0, 0.0, 0.0)","(0.0, 0.0, 0.0)","(0.0, 0.0, 0.0)","(0.0, 0.0, 0.0)",0,0,0,0,0,0,False,0,0,0,0,0,0,0,0,"(0.0, 6.0, 971.5)","(0.2, 0.0, 0.0, 1.0)"
0,899638.6,0,0,0,0,0,0,0,0,0,"(0.0, 0.0)","(0.0, 0.0)","(0.0, 0.0)","(0.0, 0.0, 0.0)","(0.0, 0.0, 0.0)","(0.0, 0.0, 0.0)","(0.0, 0.0, 0.0)","(0.0, 0.0, 0.0)","(0.0, 0.0, 0.0)",0,0,0,0,0,0,False,0,0,0,0,0,0,0,0,"(0.0, 6.0, 971.8)","(0.2, 0.0, 0.0, 1.0)"
0,899659.9,0,0,0,0,0,0,0,0,0,"(0.0, 0.0)","(0.0, 0.0)","(0.0, 0.0)","(0.0, 0.0, 0.0)","(0.0, 0.0, 0.0)","(0.0, 0.0, 0.0)","(0.0, 0.0, 0.0)","(0.0, 0.0, 0.0)","(0.0, 0.0, 0.0)",0,0,0,0,0,0,False,0,0,0,0,0,0,0,0,"(0.0, 6.0, 972.1)","(0.2, 0.0, 0.0, 1.0)"
0,899683.3,0,0,0,0,0,0,0,0,0,"(0.0, 0.0)","(0.0, 0.0)","(0.0, 0.0)","(0.0, 0.0, 0.0)","(0.0, 0.0, 0.0)","(0.0, 0.0, 0.0)","(0.0, 0.0, 0.0)","(0.0, 0.0, 0.0)","(0.0, 0.0, 0.0)",0,0,0,0,0,0,False,0,0,0,0,0,0,0,0,"(0.0, 6.0, 972.4)","(0.2, 0.0, 0.0, 1.0)"
0,899704.6,0,0,0,0,0,0,0,0,0,"(0.0, 0.0)","(0.0, 0.0)","(0.0, 0.0)","(0.0, 0.0, 0.0)","(0.0, 0.0, 0.0)","(0.0, 0.0, 0.0)","(0.0, 0.0, 0.0)","(0.0, 0.0, 0.0)","(0.0, 0.0, 0.0)",0,0,0,0,0,0,False,0,0,0,0,0,0,0,0,"(0.0, 6.0, 972.7)","(0.2, 0.0, 0.0, 1.0)"
0,899726.6,0,0,0,0,0,0,0,0,0,"(0.0, 0.0)","(0.0, 0.0)","(0.0, 0.0)","(0.0, 0.0, 0.0)","(0.0, 0.0, 0.0)","(0.0, 0.0, 0.0)","(0.0, 0.0, 0.0)","(0.0, 0.0, 0.0)","(0.0, 0.0, 0.0)",0,0,0,0,0,0,False,0,0,0,0,0,0,0,0,"(0.0, 6.0, 973.0)","(0.2, 0.0, 0.0, 1.0)"
0,899749.8,0,0,0,0,0,0,0,0,0,"(0.0, 0.0)","(0.0, 0.0)","(0.0, 0.0)","(0.0, 0.0, 0.0)","(0.0, 0.0, 0.0)","(0.0, 0.0, 0.0)","(0.0, 0.0, 0.0)","(0.0, 0.0, 0.0)","(0.0, 0.0, 0.0)",0,0,0,0,0,0,False,0,0,0,0,0,0,0,0,"(0.0, 6.0, 973.3)","(0.2, 0.0, 0.0, 1.0)"
0,899771.5,0,0,0,0,0,0,0,0,0,"(0.0, 0.0)","(0.0, 0.0)","(0.0, 0.0)","(0.0, 0.0, 0.0)","(0.0, 0.0, 0.0)","(0.0, 0.0, 0.0)","(0.0, 0.0, 0.0)","(0.0, 0.0, 0.0)","(0.0, 0.0, 0.0)",0,0,0,0,0,0,False,0,0,0,0,0,0,0,0,"(0.0, 6.0, 973.6)","(0.2, 0.0, 0.0, 1.0)"
0,899793.6,0,0,0,0,0,0,0,0,0,"(0.0, 0.0)","(0.0, 0.0)","(0.0, 0.0)","(0.0, 0.0, 0.0)","(0.0, 0.0, 0.0)","(0.0, 0.0, 0.0)","(0.0, 0.0, 0.0)","(0.0, 0.0, 0.0)","(0.0, 0.0, 0.0)",0,0,0,0,0,0,False,0,0,0,0,0,0,0,0,"(0.0, 6.0, 973.9)","(0.2, 0.0, 0.0, 1.0)"
0,899819.4,0,0,0,0,0,0,0,0,0,"(0.0, 0.0)","(0.0, 0.0)","(0.0, 0.0)","(0.0, 0.0, 0.0)","(0.0, 0.0, 0.0)","(0.0, 0.0, 0.0)","(0.0, 0.0, 0.0)","(0.0, 0.0, 0.0)","(0.0, 0.0, 0.0)",0,0,0,0,0,0,False,0,0,0,0,0,0,0,0,"(0.0, 6.0, 974.2)","(0.2, 0.0, 0.0, 1.0)"
0,899838.7,0,0,0,0,0,0,0,0,0,"(0.0, 0.0)","(0.0, 0.0)","(0.0, 0.0)","(0.0, 0.0, 0.0)","(0.0, 0.0, 0.0)","(0.0, 0.0, 0.0)","(0.0, 0.0, 0.0)","(0.0, 0.0, 0.0)","(0.0, 0.0, 0.0)",0,0,0,0,0,0,False,0,0,0,0,0,0,0,0,"(0.0, 6.0, 974.6)","(0.2, 0.0, 0.0, 1.0)"
0,899860.1,0,0,0,0,0,0,0,0,0,"(0.0, 0.0)","(0.0, 0.0)","(0.0, 0.0)","(0.0, 0.0, 0.0)","(0.0, 0.0, 0.0)","(0.0, 0.0, 0.0)","(0.0, 0.0, 0.0)","(0.0, 0.0, 0.0)","(0.0, 0.0, 0.0)",0,0,0,0,0,0,False,0,0,0,0,0,0,0,0,"(0.0, 6.0, 974.9)","(0.2, 0.0, 0.0, 1.0)"
0,899883.5,0,0,0,0,0,0,0,0,0,"(0.0, 0.0)","(0.0, 0.0)","(0.0, 0.0)","(0.0, 0.0, 0.0)","(0.0, 0.0, 0.0)","(0.0, 0.0, 0.0)","(0.0, 0.0, 0.0)","(0.0, 0.0, 0.0)","(0.0, 0.0, 0.0)",0,0,0,0,0,0,False,0,0,0,0,0,0,0,0,"(0.0, 6.0, 975.2)","(0.2, 0.0, 0.0, 1.0)"
0,899903.4,0,0,0,0,0,0,0,0,0,"(0.0, 0.0)","(0.0, 0.0)","(0.0, 0.0)","(0.0, 0.0, 0.0)","(0.0, 0.0, 0.0)","(0.0, 0.0, 0.0)","(0.0, 0.0, 0.0)","(0.0, 0.0, 0.0)","(0.0, 0.0, 0.0)",0,0,0,0,0,0,False,0,0,0,0,0,0,0,0,"(0.0, 6.0, 975.5)","(0.2, 0.0, 0.0, 1.0)"
0,899922.3,0,0,0,0,0,0,0,0,0,"(0.0, 0.0)","(0.0, 0.0)","(0.0, 0.0)","(0.0, 0.0, 0.0)","(0.0, 0.0, 0.0)","(0.0, 0.0, 0.0)","(0.0, 0.0, 0.0)","(0.0, 0.0, 0.0)","(0.0, 0.0, 0.0)",0,0,0,0,0,0,False,0,0,0,0,0,0,0,0,"(0.0, 6.0, 975.8)","(0.2, 0.0, 0.0, 1.0)"
0,899946.8,0,0,0,0,0,0,0,0,0,"(0.0, 0.0)","(0.0, 0.0)","(0.0, 0.0)","(0.0, 0.0, 0.0)","(0.0, 0.0, 0.0)","(0.0, 0.0, 0.0)","(0.0, 0.0, 0.0)","(0.0, 0.0, 0.0)","(0.0, 0.0, 0.0)",0,0,0,0,0,0,False,0,0,0,0,0,0,0,0,"(0.0, 6.0, 976.1)","(0.2, 0.0, 0.0, 1.0)"
0,899968,0,0,0,0,0,0,0,0,0,"(0.0, 0.0)","(0.0, 0.0)","(0.0, 0.0)","(0.0, 0.0, 0.0)","(0.0, 0.0, 0.0)","(0.0, 0.0, 0.0)","(0.0, 0.0, 0.0)","(0.0, 0.0, 0.0)","(0.0, 0.0, 0.0)",0,0,0,0,0,0,False,0,0,0,0,0,0,0,0,"(0.0, 6.0, 976.4)","(0.2, 0.0, 0.0, 1.0)"
0,899987.3,0,0,0,0,0,0,0,0,0,"(0.0, 0.0)","(0.0, 0.0)","(0.0, 0.0)","(0.0, 0.0, 0.0)","(0.0, 0.0, 0.0)","(0.0, 0.0, 0.0)","(0.0, 0.0, 0.0)","(0.0, 0.0, 0.0)","(0.0, 0.0, 0.0)",0,0,0,0,0,0,False,0,0,0,0,0,0,0,0,"(0.0, 6.0, 976.7)","(0.2, 0.0, 0.0, 1.0)"
0,900005.9,0,0,0,0,0,0,0,0,0,"(0.0, 0.0)","(0.0, 0.0)","(0.0, 0.0)","(0.0, 0.0, 0.0)","(0.0, 0.0, 0.0)","(0.0, 0.0, 0.0)","(0.0, 0.0, 0.0)","(0.0, 0.0, 0.0)","(0.0, 0.0, 0.0)",0,0,0,0,0,0,False,0,0,0,0,0,0,0,0,"(0.0, 6.0, 977.0)","(0.2, 0.0, 0.0, 1.0)"
0,900024.5,0,0,0,0,0,0,0,0,0,"(0.0, 0.0)","(0.0, 0.0)","(0.0, 0.0)","(0.0, 0.0, 0.0)","(0.0, 0.0, 0.0)","(0.0, 0.0, 0.0)","(0.0, 0.0, 0.0)","(0.0, 0.0, 0.0)","(0.0, 0.0, 0.0)",0,0,0,0,0,0,False,0,0,0,0,0,0,0,0,"(0.0, 6.0, 977.3)","(0.2, 0.0, 0.0, 1.0)"
0,900044.8,0,0,0,0,0,0,0,0,0,"(0.0, 0.0)","(0.0, 0.0)","(0.0, 0.0)","(0.0, 0.0, 0.0)","(0.0, 0.0, 0.0)","(0.0, 0.0, 0.0)","(0.0, 0.0, 0.0)","(0.0, 0.0, 0.0)","(0.0, 0.0, 0.0)",0,0,0,0,0,0,False,0,0,0,0,0,0,0,0,"(0.0, 6.0, 977.6)","(0.2, 0.0, 0.0, 1.0)"
0,900069.6,0,0,0,0,0,0,0,0,0,"(0.0, 0.0)","(0.0, 0.0)","(0.0, 0.0)","(0.0, 0.0, 0.0)","(0.0, 0.0, 0.0)","(0.0, 0.0, 0.0)","(0.0, 0.0, 0.0)","(0.0, 0.0, 0.0)","(0.0, 0.0, 0.0)",0,0,0,0,0,0,False,0,0,0,0,0,0,0,0,"(0.0, 6.0, 977.9)","(0.2, 0.0, 0.0, 1.0)"
0,900088.4,0,0,0,0,0,0,0,0,0,"(0.0, 0.0)","(0.0, 0.0)","(0.0, 0.0)","(0.0, 0.0, 0.0)","(0.0, 0.0, 0.0)","(0.0, 0.0, 0.0)","(0.0, 0.0, 0.0)","(0.0, 0.0, 0.0)","(0.0, 0.0, 0.0)",0,0,0,0,0,0,False,0,0,0,0,0,0,0,0,"(0.0, 6.0, 978.2)","(0.2, 0.0, 0.0, 1.0)"
0,900108.2,0,0,0,0,0,0,0,0,0,"(0.0, 0.0)","(0.0, 0.0)","(0.0, 0.0)","(0.0, 0.0, 0.0)","(0.0, 0.0, 0.0)","(0.0, 0.0, 0.0)","(0.0, 0.0, 0.0)","(0.0, 0.0, 0.0)","(0.0, 0.0, 0.0)",0,0,0,0,0,0,False,0,0,0,0,0,0,0,0,"(0.0, 6.0, 978.5)","(0.2, 0.0, 0.0, 1.0)"
0,900127.6,0,0,0,0,0,0,0,0,0,"(0.0, 0.0)","(0.0, 0.0)","(0.0, 0.0)","(0.0, 0.0, 0.0)","(0.0, 0.0, 0.0)","(0.0, 0.0, 0.0)","(0.0, 0.0, 0.0)","(0.0, 0.0, 0.0)","(0.0, 0.0, 0.0)",0,0,0,0,0,0,False,0,0,0,0,0,0,0,0,"(0.0, 6.0, 978.7)","(0.2, 0.0, 0.0, 1.0)"
0,900152.4,0,0,0,0,0,0,0,0,0,"(0.0, 0.0)","(0.0, 0.0)","(0.0, 0.0)","(0.0, 0.0, 0.0)","(0.0, 0.0, 0.0)","(0.0, 0.0, 0.0)","(0.0, 0.0, 0.0)","(0.0, 0.0, 0.0)","(0.0, 0.0, 0.0)",0,0,0,0,0,0,False,0,0,0,0,0,0,0,0,"(0.0, 6.0, 979.0)","(0.2, 0.0, 0.0, 1.0)"
0,900172.4,0,0,0,0,0,0,0,0,0,"(0.0, 0.0)","(0.0, 0.0)","(0.0, 0.0)","(0.0, 0.0, 0.0)","(0.0, 0.0, 0.0)","(0.0, 0.0, 0.0)","(0.0, 0.0, 0.0)","(0.0, 0.0, 0.0)","(0.0, 0.0, 0.0)",0,0,0,0,0,0,False,0,0,0,0,0,0,0,0,"(0.0, 6.0, 979.3)","(0.2, 0.0, 0.0, 1.0)"
0,900190.6,0,0,0,0,0,0,0,0,0,"(0.0, 0.0)","(0.0, 0.0)","(0.0, 0.0)","(0.0, 0.0, 0.0)","(0.0, 0.0, 0.0)","(0.0, 0.0, 0.0)","(0.0, 0.0, 0.0)","(0.0, 0.0, 0.0)","(0.0, 0.0, 0.0)",0,0,0,0,0,0,False,0,0,0,0,0,0,0,0,"(0.0, 6.0, 979.6)","(0.2, 0.0, 0.0, 1.0)"
0,900208.9,0,0,0,0,0,0,0,0,0,"(0.0, 0.0)","(0.0, 0.0)","(0.0, 0.0)","(0.0, 0.0, 0.0)","(0.0, 0.0, 0.0)","(0.0, 0.0, 0.0)","(0.0, 0.0, 0.0)","(0.0, 0.0, 0.0)","(0.0, 0.0, 0.0)",0,0,0,0,0,0,False,0,0,0,0,0,0,0,0,"(0.0, 6.0, 979.9)","(0.2, 0.0, 0.0, 1.0)"
0,900228.4,0,0,0,0,0,0,0,0,0,"(0.0, 0.0)","(0.0, 0.0)","(0.0, 0.0)","(0.0, 0.0, 0.0)","(0.0, 0.0, 0.0)","(0.0, 0.0, 0.0)","(0.0, 0.0, 0.0)","(0.0, 0.0, 0.0)","(0.0, 0.0, 0.0)",0,0,0,0,0,0,False,0,0,0,0,0,0,0,0,"(0.0, 6.0, 980.2)","(0.2, 0.0, 0.0, 1.0)"
0,900249,0,0,0,0,0,0,0,0,0,"(0.0, 0.0)","(0.0, 0.0)","(0.0, 0.0)","(0.0, 0.0, 0.0)","(0.0, 0.0, 0.0)","(0.0, 0.0, 0.0)","(0.0, 0.0, 0.0)","(0.0, 0.0, 0.0)","(0.0, 0.0, 0.0)",0,0,0,0,0,0,False,0,0,0,0,0,0,0,0,"(0.0, 6.0, 980.5)","(0.2, 0.0, 0.0, 1.0)"
0,900273.1,0,0,0,0,0,0,0,0,0,"(0.0, 0.0)","(0.0, 0.0)","(0.0, 0.0)","(0.0, 0.0, 0.0)","(0.0, 0.0, 0.0)","(0.0, 0.0, 0.0)","(0.0, 0.0, 0.0)","(0.0, 0.0, 0.0)","(0.0, 0.0, 0.0)",0,0,0,0,0,0,False,0,0,0,0,0,0,0,0,"(0.0, 6.0, 980.8)","(0.2, 0.0, 0.0, 1.0)"
0,900291.8,0,0,0,0,0,0,0,0,0,"(0.0, 0.0)","(0.0, 0.0)","(0.0, 0.0)","(0.0, 0.0, 0.0)","(0.0, 0.0, 0.0)","(0.0, 0.0, 0.0)","(0.0, 0.0, 0.0)","(0.0, 0.0, 0.0)","(0.0, 0.0, 0.0)",0,0,0,0,0,0,False,0,0,0,0,0,0,0,0,"(0.0, 6.0, 981.1)","(0.2, 0.0, 0.0, 1.0)"
0,900311.4,0,0,0,0,0,0,0,0,0,"(0.0, 0.0)","(0.0, 0.0)","(0.0, 0.0)","(0.0, 0.0, 0.0)","(0.0, 0.0, 0.0)","(0.0, 0.0, 0.0)","(0.0, 0.0, 0.0)","(0.0, 0.0, 0.0)","(0.0, 0.0, 0.0)",0,0,0,0,0,0,False,0,0,0,0,0,0,0,0,"(0.0, 6.0, 981.3)","(0.2, 0.0, 0.0, 1.0)"
0,900331,0,0,0,0,0,0,0,0,0,"(0.0, 0.0)","(0.0, 0.0)","(0.0, 0.0)","(0.0, 0.0, 0.0)","(0.0, 0.0, 0.0)","(0.0, 0.0, 0.0)","(0.0, 0.0, 0.0)","(0.0, 0.0, 0.0)","(0.0, 0.0, 0.0)",0,0,0,0,0,0,False,0,0,0,0,0,0,0,0,"(0.0, 6.0, 981.6)","(0.2, 0.0, 0.0, 1.0)"
0,900352.4,0,0,0,0,0,0,0,0,0,"(0.0, 0.0)","(0.0, 0.0)","(0.0, 0.0)","(0.0, 0.0, 0.0)","(0.0, 0.0, 0.0)","(0.0, 0.0, 0.0)","(0.0, 0.0, 0.0)","(0.0, 0.0, 0.0)","(0.0, 0.0, 0.0)",0,0,0,0,0,0,False,0,0,0,0,0,0,0,0,"(0.0, 6.0, 981.9)","(0.2, 0.0, 0.0, 1.0)"
0,900373.4,0,0,0,0,0,0,0,0,0,"(0.0, 0.0)","(0.0, 0.0)","(0.0, 0.0)","(0.0, 0.0, 0.0)","(0.0, 0.0, 0.0)","(0.0, 0.0, 0.0)","(0.0, 0.0, 0.0)","(0.0, 0.0, 0.0)","(0.0, 0.0, 0.0)",0,0,0,0,0,0,False,0,0,0,0,0,0,0,0,"(0.0, 6.0, 982.2)","(0.2, 0.0, 0.0, 1.0)"
0,900391.9,0,0,0,0,0,0,0,0,0,"(0.0, 0.0)","(0.0, 0.0)","(0.0, 0.0)","(0.0, 0.0, 0.0)","(0.0, 0.0, 0.0)","(0.0, 0.0, 0.0)","(0.0, 0.0, 0.0)","(0.0, 0.0, 0.0)","(0.0, 0.0, 0.0)",0,0,0,0,0,0,False,0,0,0,0,0,0,0,0,"(0.0, 6.0, 982.5)","(0.2, 0.0, 0.0, 1.0)"
0,900409.6,0,0,0,0,0,0,0,0,0,"(0.0, 0.0)","(0.0, 0.0)","(0.0, 0.0)","(0.0, 0.0, 0.0)","(0.0, 0.0, 0.0)","(0.0, 0.0, 0.0)","(0.0, 0.0, 0.0)","(0.0, 0.0, 0.0)","(0.0, 0.0, 0.0)",0,0,0,0,0,0,False,0,0,0,0,0,0,0,0,"(0.0, 6.0, 982.8)","(0.2, 0.0, 0.0, 1.0)"
0,900429,0,0,0,0,0,0,0,0,0,"(0.0, 0.0)","(0.0, 0.0)","(0.0, 0.0)","(0.0, 0.0, 0.0)","(0.0, 0.0, 0.0)","(0.0, 0.0, 0.0)","(0.0, 0.0, 0.0)","(0.0, 0.0, 0.0)","(0.0, 0.0, 0.0)",0,0,0,0,0,0,False,0,0,0,0,0,0,0,0,"(0.0, 6.0, 983.1)","(0.2, 0.0, 0.0, 1.0)"
0,900450.4,0,0,0,0,0,0,0,0,0,"(0.0, 0.0)","(0.0, 0.0)","(0.0, 0.0)","(0.0, 0.0, 0.0)","(0.0, 0.0, 0.0)","(0.0, 0.0, 0.0)","(0.0, 0.0, 0.0)","(0.0, 0.0, 0.0)","(0.0, 0.0, 0.0)",0,0,0,0,0,0,False,0,0,0,0,0,0,0,0,"(0.0, 6.0, 983.3)","(0.2, 0.0, 0.0, 1.0)"
0,900470.6,0,0,0,0,0,0,0,0,0,"(0.0, 0.0)","(0.0, 0.0)","(0.0, 0.0)","(0.0, 0.0, 0.0)","(0.0, 0.0, 0.0)","(0.0, 0.0, 0.0)","(0.0, 0.0, 0.0)","(0.0, 0.0, 0.0)","(0.0, 0.0, 0.0)",0,0,0,0,0,0,False,0,0,0,0,0,0,0,0,"(0.0, 6.0, 983.6)","(0.2, 0.0, 0.0, 1.0)"
0,900493.1,0,0,0,0,0,0,0,0,0,"(0.0, 0.0)","(0.0, 0.0)","(0.0, 0.0)","(0.0, 0.0, 0.0)","(0.0, 0.0, 0.0)","(0.0, 0.0, 0.0)","(0.0, 0.0, 0.0)","(0.0, 0.0, 0.0)","(0.0, 0.0, 0.0)",0,0,0,0,0,0,False,0,0,0,0,0,0,0,0,"(0.0, 6.0, 983.9)","(0.2, 0.0, 0.0, 1.0)"
0,900516.9,0,0,0,0,0,0,0,0,0,"(0.0, 0.0)","(0.0, 0.0)","(0.0, 0.0)","(0.0, 0.0, 0.0)","(0.0, 0.0, 0.0)","(0.0, 0.0, 0.0)","(0.0, 0.0, 0.0)","(0.0, 0.0, 0.0)","(0.0, 0.0, 0.0)",0,0,0,0,0,0,False,0,0,0,0,0,0,0,0,"(0.0, 6.0, 984.2)","(0.2, 0.0, 0.0, 1.0)"
0,900546.1,0,0,0,0,0,0,0,0,0,"(0.0, 0.0)","(0.0, 0.0)","(0.0, 0.0)","(0.0, 0.0, 0.0)","(0.0, 0.0, 0.0)","(0.0, 0.0, 0.0)","(0.0, 0.0, 0.0)","(0.0, 0.0, 0.0)","(0.0, 0.0, 0.0)",0,0,0,0,0,0,False,0,0,0,0,0,0,0,0,"(0.0, 6.0, 984.5)","(0.2, 0.0, 0.0, 1.0)"
0,900564.1,0,0,0,0,0,0,0,0,0,"(0.0, 0.0)","(0.0, 0.0)","(0.0, 0.0)","(0.0, 0.0, 0.0)","(0.0, 0.0, 0.0)","(0.0, 0.0, 0.0)","(0.0, 0.0, 0.0)","(0.0, 0.0, 0.0)","(0.0, 0.0, 0.0)",0,0,0,0,0,0,False,0,0,0,0,0,0,0,0,"(0.0, 6.0, 984.8)","(0.2, 0.0, 0.0, 1.0)"
0,900582.6,0,0,0,0,0,0,0,0,0,"(0.0, 0.0)","(0.0, 0.0)","(0.0, 0.0)","(0.0, 0.0, 0.0)","(0.0, 0.0, 0.0)","(0.0, 0.0, 0.0)","(0.0, 0.0, 0.0)","(0.0, 0.0, 0.0)","(0.0, 0.0, 0.0)",0,0,0,0,0,0,False,0,0,0,0,0,0,0,0,"(0.0, 6.0, 985.1)","(0.2, 0.0, 0.0, 1.0)"
0,900603.6,0,0,0,0,0,0,0,0,0,"(0.0, 0.0)","(0.0, 0.0)","(0.0, 0.0)","(0.0, 0.0, 0.0)","(0.0, 0.0, 0.0)","(0.0, 0.0, 0.0)","(0.0, 0.0, 0.0)","(0.0, 0.0, 0.0)","(0.0, 0.0, 0.0)",0,0,0,0,0,0,False,0,0,0,0,0,0,0,0,"(0.0, 6.0, 985.4)","(0.2, 0.0, 0.0, 1.0)"
0,900626.4,0,0,0,0,0,0,0,0,0,"(0.0, 0.0)","(0.0, 0.0)","(0.0, 0.0)","(0.0, 0.0, 0.0)","(0.0, 0.0, 0.0)","(0.0, 0.0, 0.0)","(0.0, 0.0, 0.0)","(0.0, 0.0, 0.0)","(0.0, 0.0, 0.0)",0,0,0,0,0,0,False,0,0,0,0,0,0,0,0,"(0.0, 6.0, 985.7)","(0.2, 0.0, 0.0, 1.0)"
0,900649.4,0,0,0,0,0,0,0,0,0,"(0.0, 0.0)","(0.0, 0.0)","(0.0, 0.0)","(0.0, 0.0, 0.0)","(0.0, 0.0, 0.0)","(0.0, 0.0, 0.0)","(0.0, 0.0, 0.0)","(0.0, 0.0, 0.0)","(0.0, 0.0, 0.0)",0,0,0,0,0,0,False,0,0,0,0,0,0,0,0,"(0.0, 6.0, 986.0)","(0.2, 0.0, 0.0, 1.0)"
0,900670.4,0,0,0,0,0,0,0,0,0,"(0.0, 0.0)","(0.0, 0.0)","(0.0, 0.0)","(0.0, 0.0, 0.0)","(0.0, 0.0, 0.0)","(0.0, 0.0, 0.0)","(0.0, 0.0, 0.0)","(0.0, 0.0, 0.0)","(0.0, 0.0, 0.0)",0,0,0,0,0,0,False,0,0,0,0,0,0,0,0,"(0.0, 6.0, 986.3)","(0.2, 0.0, 0.0, 1.0)"
0,900693.3,0,0,0,0,0,0,0,0,0,"(0.0, 0.0)","(0.0, 0.0)","(0.0, 0.0)","(0.0, 0.0, 0.0)","(0.0, 0.0, 0.0)","(0.0, 0.0, 0.0)","(0.0, 0.0, 0.0)","(0.0, 0.0, 0.0)","(0.0, 0.0, 0.0)",0,0,0,0,0,0,False,0,0,0,0,0,0,0,0,"(0.0, 6.0, 986.6)","(0.2, 0.0, 0.0, 1.0)"
0,900715.9,0,0,0,0,0,0,0,0,0,"(0.0, 0.0)","(0.0, 0.0)","(0.0, 0.0)","(0.0, 0.0, 0.0)","(0.0, 0.0, 0.0)","(0.0, 0.0, 0.0)","(0.0, 0.0, 0.0)","(0.0, 0.0, 0.0)","(0.0, 0.0, 0.0)",0,0,0,0,0,0,False,0,0,0,0,0,0,0,0,"(0.0, 6.0, 986.9)","(0.2, 0.0, 0.0, 1.0)"
0,900737.3,0,0,0,0,0,0,0,0,0,"(0.0, 0.0)","(0.0, 0.0)","(0.0, 0.0)","(0.0, 0.0, 0.0)","(0.0, 0.0, 0.0)","(0.0, 0.0, 0.0)","(0.0, 0.0, 0.0)","(0.0, 0.0, 0.0)","(0.0, 0.0, 0.0)",0,0,0,0,0,0,False,0,0,0,0,0,0,0,0,"(0.0, 6.0, 987.2)","(0.2, 0.0, 0.0, 1.0)"
0,900759.5,0,0,0,0,0,0,0,0,0,"(0.0, 0.0)","(0.0, 0.0)","(0.0, 0.0)","(0.0, 0.0, 0.0)","(0.0, 0.0, 0.0)","(0.0, 0.0, 0.0)","(0.0, 0.0, 0.0)","(0.0, 0.0, 0.0)","(0.0, 0.0, 0.0)",0,0,0,0,0,0,False,0,0,0,0,0,0,0,0,"(0.0, 6.0, 987.5)","(0.2, 0.0, 0.0, 1.0)"
0,900782.6,0,0,0,0,0,0,0,0,0,"(0.0, 0.0)","(0.0, 0.0)","(0.0, 0.0)","(0.0, 0.0, 0.0)","(0.0, 0.0, 0.0)","(0.0, 0.0, 0.0)","(0.0, 0.0, 0.0)","(0.0, 0.0, 0.0)","(0.0, 0.0, 0.0)",0,0,0,0,0,0,False,0,0,0,0,0,0,0,0,"(0.0, 6.0, 987.8)","(0.2, 0.0, 0.0, 1.0)"
0,900803.9,0,0,0,0,0,0,0,0,0,"(0.0, 0.0)","(0.0, 0.0)","(0.0, 0.0)","(0.0, 0.0, 0.0)","(0.0, 0.0, 0.0)","(0.0, 0.0, 0.0)","(0.0, 0.0, 0.0)","(0.0, 0.0, 0.0)","(0.0, 0.0, 0.0)",0,0,0,0,0,0,False,0,0,0,0,0,0,0,0,"(0.0, 6.0, 988.1)","(0.2, 0.0, 0.0, 1.0)"
0,900826.5,0,0,0,0,0,0,0,0,0,"(0.0, 0.0)","(0.0, 0.0)","(0.0, 0.0)","(0.0, 0.0, 0.0)","(0.0, 0.0, 0.0)","(0.0, 0.0, 0.0)","(0.0, 0.0, 0.0)","(0.0, 0.0, 0.0)","(0.0, 0.0, 0.0)",0,0,0,0,0,0,False,0,0,0,0,0,0,0,0,"(0.0, 6.0, 988.4)","(0.2, 0.0, 0.0, 1.0)"
0,900849.6,0,0,0,0,0,0,0,0,0,"(0.0, 0.0)","(0.0, 0.0)","(0.0, 0.0)","(0.0, 0.0, 0.0)","(0.0, 0.0, 0.0)","(0.0, 0.0, 0.0)","(0.0, 0.0, 0.0)","(0.0, 0.0, 0.0)","(0.0, 0.0, 0.0)",0,0,0,0,0,0,False,0,0,0,0,0,0,0,0,"(0.0, 6.0, 988.7)","(0.2, 0.0, 0.0, 1.0)"
0,900869.4,0,0,0,0,0,0,0,0,0,"(0.0, 0.0)","(0.0, 0.0)","(0.0, 0.0)","(0.0, 0.0, 0.0)","(0.0, 0.0, 0.0)","(0.0, 0.0, 0.0)","(0.0, 0.0, 0.0)","(0.0, 0.0, 0.0)","(0.0, 0.0, 0.0)",0,0,0,0,0,0,False,0,0,0,0,0,0,0,0,"(0.0, 6.0, 989.0)","(0.2, 0.0, 0.0, 1.0)"
0,900889.6,0,0,0,0,0,0,0,0,0,"(0.0, 0.0)","(0.0, 0.0)","(0.0, 0.0)","(0.0, 0.0, 0.0)","(0.0, 0.0, 0.0)","(0.0, 0.0, 0.0)","(0.0, 0.0, 0.0)","(0.0, 0.0, 0.0)","(0.0, 0.0, 0.0)",0,0,0,0,0,0,False,0,0,0,0,0,0,0,0,"(0.0, 6.0, 989.3)","(0.2, 0.0, 0.0, 1.0)"
0,900907.6,0,0,0,0,0,0,0,0,0,"(0.0, 0.0)","(0.0, 0.0)","(0.0, 0.0)","(0.0, 0.0, 0.0)","(0.0, 0.0, 0.0)","(0.0, 0.0, 0.0)","(0.0, 0.0, 0.0)","(0.0, 0.0, 0.0)","(0.0, 0.0, 0.0)",0,0,0,0,0,0,False,0,0,0,0,0,0,0,0,"(0.0, 6.0, 989.6)","(0.2, 0.0, 0.0, 1.0)"
0,900926.7,0,0,0,0,0,0,0,0,0,"(0.0, 0.0)","(0.0, 0.0)","(0.0, 0.0)","(0.0, 0.0, 0.0)","(0.0, 0.0, 0.0)","(0.0, 0.0, 0.0)","(0.0, 0.0, 0.0)","(0.0, 0.0, 0.0)","(0.0, 0.0, 0.0)",0,0,0,0,0,0,False,0,0,0,0,0,0,0,0,"(0.0, 6.0, 989.9)","(0.2, 0.0, 0.0, 1.0)"
0,900946.1,0,0,0,0,0,0,0,0,0,"(0.0, 0.0)","(0.0, 0.0)","(0.0, 0.0)","(0.0, 0.0, 0.0)","(0.0, 0.0, 0.0)","(0.0, 0.0, 0.0)","(0.0, 0.0, 0.0)","(0.0, 0.0, 0.0)","(0.0, 0.0, 0.0)",0,0,0,0,0,0,False,0,0,0,0,0,0,0,0,"(0.0, 6.0, 990.2)","(0.2, 0.0, 0.0, 1.0)"
0,900965.3,0,0,0,0,0,0,0,0,0,"(0.0, 0.0)","(0.0, 0.0)","(0.0, 0.0)","(0.0, 0.0, 0.0)","(0.0, 0.0, 0.0)","(0.0, 0.0, 0.0)","(0.0, 0.0, 0.0)","(0.0, 0.0, 0.0)","(0.0, 0.0, 0.0)",0,0,0,0,0,0,False,0,0,0,0,0,0,0,0,"(0.0, 6.0, 990.5)","(0.2, 0.0, 0.0, 1.0)"
0,900984.9,0,0,0,0,0,0,0,0,0,"(0.0, 0.0)","(0.0, 0.0)","(0.0, 0.0)","(0.0, 0.0, 0.0)","(0.0, 0.0, 0.0)","(0.0, 0.0, 0.0)","(0.0, 0.0, 0.0)","(0.0, 0.0, 0.0)","(0.0, 0.0, 0.0)",0,0,0,0,0,0,False,0,0,0,0,0,0,0,0,"(0.0, 6.0, 990.8)","(0.2, 0.0, 0.0, 1.0)"
0,901004.4,0,0,0,0,0,0,0,0,0,"(0.0, 0.0)","(0.0, 0.0)","(0.0, 0.0)","(0.0, 0.0, 0.0)","(0.0, 0.0, 0.0)","(0.0, 0.0, 0.0)","(0.0, 0.0, 0.0)","(0.0, 0.0, 0.0)","(0.0, 0.0, 0.0)",0,0,0,0,0,0,False,0,0,0,0,0,0,0,0,"(0.0, 6.0, 991.1)","(0.2, 0.0, 0.0, 1.0)"
0,901022.6,0,0,0,0,0,0,0,0,0,"(0.0, 0.0)","(0.0, 0.0)","(0.0, 0.0)","(0.0, 0.0, 0.0)","(0.0, 0.0, 0.0)","(0.0, 0.0, 0.0)","(0.0, 0.0, 0.0)","(0.0, 0.0, 0.0)","(0.0, 0.0, 0.0)",0,0,0,0,0,0,False,0,0,0,0,0,0,0,0,"(0.0, 6.0, 991.3)","(0.2, 0.0, 0.0, 1.0)"
0,901042.4,0,0,0,0,0,0,0,0,0,"(0.0, 0.0)","(0.0, 0.0)","(0.0, 0.0)","(0.0, 0.0, 0.0)","(0.0, 0.0, 0.0)","(0.0, 0.0, 0.0)","(0.0, 0.0, 0.0)","(0.0, 0.0, 0.0)","(0.0, 0.0, 0.0)",0,0,0,0,0,0,False,0,0,0,0,0,0,0,0,"(0.0, 6.0, 991.6)","(0.2, 0.0, 0.0, 1.0)"
0,901062.2,0,0,0,0,0,0,0,0,0,"(0.0, 0.0)","(0.0, 0.0)","(0.0, 0.0)","(0.0, 0.0, 0.0)","(0.0, 0.0, 0.0)","(0.0, 0.0, 0.0)","(0.0, 0.0, 0.0)","(0.0, 0.0, 0.0)","(0.0, 0.0, 0.0)",0,0,0,0,0,0,False,0,0,0,0,0,0,0,0,"(0.0, 6.0, 991.9)","(0.2, 0.0, 0.0, 1.0)"
0,901084.9,0,0,0,0,0,0,0,0,0,"(0.0, 0.0)","(0.0, 0.0)","(0.0, 0.0)","(0.0, 0.0, 0.0)","(0.0, 0.0, 0.0)","(0.0, 0.0, 0.0)","(0.0, 0.0, 0.0)","(0.0, 0.0, 0.0)","(0.0, 0.0, 0.0)",0,0,0,0,0,0,False,0,0,0,0,0,0,0,0,"(0.0, 6.0, 992.2)","(0.2, 0.0, 0.0, 1.0)"
0,901104.7,0,0,0,0,0,0,0,0,0,"(0.0, 0.0)","(0.0, 0.0)","(0.0, 0.0)","(0.0, 0.0, 0.0)","(0.0, 0.0, 0.0)","(0.0, 0.0, 0.0)","(0.0, 0.0, 0.0)","(0.0, 0.0, 0.0)","(0.0, 0.0, 0.0)",0,0,0,0,0,0,False,0,0,0,0,0,0,0,0,"(0.0, 6.0, 992.5)","(0.2, 0.0, 0.0, 1.0)"
0,901126.9,0,0,0,0,0,0,0,0,0,"(0.0, 0.0)","(0.0, 0.0)","(0.0, 0.0)","(0.0, 0.0, 0.0)","(0.0, 0.0, 0.0)","(0.0, 0.0, 0.0)","(0.0, 0.0, 0.0)","(0.0, 0.0, 0.0)","(0.0, 0.0, 0.0)",0,0,0,0,0,0,False,0,0,0,0,0,0,0,0,"(0.0, 6.0, 992.8)","(0.2, 0.0, 0.0, 1.0)"
0,901146.7,0,0,0,0,0,0,0,0,0,"(0.0, 0.0)","(0.0, 0.0)","(0.0, 0.0)","(0.0, 0.0, 0.0)","(0.0, 0.0, 0.0)","(0.0, 0.0, 0.0)","(0.0, 0.0, 0.0)","(0.0, 0.0, 0.0)","(0.0, 0.0, 0.0)",0,0,0,0,0,0,False,0,0,0,0,0,0,0,0,"(0.0, 6.0, 993.0)","(0.2, 0.0, 0.0, 1.0)"
0,901167.8,0,0,0,0,0,0,0,0,0,"(0.0, 0.0)","(0.0, 0.0)","(0.0, 0.0)","(0.0, 0.0, 0.0)","(0.0, 0.0, 0.0)","(0.0, 0.0, 0.0)","(0.0, 0.0, 0.0)","(0.0, 0.0, 0.0)","(0.0, 0.0, 0.0)",0,0,0,0,0,0,False,0,0,0,0,0,0,0,0,"(0.0, 6.0, 993.3)","(0.2, 0.0, 0.0, 1.0)"
0,901188.3,0,0,0,0,0,0,0,0,0,"(0.0, 0.0)","(0.0, 0.0)","(0.0, 0.0)","(0.0, 0.0, 0.0)","(0.0, 0.0, 0.0)","(0.0, 0.0, 0.0)","(0.0, 0.0, 0.0)","(0.0, 0.0, 0.0)","(0.0, 0.0, 0.0)",0,0,0,0,0,0,False,0,0,0,0,0,0,0,0,"(0.0, 6.0, 993.6)","(0.2, 0.0, 0.0, 1.0)"
0,901208.8,0,0,0,0,0,0,0,0,0,"(0.0, 0.0)","(0.0, 0.0)","(0.0, 0.0)","(0.0, 0.0, 0.0)","(0.0, 0.0, 0.0)","(0.0, 0.0, 0.0)","(0.0, 0.0, 0.0)","(0.0, 0.0, 0.0)","(0.0, 0.0, 0.0)",0,0,0,0,0,0,False,0,0,0,0,0,0,0,0,"(0.0, 6.0, 993.9)","(0.2, 0.0, 0.0, 1.0)"
0,901227.4,0,0,0,0,0,0,0,0,0,"(0.0, 0.0)","(0.0, 0.0)","(0.0, 0.0)","(0.0, 0.0, 0.0)","(0.0, 0.0, 0.0)","(0.0, 0.0, 0.0)","(0.0, 0.0, 0.0)","(0.0, 0.0, 0.0)","(0.0, 0.0, 0.0)",0,0,0,0,0,0,False,0,0,0,0,0,0,0,0,"(0.0, 6.0, 994.2)","(0.2, 0.0, 0.0, 1.0)"
0,901252.9,0,0,0,0,0,0,0,0,0,"(0.0, 0.0)","(0.0, 0.0)","(0.0, 0.0)","(0.0, 0.0, 0.0)","(0.0, 0.0, 0.0)","(0.0, 0.0, 0.0)","(0.0, 0.0, 0.0)","(0.0, 0.0, 0.0)","(0.0, 0.0, 0.0)",0,0,0,0,0,0,False,0,0,0,0,0,0,0,0,"(0.0, 6.0, 994.5)","(0.2, 0.0, 0.0, 1.0)"
0,901280.4,0,0,0,0,0,0,0,0,0,"(0.0, 0.0)","(0.0, 0.0)","(0.0, 0.0)","(0.0, 0.0, 0.0)","(0.0, 0.0, 0.0)","(0.0, 0.0, 0.0)","(0.0, 0.0, 0.0)","(0.0, 0.0, 0.0)","(0.0, 0.0, 0.0)",0,0,0,0,0,0,False,0,0,0,0,0,0,0,0,"(0.0, 6.0, 994.8)","(0.2, 0.0, 0.0, 1.0)"
0,901300.3,0,0,0,0,0,0,0,0,0,"(0.0, 0.0)","(0.0, 0.0)","(0.0, 0.0)","(0.0, 0.0, 0.0)","(0.0, 0.0, 0.0)","(0.0, 0.0, 0.0)","(0.0, 0.0, 0.0)","(0.0, 0.0, 0.0)","(0.0, 0.0, 0.0)",0,0,0,0,0,0,False,0,0,0,0,0,0,0,0,"(0.0, 6.0, 995.1)","(0.2, 0.0, 0.0, 1.0)"
0,901322.7,0,0,0,0,0,0,0,0,0,"(0.0, 0.0)","(0.0, 0.0)","(0.0, 0.0)","(0.0, 0.0, 0.0)","(0.0, 0.0, 0.0)","(0.0, 0.0, 0.0)","(0.0, 0.0, 0.0)","(0.0, 0.0, 0.0)","(0.0, 0.0, 0.0)",0,0,0,0,0,0,False,0,0,0,0,0,0,0,0,"(0.0, 6.0, 995.4)","(0.2, 0.0, 0.0, 1.0)"
0,901342.4,0,0,0,0,0,0,0,0,0,"(0.0, 0.0)","(0.0, 0.0)","(0.0, 0.0)","(0.0, 0.0, 0.0)","(0.0, 0.0, 0.0)","(0.0, 0.0, 0.0)","(0.0, 0.0, 0.0)","(0.0, 0.0, 0.0)","(0.0, 0.0, 0.0)",0,0,0,0,0,0,False,0,0,0,0,0,0,0,0,"(0.0, 6.0, 995.7)","(0.2, 0.0, 0.0, 1.0)"
0,901361.4,0,0,0,0,0,0,0,0,0,"(0.0, 0.0)","(0.0, 0.0)","(0.0, 0.0)","(0.0, 0.0, 0.0)","(0.0, 0.0, 0.0)","(0.0, 0.0, 0.0)","(0.0, 0.0, 0.0)","(0.0, 0.0, 0.0)","(0.0, 0.0, 0.0)",0,0,0,0,0,0,False,0,0,0,0,0,0,0,0,"(0.0, 6.0, 996.0)","(0.2, 0.0, 0.0, 1.0)"
0,901381.9,0,0,0,0,0,0,0,0,0,"(0.0, 0.0)","(0.0, 0.0)","(0.0, 0.0)","(0.0, 0.0, 0.0)","(0.0, 0.0, 0.0)","(0.0, 0.0, 0.0)","(0.0, 0.0, 0.0)","(0.0, 0.0, 0.0)","(0.0, 0.0, 0.0)",0,0,0,0,0,0,False,0,0,0,0,0,0,0,0,"(0.0, 6.0, 996.3)","(0.2, 0.0, 0.0, 1.0)"
0,901403.3,0,0,0,0,0,0,0,0,0,"(0.0, 0.0)","(0.0, 0.0)","(0.0, 0.0)","(0.0, 0.0, 0.0)","(0.0, 0.0, 0.0)","(0.0, 0.0, 0.0)","(0.0, 0.0, 0.0)","(0.0, 0.0, 0.0)","(0.0, 0.0, 0.0)",0,0,0,0,0,0,False,0,0,0,0,0,0,0,0,"(0.0, 6.0, 996.6)","(0.2, 0.0, 0.0, 1.0)"
0,901425.7,0,0,0,0,0,0,0,0,0,"(0.0, 0.0)","(0.0, 0.0)","(0.0, 0.0)","(0.0, 0.0, 0.0)","(0.0, 0.0, 0.0)","(0.0, 0.0, 0.0)","(0.0, 0.0, 0.0)","(0.0, 0.0, 0.0)","(0.0, 0.0, 0.0)",0,0,0,0,0,0,False,0,0,0,0,0,0,0,0,"(0.0, 6.0, 996.9)","(0.2, 0.0, 0.0, 1.0)"
0,901448.4,0,0,0,0,0,0,0,0,0,"(0.0, 0.0)","(0.0, 0.0)","(0.0, 0.0)","(0.0, 0.0, 0.0)","(0.0, 0.0, 0.0)","(0.0, 0.0, 0.0)","(0.0, 0.0, 0.0)","(0.0, 0.0, 0.0)","(0.0, 0.0, 0.0)",0,0,0,0,0,0,False,0,0,0,0,0,0,0,0,"(0.0, 6.0, 997.2)","(0.2, 0.0, 0.0, 1.0)"
0,901470.3,0,0,0,0,0,0,0,0,0,"(0.0, 0.0)","(0.0, 0.0)","(0.0, 0.0)","(0.0, 0.0, 0.0)","(0.0, 0.0, 0.0)","(0.0, 0.0, 0.0)","(0.0, 0.0, 0.0)","(0.0, 0.0, 0.0)","(0.0, 0.0, 0.0)",0,0,0,0,0,0,False,0,0,0,0,0,0,0,0,"(0.0, 6.0, 997.5)","(0.2, 0.0, 0.0, 1.0)"
0,901492.3,0,0,0,0,0,0,0,0,0,"(0.0, 0.0)","(0.0, 0.0)","(0.0, 0.0)","(0.0, 0.0, 0.0)","(0.0, 0.0, 0.0)","(0.0, 0.0, 0.0)","(0.0, 0.0, 0.0)","(0.0, 0.0, 0.0)","(0.0, 0.0, 0.0)",0,0,0,0,0,0,False,0,0,0,0,0,0,0,0,"(0.0, 6.0, 997.8)","(0.2, 0.0, 0.0, 1.0)"
0,901515.4,0,0,0,0,0,0,0,0,0,"(0.0, 0.0)","(0.0, 0.0)","(0.0, 0.0)","(0.0, 0.0, 0.0)","(0.0, 0.0, 0.0)","(0.0, 0.0, 0.0)","(0.0, 0.0, 0.0)","(0.0, 0.0, 0.0)","(0.0, 0.0, 0.0)",0,0,0,0,0,0,False,0,0,0,0,0,0,0,0,"(0.0, 6.0, 998.1)","(0.2, 0.0, 0.0, 1.0)"
0,901536.7,0,0,0,0,0,0,0,0,0,"(0.0, 0.0)","(0.0, 0.0)","(0.0, 0.0)","(0.0, 0.0, 0.0)","(0.0, 0.0, 0.0)","(0.0, 0.0, 0.0)","(0.0, 0.0, 0.0)","(0.0, 0.0, 0.0)","(0.0, 0.0, 0.0)",0,0,0,0,0,0,False,0,0,0,0,0,0,0,0,"(0.0, 6.0, 998.4)","(0.2, 0.0, 0.0, 1.0)"
0,901559.1,0,0,0,0,0,0,0,0,0,"(0.0, 0.0)","(0.0, 0.0)","(0.0, 0.0)","(0.0, 0.0, 0.0)","(0.0, 0.0, 0.0)","(0.0, 0.0, 0.0)","(0.0, 0.0, 0.0)","(0.0, 0.0, 0.0)","(0.0, 0.0, 0.0)",0,0,0,0,0,0,False,0,0,0,0,0,0,0,0,"(0.0, 6.0, 998.7)","(0.2, 0.0, 0.0, 1.0)"
0,901581.9,0,0,0,0,0,0,0,0,0,"(0.0, 0.0)","(0.0, 0.0)","(0.0, 0.0)","(0.0, 0.0, 0.0)","(0.0, 0.0, 0.0)","(0.0, 0.0, 0.0)","(0.0, 0.0, 0.0)","(0.0, 0.0, 0.0)","(0.0, 0.0, 0.0)",0,0,0,0,0,0,False,0,0,0,0,0,0,0,0,"(0.0, 6.0, 999.0)","(0.2, 0.0, 0.0, 1.0)"
0,901603.4,0,0,0,0,0,0,0,0,0,"(0.0, 0.0)","(0.0, 0.0)","(0.0, 0.0)","(0.0, 0.0, 0.0)","(0.0, 0.0, 0.0)","(0.0, 0.0, 0.0)","(0.0, 0.0, 0.0)","(0.0, 0.0, 0.0)","(0.0, 0.0, 0.0)",0,0,0,0,0,0,False,0,0,0,0,0,0,0,0,"(0.0, 6.0, 999.3)","(0.2, 0.0, 0.0, 1.0)"
0,901625.9,0,0,0,0,0,0,0,0,0,"(0.0, 0.0)","(0.0, 0.0)","(0.0, 0.0)","(0.0, 0.0, 0.0)","(0.0, 0.0, 0.0)","(0.0, 0.0, 0.0)","(0.0, 0.0, 0.0)","(0.0, 0.0, 0.0)","(0.0, 0.0, 0.0)",0,0,0,0,0,0,False,0,0,0,0,0,0,0,0,"(0.0, 6.0, 999.6)","(0.2, 0.0, 0.0, 1.0)"
0,901648.6,0,0,0,0,0,0,0,0,0,"(0.0, 0.0)","(0.0, 0.0)","(0.0, 0.0)","(0.0, 0.0, 0.0)","(0.0, 0.0, 0.0)","(0.0, 0.0, 0.0)","(0.0, 0.0, 0.0)","(0.0, 0.0, 0.0)","(0.0, 0.0, 0.0)",0,0,0,0,0,0,False,0,0,0,0,0,0,0,0,"(0.0, 6.0, 999.9)","(0.2, 0.0, 0.0, 1.0)"
0,901670.4,0,0,0,0,0,0,0,0,0,"(0.0, 0.0)","(0.0, 0.0)","(0.0, 0.0)","(0.0, 0.0, 0.0)","(0.0, 0.0, 0.0)","(0.0, 0.0, 0.0)","(0.0, 0.0, 0.0)","(0.0, 0.0, 0.0)","(0.0, 0.0, 0.0)",0,0,0,0,0,0,False,0,0,0,0,0,0,0,0,"(0.0, 6.0, 1000.2)","(0.2, 0.0, 0.0, 1.0)"
0,901692.7,0,0,0,0,0,0,0,0,0,"(0.0, 0.0)","(0.0, 0.0)","(0.0, 0.0)","(0.0, 0.0, 0.0)","(0.0, 0.0, 0.0)","(0.0, 0.0, 0.0)","(0.0, 0.0, 0.0)","(0.0, 0.0, 0.0)","(0.0, 0.0, 0.0)",0,0,0,0,0,0,False,0,0,0,0,0,0,0,0,"(0.0, 6.0, 1000.5)","(0.2, 0.0, 0.0, 1.0)"
0,901715.3,0,0,0,0,0,0,0,0,0,"(0.0, 0.0)","(0.0, 0.0)","(0.0, 0.0)","(0.0, 0.0, 0.0)","(0.0, 0.0, 0.0)","(0.0, 0.0, 0.0)","(0.0, 0.0, 0.0)","(0.0, 0.0, 0.0)","(0.0, 0.0, 0.0)",0,0,0,0,0,0,False,0,0,0,0,0,0,0,0,"(0.0, 6.0, 1000.8)","(0.2, 0.0, 0.0, 1.0)"
0,901736.6,0,0,0,0,0,0,0,0,0,"(0.0, 0.0)","(0.0, 0.0)","(0.0, 0.0)","(0.0, 0.0, 0.0)","(0.0, 0.0, 0.0)","(0.0, 0.0, 0.0)","(0.0, 0.0, 0.0)","(0.0, 0.0, 0.0)","(0.0, 0.0, 0.0)",0,0,0,0,0,0,False,0,0,0,0,0,0,0,0,"(0.0, 6.0, 1001.1)","(0.2, 0.0, 0.0, 1.0)"
0,901759.1,0,0,0,0,0,0,0,0,0,"(0.0, 0.0)","(0.0, 0.0)","(0.0, 0.0)","(0.0, 0.0, 0.0)","(0.0, 0.0, 0.0)","(0.0, 0.0, 0.0)","(0.0, 0.0, 0.0)","(0.0, 0.0, 0.0)","(0.0, 0.0, 0.0)",0,0,0,0,0,0,False,0,0,0,0,0,0,0,0,"(0.0, 6.0, 1001.4)","(0.2, 0.0, 0.0, 1.0)"
0,901782.1,0,0,0,0,0,0,0,0,0,"(0.0, 0.0)","(0.0, 0.0)","(0.0, 0.0)","(0.0, 0.0, 0.0)","(0.0, 0.0, 0.0)","(0.0, 0.0, 0.0)","(0.0, 0.0, 0.0)","(0.0, 0.0, 0.0)","(0.0, 0.0, 0.0)",0,0,0,0,0,0,False,0,0,0,0,0,0,0,0,"(0.0, 6.0, 1001.7)","(0.2, 0.0, 0.0, 1.0)"
0,901803.6,0,0,0,0,0,0,0,0,0,"(0.0, 0.0)","(0.0, 0.0)","(0.0, 0.0)","(0.0, 0.0, 0.0)","(0.0, 0.0, 0.0)","(0.0, 0.0, 0.0)","(0.0, 0.0, 0.0)","(0.0, 0.0, 0.0)","(0.0, 0.0, 0.0)",0,0,0,0,0,0,False,0,0,0,0,0,0,0,0,"(0.0, 6.0, 1002.0)","(0.2, 0.0, 0.0, 1.0)"
0,901825.6,0,0,0,0,0,0,0,0,0,"(0.0, 0.0)","(0.0, 0.0)","(0.0, 0.0)","(0.0, 0.0, 0.0)","(0.0, 0.0, 0.0)","(0.0, 0.0, 0.0)","(0.0, 0.0, 0.0)","(0.0, 0.0, 0.0)","(0.0, 0.0, 0.0)",0,0,0,0,0,0,False,0,0,0,0,0,0,0,0,"(0.0, 6.0, 1002.4)","(0.2, 0.0, 0.0, 1.0)"
0,901845.1,0,0,0,0,0,0,0,0,0,"(0.0, 0.0)","(0.0, 0.0)","(0.0, 0.0)","(0.0, 0.0, 0.0)","(0.0, 0.0, 0.0)","(0.0, 0.0, 0.0)","(0.0, 0.0, 0.0)","(0.0, 0.0, 0.0)","(0.0, 0.0, 0.0)",0,0,0,0,0,0,False,0,0,0,0,0,0,0,0,"(0.0, 6.0, 1002.7)","(0.2, 0.0, 0.0, 1.0)"
0,901866.2,0,0,0,0,0,0,0,0,0,"(0.0, 0.0)","(0.0, 0.0)","(0.0, 0.0)","(0.0, 0.0, 0.0)","(0.0, 0.0, 0.0)","(0.0, 0.0, 0.0)","(0.0, 0.0, 0.0)","(0.0, 0.0, 0.0)","(0.0, 0.0, 0.0)",0,0,0,0,0,0,False,0,0,0,0,0,0,0,0,"(0.0, 6.0, 1003.0)","(0.2, 0.0, 0.0, 1.0)"
0,901885.4,0,0,0,0,0,0,0,0,0,"(0.0, 0.0)","(0.0, 0.0)","(0.0, 0.0)","(0.0, 0.0, 0.0)","(0.0, 0.0, 0.0)","(0.0, 0.0, 0.0)","(0.0, 0.0, 0.0)","(0.0, 0.0, 0.0)","(0.0, 0.0, 0.0)",0,0,0,0,0,0,False,0,0,0,0,0,0,0,0,"(0.0, 6.0, 1003.3)","(0.2, 0.0, 0.0, 1.0)"
0,901903.7,0,0,0,0,0,0,0,0,0,"(0.0, 0.0)","(0.0, 0.0)","(0.0, 0.0)","(0.0, 0.0, 0.0)","(0.0, 0.0, 0.0)","(0.0, 0.0, 0.0)","(0.0, 0.0, 0.0)","(0.0, 0.0, 0.0)","(0.0, 0.0, 0.0)",0,0,0,0,0,0,False,0,0,0,0,0,0,0,0,"(0.0, 6.0, 1003.6)","(0.2, 0.0, 0.0, 1.0)"
0,901921.1,0,0,0,0,0,0,0,0,0,"(0.0, 0.0)","(0.0, 0.0)","(0.0, 0.0)","(0.0, 0.0, 0.0)","(0.0, 0.0, 0.0)","(0.0, 0.0, 0.0)","(0.0, 0.0, 0.0)","(0.0, 0.0, 0.0)","(0.0, 0.0, 0.0)",0,0,0,0,0,0,False,0,0,0,0,0,0,0,0,"(0.0, 6.0, 1003.8)","(0.2, 0.0, 0.0, 1.0)"
0,901939.4,0,0,0,0,0,0,0,0,0,"(0.0, 0.0)","(0.0, 0.0)","(0.0, 0.0)","(0.0, 0.0, 0.0)","(0.0, 0.0, 0.0)","(0.0, 0.0, 0.0)","(0.0, 0.0, 0.0)","(0.0, 0.0, 0.0)","(0.0, 0.0, 0.0)",0,0,0,0,0,0,False,0,0,0,0,0,0,0,0,"(0.0, 6.0, 1004.1)","(0.2, 0.0, 0.0, 1.0)"
0,901957,0,0,0,0,0,0,0,0,0,"(0.0, 0.0)","(0.0, 0.0)","(0.0, 0.0)","(0.0, 0.0, 0.0)","(0.0, 0.0, 0.0)","(0.0, 0.0, 0.0)","(0.0, 0.0, 0.0)","(0.0, 0.0, 0.0)","(0.0, 0.0, 0.0)",0,0,0,0,0,0,False,0,0,0,0,0,0,0,0,"(0.0, 6.0, 1004.4)","(0.2, 0.0, 0.0, 1.0)"
0,901975.3,0,0,0,0,0,0,0,0,0,"(0.0, 0.0)","(0.0, 0.0)","(0.0, 0.0)","(0.0, 0.0, 0.0)","(0.0, 0.0, 0.0)","(0.0, 0.0, 0.0)","(0.0, 0.0, 0.0)","(0.0, 0.0, 0.0)","(0.0, 0.0, 0.0)",0,0,0,0,0,0,False,0,0,0,0,0,0,0,0,"(0.0, 6.0, 1004.7)","(0.2, 0.0, 0.0, 1.0)"
0,901994.2,0,0,0,0,0,0,0,0,0,"(0.0, 0.0)","(0.0, 0.0)","(0.0, 0.0)","(0.0, 0.0, 0.0)","(0.0, 0.0, 0.0)","(0.0, 0.0, 0.0)","(0.0, 0.0, 0.0)","(0.0, 0.0, 0.0)","(0.0, 0.0, 0.0)",0,0,0,0,0,0,False,0,0,0,0,0,0,0,0,"(0.0, 6.0, 1005.0)","(0.2, 0.0, 0.0, 1.0)"
0,902013.4,0,0,0,0,0,0,0,0,0,"(0.0, 0.0)","(0.0, 0.0)","(0.0, 0.0)","(0.0, 0.0, 0.0)","(0.0, 0.0, 0.0)","(0.0, 0.0, 0.0)","(0.0, 0.0, 0.0)","(0.0, 0.0, 0.0)","(0.0, 0.0, 0.0)",0,0,0,0,0,0,False,0,0,0,0,0,0,0,0,"(0.0, 6.0, 1005.3)","(0.2, 0.0, 0.0, 1.0)"
0,902031.1,0,0,0,0,0,0,0,0,0,"(0.0, 0.0)","(0.0, 0.0)","(0.0, 0.0)","(0.0, 0.0, 0.0)","(0.0, 0.0, 0.0)","(0.0, 0.0, 0.0)","(0.0, 0.0, 0.0)","(0.0, 0.0, 0.0)","(0.0, 0.0, 0.0)",0,0,0,0,0,0,False,0,0,0,0,0,0,0,0,"(0.0, 6.0, 1005.5)","(0.2, 0.0, 0.0, 1.0)"
0,902050.7,0,0,0,0,0,0,0,0,0,"(0.0, 0.0)","(0.0, 0.0)","(0.0, 0.0)","(0.0, 0.0, 0.0)","(0.0, 0.0, 0.0)","(0.0, 0.0, 0.0)","(0.0, 0.0, 0.0)","(0.0, 0.0, 0.0)","(0.0, 0.0, 0.0)",0,0,0,0,0,0,False,0,0,0,0,0,0,0,0,"(0.0, 6.0, 1005.8)","(0.2, 0.0, 0.0, 1.0)"
0,902069.6,0,0,0,0,0,0,0,0,0,"(0.0, 0.0)","(0.0, 0.0)","(0.0, 0.0)","(0.0, 0.0, 0.0)","(0.0, 0.0, 0.0)","(0.0, 0.0, 0.0)","(0.0, 0.0, 0.0)","(0.0, 0.0, 0.0)","(0.0, 0.0, 0.0)",0,0,0,0,0,0,False,0,0,0,0,0,0,0,0,"(0.0, 6.0, 1006.1)","(0.2, 0.0, 0.0, 1.0)"
0,902087.5,0,0,0,0,0,0,0,0,0,"(0.0, 0.0)","(0.0, 0.0)","(0.0, 0.0)","(0.0, 0.0, 0.0)","(0.0, 0.0, 0.0)","(0.0, 0.0, 0.0)","(0.0, 0.0, 0.0)","(0.0, 0.0, 0.0)","(0.0, 0.0, 0.0)",0,0,0,0,0,0,False,0,0,0,0,0,0,0,0,"(0.0, 6.0, 1006.4)","(0.2, 0.0, 0.0, 1.0)"
0,902104.9,0,0,0,0,0,0,0,0,0,"(0.0, 0.0)","(0.0, 0.0)","(0.0, 0.0)","(0.0, 0.0, 0.0)","(0.0, 0.0, 0.0)","(0.0, 0.0, 0.0)","(0.0, 0.0, 0.0)","(0.0, 0.0, 0.0)","(0.0, 0.0, 0.0)",0,0,0,0,0,0,False,0,0,0,0,0,0,0,0,"(0.0, 6.0, 1006.6)","(0.2, 0.0, 0.0, 1.0)"
0,902122.9,0,0,0,0,0,0,0,0,0,"(0.0, 0.0)","(0.0, 0.0)","(0.0, 0.0)","(0.0, 0.0, 0.0)","(0.0, 0.0, 0.0)","(0.0, 0.0, 0.0)","(0.0, 0.0, 0.0)","(0.0, 0.0, 0.0)","(0.0, 0.0, 0.0)",0,0,0,0,0,0,False,0,0,0,0,0,0,0,0,"(0.0, 6.0, 1006.9)","(0.2, 0.0, 0.0, 1.0)"
0,902141.2,0,0,0,0,0,0,0,0,0,"(0.0, 0.0)","(0.0, 0.0)","(0.0, 0.0)","(0.0, 0.0, 0.0)","(0.0, 0.0, 0.0)","(0.0, 0.0, 0.0)","(0.0, 0.0, 0.0)","(0.0, 0.0, 0.0)","(0.0, 0.0, 0.0)",0,0,0,0,0,0,False,0,0,0,0,0,0,0,0,"(0.0, 6.0, 1007.2)","(0.2, 0.0, 0.0, 1.0)"
0,902158.4,0,0,0,0,0,0,0,0,0,"(0.0, 0.0)","(0.0, 0.0)","(0.0, 0.0)","(0.0, 0.0, 0.0)","(0.0, 0.0, 0.0)","(0.0, 0.0, 0.0)","(0.0, 0.0, 0.0)","(0.0, 0.0, 0.0)","(0.0, 0.0, 0.0)",0,0,0,0,0,0,False,0,0,0,0,0,0,0,0,"(0.0, 6.0, 1007.4)","(0.2, 0.0, 0.0, 1.0)"
0,902176.1,0,0,0,0,0,0,0,0,0,"(0.0, 0.0)","(0.0, 0.0)","(0.0, 0.0)","(0.0, 0.0, 0.0)","(0.0, 0.0, 0.0)","(0.0, 0.0, 0.0)","(0.0, 0.0, 0.0)","(0.0, 0.0, 0.0)","(0.0, 0.0, 0.0)",0,0,0,0,0,0,False,0,0,0,0,0,0,0,0,"(0.0, 6.0, 1007.7)","(0.2, 0.0, 0.0, 1.0)"
0,902199.9,0,0,0,0,0,0,0,0,0,"(0.0, 0.0)","(0.0, 0.0)","(0.0, 0.0)","(0.0, 0.0, 0.0)","(0.0, 0.0, 0.0)","(0.0, 0.0, 0.0)","(0.0, 0.0, 0.0)","(0.0, 0.0, 0.0)","(0.0, 0.0, 0.0)",0,0,0,0,0,0,False,0,0,0,0,0,0,0,0,"(0.0, 6.0, 1007.9)","(0.2, 0.0, 0.0, 1.0)"
0,902218.9,0,0,0,0,0,0,0,0,0,"(0.0, 0.0)","(0.0, 0.0)","(0.0, 0.0)","(0.0, 0.0, 0.0)","(0.0, 0.0, 0.0)","(0.0, 0.0, 0.0)","(0.0, 0.0, 0.0)","(0.0, 0.0, 0.0)","(0.0, 0.0, 0.0)",0,0,0,0,0,0,False,0,0,0,0,0,0,0,0,"(0.0, 6.0, 1008.2)","(0.2, 0.0, 0.0, 1.0)"
0,902238.8,0,0,0,0,0,0,0,0,0,"(0.0, 0.0)","(0.0, 0.0)","(0.0, 0.0)","(0.0, 0.0, 0.0)","(0.0, 0.0, 0.0)","(0.0, 0.0, 0.0)","(0.0, 0.0, 0.0)","(0.0, 0.0, 0.0)","(0.0, 0.0, 0.0)",0,0,0,0,0,0,False,0,0,0,0,0,0,0,0,"(0.0, 6.0, 1008.5)","(0.2, 0.0, 0.0, 1.0)"
0,902258.7,0,0,0,0,0,0,0,0,0,"(0.0, 0.0)","(0.0, 0.0)","(0.0, 0.0)","(0.0, 0.0, 0.0)","(0.0, 0.0, 0.0)","(0.0, 0.0, 0.0)","(0.0, 0.0, 0.0)","(0.0, 0.0, 0.0)","(0.0, 0.0, 0.0)",0,0,0,0,0,0,False,0,0,0,0,0,0,0,0,"(0.0, 6.0, 1008.8)","(0.2, 0.0, 0.0, 1.0)"
0,902280.9,0,0,0,0,0,0,0,0,0,"(0.0, 0.0)","(0.0, 0.0)","(0.0, 0.0)","(0.0, 0.0, 0.0)","(0.0, 0.0, 0.0)","(0.0, 0.0, 0.0)","(0.0, 0.0, 0.0)","(0.0, 0.0, 0.0)","(0.0, 0.0, 0.0)",0,0,0,0,0,0,False,0,0,0,0,0,0,0,0,"(0.0, 6.0, 1009.0)","(0.2, 0.0, 0.0, 1.0)"
0,902303.2,0,0,0,0,0,0,0,0,0,"(0.0, 0.0)","(0.0, 0.0)","(0.0, 0.0)","(0.0, 0.0, 0.0)","(0.0, 0.0, 0.0)","(0.0, 0.0, 0.0)","(0.0, 0.0, 0.0)","(0.0, 0.0, 0.0)","(0.0, 0.0, 0.0)",0,0,0,0,0,0,False,0,0,0,0,0,0,0,0,"(0.0, 6.0, 1009.3)","(0.2, 0.0, 0.0, 1.0)"
0,902325.6,0,0,0,0,0,0,0,0,0,"(0.0, 0.0)","(0.0, 0.0)","(0.0, 0.0)","(0.0, 0.0, 0.0)","(0.0, 0.0, 0.0)","(0.0, 0.0, 0.0)","(0.0, 0.0, 0.0)","(0.0, 0.0, 0.0)","(0.0, 0.0, 0.0)",0,0,0,0,0,0,False,0,0,0,0,0,0,0,0,"(0.0, 6.0, 1009.6)","(0.2, 0.0, 0.0, 1.0)"
0,902348.3,0,0,0,0,0,0,0,0,0,"(0.0, 0.0)","(0.0, 0.0)","(0.0, 0.0)","(0.0, 0.0, 0.0)","(0.0, 0.0, 0.0)","(0.0, 0.0, 0.0)","(0.0, 0.0, 0.0)","(0.0, 0.0, 0.0)","(0.0, 0.0, 0.0)",0,0,0,0,0,0,False,0,0,0,0,0,0,0,0,"(0.0, 6.0, 1009.9)","(0.2, 0.0, 0.0, 1.0)"
0,902369.6,0,0,0,0,0,0,0,0,0,"(0.0, 0.0)","(0.0, 0.0)","(0.0, 0.0)","(0.0, 0.0, 0.0)","(0.0, 0.0, 0.0)","(0.0, 0.0, 0.0)","(0.0, 0.0, 0.0)","(0.0, 0.0, 0.0)","(0.0, 0.0, 0.0)",0,0,0,0,0,0,False,0,0,0,0,0,0,0,0,"(0.0, 6.0, 1010.2)","(0.2, 0.0, 0.0, 1.0)"
0,902391.9,0,0,0,0,0,0,0,0,0,"(0.0, 0.0)","(0.0, 0.0)","(0.0, 0.0)","(0.0, 0.0, 0.0)","(0.0, 0.0, 0.0)","(0.0, 0.0, 0.0)","(0.0, 0.0, 0.0)","(0.0, 0.0, 0.0)","(0.0, 0.0, 0.0)",0,0,0,0,0,0,False,0,0,0,0,0,0,0,0,"(0.0, 6.0, 1010.5)","(0.2, 0.0, 0.0, 1.0)"
0,902415,0,0,0,0,0,0,0,0,0,"(0.0, 0.0)","(0.0, 0.0)","(0.0, 0.0)","(0.0, 0.0, 0.0)","(0.0, 0.0, 0.0)","(0.0, 0.0, 0.0)","(0.0, 0.0, 0.0)","(0.0, 0.0, 0.0)","(0.0, 0.0, 0.0)",0,0,0,0,0,0,False,0,0,0,0,0,0,0,0,"(0.0, 6.0, 1010.7)","(0.2, 0.0, 0.0, 1.0)"
0,902436.2,0,0,0,0,0,0,0,0,0,"(0.0, 0.0)","(0.0, 0.0)","(0.0, 0.0)","(0.0, 0.0, 0.0)","(0.0, 0.0, 0.0)","(0.0, 0.0, 0.0)","(0.0, 0.0, 0.0)","(0.0, 0.0, 0.0)","(0.0, 0.0, 0.0)",0,0,0,0,0,0,False,0,0,0,0,0,0,0,0,"(0.0, 6.0, 1011.0)","(0.2, 0.0, 0.0, 1.0)"
0,902458.9,0,0,0,0,0,0,0,0,0,"(0.0, 0.0)","(0.0, 0.0)","(0.0, 0.0)","(0.0, 0.0, 0.0)","(0.0, 0.0, 0.0)","(0.0, 0.0, 0.0)","(0.0, 0.0, 0.0)","(0.0, 0.0, 0.0)","(0.0, 0.0, 0.0)",0,0,0,0,0,0,False,0,0,0,0,0,0,0,0,"(0.0, 6.0, 1011.3)","(0.2, 0.0, 0.0, 1.0)"
0,902481.6,0,0,0,0,0,0,0,0,0,"(0.0, 0.0)","(0.0, 0.0)","(0.0, 0.0)","(0.0, 0.0, 0.0)","(0.0, 0.0, 0.0)","(0.0, 0.0, 0.0)","(0.0, 0.0, 0.0)","(0.0, 0.0, 0.0)","(0.0, 0.0, 0.0)",0,0,0,0,0,0,False,0,0,0,0,0,0,0,0,"(0.0, 6.0, 1011.6)","(0.2, 0.0, 0.0, 1.0)"
0,902503.3,0,0,0,0,0,0,0,0,0,"(0.0, 0.0)","(0.0, 0.0)","(0.0, 0.0)","(0.0, 0.0, 0.0)","(0.0, 0.0, 0.0)","(0.0, 0.0, 0.0)","(0.0, 0.0, 0.0)","(0.0, 0.0, 0.0)","(0.0, 0.0, 0.0)",0,0,0,0,0,0,False,0,0,0,0,0,0,0,0,"(0.0, 6.0, 1011.9)","(0.2, 0.0, 0.0, 1.0)"
0,902525.8,0,0,0,0,0,0,0,0,0,"(0.0, 0.0)","(0.0, 0.0)","(0.0, 0.0)","(0.0, 0.0, 0.0)","(0.0, 0.0, 0.0)","(0.0, 0.0, 0.0)","(0.0, 0.0, 0.0)","(0.0, 0.0, 0.0)","(0.0, 0.0, 0.0)",0,0,0,0,0,0,False,0,0,0,0,0,0,0,0,"(0.0, 6.0, 1012.2)","(0.2, 0.0, 0.0, 1.0)"
0,902547.8,0,0,0,0,0,0,0,0,0,"(0.0, 0.0)","(0.0, 0.0)","(0.0, 0.0)","(0.0, 0.0, 0.0)","(0.0, 0.0, 0.0)","(0.0, 0.0, 0.0)","(0.0, 0.0, 0.0)","(0.0, 0.0, 0.0)","(0.0, 0.0, 0.0)",0,0,0,0,0,0,False,0,0,0,0,0,0,0,0,"(0.0, 6.0, 1012.5)","(0.2, 0.0, 0.0, 1.0)"
0,902569.4,0,0,0,0,0,0,0,0,0,"(0.0, 0.0)","(0.0, 0.0)","(0.0, 0.0)","(0.0, 0.0, 0.0)","(0.0, 0.0, 0.0)","(0.0, 0.0, 0.0)","(0.0, 0.0, 0.0)","(0.0, 0.0, 0.0)","(0.0, 0.0, 0.0)",0,0,0,0,0,0,False,0,0,0,0,0,0,0,0,"(0.0, 6.0, 1012.8)","(0.2, 0.0, 0.0, 1.0)"
0,902591.9,0,0,0,0,0,0,0,0,0,"(0.0, 0.0)","(0.0, 0.0)","(0.0, 0.0)","(0.0, 0.0, 0.0)","(0.0, 0.0, 0.0)","(0.0, 0.0, 0.0)","(0.0, 0.0, 0.0)","(0.0, 0.0, 0.0)","(0.0, 0.0, 0.0)",0,0,0,0,0,0,False,0,0,0,0,0,0,0,0,"(0.0, 6.0, 1013.1)","(0.2, 0.0, 0.0, 1.0)"
0,902614.6,0,0,0,0,0,0,0,0,0,"(0.0, 0.0)","(0.0, 0.0)","(0.0, 0.0)","(0.0, 0.0, 0.0)","(0.0, 0.0, 0.0)","(0.0, 0.0, 0.0)","(0.0, 0.0, 0.0)","(0.0, 0.0, 0.0)","(0.0, 0.0, 0.0)",0,0,0,0,0,0,False,0,0,0,0,0,0,0,0,"(0.0, 6.0, 1013.4)","(0.2, 0.0, 0.0, 1.0)"
0,902636.8,0,0,0,0,0,0,0,0,0,"(0.0, 0.0)","(0.0, 0.0)","(0.0, 0.0)","(0.0, 0.0, 0.0)","(0.0, 0.0, 0.0)","(0.0, 0.0, 0.0)","(0.0, 0.0, 0.0)","(0.0, 0.0, 0.0)","(0.0, 0.0, 0.0)",0,0,0,0,0,0,False,0,0,0,0,0,0,0,0,"(0.0, 6.0, 1013.7)","(0.2, 0.0, 0.0, 1.0)"
0,902659.6,0,0,0,0,0,0,0,0,0,"(0.0, 0.0)","(0.0, 0.0)","(0.0, 0.0)","(0.0, 0.0, 0.0)","(0.0, 0.0, 0.0)","(0.0, 0.0, 0.0)","(0.0, 0.0, 0.0)","(0.0, 0.0, 0.0)","(0.0, 0.0, 0.0)",0,0,0,0,0,0,False,0,0,0,0,0,0,0,0,"(0.0, 6.0, 1014.1)","(0.2, 0.0, 0.0, 1.0)"
0,902681.6,0,0,0,0,0,0,0,0,0,"(0.0, 0.0)","(0.0, 0.0)","(0.0, 0.0)","(0.0, 0.0, 0.0)","(0.0, 0.0, 0.0)","(0.0, 0.0, 0.0)","(0.0, 0.0, 0.0)","(0.0, 0.0, 0.0)","(0.0, 0.0, 0.0)",0,0,0,0,0,0,False,0,0,0,0,0,0,0,0,"(0.0, 6.0, 1014.4)","(0.2, 0.0, 0.0, 1.0)"
0,902703.4,0,0,0,0,0,0,0,0,0,"(0.0, 0.0)","(0.0, 0.0)","(0.0, 0.0)","(0.0, 0.0, 0.0)","(0.0, 0.0, 0.0)","(0.0, 0.0, 0.0)","(0.0, 0.0, 0.0)","(0.0, 0.0, 0.0)","(0.0, 0.0, 0.0)",0,0,0,0,0,0,False,0,0,0,0,0,0,0,0,"(0.0, 6.0, 1014.7)","(0.2, 0.0, 0.0, 1.0)"
0,902725.1,0,0,0,0,0,0,0,0,0,"(0.0, 0.0)","(0.0, 0.0)","(0.0, 0.0)","(0.0, 0.0, 0.0)","(0.0, 0.0, 0.0)","(0.0, 0.0, 0.0)","(0.0, 0.0, 0.0)","(0.0, 0.0, 0.0)","(0.0, 0.0, 0.0)",0,0,0,0,0,0,False,0,0,0,0,0,0,0,0,"(0.0, 6.0, 1015.0)","(0.2, 0.0, 0.0, 1.0)"
0,902748.2,0,0,0,0,0,0,0,0,0,"(0.0, 0.0)","(0.0, 0.0)","(0.0, 0.0)","(0.0, 0.0, 0.0)","(0.0, 0.0, 0.0)","(0.0, 0.0, 0.0)","(0.0, 0.0, 0.0)","(0.0, 0.0, 0.0)","(0.0, 0.0, 0.0)",0,0,0,0,0,0,False,0,0,0,0,0,0,0,0,"(0.0, 6.0, 1015.3)","(0.2, 0.0, 0.0, 1.0)"
0,902769.8,0,0,0,0,0,0,0,0,0,"(0.0, 0.0)","(0.0, 0.0)","(0.0, 0.0)","(0.0, 0.0, 0.0)","(0.0, 0.0, 0.0)","(0.0, 0.0, 0.0)","(0.0, 0.0, 0.0)","(0.0, 0.0, 0.0)","(0.0, 0.0, 0.0)",0,0,0,0,0,0,False,0,0,0,0,0,0,0,0,"(0.0, 6.0, 1015.6)","(0.2, 0.0, 0.0, 1.0)"
0,902789.4,0,0,0,0,0,0,0,0,0,"(0.0, 0.0)","(0.0, 0.0)","(0.0, 0.0)","(0.0, 0.0, 0.0)","(0.0, 0.0, 0.0)","(0.0, 0.0, 0.0)","(0.0, 0.0, 0.0)","(0.0, 0.0, 0.0)","(0.0, 0.0, 0.0)",0,0,0,0,0,0,False,0,0,0,0,0,0,0,0,"(0.0, 6.0, 1015.9)","(0.2, 0.0, 0.0, 1.0)"
0,902809.2,0,0,0,0,0,0,0,0,0,"(0.0, 0.0)","(0.0, 0.0)","(0.0, 0.0)","(0.0, 0.0, 0.0)","(0.0, 0.0, 0.0)","(0.0, 0.0, 0.0)","(0.0, 0.0, 0.0)","(0.0, 0.0, 0.0)","(0.0, 0.0, 0.0)",0,0,0,0,0,0,False,0,0,0,0,0,0,0,0,"(0.0, 6.0, 1016.2)","(0.2, 0.0, 0.0, 1.0)"
0,902827.9,0,0,0,0,0,0,0,0,0,"(0.0, 0.0)","(0.0, 0.0)","(0.0, 0.0)","(0.0, 0.0, 0.0)","(0.0, 0.0, 0.0)","(0.0, 0.0, 0.0)","(0.0, 0.0, 0.0)","(0.0, 0.0, 0.0)","(0.0, 0.0, 0.0)",0,0,0,0,0,0,False,0,0,0,0,0,0,0,0,"(0.0, 6.0, 1016.5)","(0.2, 0.0, 0.0, 1.0)"
0,902848,0,0,0,0,0,0,0,0,0,"(0.0, 0.0)","(0.0, 0.0)","(0.0, 0.0)","(0.0, 0.0, 0.0)","(0.0, 0.0, 0.0)","(0.0, 0.0, 0.0)","(0.0, 0.0, 0.0)","(0.0, 0.0, 0.0)","(0.0, 0.0, 0.0)",0,0,0,0,0,0,False,0,0,0,0,0,0,0,0,"(0.0, 6.0, 1016.8)","(0.2, 0.0, 0.0, 1.0)"
0,902868.3,0,0,0,0,0,0,0,0,0,"(0.0, 0.0)","(0.0, 0.0)","(0.0, 0.0)","(0.0, 0.0, 0.0)","(0.0, 0.0, 0.0)","(0.0, 0.0, 0.0)","(0.0, 0.0, 0.0)","(0.0, 0.0, 0.0)","(0.0, 0.0, 0.0)",0,0,0,0,0,0,False,0,0,0,0,0,0,0,0,"(0.0, 6.0, 1017.1)","(0.2, 0.0, 0.0, 1.0)"
0,902886.5,0,0,0,0,0,0,0,0,0,"(0.0, 0.0)","(0.0, 0.0)","(0.0, 0.0)","(0.0, 0.0, 0.0)","(0.0, 0.0, 0.0)","(0.0, 0.0, 0.0)","(0.0, 0.0, 0.0)","(0.0, 0.0, 0.0)","(0.0, 0.0, 0.0)",0,0,0,0,0,0,False,0,0,0,0,0,0,0,0,"(0.0, 6.0, 1017.4)","(0.2, 0.0, 0.0, 1.0)"
0,902904.9,0,0,0,0,0,0,0,0,0,"(0.0, 0.0)","(0.0, 0.0)","(0.0, 0.0)","(0.0, 0.0, 0.0)","(0.0, 0.0, 0.0)","(0.0, 0.0, 0.0)","(0.0, 0.0, 0.0)","(0.0, 0.0, 0.0)","(0.0, 0.0, 0.0)",0,0,0,0,0,0,False,0,0,0,0,0,0,0,0,"(0.0, 6.0, 1017.7)","(0.2, 0.0, 0.0, 1.0)"
0,902923.2,0,0,0,0,0,0,0,0,0,"(0.0, 0.0)","(0.0, 0.0)","(0.0, 0.0)","(0.0, 0.0, 0.0)","(0.0, 0.0, 0.0)","(0.0, 0.0, 0.0)","(0.0, 0.0, 0.0)","(0.0, 0.0, 0.0)","(0.0, 0.0, 0.0)",0,0,0,0,0,0,False,0,0,0,0,0,0,0,0,"(0.0, 6.0, 1017.9)","(0.2, 0.0, 0.0, 1.0)"
0,902943.7,0,0,0,0,0,0,0,0,0,"(0.0, 0.0)","(0.0, 0.0)","(0.0, 0.0)","(0.0, 0.0, 0.0)","(0.0, 0.0, 0.0)","(0.0, 0.0, 0.0)","(0.0, 0.0, 0.0)","(0.0, 0.0, 0.0)","(0.0, 0.0, 0.0)",0,0,0,0,0,0,False,0,0,0,0,0,0,0,0,"(0.0, 6.0, 1018.2)","(0.2, 0.0, 0.0, 1.0)"
0,902969.2,0,0,0,0,0,0,0,0,0,"(0.0, 0.0)","(0.0, 0.0)","(0.0, 0.0)","(0.0, 0.0, 0.0)","(0.0, 0.0, 0.0)","(0.0, 0.0, 0.0)","(0.0, 0.0, 0.0)","(0.0, 0.0, 0.0)","(0.0, 0.0, 0.0)",0,0,0,0,0,0,False,0,0,0,0,0,0,0,0,"(0.0, 6.0, 1018.5)","(0.2, 0.0, 0.0, 1.0)"
0,902987.1,0,0,0,0,0,0,0,0,0,"(0.0, 0.0)","(0.0, 0.0)","(0.0, 0.0)","(0.0, 0.0, 0.0)","(0.0, 0.0, 0.0)","(0.0, 0.0, 0.0)","(0.0, 0.0, 0.0)","(0.0, 0.0, 0.0)","(0.0, 0.0, 0.0)",0,0,0,0,0,0,False,0,0,0,0,0,0,0,0,"(0.0, 6.0, 1018.8)","(0.2, 0.0, 0.0, 1.0)"
0,903005.9,0,0,0,0,0,0,0,0,0,"(0.0, 0.0)","(0.0, 0.0)","(0.0, 0.0)","(0.0, 0.0, 0.0)","(0.0, 0.0, 0.0)","(0.0, 0.0, 0.0)","(0.0, 0.0, 0.0)","(0.0, 0.0, 0.0)","(0.0, 0.0, 0.0)",0,0,0,0,0,0,False,0,0,0,0,0,0,0,0,"(0.0, 6.0, 1019.1)","(0.2, 0.0, 0.0, 1.0)"
0,903024.1,0,0,0,0,0,0,0,0,0,"(0.0, 0.0)","(0.0, 0.0)","(0.0, 0.0)","(0.0, 0.0, 0.0)","(0.0, 0.0, 0.0)","(0.0, 0.0, 0.0)","(0.0, 0.0, 0.0)","(0.0, 0.0, 0.0)","(0.0, 0.0, 0.0)",0,0,0,0,0,0,False,0,0,0,0,0,0,0,0,"(0.0, 6.0, 1019.4)","(0.2, 0.0, 0.0, 1.0)"
0,903047.1,0,0,0,0,0,0,0,0,0,"(0.0, 0.0)","(0.0, 0.0)","(0.0, 0.0)","(0.0, 0.0, 0.0)","(0.0, 0.0, 0.0)","(0.0, 0.0, 0.0)","(0.0, 0.0, 0.0)","(0.0, 0.0, 0.0)","(0.0, 0.0, 0.0)",0,0,0,0,0,0,False,0,0,0,0,0,0,0,0,"(0.0, 6.0, 1019.7)","(0.2, 0.0, 0.0, 1.0)"
0,903066.8,0,0,0,0,0,0,0,0,0,"(0.0, 0.0)","(0.0, 0.0)","(0.0, 0.0)","(0.0, 0.0, 0.0)","(0.0, 0.0, 0.0)","(0.0, 0.0, 0.0)","(0.0, 0.0, 0.0)","(0.0, 0.0, 0.0)","(0.0, 0.0, 0.0)",0,0,0,0,0,0,False,0,0,0,0,0,0,0,0,"(0.0, 6.0, 1019.9)","(0.2, 0.0, 0.0, 1.0)"
0,903089.9,0,0,0,0,0,0,0,0,0,"(0.0, 0.0)","(0.0, 0.0)","(0.0, 0.0)","(0.0, 0.0, 0.0)","(0.0, 0.0, 0.0)","(0.0, 0.0, 0.0)","(0.0, 0.0, 0.0)","(0.0, 0.0, 0.0)","(0.0, 0.0, 0.0)",0,0,0,0,0,0,False,0,0,0,0,0,0,0,0,"(0.0, 6.0, 1020.2)","(0.2, 0.0, 0.0, 1.0)"
0,903107.9,0,0,0,0,0,0,0,0,0,"(0.0, 0.0)","(0.0, 0.0)","(0.0, 0.0)","(0.0, 0.0, 0.0)","(0.0, 0.0, 0.0)","(0.0, 0.0, 0.0)","(0.0, 0.0, 0.0)","(0.0, 0.0, 0.0)","(0.0, 0.0, 0.0)",0,0,0,0,0,0,False,0,0,0,0,0,0,0,0,"(0.0, 6.0, 1020.5)","(0.2, 0.0, 0.0, 1.0)"
0,903127.4,0,0,0,0,0,0,0,0,0,"(0.0, 0.0)","(0.0, 0.0)","(0.0, 0.0)","(0.0, 0.0, 0.0)","(0.0, 0.0, 0.0)","(0.0, 0.0, 0.0)","(0.0, 0.0, 0.0)","(0.0, 0.0, 0.0)","(0.0, 0.0, 0.0)",0,0,0,0,0,0,False,0,0,0,0,0,0,0,0,"(0.0, 6.0, 1020.8)","(0.2, 0.0, 0.0, 1.0)"
0,903147.1,0,0,0,0,0,0,0,0,0,"(0.0, 0.0)","(0.0, 0.0)","(0.0, 0.0)","(0.0, 0.0, 0.0)","(0.0, 0.0, 0.0)","(0.0, 0.0, 0.0)","(0.0, 0.0, 0.0)","(0.0, 0.0, 0.0)","(0.0, 0.0, 0.0)",0,0,0,0,0,0,False,0,0,0,0,0,0,0,0,"(0.0, 6.0, 1021.1)","(0.2, 0.0, 0.0, 1.0)"
0,903165.9,0,0,0,0,0,0,0,0,0,"(0.0, 0.0)","(0.0, 0.0)","(0.0, 0.0)","(0.0, 0.0, 0.0)","(0.0, 0.0, 0.0)","(0.0, 0.0, 0.0)","(0.0, 0.0, 0.0)","(0.0, 0.0, 0.0)","(0.0, 0.0, 0.0)",0,0,0,0,0,0,False,0,0,0,0,0,0,0,0,"(0.0, 6.0, 1021.4)","(0.2, 0.0, 0.0, 1.0)"
0,903185,0,0,0,0,0,0,0,0,0,"(0.0, 0.0)","(0.0, 0.0)","(0.0, 0.0)","(0.0, 0.0, 0.0)","(0.0, 0.0, 0.0)","(0.0, 0.0, 0.0)","(0.0, 0.0, 0.0)","(0.0, 0.0, 0.0)","(0.0, 0.0, 0.0)",0,0,0,0,0,0,False,0,0,0,0,0,0,0,0,"(0.0, 6.0, 1021.6)","(0.2, 0.0, 0.0, 1.0)"
0,903203.5,0,0,0,0,0,0,0,0,0,"(0.0, 0.0)","(0.0, 0.0)","(0.0, 0.0)","(0.0, 0.0, 0.0)","(0.0, 0.0, 0.0)","(0.0, 0.0, 0.0)","(0.0, 0.0, 0.0)","(0.0, 0.0, 0.0)","(0.0, 0.0, 0.0)",0,0,0,0,0,0,False,0,0,0,0,0,0,0,0,"(0.0, 6.0, 1021.9)","(0.2, 0.0, 0.0, 1.0)"
0,903221.2,0,0,0,0,0,0,0,0,0,"(0.0, 0.0)","(0.0, 0.0)","(0.0, 0.0)","(0.0, 0.0, 0.0)","(0.0, 0.0, 0.0)","(0.0, 0.0, 0.0)","(0.0, 0.0, 0.0)","(0.0, 0.0, 0.0)","(0.0, 0.0, 0.0)",0,0,0,0,0,0,False,0,0,0,0,0,0,0,0,"(0.0, 6.0, 1022.2)","(0.2, 0.0, 0.0, 1.0)"
0,903240.2,0,0,0,0,0,0,0,0,0,"(0.0, 0.0)","(0.0, 0.0)","(0.0, 0.0)","(0.0, 0.0, 0.0)","(0.0, 0.0, 0.0)","(0.0, 0.0, 0.0)","(0.0, 0.0, 0.0)","(0.0, 0.0, 0.0)","(0.0, 0.0, 0.0)",0,0,0,0,0,0,False,0,0,0,0,0,0,0,0,"(0.0, 6.0, 1022.5)","(0.2, 0.0, 0.0, 1.0)"
0,903258.6,0,0,0,0,0,0,0,0,0,"(0.0, 0.0)","(0.0, 0.0)","(0.0, 0.0)","(0.0, 0.0, 0.0)","(0.0, 0.0, 0.0)","(0.0, 0.0, 0.0)","(0.0, 0.0, 0.0)","(0.0, 0.0, 0.0)","(0.0, 0.0, 0.0)",0,0,0,0,0,0,False,0,0,0,0,0,0,0,0,"(0.0, 6.0, 1022.7)","(0.2, 0.0, 0.0, 1.0)"
0,903281.2,0,0,0,0,0,0,0,0,0,"(0.0, 0.0)","(0.0, 0.0)","(0.0, 0.0)","(0.0, 0.0, 0.0)","(0.0, 0.0, 0.0)","(0.0, 0.0, 0.0)","(0.0, 0.0, 0.0)","(0.0, 0.0, 0.0)","(0.0, 0.0, 0.0)",0,0,0,0,0,0,False,0,0,0,0,0,0,0,0,"(0.0, 6.0, 1023.0)","(0.2, 0.0, 0.0, 1.0)"
0,903302.5,0,0,0,0,0,0,0,0,0,"(0.0, 0.0)","(0.0, 0.0)","(0.0, 0.0)","(0.0, 0.0, 0.0)","(0.0, 0.0, 0.0)","(0.0, 0.0, 0.0)","(0.0, 0.0, 0.0)","(0.0, 0.0, 0.0)","(0.0, 0.0, 0.0)",0,0,0,0,0,0,False,0,0,0,0,0,0,0,0,"(0.0, 6.0, 1023.3)","(0.2, 0.0, 0.0, 1.0)"
0,903324.8,0,0,0,0,0,0,0,0,0,"(0.0, 0.0)","(0.0, 0.0)","(0.0, 0.0)","(0.0, 0.0, 0.0)","(0.0, 0.0, 0.0)","(0.0, 0.0, 0.0)","(0.0, 0.0, 0.0)","(0.0, 0.0, 0.0)","(0.0, 0.0, 0.0)",0,0,0,0,0,0,False,0,0,0,0,0,0,0,0,"(0.0, 6.0, 1023.6)","(0.2, 0.0, 0.0, 1.0)"
0,903347.8,0,0,0,0,0,0,0,0,0,"(0.0, 0.0)","(0.0, 0.0)","(0.0, 0.0)","(0.0, 0.0, 0.0)","(0.0, 0.0, 0.0)","(0.0, 0.0, 0.0)","(0.0, 0.0, 0.0)","(0.0, 0.0, 0.0)","(0.0, 0.0, 0.0)",0,0,0,0,0,0,False,0,0,0,0,0,0,0,0,"(0.0, 6.0, 1023.9)","(0.2, 0.0, 0.0, 1.0)"
0,903369.9,0,0,0,0,0,0,0,0,0,"(0.0, 0.0)","(0.0, 0.0)","(0.0, 0.0)","(0.0, 0.0, 0.0)","(0.0, 0.0, 0.0)","(0.0, 0.0, 0.0)","(0.0, 0.0, 0.0)","(0.0, 0.0, 0.0)","(0.0, 0.0, 0.0)",0,0,0,0,0,0,False,0,0,0,0,0,0,0,0,"(0.0, 6.0, 1024.2)","(0.2, 0.0, 0.0, 1.0)"
0,903391.4,0,0,0,0,0,0,0,0,0,"(0.0, 0.0)","(0.0, 0.0)","(0.0, 0.0)","(0.0, 0.0, 0.0)","(0.0, 0.0, 0.0)","(0.0, 0.0, 0.0)","(0.0, 0.0, 0.0)","(0.0, 0.0, 0.0)","(0.0, 0.0, 0.0)",0,0,0,0,0,0,False,0,0,0,0,0,0,0,0,"(0.0, 6.0, 1024.4)","(0.2, 0.0, 0.0, 1.0)"
0,903424.2,0,0,0,0,0,0,0,0,0,"(0.0, 0.0)","(0.0, 0.0)","(0.0, 0.0)","(0.0, 0.0, 0.0)","(0.0, 0.0, 0.0)","(0.0, 0.0, 0.0)","(0.0, 0.0, 0.0)","(0.0, 0.0, 0.0)","(0.0, 0.0, 0.0)",0,0,0,0,0,0,False,0,0,0,0,0,0,0,0,"(0.0, 6.0, 1024.7)","(0.2, 0.0, 0.0, 1.0)"
0,903450.3,0,0,0,0,0,0,0,0,0,"(0.0, 0.0)","(0.0, 0.0)","(0.0, 0.0)","(0.0, 0.0, 0.0)","(0.0, 0.0, 0.0)","(0.0, 0.0, 0.0)","(0.0, 0.0, 0.0)","(0.0, 0.0, 0.0)","(0.0, 0.0, 0.0)",0,0,0,0,0,0,False,0,0,0,0,0,0,0,0,"(0.0, 6.0, 1025.1)","(0.2, 0.0, 0.0, 1.0)"
0,903469.1,0,0,0,0,0,0,0,0,0,"(0.0, 0.0)","(0.0, 0.0)","(0.0, 0.0)","(0.0, 0.0, 0.0)","(0.0, 0.0, 0.0)","(0.0, 0.0, 0.0)","(0.0, 0.0, 0.0)","(0.0, 0.0, 0.0)","(0.0, 0.0, 0.0)",0,0,0,0,0,0,False,0,0,0,0,0,0,0,0,"(0.0, 6.0, 1025.4)","(0.2, 0.0, 0.0, 1.0)"
0,903487.3,0,0,0,0,0,0,0,0,0,"(0.0, 0.0)","(0.0, 0.0)","(0.0, 0.0)","(0.0, 0.0, 0.0)","(0.0, 0.0, 0.0)","(0.0, 0.0, 0.0)","(0.0, 0.0, 0.0)","(0.0, 0.0, 0.0)","(0.0, 0.0, 0.0)",0,0,0,0,0,0,False,0,0,0,0,0,0,0,0,"(0.0, 6.0, 1025.7)","(0.2, 0.0, 0.0, 1.0)"
0,903504.8,0,0,0,0,0,0,0,0,0,"(0.0, 0.0)","(0.0, 0.0)","(0.0, 0.0)","(0.0, 0.0, 0.0)","(0.0, 0.0, 0.0)","(0.0, 0.0, 0.0)","(0.0, 0.0, 0.0)","(0.0, 0.0, 0.0)","(0.0, 0.0, 0.0)",0,0,0,0,0,0,False,0,0,0,0,0,0,0,0,"(0.0, 6.0, 1026.0)","(0.2, 0.0, 0.0, 1.0)"
0,903524.5,0,0,0,0,0,0,0,0,0,"(0.0, 0.0)","(0.0, 0.0)","(0.0, 0.0)","(0.0, 0.0, 0.0)","(0.0, 0.0, 0.0)","(0.0, 0.0, 0.0)","(0.0, 0.0, 0.0)","(0.0, 0.0, 0.0)","(0.0, 0.0, 0.0)",0,0,0,0,0,0,False,0,0,0,0,0,0,0,0,"(0.0, 6.0, 1026.3)","(0.2, 0.0, 0.0, 1.0)"
0,903547.5,0,0,0,0,0,0,0,0,0,"(0.0, 0.0)","(0.0, 0.0)","(0.0, 0.0)","(0.0, 0.0, 0.0)","(0.0, 0.0, 0.0)","(0.0, 0.0, 0.0)","(0.0, 0.0, 0.0)","(0.0, 0.0, 0.0)","(0.0, 0.0, 0.0)",0,0,0,0,0,0,False,0,0,0,0,0,0,0,0,"(0.0, 6.0, 1026.6)","(0.2, 0.0, 0.0, 1.0)"
0,903569.4,0,0,0,0,0,0,0,0,0,"(0.0, 0.0)","(0.0, 0.0)","(0.0, 0.0)","(0.0, 0.0, 0.0)","(0.0, 0.0, 0.0)","(0.0, 0.0, 0.0)","(0.0, 0.0, 0.0)","(0.0, 0.0, 0.0)","(0.0, 0.0, 0.0)",0,0,0,0,0,0,False,0,0,0,0,0,0,0,0,"(0.0, 6.0, 1026.9)","(0.2, 0.0, 0.0, 1.0)"
0,903591.4,0,0,0,0,0,0,0,0,0,"(0.0, 0.0)","(0.0, 0.0)","(0.0, 0.0)","(0.0, 0.0, 0.0)","(0.0, 0.0, 0.0)","(0.0, 0.0, 0.0)","(0.0, 0.0, 0.0)","(0.0, 0.0, 0.0)","(0.0, 0.0, 0.0)",0,0,0,0,0,0,False,0,0,0,0,0,0,0,0,"(0.0, 6.0, 1027.2)","(0.2, 0.0, 0.0, 1.0)"
0,903614.3,0,0,0,0,0,0,0,0,0,"(0.0, 0.0)","(0.0, 0.0)","(0.0, 0.0)","(0.0, 0.0, 0.0)","(0.0, 0.0, 0.0)","(0.0, 0.0, 0.0)","(0.0, 0.0, 0.0)","(0.0, 0.0, 0.0)","(0.0, 0.0, 0.0)",0,0,0,0,0,0,False,0,0,0,0,0,0,0,0,"(0.0, 6.0, 1027.5)","(0.2, 0.0, 0.0, 1.0)"
0,903635.9,0,0,0,0,0,0,0,0,0,"(0.0, 0.0)","(0.0, 0.0)","(0.0, 0.0)","(0.0, 0.0, 0.0)","(0.0, 0.0, 0.0)","(0.0, 0.0, 0.0)","(0.0, 0.0, 0.0)","(0.0, 0.0, 0.0)","(0.0, 0.0, 0.0)",0,0,0,0,0,0,False,0,0,0,0,0,0,0,0,"(0.0, 6.0, 1027.8)","(0.2, 0.0, 0.0, 1.0)"
0,903657.9,0,0,0,0,0,0,0,0,0,"(0.0, 0.0)","(0.0, 0.0)","(0.0, 0.0)","(0.0, 0.0, 0.0)","(0.0, 0.0, 0.0)","(0.0, 0.0, 0.0)","(0.0, 0.0, 0.0)","(0.0, 0.0, 0.0)","(0.0, 0.0, 0.0)",0,0,0,0,0,0,False,0,0,0,0,0,0,0,0,"(0.0, 6.0, 1028.1)","(0.2, 0.0, 0.0, 1.0)"
0,903680.9,0,0,0,0,0,0,0,0,0,"(0.0, 0.0)","(0.0, 0.0)","(0.0, 0.0)","(0.0, 0.0, 0.0)","(0.0, 0.0, 0.0)","(0.0, 0.0, 0.0)","(0.0, 0.0, 0.0)","(0.0, 0.0, 0.0)","(0.0, 0.0, 0.0)",0,0,0,0,0,0,False,0,0,0,0,0,0,0,0,"(0.0, 6.0, 1028.4)","(0.2, 0.0, 0.0, 1.0)"
0,903702.3,0,0,0,0,0,0,0,0,0,"(0.0, 0.0)","(0.0, 0.0)","(0.0, 0.0)","(0.0, 0.0, 0.0)","(0.0, 0.0, 0.0)","(0.0, 0.0, 0.0)","(0.0, 0.0, 0.0)","(0.0, 0.0, 0.0)","(0.0, 0.0, 0.0)",0,0,0,0,0,0,False,0,0,0,0,0,0,0,0,"(0.0, 6.0, 1028.7)","(0.2, 0.0, 0.0, 1.0)"
0,903724.4,0,0,0,0,0,0,0,0,0,"(0.0, 0.0)","(0.0, 0.0)","(0.0, 0.0)","(0.0, 0.0, 0.0)","(0.0, 0.0, 0.0)","(0.0, 0.0, 0.0)","(0.0, 0.0, 0.0)","(0.0, 0.0, 0.0)","(0.0, 0.0, 0.0)",0,0,0,0,0,0,False,0,0,0,0,0,0,0,0,"(0.0, 6.0, 1029.0)","(0.2, 0.0, 0.0, 1.0)"
0,903748.1,0,0,0,0,0,0,0,0,0,"(0.0, 0.0)","(0.0, 0.0)","(0.0, 0.0)","(0.0, 0.0, 0.0)","(0.0, 0.0, 0.0)","(0.0, 0.0, 0.0)","(0.0, 0.0, 0.0)","(0.0, 0.0, 0.0)","(0.0, 0.0, 0.0)",0,0,0,0,0,0,False,0,0,0,0,0,0,0,0,"(0.0, 6.0, 1029.3)","(0.2, 0.0, 0.0, 1.0)"
0,903767.6,0,0,0,0,0,0,0,0,0,"(0.0, 0.0)","(0.0, 0.0)","(0.0, 0.0)","(0.0, 0.0, 0.0)","(0.0, 0.0, 0.0)","(0.0, 0.0, 0.0)","(0.0, 0.0, 0.0)","(0.0, 0.0, 0.0)","(0.0, 0.0, 0.0)",0,0,0,0,0,0,False,0,0,0,0,0,0,0,0,"(0.0, 6.0, 1029.6)","(0.2, 0.0, 0.0, 1.0)"
0,903786.6,0,0,0,0,0,0,0,0,0,"(0.0, 0.0)","(0.0, 0.0)","(0.0, 0.0)","(0.0, 0.0, 0.0)","(0.0, 0.0, 0.0)","(0.0, 0.0, 0.0)","(0.0, 0.0, 0.0)","(0.0, 0.0, 0.0)","(0.0, 0.0, 0.0)",0,0,0,0,0,0,False,0,0,0,0,0,0,0,0,"(0.0, 6.0, 1029.9)","(0.2, 0.0, 0.0, 1.0)"
0,903803.5,0,0,0,0,0,0,0,0,0,"(0.0, 0.0)","(0.0, 0.0)","(0.0, 0.0)","(0.0, 0.0, 0.0)","(0.0, 0.0, 0.0)","(0.0, 0.0, 0.0)","(0.0, 0.0, 0.0)","(0.0, 0.0, 0.0)","(0.0, 0.0, 0.0)",0,0,0,0,0,0,False,0,0,0,0,0,0,0,0,"(0.0, 6.0, 1030.2)","(0.2, 0.0, 0.0, 1.0)"
0,903820.4,0,0,0,0,0,0,0,0,0,"(0.0, 0.0)","(0.0, 0.0)","(0.0, 0.0)","(0.0, 0.0, 0.0)","(0.0, 0.0, 0.0)","(0.0, 0.0, 0.0)","(0.0, 0.0, 0.0)","(0.0, 0.0, 0.0)","(0.0, 0.0, 0.0)",0,0,0,0,0,0,False,0,0,0,0,0,0,0,0,"(0.0, 6.0, 1030.5)","(0.2, 0.0, 0.0, 1.0)"
0,903841.7,0,0,0,0,0,0,0,0,0,"(0.0, 0.0)","(0.0, 0.0)","(0.0, 0.0)","(0.0, 0.0, 0.0)","(0.0, 0.0, 0.0)","(0.0, 0.0, 0.0)","(0.0, 0.0, 0.0)","(0.0, 0.0, 0.0)","(0.0, 0.0, 0.0)",0,0,0,0,0,0,False,0,0,0,0,0,0,0,0,"(0.0, 6.0, 1030.8)","(0.2, 0.0, 0.0, 1.0)"
0,903861.1,0,0,0,0,0,0,0,0,0,"(0.0, 0.0)","(0.0, 0.0)","(0.0, 0.0)","(0.0, 0.0, 0.0)","(0.0, 0.0, 0.0)","(0.0, 0.0, 0.0)","(0.0, 0.0, 0.0)","(0.0, 0.0, 0.0)","(0.0, 0.0, 0.0)",0,0,0,0,0,0,False,0,0,0,0,0,0,0,0,"(0.0, 6.0, 1031.0)","(0.2, 0.0, 0.0, 1.0)"
0,903880.5,0,0,0,0,0,0,0,0,0,"(0.0, 0.0)","(0.0, 0.0)","(0.0, 0.0)","(0.0, 0.0, 0.0)","(0.0, 0.0, 0.0)","(0.0, 0.0, 0.0)","(0.0, 0.0, 0.0)","(0.0, 0.0, 0.0)","(0.0, 0.0, 0.0)",0,0,0,0,0,0,False,0,0,0,0,0,0,0,0,"(0.0, 6.0, 1031.3)","(0.2, 0.0, 0.0, 1.0)"
0,903901.3,0,0,0,0,0,0,0,0,0,"(0.0, 0.0)","(0.0, 0.0)","(0.0, 0.0)","(0.0, 0.0, 0.0)","(0.0, 0.0, 0.0)","(0.0, 0.0, 0.0)","(0.0, 0.0, 0.0)","(0.0, 0.0, 0.0)","(0.0, 0.0, 0.0)",0,0,0,0,0,0,False,0,0,0,0,0,0,0,0,"(0.0, 6.0, 1031.6)","(0.2, 0.0, 0.0, 1.0)"
0,903919.6,0,0,0,0,0,0,0,0,0,"(0.0, 0.0)","(0.0, 0.0)","(0.0, 0.0)","(0.0, 0.0, 0.0)","(0.0, 0.0, 0.0)","(0.0, 0.0, 0.0)","(0.0, 0.0, 0.0)","(0.0, 0.0, 0.0)","(0.0, 0.0, 0.0)",0,0,0,0,0,0,False,0,0,0,0,0,0,0,0,"(0.0, 6.0, 1031.9)","(0.2, 0.0, 0.0, 1.0)"
0,903938.1,0,0,0,0,0,0,0,0,0,"(0.0, 0.0)","(0.0, 0.0)","(0.0, 0.0)","(0.0, 0.0, 0.0)","(0.0, 0.0, 0.0)","(0.0, 0.0, 0.0)","(0.0, 0.0, 0.0)","(0.0, 0.0, 0.0)","(0.0, 0.0, 0.0)",0,0,0,0,0,0,False,0,0,0,0,0,0,0,0,"(0.0, 6.0, 1032.2)","(0.2, 0.0, 0.0, 1.0)"
0,903955.9,0,0,0,0,0,0,0,0,0,"(0.0, 0.0)","(0.0, 0.0)","(0.0, 0.0)","(0.0, 0.0, 0.0)","(0.0, 0.0, 0.0)","(0.0, 0.0, 0.0)","(0.0, 0.0, 0.0)","(0.0, 0.0, 0.0)","(0.0, 0.0, 0.0)",0,0,0,0,0,0,False,0,0,0,0,0,0,0,0,"(0.0, 6.0, 1032.5)","(0.2, 0.0, 0.0, 1.0)"
0,903973.3,0,0,0,0,0,0,0,0,0,"(0.0, 0.0)","(0.0, 0.0)","(0.0, 0.0)","(0.0, 0.0, 0.0)","(0.0, 0.0, 0.0)","(0.0, 0.0, 0.0)","(0.0, 0.0, 0.0)","(0.0, 0.0, 0.0)","(0.0, 0.0, 0.0)",0,0,0,0,0,0,False,0,0,0,0,0,0,0,0,"(0.0, 6.0, 1032.7)","(0.2, 0.0, 0.0, 1.0)"
0,903990.6,0,0,0,0,0,0,0,0,0,"(0.0, 0.0)","(0.0, 0.0)","(0.0, 0.0)","(0.0, 0.0, 0.0)","(0.0, 0.0, 0.0)","(0.0, 0.0, 0.0)","(0.0, 0.0, 0.0)","(0.0, 0.0, 0.0)","(0.0, 0.0, 0.0)",0,0,0,0,0,0,False,0,0,0,0,0,0,0,0,"(0.0, 6.0, 1033.0)","(0.2, 0.0, 0.0, 1.0)"
0,904007.8,0,0,0,0,0,0,0,0,0,"(0.0, 0.0)","(0.0, 0.0)","(0.0, 0.0)","(0.0, 0.0, 0.0)","(0.0, 0.0, 0.0)","(0.0, 0.0, 0.0)","(0.0, 0.0, 0.0)","(0.0, 0.0, 0.0)","(0.0, 0.0, 0.0)",0,0,0,0,0,0,False,0,0,0,0,0,0,0,0,"(0.0, 6.0, 1033.3)","(0.2, 0.0, 0.0, 1.0)"
0,904029.6,0,0,0,0,0,0,0,0,0,"(0.0, 0.0)","(0.0, 0.0)","(0.0, 0.0)","(0.0, 0.0, 0.0)","(0.0, 0.0, 0.0)","(0.0, 0.0, 0.0)","(0.0, 0.0, 0.0)","(0.0, 0.0, 0.0)","(0.0, 0.0, 0.0)",0,0,0,0,0,0,False,0,0,0,0,0,0,0,0,"(0.0, 6.0, 1033.5)","(0.2, 0.0, 0.0, 1.0)"
0,904047.2,0,0,0,0,0,0,0,0,0,"(0.0, 0.0)","(0.0, 0.0)","(0.0, 0.0)","(0.0, 0.0, 0.0)","(0.0, 0.0, 0.0)","(0.0, 0.0, 0.0)","(0.0, 0.0, 0.0)","(0.0, 0.0, 0.0)","(0.0, 0.0, 0.0)",0,0,0,0,0,0,False,0,0,0,0,0,0,0,0,"(0.0, 6.0, 1033.8)","(0.2, 0.0, 0.0, 1.0)"
0,904065.1,0,0,0,0,0,0,0,0,0,"(0.0, 0.0)","(0.0, 0.0)","(0.0, 0.0)","(0.0, 0.0, 0.0)","(0.0, 0.0, 0.0)","(0.0, 0.0, 0.0)","(0.0, 0.0, 0.0)","(0.0, 0.0, 0.0)","(0.0, 0.0, 0.0)",0,0,0,0,0,0,False,0,0,0,0,0,0,0,0,"(0.0, 6.0, 1034.1)","(0.2, 0.0, 0.0, 1.0)"
0,904086.9,0,0,0,0,0,0,0,0,0,"(0.0, 0.0)","(0.0, 0.0)","(0.0, 0.0)","(0.0, 0.0, 0.0)","(0.0, 0.0, 0.0)","(0.0, 0.0, 0.0)","(0.0, 0.0, 0.0)","(0.0, 0.0, 0.0)","(0.0, 0.0, 0.0)",0,0,0,0,0,0,False,0,0,0,0,0,0,0,0,"(0.0, 6.0, 1034.3)","(0.2, 0.0, 0.0, 1.0)"
0,904105.4,0,0,0,0,0,0,0,0,0,"(0.0, 0.0)","(0.0, 0.0)","(0.0, 0.0)","(0.0, 0.0, 0.0)","(0.0, 0.0, 0.0)","(0.0, 0.0, 0.0)","(0.0, 0.0, 0.0)","(0.0, 0.0, 0.0)","(0.0, 0.0, 0.0)",0,0,0,0,0,0,False,0,0,0,0,0,0,0,0,"(0.0, 6.0, 1034.6)","(0.2, 0.0, 0.0, 1.0)"
0,904121.8,0,0,0,0,0,0,0,0,0,"(0.0, 0.0)","(0.0, 0.0)","(0.0, 0.0)","(0.0, 0.0, 0.0)","(0.0, 0.0, 0.0)","(0.0, 0.0, 0.0)","(0.0, 0.0, 0.0)","(0.0, 0.0, 0.0)","(0.0, 0.0, 0.0)",0,0,0,0,0,0,False,0,0,0,0,0,0,0,0,"(0.0, 6.0, 1034.9)","(0.2, 0.0, 0.0, 1.0)"
0,904139.4,0,0,0,0,0,0,0,0,0,"(0.0, 0.0)","(0.0, 0.0)","(0.0, 0.0)","(0.0, 0.0, 0.0)","(0.0, 0.0, 0.0)","(0.0, 0.0, 0.0)","(0.0, 0.0, 0.0)","(0.0, 0.0, 0.0)","(0.0, 0.0, 0.0)",0,0,0,0,0,0,False,0,0,0,0,0,0,0,0,"(0.0, 6.0, 1035.1)","(0.2, 0.0, 0.0, 1.0)"
0,904157.3,0,0,0,0,0,0,0,0,0,"(0.0, 0.0)","(0.0, 0.0)","(0.0, 0.0)","(0.0, 0.0, 0.0)","(0.0, 0.0, 0.0)","(0.0, 0.0, 0.0)","(0.0, 0.0, 0.0)","(0.0, 0.0, 0.0)","(0.0, 0.0, 0.0)",0,0,0,0,0,0,False,0,0,0,0,0,0,0,0,"(0.0, 6.0, 1035.4)","(0.2, 0.0, 0.0, 1.0)"
0,904174.4,0,0,0,0,0,0,0,0,0,"(0.0, 0.0)","(0.0, 0.0)","(0.0, 0.0)","(0.0, 0.0, 0.0)","(0.0, 0.0, 0.0)","(0.0, 0.0, 0.0)","(0.0, 0.0, 0.0)","(0.0, 0.0, 0.0)","(0.0, 0.0, 0.0)",0,0,0,0,0,0,False,0,0,0,0,0,0,0,0,"(0.0, 6.0, 1035.7)","(0.2, 0.0, 0.0, 1.0)"
0,904192.4,0,0,0,0,0,0,0,0,0,"(0.0, 0.0)","(0.0, 0.0)","(0.0, 0.0)","(0.0, 0.0, 0.0)","(0.0, 0.0, 0.0)","(0.0, 0.0, 0.0)","(0.0, 0.0, 0.0)","(0.0, 0.0, 0.0)","(0.0, 0.0, 0.0)",0,0,0,0,0,0,False,0,0,0,0,0,0,0,0,"(0.0, 6.0, 1035.9)","(0.2, 0.0, 0.0, 1.0)"
0,904213.6,0,0,0,0,0,0,0,0,0,"(0.0, 0.0)","(0.0, 0.0)","(0.0, 0.0)","(0.0, 0.0, 0.0)","(0.0, 0.0, 0.0)","(0.0, 0.0, 0.0)","(0.0, 0.0, 0.0)","(0.0, 0.0, 0.0)","(0.0, 0.0, 0.0)",0,0,0,0,0,0,False,0,0,0,0,0,0,0,0,"(0.0, 6.0, 1036.2)","(0.2, 0.0, 0.0, 1.0)"
0,904235.9,0,0,0,0,0,0,0,0,0,"(0.0, 0.0)","(0.0, 0.0)","(0.0, 0.0)","(0.0, 0.0, 0.0)","(0.0, 0.0, 0.0)","(0.0, 0.0, 0.0)","(0.0, 0.0, 0.0)","(0.0, 0.0, 0.0)","(0.0, 0.0, 0.0)",0,0,0,0,0,0,False,0,0,0,0,0,0,0,0,"(0.0, 6.0, 1036.5)","(0.2, 0.0, 0.0, 1.0)"
0,904257.4,0,0,0,0,0,0,0,0,0,"(0.0, 0.0)","(0.0, 0.0)","(0.0, 0.0)","(0.0, 0.0, 0.0)","(0.0, 0.0, 0.0)","(0.0, 0.0, 0.0)","(0.0, 0.0, 0.0)","(0.0, 0.0, 0.0)","(0.0, 0.0, 0.0)",0,0,0,0,0,0,False,0,0,0,0,0,0,0,0,"(0.0, 6.0, 1036.7)","(0.2, 0.0, 0.0, 1.0)"
0,904280.4,0,0,0,0,0,0,0,0,0,"(0.0, 0.0)","(0.0, 0.0)","(0.0, 0.0)","(0.0, 0.0, 0.0)","(0.0, 0.0, 0.0)","(0.0, 0.0, 0.0)","(0.0, 0.0, 0.0)","(0.0, 0.0, 0.0)","(0.0, 0.0, 0.0)",0,0,0,0,0,0,False,0,0,0,0,0,0,0,0,"(0.0, 6.0, 1037.0)","(0.2, 0.0, 0.0, 1.0)"
0,904302.1,0,0,0,0,0,0,0,0,0,"(0.0, 0.0)","(0.0, 0.0)","(0.0, 0.0)","(0.0, 0.0, 0.0)","(0.0, 0.0, 0.0)","(0.0, 0.0, 0.0)","(0.0, 0.0, 0.0)","(0.0, 0.0, 0.0)","(0.0, 0.0, 0.0)",0,0,0,0,0,0,False,0,0,0,0,0,0,0,0,"(0.0, 6.0, 1037.3)","(0.2, 0.0, 0.0, 1.0)"
0,904324.2,0,0,0,0,0,0,0,0,0,"(0.0, 0.0)","(0.0, 0.0)","(0.0, 0.0)","(0.0, 0.0, 0.0)","(0.0, 0.0, 0.0)","(0.0, 0.0, 0.0)","(0.0, 0.0, 0.0)","(0.0, 0.0, 0.0)","(0.0, 0.0, 0.0)",0,0,0,0,0,0,False,0,0,0,0,0,0,0,0,"(0.0, 6.0, 1037.6)","(0.2, 0.0, 0.0, 1.0)"
0,904347.3,0,0,0,0,0,0,0,0,0,"(0.0, 0.0)","(0.0, 0.0)","(0.0, 0.0)","(0.0, 0.0, 0.0)","(0.0, 0.0, 0.0)","(0.0, 0.0, 0.0)","(0.0, 0.0, 0.0)","(0.0, 0.0, 0.0)","(0.0, 0.0, 0.0)",0,0,0,0,0,0,False,0,0,0,0,0,0,0,0,"(0.0, 6.0, 1037.9)","(0.2, 0.0, 0.0, 1.0)"
0,904371.8,0,0,0,0,0,0,0,0,0,"(0.0, 0.0)","(0.0, 0.0)","(0.0, 0.0)","(0.0, 0.0, 0.0)","(0.0, 0.0, 0.0)","(0.0, 0.0, 0.0)","(0.0, 0.0, 0.0)","(0.0, 0.0, 0.0)","(0.0, 0.0, 0.0)",0,0,0,0,0,0,False,0,0,0,0,0,0,0,0,"(0.0, 6.0, 1038.1)","(0.2, 0.0, 0.0, 1.0)"
0,904391.1,0,0,0,0,0,0,0,0,0,"(0.0, 0.0)","(0.0, 0.0)","(0.0, 0.0)","(0.0, 0.0, 0.0)","(0.0, 0.0, 0.0)","(0.0, 0.0, 0.0)","(0.0, 0.0, 0.0)","(0.0, 0.0, 0.0)","(0.0, 0.0, 0.0)",0,0,0,0,0,0,False,0,0,0,0,0,0,0,0,"(0.0, 6.0, 1038.4)","(0.2, 0.0, 0.0, 1.0)"
0,904414.2,0,0,0,0,0,0,0,0,0,"(0.0, 0.0)","(0.0, 0.0)","(0.0, 0.0)","(0.0, 0.0, 0.0)","(0.0, 0.0, 0.0)","(0.0, 0.0, 0.0)","(0.0, 0.0, 0.0)","(0.0, 0.0, 0.0)","(0.0, 0.0, 0.0)",0,0,0,0,0,0,False,0,0,0,0,0,0,0,0,"(0.0, 6.0, 1038.7)","(0.2, 0.0, 0.0, 1.0)"
0,904435.6,0,0,0,0,0,0,0,0,0,"(0.0, 0.0)","(0.0, 0.0)","(0.0, 0.0)","(0.0, 0.0, 0.0)","(0.0, 0.0, 0.0)","(0.0, 0.0, 0.0)","(0.0, 0.0, 0.0)","(0.0, 0.0, 0.0)","(0.0, 0.0, 0.0)",0,0,0,0,0,0,False,0,0,0,0,0,0,0,0,"(0.0, 6.0, 1039.0)","(0.2, 0.0, 0.0, 1.0)"
0,904457.4,0,0,0,0,0,0,0,0,0,"(0.0, 0.0)","(0.0, 0.0)","(0.0, 0.0)","(0.0, 0.0, 0.0)","(0.0, 0.0, 0.0)","(0.0, 0.0, 0.0)","(0.0, 0.0, 0.0)","(0.0, 0.0, 0.0)","(0.0, 0.0, 0.0)",0,0,0,0,0,0,False,0,0,0,0,0,0,0,0,"(0.0, 6.0, 1039.3)","(0.2, 0.0, 0.0, 1.0)"
0,904480.4,0,0,0,0,0,0,0,0,0,"(0.0, 0.0)","(0.0, 0.0)","(0.0, 0.0)","(0.0, 0.0, 0.0)","(0.0, 0.0, 0.0)","(0.0, 0.0, 0.0)","(0.0, 0.0, 0.0)","(0.0, 0.0, 0.0)","(0.0, 0.0, 0.0)",0,0,0,0,0,0,False,0,0,0,0,0,0,0,0,"(0.0, 6.0, 1039.6)","(0.2, 0.0, 0.0, 1.0)"
0,904502.1,0,0,0,0,0,0,0,0,0,"(0.0, 0.0)","(0.0, 0.0)","(0.0, 0.0)","(0.0, 0.0, 0.0)","(0.0, 0.0, 0.0)","(0.0, 0.0, 0.0)","(0.0, 0.0, 0.0)","(0.0, 0.0, 0.0)","(0.0, 0.0, 0.0)",0,0,0,0,0,0,False,0,0,0,0,0,0,0,0,"(0.0, 6.0, 1039.9)","(0.2, 0.0, 0.0, 1.0)"
0,904524,0,0,0,0,0,0,0,0,0,"(0.0, 0.0)","(0.0, 0.0)","(0.0, 0.0)","(0.0, 0.0, 0.0)","(0.0, 0.0, 0.0)","(0.0, 0.0, 0.0)","(0.0, 0.0, 0.0)","(0.0, 0.0, 0.0)","(0.0, 0.0, 0.0)",0,0,0,0,0,0,False,0,0,0,0,0,0,0,0,"(0.0, 6.0, 1040.2)","(0.2, 0.0, 0.0, 1.0)"
0,904547.5,0,0,0,0,0,0,0,0,0,"(0.0, 0.0)","(0.0, 0.0)","(0.0, 0.0)","(0.0, 0.0, 0.0)","(0.0, 0.0, 0.0)","(0.0, 0.0, 0.0)","(0.0, 0.0, 0.0)","(0.0, 0.0, 0.0)","(0.0, 0.0, 0.0)",0,0,0,0,0,0,False,0,0,0,0,0,0,0,0,"(0.0, 6.0, 1040.5)","(0.2, 0.0, 0.0, 1.0)"
0,904569.3,0,0,0,0,0,0,0,0,0,"(0.0, 0.0)","(0.0, 0.0)","(0.0, 0.0)","(0.0, 0.0, 0.0)","(0.0, 0.0, 0.0)","(0.0, 0.0, 0.0)","(0.0, 0.0, 0.0)","(0.0, 0.0, 0.0)","(0.0, 0.0, 0.0)",0,0,0,0,0,0,False,0,0,0,0,0,0,0,0,"(0.0, 6.0, 1040.8)","(0.2, 0.0, 0.0, 1.0)"
0,904594.1,0,0,0,0,0,0,0,0,0,"(0.0, 0.0)","(0.0, 0.0)","(0.0, 0.0)","(0.0, 0.0, 0.0)","(0.0, 0.0, 0.0)","(0.0, 0.0, 0.0)","(0.0, 0.0, 0.0)","(0.0, 0.0, 0.0)","(0.0, 0.0, 0.0)",0,0,0,0,0,0,False,0,0,0,0,0,0,0,0,"(0.0, 6.0, 1041.1)","(0.2, 0.0, 0.0, 1.0)"
0,904613.8,0,0,0,0,0,0,0,0,0,"(0.0, 0.0)","(0.0, 0.0)","(0.0, 0.0)","(0.0, 0.0, 0.0)","(0.0, 0.0, 0.0)","(0.0, 0.0, 0.0)","(0.0, 0.0, 0.0)","(0.0, 0.0, 0.0)","(0.0, 0.0, 0.0)",0,0,0,0,0,0,False,0,0,0,0,0,0,0,0,"(0.0, 6.0, 1041.4)","(0.2, 0.0, 0.0, 1.0)"
0,904635.8,0,0,0,0,0,0,0,0,0,"(0.0, 0.0)","(0.0, 0.0)","(0.0, 0.0)","(0.0, 0.0, 0.0)","(0.0, 0.0, 0.0)","(0.0, 0.0, 0.0)","(0.0, 0.0, 0.0)","(0.0, 0.0, 0.0)","(0.0, 0.0, 0.0)",0,0,0,0,0,0,False,0,0,0,0,0,0,0,0,"(0.0, 6.0, 1041.7)","(0.2, 0.0, 0.0, 1.0)"
0,904657.6,0,0,0,0,0,0,0,0,0,"(0.0, 0.0)","(0.0, 0.0)","(0.0, 0.0)","(0.0, 0.0, 0.0)","(0.0, 0.0, 0.0)","(0.0, 0.0, 0.0)","(0.0, 0.0, 0.0)","(0.0, 0.0, 0.0)","(0.0, 0.0, 0.0)",0,0,0,0,0,0,False,0,0,0,0,0,0,0,0,"(0.0, 6.0, 1042.0)","(0.2, 0.0, 0.0, 1.0)"
0,904680.4,0,0,0,0,0,0,0,0,0,"(0.0, 0.0)","(0.0, 0.0)","(0.0, 0.0)","(0.0, 0.0, 0.0)","(0.0, 0.0, 0.0)","(0.0, 0.0, 0.0)","(0.0, 0.0, 0.0)","(0.0, 0.0, 0.0)","(0.0, 0.0, 0.0)",0,0,0,0,0,0,False,0,0,0,0,0,0,0,0,"(0.0, 6.0, 1042.3)","(0.2, 0.0, 0.0, 1.0)"
0,904702.4,0,0,0,0,0,0,0,0,0,"(0.0, 0.0)","(0.0, 0.0)","(0.0, 0.0)","(0.0, 0.0, 0.0)","(0.0, 0.0, 0.0)","(0.0, 0.0, 0.0)","(0.0, 0.0, 0.0)","(0.0, 0.0, 0.0)","(0.0, 0.0, 0.0)",0,0,0,0,0,0,False,0,0,0,0,0,0,0,0,"(0.0, 6.0, 1042.7)","(0.2, 0.0, 0.0, 1.0)"
0,904721.8,0,0,0,0,0,0,0,0,0,"(0.0, 0.0)","(0.0, 0.0)","(0.0, 0.0)","(0.0, 0.0, 0.0)","(0.0, 0.0, 0.0)","(0.0, 0.0, 0.0)","(0.0, 0.0, 0.0)","(0.0, 0.0, 0.0)","(0.0, 0.0, 0.0)",0,0,0,0,0,0,False,0,0,0,0,0,0,0,0,"(0.0, 6.0, 1043.0)","(0.2, 0.0, 0.0, 1.0)"
0,904740.8,0,0,0,0,0,0,0,0,0,"(0.0, 0.0)","(0.0, 0.0)","(0.0, 0.0)","(0.0, 0.0, 0.0)","(0.0, 0.0, 0.0)","(0.0, 0.0, 0.0)","(0.0, 0.0, 0.0)","(0.0, 0.0, 0.0)","(0.0, 0.0, 0.0)",0,0,0,0,0,0,False,0,0,0,0,0,0,0,0,"(0.0, 6.0, 1043.3)","(0.2, 0.0, 0.0, 1.0)"
0,904759,0,0,0,0,0,0,0,0,0,"(0.0, 0.0)","(0.0, 0.0)","(0.0, 0.0)","(0.0, 0.0, 0.0)","(0.0, 0.0, 0.0)","(0.0, 0.0, 0.0)","(0.0, 0.0, 0.0)","(0.0, 0.0, 0.0)","(0.0, 0.0, 0.0)",0,0,0,0,0,0,False,0,0,0,0,0,0,0,0,"(0.0, 6.0, 1043.5)","(0.2, 0.0, 0.0, 1.0)"
0,904777.1,0,0,0,0,0,0,0,0,0,"(0.0, 0.0)","(0.0, 0.0)","(0.0, 0.0)","(0.0, 0.0, 0.0)","(0.0, 0.0, 0.0)","(0.0, 0.0, 0.0)","(0.0, 0.0, 0.0)","(0.0, 0.0, 0.0)","(0.0, 0.0, 0.0)",0,0,0,0,0,0,False,0,0,0,0,0,0,0,0,"(0.0, 6.0, 1043.8)","(0.2, 0.0, 0.0, 1.0)"
0,904802.8,0,0,0,0,0,0,0,0,0,"(0.0, 0.0)","(0.0, 0.0)","(0.0, 0.0)","(0.0, 0.0, 0.0)","(0.0, 0.0, 0.0)","(0.0, 0.0, 0.0)","(0.0, 0.0, 0.0)","(0.0, 0.0, 0.0)","(0.0, 0.0, 0.0)",0,0,0,0,0,0,False,0,0,0,0,0,0,0,0,"(0.0, 6.0, 1044.1)","(0.2, 0.0, 0.0, 1.0)"
0,904821.7,0,0,0,0,0,0,0,0,0,"(0.0, 0.0)","(0.0, 0.0)","(0.0, 0.0)","(0.0, 0.0, 0.0)","(0.0, 0.0, 0.0)","(0.0, 0.0, 0.0)","(0.0, 0.0, 0.0)","(0.0, 0.0, 0.0)","(0.0, 0.0, 0.0)",0,0,0,0,0,0,False,0,0,0,0,0,0,0,0,"(0.0, 6.0, 1044.4)","(0.2, 0.0, 0.0, 1.0)"
0,904841.4,0,0,0,0,0,0,0,0,0,"(0.0, 0.0)","(0.0, 0.0)","(0.0, 0.0)","(0.0, 0.0, 0.0)","(0.0, 0.0, 0.0)","(0.0, 0.0, 0.0)","(0.0, 0.0, 0.0)","(0.0, 0.0, 0.0)","(0.0, 0.0, 0.0)",0,0,0,0,0,0,False,0,0,0,0,0,0,0,0,"(0.0, 6.0, 1044.7)","(0.2, 0.0, 0.0, 1.0)"
0,904860.8,0,0,0,0,0,0,0,0,0,"(0.0, 0.0)","(0.0, 0.0)","(0.0, 0.0)","(0.0, 0.0, 0.0)","(0.0, 0.0, 0.0)","(0.0, 0.0, 0.0)","(0.0, 0.0, 0.0)","(0.0, 0.0, 0.0)","(0.0, 0.0, 0.0)",0,0,0,0,0,0,False,0,0,0,0,0,0,0,0,"(0.0, 6.0, 1045.0)","(0.2, 0.0, 0.0, 1.0)"
0,904879.4,0,0,0,0,0,0,0,0,0,"(0.0, 0.0)","(0.0, 0.0)","(0.0, 0.0)","(0.0, 0.0, 0.0)","(0.0, 0.0, 0.0)","(0.0, 0.0, 0.0)","(0.0, 0.0, 0.0)","(0.0, 0.0, 0.0)","(0.0, 0.0, 0.0)",0,0,0,0,0,0,False,0,0,0,0,0,0,0,0,"(0.0, 6.0, 1045.3)","(0.2, 0.0, 0.0, 1.0)"
0,904900.4,0,0,0,0,0,0,0,0,0,"(0.0, 0.0)","(0.0, 0.0)","(0.0, 0.0)","(0.0, 0.0, 0.0)","(0.0, 0.0, 0.0)","(0.0, 0.0, 0.0)","(0.0, 0.0, 0.0)","(0.0, 0.0, 0.0)","(0.0, 0.0, 0.0)",0,0,0,0,0,0,False,0,0,0,0,0,0,0,0,"(0.0, 6.0, 1045.6)","(0.2, 0.0, 0.0, 1.0)"
0,904918.8,0,0,0,0,0,0,0,0,0,"(0.0, 0.0)","(0.0, 0.0)","(0.0, 0.0)","(0.0, 0.0, 0.0)","(0.0, 0.0, 0.0)","(0.0, 0.0, 0.0)","(0.0, 0.0, 0.0)","(0.0, 0.0, 0.0)","(0.0, 0.0, 0.0)",0,0,0,0,0,0,False,0,0,0,0,0,0,0,0,"(0.0, 6.0, 1045.9)","(0.2, 0.0, 0.0, 1.0)"
0,904938.5,0,0,0,0,0,0,0,0,0,"(0.0, 0.0)","(0.0, 0.0)","(0.0, 0.0)","(0.0, 0.0, 0.0)","(0.0, 0.0, 0.0)","(0.0, 0.0, 0.0)","(0.0, 0.0, 0.0)","(0.0, 0.0, 0.0)","(0.0, 0.0, 0.0)",0,0,0,0,0,0,False,0,0,0,0,0,0,0,0,"(0.0, 6.0, 1046.2)","(0.2, 0.0, 0.0, 1.0)"
0,904957.4,0,0,0,0,0,0,0,0,0,"(0.0, 0.0)","(0.0, 0.0)","(0.0, 0.0)","(0.0, 0.0, 0.0)","(0.0, 0.0, 0.0)","(0.0, 0.0, 0.0)","(0.0, 0.0, 0.0)","(0.0, 0.0, 0.0)","(0.0, 0.0, 0.0)",0,0,0,0,0,0,False,0,0,0,0,0,0,0,0,"(0.0, 6.0, 1046.4)","(0.2, 0.0, 0.0, 1.0)"
0,904976.1,0,0,0,0,0,0,0,0,0,"(0.0, 0.0)","(0.0, 0.0)","(0.0, 0.0)","(0.0, 0.0, 0.0)","(0.0, 0.0, 0.0)","(0.0, 0.0, 0.0)","(0.0, 0.0, 0.0)","(0.0, 0.0, 0.0)","(0.0, 0.0, 0.0)",0,0,0,0,0,0,False,0,0,0,0,0,0,0,0,"(0.0, 6.0, 1046.7)","(0.2, 0.0, 0.0, 1.0)"
0,904996.3,0,0,0,0,0,0,0,0,0,"(0.0, 0.0)","(0.0, 0.0)","(0.0, 0.0)","(0.0, 0.0, 0.0)","(0.0, 0.0, 0.0)","(0.0, 0.0, 0.0)","(0.0, 0.0, 0.0)","(0.0, 0.0, 0.0)","(0.0, 0.0, 0.0)",0,0,0,0,0,0,False,0,0,0,0,0,0,0,0,"(0.0, 6.0, 1047.0)","(0.2, 0.0, 0.0, 1.0)"
0,905017.4,0,0,0,0,0,0,0,0,0,"(0.0, 0.0)","(0.0, 0.0)","(0.0, 0.0)","(0.0, 0.0, 0.0)","(0.0, 0.0, 0.0)","(0.0, 0.0, 0.0)","(0.0, 0.0, 0.0)","(0.0, 0.0, 0.0)","(0.0, 0.0, 0.0)",0,0,0,0,0,0,False,0,0,0,0,0,0,0,0,"(0.0, 6.0, 1047.3)","(0.2, 0.0, 0.0, 1.0)"
0,905036.9,0,0,0,0,0,0,0,0,0,"(0.0, 0.0)","(0.0, 0.0)","(0.0, 0.0)","(0.0, 0.0, 0.0)","(0.0, 0.0, 0.0)","(0.0, 0.0, 0.0)","(0.0, 0.0, 0.0)","(0.0, 0.0, 0.0)","(0.0, 0.0, 0.0)",0,0,0,0,0,0,False,0,0,0,0,0,0,0,0,"(0.0, 6.0, 1047.6)","(0.2, 0.0, 0.0, 1.0)"
0,905055.7,0,0,0,0,0,0,0,0,0,"(0.0, 0.0)","(0.0, 0.0)","(0.0, 0.0)","(0.0, 0.0, 0.0)","(0.0, 0.0, 0.0)","(0.0, 0.0, 0.0)","(0.0, 0.0, 0.0)","(0.0, 0.0, 0.0)","(0.0, 0.0, 0.0)",0,0,0,0,0,0,False,0,0,0,0,0,0,0,0,"(0.0, 6.0, 1047.8)","(0.2, 0.0, 0.0, 1.0)"
0,905074.9,0,0,0,0,0,0,0,0,0,"(0.0, 0.0)","(0.0, 0.0)","(0.0, 0.0)","(0.0, 0.0, 0.0)","(0.0, 0.0, 0.0)","(0.0, 0.0, 0.0)","(0.0, 0.0, 0.0)","(0.0, 0.0, 0.0)","(0.0, 0.0, 0.0)",0,0,0,0,0,0,False,0,0,0,0,0,0,0,0,"(0.0, 6.0, 1048.1)","(0.2, 0.0, 0.0, 1.0)"
0,905094.6,0,0,0,0,0,0,0,0,0,"(0.0, 0.0)","(0.0, 0.0)","(0.0, 0.0)","(0.0, 0.0, 0.0)","(0.0, 0.0, 0.0)","(0.0, 0.0, 0.0)","(0.0, 0.0, 0.0)","(0.0, 0.0, 0.0)","(0.0, 0.0, 0.0)",0,0,0,0,0,0,False,0,0,0,0,0,0,0,0,"(0.0, 6.0, 1048.4)","(0.2, 0.0, 0.0, 1.0)"
0,905116.8,0,0,0,0,0,0,0,0,0,"(0.0, 0.0)","(0.0, 0.0)","(0.0, 0.0)","(0.0, 0.0, 0.0)","(0.0, 0.0, 0.0)","(0.0, 0.0, 0.0)","(0.0, 0.0, 0.0)","(0.0, 0.0, 0.0)","(0.0, 0.0, 0.0)",0,0,0,0,0,0,False,0,0,0,0,0,0,0,0,"(0.0, 6.0, 1048.7)","(0.2, 0.0, 0.0, 1.0)"
0,905137.3,0,0,0,0,0,0,0,0,0,"(0.0, 0.0)","(0.0, 0.0)","(0.0, 0.0)","(0.0, 0.0, 0.0)","(0.0, 0.0, 0.0)","(0.0, 0.0, 0.0)","(0.0, 0.0, 0.0)","(0.0, 0.0, 0.0)","(0.0, 0.0, 0.0)",0,0,0,0,0,0,False,0,0,0,0,0,0,0,0,"(0.0, 6.0, 1049.0)","(0.2, 0.0, 0.0, 1.0)"
0,905159.7,0,0,0,0,0,0,0,0,0,"(0.0, 0.0)","(0.0, 0.0)","(0.0, 0.0)","(0.0, 0.0, 0.0)","(0.0, 0.0, 0.0)","(0.0, 0.0, 0.0)","(0.0, 0.0, 0.0)","(0.0, 0.0, 0.0)","(0.0, 0.0, 0.0)",0,0,0,0,0,0,False,0,0,0,0,0,0,0,0,"(0.0, 6.0, 1049.2)","(0.2, 0.0, 0.0, 1.0)"
0,905180.2,0,0,0,0,0,0,0,0,0,"(0.0, 0.0)","(0.0, 0.0)","(0.0, 0.0)","(0.0, 0.0, 0.0)","(0.0, 0.0, 0.0)","(0.0, 0.0, 0.0)","(0.0, 0.0, 0.0)","(0.0, 0.0, 0.0)","(0.0, 0.0, 0.0)",0,0,0,0,0,0,False,0,0,0,0,0,0,0,0,"(0.0, 6.0, 1049.5)","(0.2, 0.0, 0.0, 1.0)"
0,905202.3,0,0,0,0,0,0,0,0,0,"(0.0, 0.0)","(0.0, 0.0)","(0.0, 0.0)","(0.0, 0.0, 0.0)","(0.0, 0.0, 0.0)","(0.0, 0.0, 0.0)","(0.0, 0.0, 0.0)","(0.0, 0.0, 0.0)","(0.0, 0.0, 0.0)",0,0,0,0,0,0,False,0,0,0,0,0,0,0,0,"(0.0, 6.0, 1049.8)","(0.2, 0.0, 0.0, 1.0)"
0,905223.9,0,0,0,0,0,0,0,0,0,"(0.0, 0.0)","(0.0, 0.0)","(0.0, 0.0)","(0.0, 0.0, 0.0)","(0.0, 0.0, 0.0)","(0.0, 0.0, 0.0)","(0.0, 0.0, 0.0)","(0.0, 0.0, 0.0)","(0.0, 0.0, 0.0)",0,0,0,0,0,0,False,0,0,0,0,0,0,0,0,"(0.0, 6.0, 1050.1)","(0.2, 0.0, 0.0, 1.0)"
0,905247.2,0,0,0,0,0,0,0,0,0,"(0.0, 0.0)","(0.0, 0.0)","(0.0, 0.0)","(0.0, 0.0, 0.0)","(0.0, 0.0, 0.0)","(0.0, 0.0, 0.0)","(0.0, 0.0, 0.0)","(0.0, 0.0, 0.0)","(0.0, 0.0, 0.0)",0,0,0,0,0,0,False,0,0,0,0,0,0,0,0,"(0.0, 6.0, 1050.4)","(0.2, 0.0, 0.0, 1.0)"
0,905269.1,0,0,0,0,0,0,0,0,0,"(0.0, 0.0)","(0.0, 0.0)","(0.0, 0.0)","(0.0, 0.0, 0.0)","(0.0, 0.0, 0.0)","(0.0, 0.0, 0.0)","(0.0, 0.0, 0.0)","(0.0, 0.0, 0.0)","(0.0, 0.0, 0.0)",0,0,0,0,0,0,False,0,0,0,0,0,0,0,0,"(0.0, 6.0, 1050.7)","(0.2, 0.0, 0.0, 1.0)"
0,905293.4,0,0,0,0,0,0,0,0,0,"(0.0, 0.0)","(0.0, 0.0)","(0.0, 0.0)","(0.0, 0.0, 0.0)","(0.0, 0.0, 0.0)","(0.0, 0.0, 0.0)","(0.0, 0.0, 0.0)","(0.0, 0.0, 0.0)","(0.0, 0.0, 0.0)",0,0,0,0,0,0,False,0,0,0,0,0,0,0,0,"(0.0, 6.0, 1051.0)","(0.2, 0.0, 0.0, 1.0)"
0,905313.6,0,0,0,0,0,0,0,0,0,"(0.0, 0.0)","(0.0, 0.0)","(0.0, 0.0)","(0.0, 0.0, 0.0)","(0.0, 0.0, 0.0)","(0.0, 0.0, 0.0)","(0.0, 0.0, 0.0)","(0.0, 0.0, 0.0)","(0.0, 0.0, 0.0)",0,0,0,0,0,0,False,0,0,0,0,0,0,0,0,"(0.0, 6.0, 1051.3)","(0.2, 0.0, 0.0, 1.0)"
0,905338.2,0,0,0,0,0,0,0,0,0,"(0.0, 0.0)","(0.0, 0.0)","(0.0, 0.0)","(0.0, 0.0, 0.0)","(0.0, 0.0, 0.0)","(0.0, 0.0, 0.0)","(0.0, 0.0, 0.0)","(0.0, 0.0, 0.0)","(0.0, 0.0, 0.0)",0,0,0,0,0,0,False,0,0,0,0,0,0,0,0,"(0.0, 6.0, 1051.6)","(0.2, 0.0, 0.0, 1.0)"
0,905357.1,0,0,0,0,0,0,0,0,0,"(0.0, 0.0)","(0.0, 0.0)","(0.0, 0.0)","(0.0, 0.0, 0.0)","(0.0, 0.0, 0.0)","(0.0, 0.0, 0.0)","(0.0, 0.0, 0.0)","(0.0, 0.0, 0.0)","(0.0, 0.0, 0.0)",0,0,0,0,0,0,False,0,0,0,0,0,0,0,0,"(0.0, 6.0, 1051.9)","(0.2, 0.0, 0.0, 1.0)"
0,905380.6,0,0,0,0,0,0,0,0,0,"(0.0, 0.0)","(0.0, 0.0)","(0.0, 0.0)","(0.0, 0.0, 0.0)","(0.0, 0.0, 0.0)","(0.0, 0.0, 0.0)","(0.0, 0.0, 0.0)","(0.0, 0.0, 0.0)","(0.0, 0.0, 0.0)",0,0,0,0,0,0,False,0,0,0,0,0,0,0,0,"(0.0, 6.0, 1052.2)","(0.2, 0.0, 0.0, 1.0)"
0,905401.9,0,0,0,0,0,0,0,0,0,"(0.0, 0.0)","(0.0, 0.0)","(0.0, 0.0)","(0.0, 0.0, 0.0)","(0.0, 0.0, 0.0)","(0.0, 0.0, 0.0)","(0.0, 0.0, 0.0)","(0.0, 0.0, 0.0)","(0.0, 0.0, 0.0)",0,0,0,0,0,0,False,0,0,0,0,0,0,0,0,"(0.0, 6.0, 1052.5)","(0.2, 0.0, 0.0, 1.0)"
0,905424,0,0,0,0,0,0,0,0,0,"(0.0, 0.0)","(0.0, 0.0)","(0.0, 0.0)","(0.0, 0.0, 0.0)","(0.0, 0.0, 0.0)","(0.0, 0.0, 0.0)","(0.0, 0.0, 0.0)","(0.0, 0.0, 0.0)","(0.0, 0.0, 0.0)",0,0,0,0,0,0,False,0,0,0,0,0,0,0,0,"(0.0, 6.0, 1052.8)","(0.2, 0.0, 0.0, 1.0)"
0,905447.5,0,0,0,0,0,0,0,0,0,"(0.0, 0.0)","(0.0, 0.0)","(0.0, 0.0)","(0.0, 0.0, 0.0)","(0.0, 0.0, 0.0)","(0.0, 0.0, 0.0)","(0.0, 0.0, 0.0)","(0.0, 0.0, 0.0)","(0.0, 0.0, 0.0)",0,0,0,0,0,0,False,0,0,0,0,0,0,0,0,"(0.0, 6.0, 1053.1)","(0.2, 0.0, 0.0, 1.0)"
0,905468.8,0,0,0,0,0,0,0,0,0,"(0.0, 0.0)","(0.0, 0.0)","(0.0, 0.0)","(0.0, 0.0, 0.0)","(0.0, 0.0, 0.0)","(0.0, 0.0, 0.0)","(0.0, 0.0, 0.0)","(0.0, 0.0, 0.0)","(0.0, 0.0, 0.0)",0,0,0,0,0,0,False,0,0,0,0,0,0,0,0,"(0.0, 6.0, 1053.4)","(0.2, 0.0, 0.0, 1.0)"
0,905490.9,0,0,0,0,0,0,0,0,0,"(0.0, 0.0)","(0.0, 0.0)","(0.0, 0.0)","(0.0, 0.0, 0.0)","(0.0, 0.0, 0.0)","(0.0, 0.0, 0.0)","(0.0, 0.0, 0.0)","(0.0, 0.0, 0.0)","(0.0, 0.0, 0.0)",0,0,0,0,0,0,False,0,0,0,0,0,0,0,0,"(0.0, 6.0, 1053.7)","(0.2, 0.0, 0.0, 1.0)"
0,905515.5,0,0,0,0,0,0,0,0,0,"(0.0, 0.0)","(0.0, 0.0)","(0.0, 0.0)","(0.0, 0.0, 0.0)","(0.0, 0.0, 0.0)","(0.0, 0.0, 0.0)","(0.0, 0.0, 0.0)","(0.0, 0.0, 0.0)","(0.0, 0.0, 0.0)",0,0,0,0,0,0,False,0,0,0,0,0,0,0,0,"(0.0, 6.0, 1054.0)","(0.2, 0.0, 0.0, 1.0)"
0,905535.4,0,0,0,0,0,0,0,0,0,"(0.0, 0.0)","(0.0, 0.0)","(0.0, 0.0)","(0.0, 0.0, 0.0)","(0.0, 0.0, 0.0)","(0.0, 0.0, 0.0)","(0.0, 0.0, 0.0)","(0.0, 0.0, 0.0)","(0.0, 0.0, 0.0)",0,0,0,0,0,0,False,0,0,0,0,0,0,0,0,"(0.0, 6.0, 1054.3)","(0.2, 0.0, 0.0, 1.0)"
0,905557.1,0,0,0,0,0,0,0,0,0,"(0.0, 0.0)","(0.0, 0.0)","(0.0, 0.0)","(0.0, 0.0, 0.0)","(0.0, 0.0, 0.0)","(0.0, 0.0, 0.0)","(0.0, 0.0, 0.0)","(0.0, 0.0, 0.0)","(0.0, 0.0, 0.0)",0,0,0,0,0,0,False,0,0,0,0,0,0,0,0,"(0.0, 6.0, 1054.6)","(0.2, 0.0, 0.0, 1.0)"
0,905580.5,0,0,0,0,0,0,0,0,0,"(0.0, 0.0)","(0.0, 0.0)","(0.0, 0.0)","(0.0, 0.0, 0.0)","(0.0, 0.0, 0.0)","(0.0, 0.0, 0.0)","(0.0, 0.0, 0.0)","(0.0, 0.0, 0.0)","(0.0, 0.0, 0.0)",0,0,0,0,0,0,False,0,0,0,0,0,0,0,0,"(0.0, 6.0, 1054.9)","(0.2, 0.0, 0.0, 1.0)"
0,905602.6,0,0,0,0,0,0,0,0,0,"(0.0, 0.0)","(0.0, 0.0)","(0.0, 0.0)","(0.0, 0.0, 0.0)","(0.0, 0.0, 0.0)","(0.0, 0.0, 0.0)","(0.0, 0.0, 0.0)","(0.0, 0.0, 0.0)","(0.0, 0.0, 0.0)",0,0,0,0,0,0,False,0,0,0,0,0,0,0,0,"(0.0, 6.0, 1055.2)","(0.2, 0.0, 0.0, 1.0)"
0,905624.3,0,0,0,0,0,0,0,0,0,"(0.0, 0.0)","(0.0, 0.0)","(0.0, 0.0)","(0.0, 0.0, 0.0)","(0.0, 0.0, 0.0)","(0.0, 0.0, 0.0)","(0.0, 0.0, 0.0)","(0.0, 0.0, 0.0)","(0.0, 0.0, 0.0)",0,0,0,0,0,0,False,0,0,0,0,0,0,0,0,"(0.0, 6.0, 1055.5)","(0.2, 0.0, 0.0, 1.0)"
0,905647.2,0,0,0,0,0,0,0,0,0,"(0.0, 0.0)","(0.0, 0.0)","(0.0, 0.0)","(0.0, 0.0, 0.0)","(0.0, 0.0, 0.0)","(0.0, 0.0, 0.0)","(0.0, 0.0, 0.0)","(0.0, 0.0, 0.0)","(0.0, 0.0, 0.0)",0,0,0,0,0,0,False,0,0,0,0,0,0,0,0,"(0.0, 6.0, 1055.9)","(0.2, 0.0, 0.0, 1.0)"
0,905668.9,0,0,0,0,0,0,0,0,0,"(0.0, 0.0)","(0.0, 0.0)","(0.0, 0.0)","(0.0, 0.0, 0.0)","(0.0, 0.0, 0.0)","(0.0, 0.0, 0.0)","(0.0, 0.0, 0.0)","(0.0, 0.0, 0.0)","(0.0, 0.0, 0.0)",0,0,0,0,0,0,False,0,0,0,0,0,0,0,0,"(0.0, 6.0, 1056.2)","(0.2, 0.0, 0.0, 1.0)"
0,905688.1,0,0,0,0,0,0,0,0,0,"(0.0, 0.0)","(0.0, 0.0)","(0.0, 0.0)","(0.0, 0.0, 0.0)","(0.0, 0.0, 0.0)","(0.0, 0.0, 0.0)","(0.0, 0.0, 0.0)","(0.0, 0.0, 0.0)","(0.0, 0.0, 0.0)",0,0,0,0,0,0,False,0,0,0,0,0,0,0,0,"(0.0, 6.0, 1056.5)","(0.2, 0.0, 0.0, 1.0)"
0,905711.4,0,0,0,0,0,0,0,0,0,"(0.0, 0.0)","(0.0, 0.0)","(0.0, 0.0)","(0.0, 0.0, 0.0)","(0.0, 0.0, 0.0)","(0.0, 0.0, 0.0)","(0.0, 0.0, 0.0)","(0.0, 0.0, 0.0)","(0.0, 0.0, 0.0)",0,0,0,0,0,0,False,0,0,0,0,0,0,0,0,"(0.0, 6.0, 1056.8)","(0.2, 0.0, 0.0, 1.0)"
0,905730.2,0,0,0,0,0,0,0,0,0,"(0.0, 0.0)","(0.0, 0.0)","(0.0, 0.0)","(0.0, 0.0, 0.0)","(0.0, 0.0, 0.0)","(0.0, 0.0, 0.0)","(0.0, 0.0, 0.0)","(0.0, 0.0, 0.0)","(0.0, 0.0, 0.0)",0,0,0,0,0,0,False,0,0,0,0,0,0,0,0,"(0.0, 6.0, 1057.1)","(0.2, 0.0, 0.0, 1.0)"
0,905750.3,0,0,0,0,0,0,0,0,0,"(0.0, 0.0)","(0.0, 0.0)","(0.0, 0.0)","(0.0, 0.0, 0.0)","(0.0, 0.0, 0.0)","(0.0, 0.0, 0.0)","(0.0, 0.0, 0.0)","(0.0, 0.0, 0.0)","(0.0, 0.0, 0.0)",0,0,0,0,0,0,False,0,0,0,0,0,0,0,0,"(0.0, 6.0, 1057.4)","(0.2, 0.0, 0.0, 1.0)"
0,905775.2,0,0,0,0,0,0,0,0,0,"(0.0, 0.0)","(0.0, 0.0)","(0.0, 0.0)","(0.0, 0.0, 0.0)","(0.0, 0.0, 0.0)","(0.0, 0.0, 0.0)","(0.0, 0.0, 0.0)","(0.0, 0.0, 0.0)","(0.0, 0.0, 0.0)",0,0,0,0,0,0,False,0,0,0,0,0,0,0,0,"(0.0, 6.0, 1057.7)","(0.2, 0.0, 0.0, 1.0)"
0,905798.2,0,0,0,0,0,0,0,0,0,"(0.0, 0.0)","(0.0, 0.0)","(0.0, 0.0)","(0.0, 0.0, 0.0)","(0.0, 0.0, 0.0)","(0.0, 0.0, 0.0)","(0.0, 0.0, 0.0)","(0.0, 0.0, 0.0)","(0.0, 0.0, 0.0)",0,0,0,0,0,0,False,0,0,0,0,0,0,0,0,"(0.0, 6.0, 1058.0)","(0.2, 0.0, 0.0, 1.0)"
0,905817.4,0,0,0,0,0,0,0,0,0,"(0.0, 0.0)","(0.0, 0.0)","(0.0, 0.0)","(0.0, 0.0, 0.0)","(0.0, 0.0, 0.0)","(0.0, 0.0, 0.0)","(0.0, 0.0, 0.0)","(0.0, 0.0, 0.0)","(0.0, 0.0, 0.0)",0,0,0,0,0,0,False,0,0,0,0,0,0,0,0,"(0.0, 6.0, 1058.3)","(0.2, 0.0, 0.0, 1.0)"
0,905836.7,0,0,0,0,0,0,0,0,0,"(0.0, 0.0)","(0.0, 0.0)","(0.0, 0.0)","(0.0, 0.0, 0.0)","(0.0, 0.0, 0.0)","(0.0, 0.0, 0.0)","(0.0, 0.0, 0.0)","(0.0, 0.0, 0.0)","(0.0, 0.0, 0.0)",0,0,0,0,0,0,False,0,0,0,0,0,0,0,0,"(0.0, 6.0, 1058.6)","(0.2, 0.0, 0.0, 1.0)"
0,905854.9,0,0,0,0,0,0,0,0,0,"(0.0, 0.0)","(0.0, 0.0)","(0.0, 0.0)","(0.0, 0.0, 0.0)","(0.0, 0.0, 0.0)","(0.0, 0.0, 0.0)","(0.0, 0.0, 0.0)","(0.0, 0.0, 0.0)","(0.0, 0.0, 0.0)",0,0,0,0,0,0,False,0,0,0,0,0,0,0,0,"(0.0, 6.0, 1058.9)","(0.2, 0.0, 0.0, 1.0)"
0,905877.9,0,0,0,0,0,0,0,0,0,"(0.0, 0.0)","(0.0, 0.0)","(0.0, 0.0)","(0.0, 0.0, 0.0)","(0.0, 0.0, 0.0)","(0.0, 0.0, 0.0)","(0.0, 0.0, 0.0)","(0.0, 0.0, 0.0)","(0.0, 0.0, 0.0)",0,0,0,0,0,0,False,0,0,0,0,0,0,0,0,"(0.0, 6.0, 1059.2)","(0.2, 0.0, 0.0, 1.0)"
0,905897,0,0,0,0,0,0,0,0,0,"(0.0, 0.0)","(0.0, 0.0)","(0.0, 0.0)","(0.0, 0.0, 0.0)","(0.0, 0.0, 0.0)","(0.0, 0.0, 0.0)","(0.0, 0.0, 0.0)","(0.0, 0.0, 0.0)","(0.0, 0.0, 0.0)",0,0,0,0,0,0,False,0,0,0,0,0,0,0,0,"(0.0, 6.0, 1059.5)","(0.2, 0.0, 0.0, 1.0)"
0,905915.9,0,0,0,0,0,0,0,0,0,"(0.0, 0.0)","(0.0, 0.0)","(0.0, 0.0)","(0.0, 0.0, 0.0)","(0.0, 0.0, 0.0)","(0.0, 0.0, 0.0)","(0.0, 0.0, 0.0)","(0.0, 0.0, 0.0)","(0.0, 0.0, 0.0)",0,0,0,0,0,0,False,0,0,0,0,0,0,0,0,"(0.0, 6.0, 1059.8)","(0.2, 0.0, 0.0, 1.0)"
0,905936,0,0,0,0,0,0,0,0,0,"(0.0, 0.0)","(0.0, 0.0)","(0.0, 0.0)","(0.0, 0.0, 0.0)","(0.0, 0.0, 0.0)","(0.0, 0.0, 0.0)","(0.0, 0.0, 0.0)","(0.0, 0.0, 0.0)","(0.0, 0.0, 0.0)",0,0,0,0,0,0,False,0,0,0,0,0,0,0,0,"(0.0, 6.0, 1060.1)","(0.2, 0.0, 0.0, 1.0)"
0,905953.7,0,0,0,0,0,0,0,0,0,"(0.0, 0.0)","(0.0, 0.0)","(0.0, 0.0)","(0.0, 0.0, 0.0)","(0.0, 0.0, 0.0)","(0.0, 0.0, 0.0)","(0.0, 0.0, 0.0)","(0.0, 0.0, 0.0)","(0.0, 0.0, 0.0)",0,0,0,0,0,0,False,0,0,0,0,0,0,0,0,"(0.0, 6.0, 1060.3)","(0.2, 0.0, 0.0, 1.0)"
0,905971.9,0,0,0,0,0,0,0,0,0,"(0.0, 0.0)","(0.0, 0.0)","(0.0, 0.0)","(0.0, 0.0, 0.0)","(0.0, 0.0, 0.0)","(0.0, 0.0, 0.0)","(0.0, 0.0, 0.0)","(0.0, 0.0, 0.0)","(0.0, 0.0, 0.0)",0,0,0,0,0,0,False,0,0,0,0,0,0,0,0,"(0.0, 6.0, 1060.6)","(0.2, 0.0, 0.0, 1.0)"
0,905994.4,0,0,0,0,0,0,0,0,0,"(0.0, 0.0)","(0.0, 0.0)","(0.0, 0.0)","(0.0, 0.0, 0.0)","(0.0, 0.0, 0.0)","(0.0, 0.0, 0.0)","(0.0, 0.0, 0.0)","(0.0, 0.0, 0.0)","(0.0, 0.0, 0.0)",0,0,0,0,0,0,False,0,0,0,0,0,0,0,0,"(0.0, 6.0, 1060.9)","(0.2, 0.0, 0.0, 1.0)"
0,906012.9,0,0,0,0,0,0,0,0,0,"(0.0, 0.0)","(0.0, 0.0)","(0.0, 0.0)","(0.0, 0.0, 0.0)","(0.0, 0.0, 0.0)","(0.0, 0.0, 0.0)","(0.0, 0.0, 0.0)","(0.0, 0.0, 0.0)","(0.0, 0.0, 0.0)",0,0,0,0,0,0,False,0,0,0,0,0,0,0,0,"(0.0, 6.0, 1061.2)","(0.2, 0.0, 0.0, 1.0)"
0,906032.2,0,0,0,0,0,0,0,0,0,"(0.0, 0.0)","(0.0, 0.0)","(0.0, 0.0)","(0.0, 0.0, 0.0)","(0.0, 0.0, 0.0)","(0.0, 0.0, 0.0)","(0.0, 0.0, 0.0)","(0.0, 0.0, 0.0)","(0.0, 0.0, 0.0)",0,0,0,0,0,0,False,0,0,0,0,0,0,0,0,"(0.0, 6.0, 1061.5)","(0.2, 0.0, 0.0, 1.0)"
0,906051.4,0,0,0,0,0,0,0,0,0,"(0.0, 0.0)","(0.0, 0.0)","(0.0, 0.0)","(0.0, 0.0, 0.0)","(0.0, 0.0, 0.0)","(0.0, 0.0, 0.0)","(0.0, 0.0, 0.0)","(0.0, 0.0, 0.0)","(0.0, 0.0, 0.0)",0,0,0,0,0,0,False,0,0,0,0,0,0,0,0,"(0.0, 6.0, 1061.8)","(0.2, 0.0, 0.0, 1.0)"
0,906070.4,0,0,0,0,0,0,0,0,0,"(0.0, 0.0)","(0.0, 0.0)","(0.0, 0.0)","(0.0, 0.0, 0.0)","(0.0, 0.0, 0.0)","(0.0, 0.0, 0.0)","(0.0, 0.0, 0.0)","(0.0, 0.0, 0.0)","(0.0, 0.0, 0.0)",0,0,0,0,0,0,False,0,0,0,0,0,0,0,0,"(0.0, 6.0, 1062.0)","(0.2, 0.0, 0.0, 1.0)"
0,906087.4,0,0,0,0,0,0,0,0,0,"(0.0, 0.0)","(0.0, 0.0)","(0.0, 0.0)","(0.0, 0.0, 0.0)","(0.0, 0.0, 0.0)","(0.0, 0.0, 0.0)","(0.0, 0.0, 0.0)","(0.0, 0.0, 0.0)","(0.0, 0.0, 0.0)",0,0,0,0,0,0,False,0,0,0,0,0,0,0,0,"(0.0, 6.0, 1062.3)","(0.2, 0.0, 0.0, 1.0)"
0,906105.6,0,0,0,0,0,0,0,0,0,"(0.0, 0.0)","(0.0, 0.0)","(0.0, 0.0)","(0.0, 0.0, 0.0)","(0.0, 0.0, 0.0)","(0.0, 0.0, 0.0)","(0.0, 0.0, 0.0)","(0.0, 0.0, 0.0)","(0.0, 0.0, 0.0)",0,0,0,0,0,0,False,0,0,0,0,0,0,0,0,"(0.0, 6.0, 1062.6)","(0.2, 0.0, 0.0, 1.0)"
0,906123.3,0,0,0,0,0,0,0,0,0,"(0.0, 0.0)","(0.0, 0.0)","(0.0, 0.0)","(0.0, 0.0, 0.0)","(0.0, 0.0, 0.0)","(0.0, 0.0, 0.0)","(0.0, 0.0, 0.0)","(0.0, 0.0, 0.0)","(0.0, 0.0, 0.0)",0,0,0,0,0,0,False,0,0,0,0,0,0,0,0,"(0.0, 6.0, 1062.9)","(0.2, 0.0, 0.0, 1.0)"
0,906140.6,0,0,0,0,0,0,0,0,0,"(0.0, 0.0)","(0.0, 0.0)","(0.0, 0.0)","(0.0, 0.0, 0.0)","(0.0, 0.0, 0.0)","(0.0, 0.0, 0.0)","(0.0, 0.0, 0.0)","(0.0, 0.0, 0.0)","(0.0, 0.0, 0.0)",0,0,0,0,0,0,False,0,0,0,0,0,0,0,0,"(0.0, 6.0, 1063.1)","(0.2, 0.0, 0.0, 1.0)"
0,906158.9,0,0,0,0,0,0,0,0,0,"(0.0, 0.0)","(0.0, 0.0)","(0.0, 0.0)","(0.0, 0.0, 0.0)","(0.0, 0.0, 0.0)","(0.0, 0.0, 0.0)","(0.0, 0.0, 0.0)","(0.0, 0.0, 0.0)","(0.0, 0.0, 0.0)",0,0,0,0,0,0,False,0,0,0,0,0,0,0,0,"(0.0, 6.0, 1063.4)","(0.2, 0.0, 0.0, 1.0)"
0,906179.5,0,0,0,0,0,0,0,0,0,"(0.0, 0.0)","(0.0, 0.0)","(0.0, 0.0)","(0.0, 0.0, 0.0)","(0.0, 0.0, 0.0)","(0.0, 0.0, 0.0)","(0.0, 0.0, 0.0)","(0.0, 0.0, 0.0)","(0.0, 0.0, 0.0)",0,0,0,0,0,0,False,0,0,0,0,0,0,0,0,"(0.0, 6.0, 1063.7)","(0.2, 0.0, 0.0, 1.0)"
0,906201.6,0,0,0,0,0,0,0,0,0,"(0.0, 0.0)","(0.0, 0.0)","(0.0, 0.0)","(0.0, 0.0, 0.0)","(0.0, 0.0, 0.0)","(0.0, 0.0, 0.0)","(0.0, 0.0, 0.0)","(0.0, 0.0, 0.0)","(0.0, 0.0, 0.0)",0,0,0,0,0,0,False,0,0,0,0,0,0,0,0,"(0.0, 6.0, 1063.9)","(0.2, 0.0, 0.0, 1.0)"
0,906223.2,0,0,0,0,0,0,0,0,0,"(0.0, 0.0)","(0.0, 0.0)","(0.0, 0.0)","(0.0, 0.0, 0.0)","(0.0, 0.0, 0.0)","(0.0, 0.0, 0.0)","(0.0, 0.0, 0.0)","(0.0, 0.0, 0.0)","(0.0, 0.0, 0.0)",0,0,0,0,0,0,False,0,0,0,0,0,0,0,0,"(0.0, 6.0, 1064.2)","(0.2, 0.0, 0.0, 1.0)"
0,906246.3,0,0,0,0,0,0,0,0,0,"(0.0, 0.0)","(0.0, 0.0)","(0.0, 0.0)","(0.0, 0.0, 0.0)","(0.0, 0.0, 0.0)","(0.0, 0.0, 0.0)","(0.0, 0.0, 0.0)","(0.0, 0.0, 0.0)","(0.0, 0.0, 0.0)",0,0,0,0,0,0,False,0,0,0,0,0,0,0,0,"(0.0, 6.0, 1064.5)","(0.2, 0.0, 0.0, 1.0)"
0,906269.3,0,0,0,0,0,0,0,0,0,"(0.0, 0.0)","(0.0, 0.0)","(0.0, 0.0)","(0.0, 0.0, 0.0)","(0.0, 0.0, 0.0)","(0.0, 0.0, 0.0)","(0.0, 0.0, 0.0)","(0.0, 0.0, 0.0)","(0.0, 0.0, 0.0)",0,0,0,0,0,0,False,0,0,0,0,0,0,0,0,"(0.0, 6.0, 1064.8)","(0.2, 0.0, 0.0, 1.0)"
0,906290.3,0,0,0,0,0,0,0,0,0,"(0.0, 0.0)","(0.0, 0.0)","(0.0, 0.0)","(0.0, 0.0, 0.0)","(0.0, 0.0, 0.0)","(0.0, 0.0, 0.0)","(0.0, 0.0, 0.0)","(0.0, 0.0, 0.0)","(0.0, 0.0, 0.0)",0,0,0,0,0,0,False,0,0,0,0,0,0,0,0,"(0.0, 6.0, 1065.1)","(0.2, 0.0, 0.0, 1.0)"
0,906312.6,0,0,0,0,0,0,0,0,0,"(0.0, 0.0)","(0.0, 0.0)","(0.0, 0.0)","(0.0, 0.0, 0.0)","(0.0, 0.0, 0.0)","(0.0, 0.0, 0.0)","(0.0, 0.0, 0.0)","(0.0, 0.0, 0.0)","(0.0, 0.0, 0.0)",0,0,0,0,0,0,False,0,0,0,0,0,0,0,0,"(0.0, 6.0, 1065.4)","(0.2, 0.0, 0.0, 1.0)"
0,906334.9,0,0,0,0,0,0,0,0,0,"(0.0, 0.0)","(0.0, 0.0)","(0.0, 0.0)","(0.0, 0.0, 0.0)","(0.0, 0.0, 0.0)","(0.0, 0.0, 0.0)","(0.0, 0.0, 0.0)","(0.0, 0.0, 0.0)","(0.0, 0.0, 0.0)",0,0,0,0,0,0,False,0,0,0,0,0,0,0,0,"(0.0, 6.0, 1065.6)","(0.2, 0.0, 0.0, 1.0)"
0,906357,0,0,0,0,0,0,0,0,0,"(0.0, 0.0)","(0.0, 0.0)","(0.0, 0.0)","(0.0, 0.0, 0.0)","(0.0, 0.0, 0.0)","(0.0, 0.0, 0.0)","(0.0, 0.0, 0.0)","(0.0, 0.0, 0.0)","(0.0, 0.0, 0.0)",0,0,0,0,0,0,False,0,0,0,0,0,0,0,0,"(0.0, 6.0, 1065.9)","(0.2, 0.0, 0.0, 1.0)"
0,906379.3,0,0,0,0,0,0,0,0,0,"(0.0, 0.0)","(0.0, 0.0)","(0.0, 0.0)","(0.0, 0.0, 0.0)","(0.0, 0.0, 0.0)","(0.0, 0.0, 0.0)","(0.0, 0.0, 0.0)","(0.0, 0.0, 0.0)","(0.0, 0.0, 0.0)",0,0,0,0,0,0,False,0,0,0,0,0,0,0,0,"(0.0, 6.0, 1066.2)","(0.2, 0.0, 0.0, 1.0)"
0,906401.8,0,0,0,0,0,0,0,0,0,"(0.0, 0.0)","(0.0, 0.0)","(0.0, 0.0)","(0.0, 0.0, 0.0)","(0.0, 0.0, 0.0)","(0.0, 0.0, 0.0)","(0.0, 0.0, 0.0)","(0.0, 0.0, 0.0)","(0.0, 0.0, 0.0)",0,0,0,0,0,0,False,0,0,0,0,0,0,0,0,"(0.0, 6.0, 1066.5)","(0.2, 0.0, 0.0, 1.0)"
0,906423.1,0,0,0,0,0,0,0,0,0,"(0.0, 0.0)","(0.0, 0.0)","(0.0, 0.0)","(0.0, 0.0, 0.0)","(0.0, 0.0, 0.0)","(0.0, 0.0, 0.0)","(0.0, 0.0, 0.0)","(0.0, 0.0, 0.0)","(0.0, 0.0, 0.0)",0,0,0,0,0,0,False,0,0,0,0,0,0,0,0,"(0.0, 6.0, 1066.8)","(0.2, 0.0, 0.0, 1.0)"
0,906445.9,0,0,0,0,0,0,0,0,0,"(0.0, 0.0)","(0.0, 0.0)","(0.0, 0.0)","(0.0, 0.0, 0.0)","(0.0, 0.0, 0.0)","(0.0, 0.0, 0.0)","(0.0, 0.0, 0.0)","(0.0, 0.0, 0.0)","(0.0, 0.0, 0.0)",0,0,0,0,0,0,False,0,0,0,0,0,0,0,0,"(0.0, 6.0, 1067.1)","(0.2, 0.0, 0.0, 1.0)"
0,906469.1,0,0,0,0,0,0,0,0,0,"(0.0, 0.0)","(0.0, 0.0)","(0.0, 0.0)","(0.0, 0.0, 0.0)","(0.0, 0.0, 0.0)","(0.0, 0.0, 0.0)","(0.0, 0.0, 0.0)","(0.0, 0.0, 0.0)","(0.0, 0.0, 0.0)",0,0,0,0,0,0,False,0,0,0,0,0,0,0,0,"(0.0, 6.0, 1067.4)","(0.2, 0.0, 0.0, 1.0)"
0,906490.1,0,0,0,0,0,0,0,0,0,"(0.0, 0.0)","(0.0, 0.0)","(0.0, 0.0)","(0.0, 0.0, 0.0)","(0.0, 0.0, 0.0)","(0.0, 0.0, 0.0)","(0.0, 0.0, 0.0)","(0.0, 0.0, 0.0)","(0.0, 0.0, 0.0)",0,0,0,0,0,0,False,0,0,0,0,0,0,0,0,"(0.0, 6.0, 1067.7)","(0.2, 0.0, 0.0, 1.0)"
0,906512.9,0,0,0,0,0,0,0,0,0,"(0.0, 0.0)","(0.0, 0.0)","(0.0, 0.0)","(0.0, 0.0, 0.0)","(0.0, 0.0, 0.0)","(0.0, 0.0, 0.0)","(0.0, 0.0, 0.0)","(0.0, 0.0, 0.0)","(0.0, 0.0, 0.0)",0,0,0,0,0,0,False,0,0,0,0,0,0,0,0,"(0.0, 6.0, 1068.0)","(0.2, 0.0, 0.0, 1.0)"
0,906535.5,0,0,0,0,0,0,0,0,0,"(0.0, 0.0)","(0.0, 0.0)","(0.0, 0.0)","(0.0, 0.0, 0.0)","(0.0, 0.0, 0.0)","(0.0, 0.0, 0.0)","(0.0, 0.0, 0.0)","(0.0, 0.0, 0.0)","(0.0, 0.0, 0.0)",0,0,0,0,0,0,False,0,0,0,0,0,0,0,0,"(0.0, 6.0, 1068.3)","(0.2, 0.0, 0.0, 1.0)"
0,906557.3,0,0,0,0,0,0,0,0,0,"(0.0, 0.0)","(0.0, 0.0)","(0.0, 0.0)","(0.0, 0.0, 0.0)","(0.0, 0.0, 0.0)","(0.0, 0.0, 0.0)","(0.0, 0.0, 0.0)","(0.0, 0.0, 0.0)","(0.0, 0.0, 0.0)",0,0,0,0,0,0,False,0,0,0,0,0,0,0,0,"(0.0, 6.0, 1068.6)","(0.2, 0.0, 0.0, 1.0)"
0,906579.6,0,0,0,0,0,0,0,0,0,"(0.0, 0.0)","(0.0, 0.0)","(0.0, 0.0)","(0.0, 0.0, 0.0)","(0.0, 0.0, 0.0)","(0.0, 0.0, 0.0)","(0.0, 0.0, 0.0)","(0.0, 0.0, 0.0)","(0.0, 0.0, 0.0)",0,0,0,0,0,0,False,0,0,0,0,0,0,0,0,"(0.0, 6.0, 1068.9)","(0.2, 0.0, 0.0, 1.0)"
0,906602.4,0,0,0,0,0,0,0,0,0,"(0.0, 0.0)","(0.0, 0.0)","(0.0, 0.0)","(0.0, 0.0, 0.0)","(0.0, 0.0, 0.0)","(0.0, 0.0, 0.0)","(0.0, 0.0, 0.0)","(0.0, 0.0, 0.0)","(0.0, 0.0, 0.0)",0,0,0,0,0,0,False,0,0,0,0,0,0,0,0,"(0.0, 6.0, 1069.2)","(0.2, 0.0, 0.0, 1.0)"
0,906625.9,0,0,0,0,0,0,0,0,0,"(0.0, 0.0)","(0.0, 0.0)","(0.0, 0.0)","(0.0, 0.0, 0.0)","(0.0, 0.0, 0.0)","(0.0, 0.0, 0.0)","(0.0, 0.0, 0.0)","(0.0, 0.0, 0.0)","(0.0, 0.0, 0.0)",0,0,0,0,0,0,False,0,0,0,0,0,0,0,0,"(0.0, 6.0, 1069.6)","(0.2, 0.0, 0.0, 1.0)"
0,906644.6,0,0,0,0,0,0,0,0,0,"(0.0, 0.0)","(0.0, 0.0)","(0.0, 0.0)","(0.0, 0.0, 0.0)","(0.0, 0.0, 0.0)","(0.0, 0.0, 0.0)","(0.0, 0.0, 0.0)","(0.0, 0.0, 0.0)","(0.0, 0.0, 0.0)",0,0,0,0,0,0,False,0,0,0,0,0,0,0,0,"(0.0, 6.0, 1069.9)","(0.2, 0.0, 0.0, 1.0)"
0,906663.8,0,0,0,0,0,0,0,0,0,"(0.0, 0.0)","(0.0, 0.0)","(0.0, 0.0)","(0.0, 0.0, 0.0)","(0.0, 0.0, 0.0)","(0.0, 0.0, 0.0)","(0.0, 0.0, 0.0)","(0.0, 0.0, 0.0)","(0.0, 0.0, 0.0)",0,0,0,0,0,0,False,0,0,0,0,0,0,0,0,"(0.0, 6.0, 1070.2)","(0.2, 0.0, 0.0, 1.0)"
0,906684.1,0,0,0,0,0,0,0,0,0,"(0.0, 0.0)","(0.0, 0.0)","(0.0, 0.0)","(0.0, 0.0, 0.0)","(0.0, 0.0, 0.0)","(0.0, 0.0, 0.0)","(0.0, 0.0, 0.0)","(0.0, 0.0, 0.0)","(0.0, 0.0, 0.0)",0,0,0,0,0,0,False,0,0,0,0,0,0,0,0,"(0.0, 6.0, 1070.5)","(0.2, 0.0, 0.0, 1.0)"
0,906703.8,0,0,0,0,0,0,0,0,0,"(0.0, 0.0)","(0.0, 0.0)","(0.0, 0.0)","(0.0, 0.0, 0.0)","(0.0, 0.0, 0.0)","(0.0, 0.0, 0.0)","(0.0, 0.0, 0.0)","(0.0, 0.0, 0.0)","(0.0, 0.0, 0.0)",0,0,0,0,0,0,False,0,0,0,0,0,0,0,0,"(0.0, 6.0, 1070.8)","(0.2, 0.0, 0.0, 1.0)"
0,906721.4,0,0,0,0,0,0,0,0,0,"(0.0, 0.0)","(0.0, 0.0)","(0.0, 0.0)","(0.0, 0.0, 0.0)","(0.0, 0.0, 0.0)","(0.0, 0.0, 0.0)","(0.0, 0.0, 0.0)","(0.0, 0.0, 0.0)","(0.0, 0.0, 0.0)",0,0,0,0,0,0,False,0,0,0,0,0,0,0,0,"(0.0, 6.0, 1071.0)","(0.2, 0.0, 0.0, 1.0)"
0,906740.8,0,0,0,0,0,0,0,0,0,"(0.0, 0.0)","(0.0, 0.0)","(0.0, 0.0)","(0.0, 0.0, 0.0)","(0.0, 0.0, 0.0)","(0.0, 0.0, 0.0)","(0.0, 0.0, 0.0)","(0.0, 0.0, 0.0)","(0.0, 0.0, 0.0)",0,0,0,0,0,0,False,0,0,0,0,0,0,0,0,"(0.0, 6.0, 1071.3)","(0.2, 0.0, 0.0, 1.0)"
0,906760.1,0,0,0,0,0,0,0,0,0,"(0.0, 0.0)","(0.0, 0.0)","(0.0, 0.0)","(0.0, 0.0, 0.0)","(0.0, 0.0, 0.0)","(0.0, 0.0, 0.0)","(0.0, 0.0, 0.0)","(0.0, 0.0, 0.0)","(0.0, 0.0, 0.0)",0,0,0,0,0,0,False,0,0,0,0,0,0,0,0,"(0.0, 6.0, 1071.6)","(0.2, 0.0, 0.0, 1.0)"
0,906787.2,0,0,0,0,0,0,0,0,0,"(0.0, 0.0)","(0.0, 0.0)","(0.0, 0.0)","(0.0, 0.0, 0.0)","(0.0, 0.0, 0.0)","(0.0, 0.0, 0.0)","(0.0, 0.0, 0.0)","(0.0, 0.0, 0.0)","(0.0, 0.0, 0.0)",0,0,0,0,0,0,False,0,0,0,0,0,0,0,0,"(0.0, 6.0, 1071.9)","(0.2, 0.0, 0.0, 1.0)"
0,906808.1,0,0,0,0,0,0,0,0,0,"(0.0, 0.0)","(0.0, 0.0)","(0.0, 0.0)","(0.0, 0.0, 0.0)","(0.0, 0.0, 0.0)","(0.0, 0.0, 0.0)","(0.0, 0.0, 0.0)","(0.0, 0.0, 0.0)","(0.0, 0.0, 0.0)",0,0,0,0,0,0,False,0,0,0,0,0,0,0,0,"(0.0, 6.0, 1072.2)","(0.2, 0.0, 0.0, 1.0)"
0,906824.8,0,0,0,0,0,0,0,0,0,"(0.0, 0.0)","(0.0, 0.0)","(0.0, 0.0)","(0.0, 0.0, 0.0)","(0.0, 0.0, 0.0)","(0.0, 0.0, 0.0)","(0.0, 0.0, 0.0)","(0.0, 0.0, 0.0)","(0.0, 0.0, 0.0)",0,0,0,0,0,0,False,0,0,0,0,0,0,0,0,"(0.0, 6.0, 1072.5)","(0.2, 0.0, 0.0, 1.0)"
0,906844.6,0,0,0,0,0,0,0,0,0,"(0.0, 0.0)","(0.0, 0.0)","(0.0, 0.0)","(0.0, 0.0, 0.0)","(0.0, 0.0, 0.0)","(0.0, 0.0, 0.0)","(0.0, 0.0, 0.0)","(0.0, 0.0, 0.0)","(0.0, 0.0, 0.0)",0,0,0,0,0,0,False,0,0,0,0,0,0,0,0,"(0.0, 6.0, 1072.8)","(0.2, 0.0, 0.0, 1.0)"
0,906864,0,0,0,0,0,0,0,0,0,"(0.0, 0.0)","(0.0, 0.0)","(0.0, 0.0)","(0.0, 0.0, 0.0)","(0.0, 0.0, 0.0)","(0.0, 0.0, 0.0)","(0.0, 0.0, 0.0)","(0.0, 0.0, 0.0)","(0.0, 0.0, 0.0)",0,0,0,0,0,0,False,0,0,0,0,0,0,0,0,"(0.0, 6.0, 1073.1)","(0.2, 0.0, 0.0, 1.0)"
0,906885.7,0,0,0,0,0,0,0,0,0,"(0.0, 0.0)","(0.0, 0.0)","(0.0, 0.0)","(0.0, 0.0, 0.0)","(0.0, 0.0, 0.0)","(0.0, 0.0, 0.0)","(0.0, 0.0, 0.0)","(0.0, 0.0, 0.0)","(0.0, 0.0, 0.0)",0,0,0,0,0,0,False,0,0,0,0,0,0,0,0,"(0.0, 6.0, 1073.4)","(0.2, 0.0, 0.0, 1.0)"
0,906904.9,0,0,0,0,0,0,0,0,0,"(0.0, 0.0)","(0.0, 0.0)","(0.0, 0.0)","(0.0, 0.0, 0.0)","(0.0, 0.0, 0.0)","(0.0, 0.0, 0.0)","(0.0, 0.0, 0.0)","(0.0, 0.0, 0.0)","(0.0, 0.0, 0.0)",0,0,0,0,0,0,False,0,0,0,0,0,0,0,0,"(0.0, 6.0, 1073.7)","(0.2, 0.0, 0.0, 1.0)"
0,906922.3,0,0,0,0,0,0,0,0,0,"(0.0, 0.0)","(0.0, 0.0)","(0.0, 0.0)","(0.0, 0.0, 0.0)","(0.0, 0.0, 0.0)","(0.0, 0.0, 0.0)","(0.0, 0.0, 0.0)","(0.0, 0.0, 0.0)","(0.0, 0.0, 0.0)",0,0,0,0,0,0,False,0,0,0,0,0,0,0,0,"(0.0, 6.0, 1073.9)","(0.2, 0.0, 0.0, 1.0)"
0,906940.6,0,0,0,0,0,0,0,0,0,"(0.0, 0.0)","(0.0, 0.0)","(0.0, 0.0)","(0.0, 0.0, 0.0)","(0.0, 0.0, 0.0)","(0.0, 0.0, 0.0)","(0.0, 0.0, 0.0)","(0.0, 0.0, 0.0)","(0.0, 0.0, 0.0)",0,0,0,0,0,0,False,0,0,0,0,0,0,0,0,"(0.0, 6.0, 1074.2)","(0.2, 0.0, 0.0, 1.0)"
0,906964.3,0,0,0,0,0,0,0,0,0,"(0.0, 0.0)","(0.0, 0.0)","(0.0, 0.0)","(0.0, 0.0, 0.0)","(0.0, 0.0, 0.0)","(0.0, 0.0, 0.0)","(0.0, 0.0, 0.0)","(0.0, 0.0, 0.0)","(0.0, 0.0, 0.0)",0,0,0,0,0,0,False,0,0,0,0,0,0,0,0,"(0.0, 6.0, 1074.5)","(0.2, 0.0, 0.0, 1.0)"
0,906983.6,0,0,0,0,0,0,0,0,0,"(0.0, 0.0)","(0.0, 0.0)","(0.0, 0.0)","(0.0, 0.0, 0.0)","(0.0, 0.0, 0.0)","(0.0, 0.0, 0.0)","(0.0, 0.0, 0.0)","(0.0, 0.0, 0.0)","(0.0, 0.0, 0.0)",0,0,0,0,0,0,False,0,0,0,0,0,0,0,0,"(0.0, 6.0, 1074.8)","(0.2, 0.0, 0.0, 1.0)"
0,907003.3,0,0,0,0,0,0,0,0,0,"(0.0, 0.0)","(0.0, 0.0)","(0.0, 0.0)","(0.0, 0.0, 0.0)","(0.0, 0.0, 0.0)","(0.0, 0.0, 0.0)","(0.0, 0.0, 0.0)","(0.0, 0.0, 0.0)","(0.0, 0.0, 0.0)",0,0,0,0,0,0,False,0,0,0,0,0,0,0,0,"(0.0, 6.0, 1075.1)","(0.2, 0.0, 0.0, 1.0)"
0,907020.3,0,0,0,0,0,0,0,0,0,"(0.0, 0.0)","(0.0, 0.0)","(0.0, 0.0)","(0.0, 0.0, 0.0)","(0.0, 0.0, 0.0)","(0.0, 0.0, 0.0)","(0.0, 0.0, 0.0)","(0.0, 0.0, 0.0)","(0.0, 0.0, 0.0)",0,0,0,0,0,0,False,0,0,0,0,0,0,0,0,"(0.0, 6.0, 1075.4)","(0.2, 0.0, 0.0, 1.0)"
0,907039.3,0,0,0,0,0,0,0,0,0,"(0.0, 0.0)","(0.0, 0.0)","(0.0, 0.0)","(0.0, 0.0, 0.0)","(0.0, 0.0, 0.0)","(0.0, 0.0, 0.0)","(0.0, 0.0, 0.0)","(0.0, 0.0, 0.0)","(0.0, 0.0, 0.0)",0,0,0,0,0,0,False,0,0,0,0,0,0,0,0,"(0.0, 6.0, 1075.6)","(0.2, 0.0, 0.0, 1.0)"
0,907058.3,0,0,0,0,0,0,0,0,0,"(0.0, 0.0)","(0.0, 0.0)","(0.0, 0.0)","(0.0, 0.0, 0.0)","(0.0, 0.0, 0.0)","(0.0, 0.0, 0.0)","(0.0, 0.0, 0.0)","(0.0, 0.0, 0.0)","(0.0, 0.0, 0.0)",0,0,0,0,0,0,False,0,0,0,0,0,0,0,0,"(0.0, 6.0, 1075.9)","(0.2, 0.0, 0.0, 1.0)"
0,907076.3,0,0,0,0,0,0,0,0,0,"(0.0, 0.0)","(0.0, 0.0)","(0.0, 0.0)","(0.0, 0.0, 0.0)","(0.0, 0.0, 0.0)","(0.0, 0.0, 0.0)","(0.0, 0.0, 0.0)","(0.0, 0.0, 0.0)","(0.0, 0.0, 0.0)",0,0,0,0,0,0,False,0,0,0,0,0,0,0,0,"(0.0, 6.0, 1076.2)","(0.2, 0.0, 0.0, 1.0)"
0,907093.1,0,0,0,0,0,0,0,0,0,"(0.0, 0.0)","(0.0, 0.0)","(0.0, 0.0)","(0.0, 0.0, 0.0)","(0.0, 0.0, 0.0)","(0.0, 0.0, 0.0)","(0.0, 0.0, 0.0)","(0.0, 0.0, 0.0)","(0.0, 0.0, 0.0)",0,0,0,0,0,0,False,0,0,0,0,0,0,0,0,"(0.0, 6.0, 1076.4)","(0.2, 0.0, 0.0, 1.0)"
0,907112.6,0,0,0,0,0,0,0,0,0,"(0.0, 0.0)","(0.0, 0.0)","(0.0, 0.0)","(0.0, 0.0, 0.0)","(0.0, 0.0, 0.0)","(0.0, 0.0, 0.0)","(0.0, 0.0, 0.0)","(0.0, 0.0, 0.0)","(0.0, 0.0, 0.0)",0,0,0,0,0,0,False,0,0,0,0,0,0,0,0,"(0.0, 6.0, 1076.7)","(0.2, 0.0, 0.0, 1.0)"
0,907135.3,0,0,0,0,0,0,0,0,0,"(0.0, 0.0)","(0.0, 0.0)","(0.0, 0.0)","(0.0, 0.0, 0.0)","(0.0, 0.0, 0.0)","(0.0, 0.0, 0.0)","(0.0, 0.0, 0.0)","(0.0, 0.0, 0.0)","(0.0, 0.0, 0.0)",0,0,0,0,0,0,False,0,0,0,0,0,0,0,0,"(0.0, 6.0, 1077.0)","(0.2, 0.0, 0.0, 1.0)"
0,907156.3,0,0,0,0,0,0,0,0,0,"(0.0, 0.0)","(0.0, 0.0)","(0.0, 0.0)","(0.0, 0.0, 0.0)","(0.0, 0.0, 0.0)","(0.0, 0.0, 0.0)","(0.0, 0.0, 0.0)","(0.0, 0.0, 0.0)","(0.0, 0.0, 0.0)",0,0,0,0,0,0,False,0,0,0,0,0,0,0,0,"(0.0, 6.0, 1077.3)","(0.2, 0.0, 0.0, 1.0)"
0,907179.1,0,0,0,0,0,0,0,0,0,"(0.0, 0.0)","(0.0, 0.0)","(0.0, 0.0)","(0.0, 0.0, 0.0)","(0.0, 0.0, 0.0)","(0.0, 0.0, 0.0)","(0.0, 0.0, 0.0)","(0.0, 0.0, 0.0)","(0.0, 0.0, 0.0)",0,0,0,0,0,0,False,0,0,0,0,0,0,0,0,"(0.0, 6.0, 1077.5)","(0.2, 0.0, 0.0, 1.0)"
0,907201.8,0,0,0,0,0,0,0,0,0,"(0.0, 0.0)","(0.0, 0.0)","(0.0, 0.0)","(0.0, 0.0, 0.0)","(0.0, 0.0, 0.0)","(0.0, 0.0, 0.0)","(0.0, 0.0, 0.0)","(0.0, 0.0, 0.0)","(0.0, 0.0, 0.0)",0,0,0,0,0,0,False,0,0,0,0,0,0,0,0,"(0.0, 6.0, 1077.8)","(0.2, 0.0, 0.0, 1.0)"
0,907223.1,0,0,0,0,0,0,0,0,0,"(0.0, 0.0)","(0.0, 0.0)","(0.0, 0.0)","(0.0, 0.0, 0.0)","(0.0, 0.0, 0.0)","(0.0, 0.0, 0.0)","(0.0, 0.0, 0.0)","(0.0, 0.0, 0.0)","(0.0, 0.0, 0.0)",0,0,0,0,0,0,False,0,0,0,0,0,0,0,0,"(0.0, 6.0, 1078.1)","(0.2, 0.0, 0.0, 1.0)"
0,907245.9,0,0,0,0,0,0,0,0,0,"(0.0, 0.0)","(0.0, 0.0)","(0.0, 0.0)","(0.0, 0.0, 0.0)","(0.0, 0.0, 0.0)","(0.0, 0.0, 0.0)","(0.0, 0.0, 0.0)","(0.0, 0.0, 0.0)","(0.0, 0.0, 0.0)",0,0,0,0,0,0,False,0,0,0,0,0,0,0,0,"(0.0, 6.0, 1078.4)","(0.2, 0.0, 0.0, 1.0)"
0,907269.1,0,0,0,0,0,0,0,0,0,"(0.0, 0.0)","(0.0, 0.0)","(0.0, 0.0)","(0.0, 0.0, 0.0)","(0.0, 0.0, 0.0)","(0.0, 0.0, 0.0)","(0.0, 0.0, 0.0)","(0.0, 0.0, 0.0)","(0.0, 0.0, 0.0)",0,0,0,0,0,0,False,0,0,0,0,0,0,0,0,"(0.0, 6.0, 1078.7)","(0.2, 0.0, 0.0, 1.0)"
0,907289.9,0,0,0,0,0,0,0,0,0,"(0.0, 0.0)","(0.0, 0.0)","(0.0, 0.0)","(0.0, 0.0, 0.0)","(0.0, 0.0, 0.0)","(0.0, 0.0, 0.0)","(0.0, 0.0, 0.0)","(0.0, 0.0, 0.0)","(0.0, 0.0, 0.0)",0,0,0,0,0,0,False,0,0,0,0,0,0,0,0,"(0.0, 6.0, 1079.0)","(0.2, 0.0, 0.0, 1.0)"
0,907314.4,0,0,0,0,0,0,0,0,0,"(0.0, 0.0)","(0.0, 0.0)","(0.0, 0.0)","(0.0, 0.0, 0.0)","(0.0, 0.0, 0.0)","(0.0, 0.0, 0.0)","(0.0, 0.0, 0.0)","(0.0, 0.0, 0.0)","(0.0, 0.0, 0.0)",0,0,0,0,0,0,False,0,0,0,0,0,0,0,0,"(0.0, 6.0, 1079.3)","(0.2, 0.0, 0.0, 1.0)"
0,907335.9,0,0,0,0,0,0,0,0,0,"(0.0, 0.0)","(0.0, 0.0)","(0.0, 0.0)","(0.0, 0.0, 0.0)","(0.0, 0.0, 0.0)","(0.0, 0.0, 0.0)","(0.0, 0.0, 0.0)","(0.0, 0.0, 0.0)","(0.0, 0.0, 0.0)",0,0,0,0,0,0,False,0,0,0,0,0,0,0,0,"(0.0, 6.0, 1079.6)","(0.2, 0.0, 0.0, 1.0)"
0,907356.3,0,0,0,0,0,0,0,0,0,"(0.0, 0.0)","(0.0, 0.0)","(0.0, 0.0)","(0.0, 0.0, 0.0)","(0.0, 0.0, 0.0)","(0.0, 0.0, 0.0)","(0.0, 0.0, 0.0)","(0.0, 0.0, 0.0)","(0.0, 0.0, 0.0)",0,0,0,0,0,0,False,0,0,0,0,0,0,0,0,"(0.0, 6.0, 1079.9)","(0.2, 0.0, 0.0, 1.0)"
0,907379.4,0,0,0,0,0,0,0,0,0,"(0.0, 0.0)","(0.0, 0.0)","(0.0, 0.0)","(0.0, 0.0, 0.0)","(0.0, 0.0, 0.0)","(0.0, 0.0, 0.0)","(0.0, 0.0, 0.0)","(0.0, 0.0, 0.0)","(0.0, 0.0, 0.0)",0,0,0,0,0,0,False,0,0,0,0,0,0,0,0,"(0.0, 6.0, 1080.2)","(0.2, 0.0, 0.0, 1.0)"
0,907401.7,0,0,0,0,0,0,0,0,0,"(0.0, 0.0)","(0.0, 0.0)","(0.0, 0.0)","(0.0, 0.0, 0.0)","(0.0, 0.0, 0.0)","(0.0, 0.0, 0.0)","(0.0, 0.0, 0.0)","(0.0, 0.0, 0.0)","(0.0, 0.0, 0.0)",0,0,0,0,0,0,False,0,0,0,0,0,0,0,0,"(0.0, 6.0, 1080.5)","(0.2, 0.0, 0.0, 1.0)"
0,907422.6,0,0,0,0,0,0,0,0,0,"(0.0, 0.0)","(0.0, 0.0)","(0.0, 0.0)","(0.0, 0.0, 0.0)","(0.0, 0.0, 0.0)","(0.0, 0.0, 0.0)","(0.0, 0.0, 0.0)","(0.0, 0.0, 0.0)","(0.0, 0.0, 0.0)",0,0,0,0,0,0,False,0,0,0,0,0,0,0,0,"(0.0, 6.0, 1080.8)","(0.2, 0.0, 0.0, 1.0)"
0,907445.4,0,0,0,0,0,0,0,0,0,"(0.0, 0.0)","(0.0, 0.0)","(0.0, 0.0)","(0.0, 0.0, 0.0)","(0.0, 0.0, 0.0)","(0.0, 0.0, 0.0)","(0.0, 0.0, 0.0)","(0.0, 0.0, 0.0)","(0.0, 0.0, 0.0)",0,0,0,0,0,0,False,0,0,0,0,0,0,0,0,"(0.0, 6.0, 1081.1)","(0.2, 0.0, 0.0, 1.0)"
0,907468.5,0,0,0,0,0,0,0,0,0,"(0.0, 0.0)","(0.0, 0.0)","(0.0, 0.0)","(0.0, 0.0, 0.0)","(0.0, 0.0, 0.0)","(0.0, 0.0, 0.0)","(0.0, 0.0, 0.0)","(0.0, 0.0, 0.0)","(0.0, 0.0, 0.0)",0,0,0,0,0,0,False,0,0,0,0,0,0,0,0,"(0.0, 6.0, 1081.4)","(0.2, 0.0, 0.0, 1.0)"
0,907489.3,0,0,0,0,0,0,0,0,0,"(0.0, 0.0)","(0.0, 0.0)","(0.0, 0.0)","(0.0, 0.0, 0.0)","(0.0, 0.0, 0.0)","(0.0, 0.0, 0.0)","(0.0, 0.0, 0.0)","(0.0, 0.0, 0.0)","(0.0, 0.0, 0.0)",0,0,0,0,0,0,False,0,0,0,0,0,0,0,0,"(0.0, 6.0, 1081.7)","(0.2, 0.0, 0.0, 1.0)"
0,907512.3,0,0,0,0,0,0,0,0,0,"(0.0, 0.0)","(0.0, 0.0)","(0.0, 0.0)","(0.0, 0.0, 0.0)","(0.0, 0.0, 0.0)","(0.0, 0.0, 0.0)","(0.0, 0.0, 0.0)","(0.0, 0.0, 0.0)","(0.0, 0.0, 0.0)",0,0,0,0,0,0,False,0,0,0,0,0,0,0,0,"(0.0, 6.0, 1082.0)","(0.2, 0.0, 0.0, 1.0)"
0,907535.1,0,0,0,0,0,0,0,0,0,"(0.0, 0.0)","(0.0, 0.0)","(0.0, 0.0)","(0.0, 0.0, 0.0)","(0.0, 0.0, 0.0)","(0.0, 0.0, 0.0)","(0.0, 0.0, 0.0)","(0.0, 0.0, 0.0)","(0.0, 0.0, 0.0)",0,0,0,0,0,0,False,0,0,0,0,0,0,0,0,"(0.0, 6.0, 1082.3)","(0.2, 0.0, 0.0, 1.0)"
0,907556,0,0,0,0,0,0,0,0,0,"(0.0, 0.0)","(0.0, 0.0)","(0.0, 0.0)","(0.0, 0.0, 0.0)","(0.0, 0.0, 0.0)","(0.0, 0.0, 0.0)","(0.0, 0.0, 0.0)","(0.0, 0.0, 0.0)","(0.0, 0.0, 0.0)",0,0,0,0,0,0,False,0,0,0,0,0,0,0,0,"(0.0, 6.0, 1082.6)","(0.2, 0.0, 0.0, 1.0)"
0,907579,0,0,0,0,0,0,0,0,0,"(0.0, 0.0)","(0.0, 0.0)","(0.0, 0.0)","(0.0, 0.0, 0.0)","(0.0, 0.0, 0.0)","(0.0, 0.0, 0.0)","(0.0, 0.0, 0.0)","(0.0, 0.0, 0.0)","(0.0, 0.0, 0.0)",0,0,0,0,0,0,False,0,0,0,0,0,0,0,0,"(0.0, 6.0, 1082.9)","(0.2, 0.0, 0.0, 1.0)"
0,907603.9,0,0,0,0,0,0,0,0,0,"(0.0, 0.0)","(0.0, 0.0)","(0.0, 0.0)","(0.0, 0.0, 0.0)","(0.0, 0.0, 0.0)","(0.0, 0.0, 0.0)","(0.0, 0.0, 0.0)","(0.0, 0.0, 0.0)","(0.0, 0.0, 0.0)",0,0,0,0,0,0,False,0,0,0,0,0,0,0,0,"(0.0, 6.0, 1083.2)","(0.2, 0.0, 0.0, 1.0)"
0,907623.6,0,0,0,0,0,0,0,0,0,"(0.0, 0.0)","(0.0, 0.0)","(0.0, 0.0)","(0.0, 0.0, 0.0)","(0.0, 0.0, 0.0)","(0.0, 0.0, 0.0)","(0.0, 0.0, 0.0)","(0.0, 0.0, 0.0)","(0.0, 0.0, 0.0)",0,0,0,0,0,0,False,0,0,0,0,0,0,0,0,"(0.0, 6.0, 1083.5)","(0.2, 0.0, 0.0, 1.0)"
0,907642.6,0,0,0,0,0,0,0,0,0,"(0.0, 0.0)","(0.0, 0.0)","(0.0, 0.0)","(0.0, 0.0, 0.0)","(0.0, 0.0, 0.0)","(0.0, 0.0, 0.0)","(0.0, 0.0, 0.0)","(0.0, 0.0, 0.0)","(0.0, 0.0, 0.0)",0,0,0,0,0,0,False,0,0,0,0,0,0,0,0,"(0.0, 6.0, 1083.8)","(0.2, 0.0, 0.0, 1.0)"
0,907669.1,0,0,0,0,0,0,0,0,0,"(0.0, 0.0)","(0.0, 0.0)","(0.0, 0.0)","(0.0, 0.0, 0.0)","(0.0, 0.0, 0.0)","(0.0, 0.0, 0.0)","(0.0, 0.0, 0.0)","(0.0, 0.0, 0.0)","(0.0, 0.0, 0.0)",0,0,0,0,0,0,False,0,0,0,0,0,0,0,0,"(0.0, 6.0, 1084.1)","(0.2, 0.0, 0.0, 1.0)"
0,907688.6,0,0,0,0,0,0,0,0,0,"(0.0, 0.0)","(0.0, 0.0)","(0.0, 0.0)","(0.0, 0.0, 0.0)","(0.0, 0.0, 0.0)","(0.0, 0.0, 0.0)","(0.0, 0.0, 0.0)","(0.0, 0.0, 0.0)","(0.0, 0.0, 0.0)",0,0,0,0,0,0,False,0,0,0,0,0,0,0,0,"(0.0, 6.0, 1084.5)","(0.2, 0.0, 0.0, 1.0)"
0,907707,0,0,0,0,0,0,0,0,0,"(0.0, 0.0)","(0.0, 0.0)","(0.0, 0.0)","(0.0, 0.0, 0.0)","(0.0, 0.0, 0.0)","(0.0, 0.0, 0.0)","(0.0, 0.0, 0.0)","(0.0, 0.0, 0.0)","(0.0, 0.0, 0.0)",0,0,0,0,0,0,False,0,0,0,0,0,0,0,0,"(0.0, 6.0, 1084.8)","(0.2, 0.0, 0.0, 1.0)"
0,907725.3,0,0,0,0,0,0,0,0,0,"(0.0, 0.0)","(0.0, 0.0)","(0.0, 0.0)","(0.0, 0.0, 0.0)","(0.0, 0.0, 0.0)","(0.0, 0.0, 0.0)","(0.0, 0.0, 0.0)","(0.0, 0.0, 0.0)","(0.0, 0.0, 0.0)",0,0,0,0,0,0,False,0,0,0,0,0,0,0,0,"(0.0, 6.0, 1085.1)","(0.2, 0.0, 0.0, 1.0)"
0,907744.8,0,0,0,0,0,0,0,0,0,"(0.0, 0.0)","(0.0, 0.0)","(0.0, 0.0)","(0.0, 0.0, 0.0)","(0.0, 0.0, 0.0)","(0.0, 0.0, 0.0)","(0.0, 0.0, 0.0)","(0.0, 0.0, 0.0)","(0.0, 0.0, 0.0)",0,0,0,0,0,0,False,0,0,0,0,0,0,0,0,"(0.0, 6.0, 1085.3)","(0.2, 0.0, 0.0, 1.0)"
0,907763.7,0,0,0,0,0,0,0,0,0,"(0.0, 0.0)","(0.0, 0.0)","(0.0, 0.0)","(0.0, 0.0, 0.0)","(0.0, 0.0, 0.0)","(0.0, 0.0, 0.0)","(0.0, 0.0, 0.0)","(0.0, 0.0, 0.0)","(0.0, 0.0, 0.0)",0,0,0,0,0,0,False,0,0,0,0,0,0,0,0,"(0.0, 6.0, 1085.6)","(0.2, 0.0, 0.0, 1.0)"
0,907784.1,0,0,0,0,0,0,0,0,0,"(0.0, 0.0)","(0.0, 0.0)","(0.0, 0.0)","(0.0, 0.0, 0.0)","(0.0, 0.0, 0.0)","(0.0, 0.0, 0.0)","(0.0, 0.0, 0.0)","(0.0, 0.0, 0.0)","(0.0, 0.0, 0.0)",0,0,0,0,0,0,False,0,0,0,0,0,0,0,0,"(0.0, 6.0, 1085.9)","(0.2, 0.0, 0.0, 1.0)"
0,907803.7,0,0,0,0,0,0,0,0,0,"(0.0, 0.0)","(0.0, 0.0)","(0.0, 0.0)","(0.0, 0.0, 0.0)","(0.0, 0.0, 0.0)","(0.0, 0.0, 0.0)","(0.0, 0.0, 0.0)","(0.0, 0.0, 0.0)","(0.0, 0.0, 0.0)",0,0,0,0,0,0,False,0,0,0,0,0,0,0,0,"(0.0, 6.0, 1086.2)","(0.2, 0.0, 0.0, 1.0)"
0,907822.7,0,0,0,0,0,0,0,0,0,"(0.0, 0.0)","(0.0, 0.0)","(0.0, 0.0)","(0.0, 0.0, 0.0)","(0.0, 0.0, 0.0)","(0.0, 0.0, 0.0)","(0.0, 0.0, 0.0)","(0.0, 0.0, 0.0)","(0.0, 0.0, 0.0)",0,0,0,0,0,0,False,0,0,0,0,0,0,0,0,"(0.0, 6.0, 1086.5)","(0.2, 0.0, 0.0, 1.0)"
0,907842,0,0,0,0,0,0,0,0,0,"(0.0, 0.0)","(0.0, 0.0)","(0.0, 0.0)","(0.0, 0.0, 0.0)","(0.0, 0.0, 0.0)","(0.0, 0.0, 0.0)","(0.0, 0.0, 0.0)","(0.0, 0.0, 0.0)","(0.0, 0.0, 0.0)",0,0,0,0,0,0,False,0,0,0,0,0,0,0,0,"(0.0, 6.0, 1086.8)","(0.2, 0.0, 0.0, 1.0)"
0,907860.5,0,0,0,0,0,0,0,0,0,"(0.0, 0.0)","(0.0, 0.0)","(0.0, 0.0)","(0.0, 0.0, 0.0)","(0.0, 0.0, 0.0)","(0.0, 0.0, 0.0)","(0.0, 0.0, 0.0)","(0.0, 0.0, 0.0)","(0.0, 0.0, 0.0)",0,0,0,0,0,0,False,0,0,0,0,0,0,0,0,"(0.0, 6.0, 1087.1)","(0.2, 0.0, 0.0, 1.0)"
0,907879.1,0,0,0,0,0,0,0,0,0,"(0.0, 0.0)","(0.0, 0.0)","(0.0, 0.0)","(0.0, 0.0, 0.0)","(0.0, 0.0, 0.0)","(0.0, 0.0, 0.0)","(0.0, 0.0, 0.0)","(0.0, 0.0, 0.0)","(0.0, 0.0, 0.0)",0,0,0,0,0,0,False,0,0,0,0,0,0,0,0,"(0.0, 6.0, 1087.4)","(0.2, 0.0, 0.0, 1.0)"
0,907902,0,0,0,0,0,0,0,0,0,"(0.0, 0.0)","(0.0, 0.0)","(0.0, 0.0)","(0.0, 0.0, 0.0)","(0.0, 0.0, 0.0)","(0.0, 0.0, 0.0)","(0.0, 0.0, 0.0)","(0.0, 0.0, 0.0)","(0.0, 0.0, 0.0)",0,0,0,0,0,0,False,0,0,0,0,0,0,0,0,"(0.0, 6.0, 1087.6)","(0.2, 0.0, 0.0, 1.0)"
0,907924.1,0,0,0,0,0,0,0,0,0,"(0.0, 0.0)","(0.0, 0.0)","(0.0, 0.0)","(0.0, 0.0, 0.0)","(0.0, 0.0, 0.0)","(0.0, 0.0, 0.0)","(0.0, 0.0, 0.0)","(0.0, 0.0, 0.0)","(0.0, 0.0, 0.0)",0,0,0,0,0,0,False,0,0,0,0,0,0,0,0,"(0.0, 6.0, 1087.9)","(0.2, 0.0, 0.0, 1.0)"
0,907944,0,0,0,0,0,0,0,0,0,"(0.0, 0.0)","(0.0, 0.0)","(0.0, 0.0)","(0.0, 0.0, 0.0)","(0.0, 0.0, 0.0)","(0.0, 0.0, 0.0)","(0.0, 0.0, 0.0)","(0.0, 0.0, 0.0)","(0.0, 0.0, 0.0)",0,0,0,0,0,0,False,0,0,0,0,0,0,0,0,"(0.0, 6.0, 1088.2)","(0.2, 0.0, 0.0, 1.0)"
0,907963.4,0,0,0,0,0,0,0,0,0,"(0.0, 0.0)","(0.0, 0.0)","(0.0, 0.0)","(0.0, 0.0, 0.0)","(0.0, 0.0, 0.0)","(0.0, 0.0, 0.0)","(0.0, 0.0, 0.0)","(0.0, 0.0, 0.0)","(0.0, 0.0, 0.0)",0,0,0,0,0,0,False,0,0,0,0,0,0,0,0,"(0.0, 6.0, 1088.5)","(0.2, 0.0, 0.0, 1.0)"
0,907983.6,0,0,0,0,0,0,0,0,0,"(0.0, 0.0)","(0.0, 0.0)","(0.0, 0.0)","(0.0, 0.0, 0.0)","(0.0, 0.0, 0.0)","(0.0, 0.0, 0.0)","(0.0, 0.0, 0.0)","(0.0, 0.0, 0.0)","(0.0, 0.0, 0.0)",0,0,0,0,0,0,False,0,0,0,0,0,0,0,0,"(0.0, 6.0, 1088.8)","(0.2, 0.0, 0.0, 1.0)"
0,908003.2,0,0,0,0,0,0,0,0,0,"(0.0, 0.0)","(0.0, 0.0)","(0.0, 0.0)","(0.0, 0.0, 0.0)","(0.0, 0.0, 0.0)","(0.0, 0.0, 0.0)","(0.0, 0.0, 0.0)","(0.0, 0.0, 0.0)","(0.0, 0.0, 0.0)",0,0,0,0,0,0,False,0,0,0,0,0,0,0,0,"(0.0, 6.0, 1089.1)","(0.2, 0.0, 0.0, 1.0)"
0,908020.7,0,0,0,0,0,0,0,0,0,"(0.0, 0.0)","(0.0, 0.0)","(0.0, 0.0)","(0.0, 0.0, 0.0)","(0.0, 0.0, 0.0)","(0.0, 0.0, 0.0)","(0.0, 0.0, 0.0)","(0.0, 0.0, 0.0)","(0.0, 0.0, 0.0)",0,0,0,0,0,0,False,0,0,0,0,0,0,0,0,"(0.0, 6.0, 1089.3)","(0.2, 0.0, 0.0, 1.0)"
0,908039.7,0,0,0,0,0,0,0,0,0,"(0.0, 0.0)","(0.0, 0.0)","(0.0, 0.0)","(0.0, 0.0, 0.0)","(0.0, 0.0, 0.0)","(0.0, 0.0, 0.0)","(0.0, 0.0, 0.0)","(0.0, 0.0, 0.0)","(0.0, 0.0, 0.0)",0,0,0,0,0,0,False,0,0,0,0,0,0,0,0,"(0.0, 6.0, 1089.6)","(0.2, 0.0, 0.0, 1.0)"
0,908058.4,0,0,0,0,0,0,0,0,0,"(0.0, 0.0)","(0.0, 0.0)","(0.0, 0.0)","(0.0, 0.0, 0.0)","(0.0, 0.0, 0.0)","(0.0, 0.0, 0.0)","(0.0, 0.0, 0.0)","(0.0, 0.0, 0.0)","(0.0, 0.0, 0.0)",0,0,0,0,0,0,False,0,0,0,0,0,0,0,0,"(0.0, 6.0, 1089.9)","(0.2, 0.0, 0.0, 1.0)"
0,908080.6,0,0,0,0,0,0,0,0,0,"(0.0, 0.0)","(0.0, 0.0)","(0.0, 0.0)","(0.0, 0.0, 0.0)","(0.0, 0.0, 0.0)","(0.0, 0.0, 0.0)","(0.0, 0.0, 0.0)","(0.0, 0.0, 0.0)","(0.0, 0.0, 0.0)",0,0,0,0,0,0,False,0,0,0,0,0,0,0,0,"(0.0, 6.0, 1090.2)","(0.2, 0.0, 0.0, 1.0)"
0,908108.1,0,0,0,0,0,0,0,0,0,"(0.0, 0.0)","(0.0, 0.0)","(0.0, 0.0)","(0.0, 0.0, 0.0)","(0.0, 0.0, 0.0)","(0.0, 0.0, 0.0)","(0.0, 0.0, 0.0)","(0.0, 0.0, 0.0)","(0.0, 0.0, 0.0)",0,0,0,0,0,0,False,0,0,0,0,0,0,0,0,"(0.0, 6.0, 1090.5)","(0.2, 0.0, 0.0, 1.0)"
0,908126.3,0,0,0,0,0,0,0,0,0,"(0.0, 0.0)","(0.0, 0.0)","(0.0, 0.0)","(0.0, 0.0, 0.0)","(0.0, 0.0, 0.0)","(0.0, 0.0, 0.0)","(0.0, 0.0, 0.0)","(0.0, 0.0, 0.0)","(0.0, 0.0, 0.0)",0,0,0,0,0,0,False,0,0,0,0,0,0,0,0,"(0.0, 6.0, 1090.8)","(0.2, 0.0, 0.0, 1.0)"
0,908144.5,0,0,0,0,0,0,0,0,0,"(0.0, 0.0)","(0.0, 0.0)","(0.0, 0.0)","(0.0, 0.0, 0.0)","(0.0, 0.0, 0.0)","(0.0, 0.0, 0.0)","(0.0, 0.0, 0.0)","(0.0, 0.0, 0.0)","(0.0, 0.0, 0.0)",0,0,0,0,0,0,False,0,0,0,0,0,0,0,0,"(0.0, 6.0, 1091.0)","(0.2, 0.0, 0.0, 1.0)"
0,908163.9,0,0,0,0,0,0,0,0,0,"(0.0, 0.0)","(0.0, 0.0)","(0.0, 0.0)","(0.0, 0.0, 0.0)","(0.0, 0.0, 0.0)","(0.0, 0.0, 0.0)","(0.0, 0.0, 0.0)","(0.0, 0.0, 0.0)","(0.0, 0.0, 0.0)",0,0,0,0,0,0,False,0,0,0,0,0,0,0,0,"(0.0, 6.0, 1091.3)","(0.2, 0.0, 0.0, 1.0)"
0,908183.7,0,0,0,0,0,0,0,0,0,"(0.0, 0.0)","(0.0, 0.0)","(0.0, 0.0)","(0.0, 0.0, 0.0)","(0.0, 0.0, 0.0)","(0.0, 0.0, 0.0)","(0.0, 0.0, 0.0)","(0.0, 0.0, 0.0)","(0.0, 0.0, 0.0)",0,0,0,0,0,0,False,0,0,0,0,0,0,0,0,"(0.0, 6.0, 1091.6)","(0.2, 0.0, 0.0, 1.0)"
0,908203.5,0,0,0,0,0,0,0,0,0,"(0.0, 0.0)","(0.0, 0.0)","(0.0, 0.0)","(0.0, 0.0, 0.0)","(0.0, 0.0, 0.0)","(0.0, 0.0, 0.0)","(0.0, 0.0, 0.0)","(0.0, 0.0, 0.0)","(0.0, 0.0, 0.0)",0,0,0,0,0,0,False,0,0,0,0,0,0,0,0,"(0.0, 6.0, 1091.9)","(0.2, 0.0, 0.0, 1.0)"
0,908222.4,0,0,0,0,0,0,0,0,0,"(0.0, 0.0)","(0.0, 0.0)","(0.0, 0.0)","(0.0, 0.0, 0.0)","(0.0, 0.0, 0.0)","(0.0, 0.0, 0.0)","(0.0, 0.0, 0.0)","(0.0, 0.0, 0.0)","(0.0, 0.0, 0.0)",0,0,0,0,0,0,False,0,0,0,0,0,0,0,0,"(0.0, 6.0, 1092.2)","(0.2, 0.0, 0.0, 1.0)"
0,908245.6,0,0,0,0,0,0,0,0,0,"(0.0, 0.0)","(0.0, 0.0)","(0.0, 0.0)","(0.0, 0.0, 0.0)","(0.0, 0.0, 0.0)","(0.0, 0.0, 0.0)","(0.0, 0.0, 0.0)","(0.0, 0.0, 0.0)","(0.0, 0.0, 0.0)",0,0,0,0,0,0,False,0,0,0,0,0,0,0,0,"(0.0, 6.0, 1092.5)","(0.2, 0.0, 0.0, 1.0)"
0,908267.7,0,0,0,0,0,0,0,0,0,"(0.0, 0.0)","(0.0, 0.0)","(0.0, 0.0)","(0.0, 0.0, 0.0)","(0.0, 0.0, 0.0)","(0.0, 0.0, 0.0)","(0.0, 0.0, 0.0)","(0.0, 0.0, 0.0)","(0.0, 0.0, 0.0)",0,0,0,0,0,0,False,0,0,0,0,0,0,0,0,"(0.0, 6.0, 1092.7)","(0.2, 0.0, 0.0, 1.0)"
0,908289.3,0,0,0,0,0,0,0,0,0,"(0.0, 0.0)","(0.0, 0.0)","(0.0, 0.0)","(0.0, 0.0, 0.0)","(0.0, 0.0, 0.0)","(0.0, 0.0, 0.0)","(0.0, 0.0, 0.0)","(0.0, 0.0, 0.0)","(0.0, 0.0, 0.0)",0,0,0,0,0,0,False,0,0,0,0,0,0,0,0,"(0.0, 6.0, 1093.0)","(0.2, 0.0, 0.0, 1.0)"
0,908311.8,0,0,0,0,0,0,0,0,0,"(0.0, 0.0)","(0.0, 0.0)","(0.0, 0.0)","(0.0, 0.0, 0.0)","(0.0, 0.0, 0.0)","(0.0, 0.0, 0.0)","(0.0, 0.0, 0.0)","(0.0, 0.0, 0.0)","(0.0, 0.0, 0.0)",0,0,0,0,0,0,False,0,0,0,0,0,0,0,0,"(0.0, 6.0, 1093.3)","(0.2, 0.0, 0.0, 1.0)"
0,908334.6,0,0,0,0,0,0,0,0,0,"(0.0, 0.0)","(0.0, 0.0)","(0.0, 0.0)","(0.0, 0.0, 0.0)","(0.0, 0.0, 0.0)","(0.0, 0.0, 0.0)","(0.0, 0.0, 0.0)","(0.0, 0.0, 0.0)","(0.0, 0.0, 0.0)",0,0,0,0,0,0,False,0,0,0,0,0,0,0,0,"(0.0, 6.0, 1093.6)","(0.2, 0.0, 0.0, 1.0)"
0,908355.6,0,0,0,0,0,0,0,0,0,"(0.0, 0.0)","(0.0, 0.0)","(0.0, 0.0)","(0.0, 0.0, 0.0)","(0.0, 0.0, 0.0)","(0.0, 0.0, 0.0)","(0.0, 0.0, 0.0)","(0.0, 0.0, 0.0)","(0.0, 0.0, 0.0)",0,0,0,0,0,0,False,0,0,0,0,0,0,0,0,"(0.0, 6.0, 1093.9)","(0.2, 0.0, 0.0, 1.0)"
0,908378.9,0,0,0,0,0,0,0,0,0,"(0.0, 0.0)","(0.0, 0.0)","(0.0, 0.0)","(0.0, 0.0, 0.0)","(0.0, 0.0, 0.0)","(0.0, 0.0, 0.0)","(0.0, 0.0, 0.0)","(0.0, 0.0, 0.0)","(0.0, 0.0, 0.0)",0,0,0,0,0,0,False,0,0,0,0,0,0,0,0,"(0.0, 6.0, 1094.2)","(0.2, 0.0, 0.0, 1.0)"
0,908401.7,0,0,0,0,0,0,0,0,0,"(0.0, 0.0)","(0.0, 0.0)","(0.0, 0.0)","(0.0, 0.0, 0.0)","(0.0, 0.0, 0.0)","(0.0, 0.0, 0.0)","(0.0, 0.0, 0.0)","(0.0, 0.0, 0.0)","(0.0, 0.0, 0.0)",0,0,0,0,0,0,False,0,0,0,0,0,0,0,0,"(0.0, 6.0, 1094.5)","(0.2, 0.0, 0.0, 1.0)"
0,908422.5,0,0,0,0,0,0,0,0,0,"(0.0, 0.0)","(0.0, 0.0)","(0.0, 0.0)","(0.0, 0.0, 0.0)","(0.0, 0.0, 0.0)","(0.0, 0.0, 0.0)","(0.0, 0.0, 0.0)","(0.0, 0.0, 0.0)","(0.0, 0.0, 0.0)",0,0,0,0,0,0,False,0,0,0,0,0,0,0,0,"(0.0, 6.0, 1094.8)","(0.2, 0.0, 0.0, 1.0)"
0,908445.6,0,0,0,0,0,0,0,0,0,"(0.0, 0.0)","(0.0, 0.0)","(0.0, 0.0)","(0.0, 0.0, 0.0)","(0.0, 0.0, 0.0)","(0.0, 0.0, 0.0)","(0.0, 0.0, 0.0)","(0.0, 0.0, 0.0)","(0.0, 0.0, 0.0)",0,0,0,0,0,0,False,0,0,0,0,0,0,0,0,"(0.0, 6.0, 1095.1)","(0.2, 0.0, 0.0, 1.0)"
0,908467.9,0,0,0,0,0,0,0,0,0,"(0.0, 0.0)","(0.0, 0.0)","(0.0, 0.0)","(0.0, 0.0, 0.0)","(0.0, 0.0, 0.0)","(0.0, 0.0, 0.0)","(0.0, 0.0, 0.0)","(0.0, 0.0, 0.0)","(0.0, 0.0, 0.0)",0,0,0,0,0,0,False,0,0,0,0,0,0,0,0,"(0.0, 6.0, 1095.4)","(0.2, 0.0, 0.0, 1.0)"
0,908491.6,0,0,0,0,0,0,0,0,0,"(0.0, 0.0)","(0.0, 0.0)","(0.0, 0.0)","(0.0, 0.0, 0.0)","(0.0, 0.0, 0.0)","(0.0, 0.0, 0.0)","(0.0, 0.0, 0.0)","(0.0, 0.0, 0.0)","(0.0, 0.0, 0.0)",0,0,0,0,0,0,False,0,0,0,0,0,0,0,0,"(0.0, 6.0, 1095.7)","(0.2, 0.0, 0.0, 1.0)"
0,908511.5,0,0,0,0,0,0,0,0,0,"(0.0, 0.0)","(0.0, 0.0)","(0.0, 0.0)","(0.0, 0.0, 0.0)","(0.0, 0.0, 0.0)","(0.0, 0.0, 0.0)","(0.0, 0.0, 0.0)","(0.0, 0.0, 0.0)","(0.0, 0.0, 0.0)",0,0,0,0,0,0,False,0,0,0,0,0,0,0,0,"(0.0, 6.0, 1096.0)","(0.2, 0.0, 0.0, 1.0)"
0,908534.1,0,0,0,0,0,0,0,0,0,"(0.0, 0.0)","(0.0, 0.0)","(0.0, 0.0)","(0.0, 0.0, 0.0)","(0.0, 0.0, 0.0)","(0.0, 0.0, 0.0)","(0.0, 0.0, 0.0)","(0.0, 0.0, 0.0)","(0.0, 0.0, 0.0)",0,0,0,0,0,0,False,0,0,0,0,0,0,0,0,"(0.0, 6.0, 1096.3)","(0.2, 0.0, 0.0, 1.0)"
0,908555.4,0,0,0,0,0,0,0,0,0,"(0.0, 0.0)","(0.0, 0.0)","(0.0, 0.0)","(0.0, 0.0, 0.0)","(0.0, 0.0, 0.0)","(0.0, 0.0, 0.0)","(0.0, 0.0, 0.0)","(0.0, 0.0, 0.0)","(0.0, 0.0, 0.0)",0,0,0,0,0,0,False,0,0,0,0,0,0,0,0,"(0.0, 6.0, 1096.6)","(0.2, 0.0, 0.0, 1.0)"
0,908573.4,0,0,0,0,0,0,0,0,0,"(0.0, 0.0)","(0.0, 0.0)","(0.0, 0.0)","(0.0, 0.0, 0.0)","(0.0, 0.0, 0.0)","(0.0, 0.0, 0.0)","(0.0, 0.0, 0.0)","(0.0, 0.0, 0.0)","(0.0, 0.0, 0.0)",0,0,0,0,0,0,False,0,0,0,0,0,0,0,0,"(0.0, 6.0, 1096.9)","(0.2, 0.0, 0.0, 1.0)"
0,908591.3,0,0,0,0,0,0,0,0,0,"(0.0, 0.0)","(0.0, 0.0)","(0.0, 0.0)","(0.0, 0.0, 0.0)","(0.0, 0.0, 0.0)","(0.0, 0.0, 0.0)","(0.0, 0.0, 0.0)","(0.0, 0.0, 0.0)","(0.0, 0.0, 0.0)",0,0,0,0,0,0,False,0,0,0,0,0,0,0,0,"(0.0, 6.0, 1097.2)","(0.2, 0.0, 0.0, 1.0)"
0,908609.3,0,0,0,0,0,0,0,0,0,"(0.0, 0.0)","(0.0, 0.0)","(0.0, 0.0)","(0.0, 0.0, 0.0)","(0.0, 0.0, 0.0)","(0.0, 0.0, 0.0)","(0.0, 0.0, 0.0)","(0.0, 0.0, 0.0)","(0.0, 0.0, 0.0)",0,0,0,0,0,0,False,0,0,0,0,0,0,0,0,"(0.0, 6.0, 1097.5)","(0.2, 0.0, 0.0, 1.0)"
0,908639,0,0,0,0,0,0,0,0,0,"(0.0, 0.0)","(0.0, 0.0)","(0.0, 0.0)","(0.0, 0.0, 0.0)","(0.0, 0.0, 0.0)","(0.0, 0.0, 0.0)","(0.0, 0.0, 0.0)","(0.0, 0.0, 0.0)","(0.0, 0.0, 0.0)",0,0,0,0,0,0,False,0,0,0,0,0,0,0,0,"(0.0, 6.0, 1097.8)","(0.2, 0.0, 0.0, 1.0)"
0,908659.3,0,0,0,0,0,0,0,0,0,"(0.0, 0.0)","(0.0, 0.0)","(0.0, 0.0)","(0.0, 0.0, 0.0)","(0.0, 0.0, 0.0)","(0.0, 0.0, 0.0)","(0.0, 0.0, 0.0)","(0.0, 0.0, 0.0)","(0.0, 0.0, 0.0)",0,0,0,0,0,0,False,0,0,0,0,0,0,0,0,"(0.0, 6.0, 1098.1)","(0.2, 0.0, 0.0, 1.0)"
0,908677.5,0,0,0,0,0,0,0,0,0,"(0.0, 0.0)","(0.0, 0.0)","(0.0, 0.0)","(0.0, 0.0, 0.0)","(0.0, 0.0, 0.0)","(0.0, 0.0, 0.0)","(0.0, 0.0, 0.0)","(0.0, 0.0, 0.0)","(0.0, 0.0, 0.0)",0,0,0,0,0,0,False,0,0,0,0,0,0,0,0,"(0.0, 6.0, 1098.4)","(0.2, 0.0, 0.0, 1.0)"
0,908696.3,0,0,0,0,0,0,0,0,0,"(0.0, 0.0)","(0.0, 0.0)","(0.0, 0.0)","(0.0, 0.0, 0.0)","(0.0, 0.0, 0.0)","(0.0, 0.0, 0.0)","(0.0, 0.0, 0.0)","(0.0, 0.0, 0.0)","(0.0, 0.0, 0.0)",0,0,0,0,0,0,False,0,0,0,0,0,0,0,0,"(0.0, 6.0, 1098.7)","(0.2, 0.0, 0.0, 1.0)"
0,908715.6,0,0,0,0,0,0,0,0,0,"(0.0, 0.0)","(0.0, 0.0)","(0.0, 0.0)","(0.0, 0.0, 0.0)","(0.0, 0.0, 0.0)","(0.0, 0.0, 0.0)","(0.0, 0.0, 0.0)","(0.0, 0.0, 0.0)","(0.0, 0.0, 0.0)",0,0,0,0,0,0,False,0,0,0,0,0,0,0,0,"(0.0, 6.0, 1099.0)","(0.2, 0.0, 0.0, 1.0)"
0,908734.9,0,0,0,0,0,0,0,0,0,"(0.0, 0.0)","(0.0, 0.0)","(0.0, 0.0)","(0.0, 0.0, 0.0)","(0.0, 0.0, 0.0)","(0.0, 0.0, 0.0)","(0.0, 0.0, 0.0)","(0.0, 0.0, 0.0)","(0.0, 0.0, 0.0)",0,0,0,0,0,0,False,0,0,0,0,0,0,0,0,"(0.0, 6.0, 1099.3)","(0.2, 0.0, 0.0, 1.0)"
0,908754,0,0,0,0,0,0,0,0,0,"(0.0, 0.0)","(0.0, 0.0)","(0.0, 0.0)","(0.0, 0.0, 0.0)","(0.0, 0.0, 0.0)","(0.0, 0.0, 0.0)","(0.0, 0.0, 0.0)","(0.0, 0.0, 0.0)","(0.0, 0.0, 0.0)",0,0,0,0,0,0,False,0,0,0,0,0,0,0,0,"(0.0, 6.0, 1099.6)","(0.2, 0.0, 0.0, 1.0)"
0,908772.4,0,0,0,0,0,0,0,0,0,"(0.0, 0.0)","(0.0, 0.0)","(0.0, 0.0)","(0.0, 0.0, 0.0)","(0.0, 0.0, 0.0)","(0.0, 0.0, 0.0)","(0.0, 0.0, 0.0)","(0.0, 0.0, 0.0)","(0.0, 0.0, 0.0)",0,0,0,0,0,0,False,0,0,0,0,0,0,0,0,"(0.0, 6.0, 1099.8)","(0.2, 0.0, 0.0, 1.0)"
0,908790.1,0,0,0,0,0,0,0,0,0,"(0.0, 0.0)","(0.0, 0.0)","(0.0, 0.0)","(0.0, 0.0, 0.0)","(0.0, 0.0, 0.0)","(0.0, 0.0, 0.0)","(0.0, 0.0, 0.0)","(0.0, 0.0, 0.0)","(0.0, 0.0, 0.0)",0,0,0,0,0,0,False,0,0,0,0,0,0,0,0,"(0.0, 6.0, 1100.1)","(0.2, 0.0, 0.0, 1.0)"
0,908808.3,0,0,0,0,0,0,0,0,0,"(0.0, 0.0)","(0.0, 0.0)","(0.0, 0.0)","(0.0, 0.0, 0.0)","(0.0, 0.0, 0.0)","(0.0, 0.0, 0.0)","(0.0, 0.0, 0.0)","(0.0, 0.0, 0.0)","(0.0, 0.0, 0.0)",0,0,0,0,0,0,False,0,0,0,0,0,0,0,0,"(0.0, 6.0, 1100.4)","(0.2, 0.0, 0.0, 1.0)"
0,908826.4,0,0,0,0,0,0,0,0,0,"(0.0, 0.0)","(0.0, 0.0)","(0.0, 0.0)","(0.0, 0.0, 0.0)","(0.0, 0.0, 0.0)","(0.0, 0.0, 0.0)","(0.0, 0.0, 0.0)","(0.0, 0.0, 0.0)","(0.0, 0.0, 0.0)",0,0,0,0,0,0,False,0,0,0,0,0,0,0,0,"(0.0, 6.0, 1100.7)","(0.2, 0.0, 0.0, 1.0)"
0,908844.7,0,0,0,0,0,0,0,0,0,"(0.0, 0.0)","(0.0, 0.0)","(0.0, 0.0)","(0.0, 0.0, 0.0)","(0.0, 0.0, 0.0)","(0.0, 0.0, 0.0)","(0.0, 0.0, 0.0)","(0.0, 0.0, 0.0)","(0.0, 0.0, 0.0)",0,0,0,0,0,0,False,0,0,0,0,0,0,0,0,"(0.0, 6.0, 1100.9)","(0.2, 0.0, 0.0, 1.0)"
0,908862.8,0,0,0,0,0,0,0,0,0,"(0.0, 0.0)","(0.0, 0.0)","(0.0, 0.0)","(0.0, 0.0, 0.0)","(0.0, 0.0, 0.0)","(0.0, 0.0, 0.0)","(0.0, 0.0, 0.0)","(0.0, 0.0, 0.0)","(0.0, 0.0, 0.0)",0,0,0,0,0,0,False,0,0,0,0,0,0,0,0,"(0.0, 6.0, 1101.2)","(0.2, 0.0, 0.0, 1.0)"
0,908882.2,0,0,0,0,0,0,0,0,0,"(0.0, 0.0)","(0.0, 0.0)","(0.0, 0.0)","(0.0, 0.0, 0.0)","(0.0, 0.0, 0.0)","(0.0, 0.0, 0.0)","(0.0, 0.0, 0.0)","(0.0, 0.0, 0.0)","(0.0, 0.0, 0.0)",0,0,0,0,0,0,False,0,0,0,0,0,0,0,0,"(0.0, 6.0, 1101.5)","(0.2, 0.0, 0.0, 1.0)"
0,908901.4,0,0,0,0,0,0,0,0,0,"(0.0, 0.0)","(0.0, 0.0)","(0.0, 0.0)","(0.0, 0.0, 0.0)","(0.0, 0.0, 0.0)","(0.0, 0.0, 0.0)","(0.0, 0.0, 0.0)","(0.0, 0.0, 0.0)","(0.0, 0.0, 0.0)",0,0,0,0,0,0,False,0,0,0,0,0,0,0,0,"(0.0, 6.0, 1101.8)","(0.2, 0.0, 0.0, 1.0)"
0,908919.5,0,0,0,0,0,0,0,0,0,"(0.0, 0.0)","(0.0, 0.0)","(0.0, 0.0)","(0.0, 0.0, 0.0)","(0.0, 0.0, 0.0)","(0.0, 0.0, 0.0)","(0.0, 0.0, 0.0)","(0.0, 0.0, 0.0)","(0.0, 0.0, 0.0)",0,0,0,0,0,0,False,0,0,0,0,0,0,0,0,"(0.0, 6.0, 1102.0)","(0.2, 0.0, 0.0, 1.0)"
0,908938.3,0,0,0,0,0,0,0,0,0,"(0.0, 0.0)","(0.0, 0.0)","(0.0, 0.0)","(0.0, 0.0, 0.0)","(0.0, 0.0, 0.0)","(0.0, 0.0, 0.0)","(0.0, 0.0, 0.0)","(0.0, 0.0, 0.0)","(0.0, 0.0, 0.0)",0,0,0,0,0,0,False,0,0,0,0,0,0,0,0,"(0.0, 6.0, 1102.3)","(0.2, 0.0, 0.0, 1.0)"
0,908957.4,0,0,0,0,0,0,0,0,0,"(0.0, 0.0)","(0.0, 0.0)","(0.0, 0.0)","(0.0, 0.0, 0.0)","(0.0, 0.0, 0.0)","(0.0, 0.0, 0.0)","(0.0, 0.0, 0.0)","(0.0, 0.0, 0.0)","(0.0, 0.0, 0.0)",0,0,0,0,0,0,False,0,0,0,0,0,0,0,0,"(0.0, 6.0, 1102.6)","(0.2, 0.0, 0.0, 1.0)"
0,908974.2,0,0,0,0,0,0,0,0,0,"(0.0, 0.0)","(0.0, 0.0)","(0.0, 0.0)","(0.0, 0.0, 0.0)","(0.0, 0.0, 0.0)","(0.0, 0.0, 0.0)","(0.0, 0.0, 0.0)","(0.0, 0.0, 0.0)","(0.0, 0.0, 0.0)",0,0,0,0,0,0,False,0,0,0,0,0,0,0,0,"(0.0, 6.0, 1102.8)","(0.2, 0.0, 0.0, 1.0)"
0,908991.3,0,0,0,0,0,0,0,0,0,"(0.0, 0.0)","(0.0, 0.0)","(0.0, 0.0)","(0.0, 0.0, 0.0)","(0.0, 0.0, 0.0)","(0.0, 0.0, 0.0)","(0.0, 0.0, 0.0)","(0.0, 0.0, 0.0)","(0.0, 0.0, 0.0)",0,0,0,0,0,0,False,0,0,0,0,0,0,0,0,"(0.0, 6.0, 1103.1)","(0.2, 0.0, 0.0, 1.0)"
0,909015.1,0,0,0,0,0,0,0,0,0,"(0.0, 0.0)","(0.0, 0.0)","(0.0, 0.0)","(0.0, 0.0, 0.0)","(0.0, 0.0, 0.0)","(0.0, 0.0, 0.0)","(0.0, 0.0, 0.0)","(0.0, 0.0, 0.0)","(0.0, 0.0, 0.0)",0,0,0,0,0,0,False,0,0,0,0,0,0,0,0,"(0.0, 6.0, 1103.4)","(0.2, 0.0, 0.0, 1.0)"
0,909031.9,0,0,0,0,0,0,0,0,0,"(0.0, 0.0)","(0.0, 0.0)","(0.0, 0.0)","(0.0, 0.0, 0.0)","(0.0, 0.0, 0.0)","(0.0, 0.0, 0.0)","(0.0, 0.0, 0.0)","(0.0, 0.0, 0.0)","(0.0, 0.0, 0.0)",0,0,0,0,0,0,False,0,0,0,0,0,0,0,0,"(0.0, 6.0, 1103.6)","(0.2, 0.0, 0.0, 1.0)"
0,909051.8,0,0,0,0,0,0,0,0,0,"(0.0, 0.0)","(0.0, 0.0)","(0.0, 0.0)","(0.0, 0.0, 0.0)","(0.0, 0.0, 0.0)","(0.0, 0.0, 0.0)","(0.0, 0.0, 0.0)","(0.0, 0.0, 0.0)","(0.0, 0.0, 0.0)",0,0,0,0,0,0,False,0,0,0,0,0,0,0,0,"(0.0, 6.0, 1103.9)","(0.2, 0.0, 0.0, 1.0)"
0,909071.2,0,0,0,0,0,0,0,0,0,"(0.0, 0.0)","(0.0, 0.0)","(0.0, 0.0)","(0.0, 0.0, 0.0)","(0.0, 0.0, 0.0)","(0.0, 0.0, 0.0)","(0.0, 0.0, 0.0)","(0.0, 0.0, 0.0)","(0.0, 0.0, 0.0)",0,0,0,0,0,0,False,0,0,0,0,0,0,0,0,"(0.0, 6.0, 1104.2)","(0.2, 0.0, 0.0, 1.0)"
0,909094.8,0,0,0,0,0,0,0,0,0,"(0.0, 0.0)","(0.0, 0.0)","(0.0, 0.0)","(0.0, 0.0, 0.0)","(0.0, 0.0, 0.0)","(0.0, 0.0, 0.0)","(0.0, 0.0, 0.0)","(0.0, 0.0, 0.0)","(0.0, 0.0, 0.0)",0,0,0,0,0,0,False,0,0,0,0,0,0,0,0,"(0.0, 6.0, 1104.4)","(0.2, 0.0, 0.0, 1.0)"
0,909113.6,0,0,0,0,0,0,0,0,0,"(0.0, 0.0)","(0.0, 0.0)","(0.0, 0.0)","(0.0, 0.0, 0.0)","(0.0, 0.0, 0.0)","(0.0, 0.0, 0.0)","(0.0, 0.0, 0.0)","(0.0, 0.0, 0.0)","(0.0, 0.0, 0.0)",0,0,0,0,0,0,False,0,0,0,0,0,0,0,0,"(0.0, 6.0, 1104.7)","(0.2, 0.0, 0.0, 1.0)"
0,909134.7,0,0,0,0,0,0,0,0,0,"(0.0, 0.0)","(0.0, 0.0)","(0.0, 0.0)","(0.0, 0.0, 0.0)","(0.0, 0.0, 0.0)","(0.0, 0.0, 0.0)","(0.0, 0.0, 0.0)","(0.0, 0.0, 0.0)","(0.0, 0.0, 0.0)",0,0,0,0,0,0,False,0,0,0,0,0,0,0,0,"(0.0, 6.0, 1105.0)","(0.2, 0.0, 0.0, 1.0)"
0,909155.5,0,0,0,0,0,0,0,0,0,"(0.0, 0.0)","(0.0, 0.0)","(0.0, 0.0)","(0.0, 0.0, 0.0)","(0.0, 0.0, 0.0)","(0.0, 0.0, 0.0)","(0.0, 0.0, 0.0)","(0.0, 0.0, 0.0)","(0.0, 0.0, 0.0)",0,0,0,0,0,0,False,0,0,0,0,0,0,0,0,"(0.0, 6.0, 1105.3)","(0.2, 0.0, 0.0, 1.0)"
0,909178.2,0,0,0,0,0,0,0,0,0,"(0.0, 0.0)","(0.0, 0.0)","(0.0, 0.0)","(0.0, 0.0, 0.0)","(0.0, 0.0, 0.0)","(0.0, 0.0, 0.0)","(0.0, 0.0, 0.0)","(0.0, 0.0, 0.0)","(0.0, 0.0, 0.0)",0,0,0,0,0,0,False,0,0,0,0,0,0,0,0,"(0.0, 6.0, 1105.5)","(0.2, 0.0, 0.0, 1.0)"
0,909201.4,0,0,0,0,0,0,0,0,0,"(0.0, 0.0)","(0.0, 0.0)","(0.0, 0.0)","(0.0, 0.0, 0.0)","(0.0, 0.0, 0.0)","(0.0, 0.0, 0.0)","(0.0, 0.0, 0.0)","(0.0, 0.0, 0.0)","(0.0, 0.0, 0.0)",0,0,0,0,0,0,False,0,0,0,0,0,0,0,0,"(0.0, 6.0, 1105.8)","(0.2, 0.0, 0.0, 1.0)"
0,909222.4,0,0,0,0,0,0,0,0,0,"(0.0, 0.0)","(0.0, 0.0)","(0.0, 0.0)","(0.0, 0.0, 0.0)","(0.0, 0.0, 0.0)","(0.0, 0.0, 0.0)","(0.0, 0.0, 0.0)","(0.0, 0.0, 0.0)","(0.0, 0.0, 0.0)",0,0,0,0,0,0,False,0,0,0,0,0,0,0,0,"(0.0, 6.0, 1106.1)","(0.2, 0.0, 0.0, 1.0)"
0,909244.5,0,0,0,0,0,0,0,0,0,"(0.0, 0.0)","(0.0, 0.0)","(0.0, 0.0)","(0.0, 0.0, 0.0)","(0.0, 0.0, 0.0)","(0.0, 0.0, 0.0)","(0.0, 0.0, 0.0)","(0.0, 0.0, 0.0)","(0.0, 0.0, 0.0)",0,0,0,0,0,0,False,0,0,0,0,0,0,0,0,"(0.0, 6.0, 1106.4)","(0.2, 0.0, 0.0, 1.0)"
0,909267.5,0,0,0,0,0,0,0,0,0,"(0.0, 0.0)","(0.0, 0.0)","(0.0, 0.0)","(0.0, 0.0, 0.0)","(0.0, 0.0, 0.0)","(0.0, 0.0, 0.0)","(0.0, 0.0, 0.0)","(0.0, 0.0, 0.0)","(0.0, 0.0, 0.0)",0,0,0,0,0,0,False,0,0,0,0,0,0,0,0,"(0.0, 6.0, 1106.7)","(0.2, 0.0, 0.0, 1.0)"
0,909291.8,0,0,0,0,0,0,0,0,0,"(0.0, 0.0)","(0.0, 0.0)","(0.0, 0.0)","(0.0, 0.0, 0.0)","(0.0, 0.0, 0.0)","(0.0, 0.0, 0.0)","(0.0, 0.0, 0.0)","(0.0, 0.0, 0.0)","(0.0, 0.0, 0.0)",0,0,0,0,0,0,False,0,0,0,0,0,0,0,0,"(0.0, 6.0, 1107.0)","(0.2, 0.0, 0.0, 1.0)"
0,909311.3,0,0,0,0,0,0,0,0,0,"(0.0, 0.0)","(0.0, 0.0)","(0.0, 0.0)","(0.0, 0.0, 0.0)","(0.0, 0.0, 0.0)","(0.0, 0.0, 0.0)","(0.0, 0.0, 0.0)","(0.0, 0.0, 0.0)","(0.0, 0.0, 0.0)",0,0,0,0,0,0,False,0,0,0,0,0,0,0,0,"(0.0, 6.0, 1107.3)","(0.2, 0.0, 0.0, 1.0)"
0,909334.1,0,0,0,0,0,0,0,0,0,"(0.0, 0.0)","(0.0, 0.0)","(0.0, 0.0)","(0.0, 0.0, 0.0)","(0.0, 0.0, 0.0)","(0.0, 0.0, 0.0)","(0.0, 0.0, 0.0)","(0.0, 0.0, 0.0)","(0.0, 0.0, 0.0)",0,0,0,0,0,0,False,0,0,0,0,0,0,0,0,"(0.0, 6.0, 1107.6)","(0.2, 0.0, 0.0, 1.0)"
0,909355.5,0,0,0,0,0,0,0,0,0,"(0.0, 0.0)","(0.0, 0.0)","(0.0, 0.0)","(0.0, 0.0, 0.0)","(0.0, 0.0, 0.0)","(0.0, 0.0, 0.0)","(0.0, 0.0, 0.0)","(0.0, 0.0, 0.0)","(0.0, 0.0, 0.0)",0,0,0,0,0,0,False,0,0,0,0,0,0,0,0,"(0.0, 6.0, 1107.9)","(0.2, 0.0, 0.0, 1.0)"
0,909378.1,0,0,0,0,0,0,0,0,0,"(0.0, 0.0)","(0.0, 0.0)","(0.0, 0.0)","(0.0, 0.0, 0.0)","(0.0, 0.0, 0.0)","(0.0, 0.0, 0.0)","(0.0, 0.0, 0.0)","(0.0, 0.0, 0.0)","(0.0, 0.0, 0.0)",0,0,0,0,0,0,False,0,0,0,0,0,0,0,0,"(0.0, 6.0, 1108.2)","(0.2, 0.0, 0.0, 1.0)"
0,909400.9,0,0,0,0,0,0,0,0,0,"(0.0, 0.0)","(0.0, 0.0)","(0.0, 0.0)","(0.0, 0.0, 0.0)","(0.0, 0.0, 0.0)","(0.0, 0.0, 0.0)","(0.0, 0.0, 0.0)","(0.0, 0.0, 0.0)","(0.0, 0.0, 0.0)",0,0,0,0,0,0,False,0,0,0,0,0,0,0,0,"(0.0, 6.0, 1108.5)","(0.2, 0.0, 0.0, 1.0)"
0,909421.9,0,0,0,0,0,0,0,0,0,"(0.0, 0.0)","(0.0, 0.0)","(0.0, 0.0)","(0.0, 0.0, 0.0)","(0.0, 0.0, 0.0)","(0.0, 0.0, 0.0)","(0.0, 0.0, 0.0)","(0.0, 0.0, 0.0)","(0.0, 0.0, 0.0)",0,0,0,0,0,0,False,0,0,0,0,0,0,0,0,"(0.0, 6.0, 1108.8)","(0.2, 0.0, 0.0, 1.0)"
0,909444.4,0,0,0,0,0,0,0,0,0,"(0.0, 0.0)","(0.0, 0.0)","(0.0, 0.0)","(0.0, 0.0, 0.0)","(0.0, 0.0, 0.0)","(0.0, 0.0, 0.0)","(0.0, 0.0, 0.0)","(0.0, 0.0, 0.0)","(0.0, 0.0, 0.0)",0,0,0,0,0,0,False,0,0,0,0,0,0,0,0,"(0.0, 6.0, 1109.1)","(0.2, 0.0, 0.0, 1.0)"
0,909468,0,0,0,0,0,0,0,0,0,"(0.0, 0.0)","(0.0, 0.0)","(0.0, 0.0)","(0.0, 0.0, 0.0)","(0.0, 0.0, 0.0)","(0.0, 0.0, 0.0)","(0.0, 0.0, 0.0)","(0.0, 0.0, 0.0)","(0.0, 0.0, 0.0)",0,0,0,0,0,0,False,0,0,0,0,0,0,0,0,"(0.0, 6.0, 1109.4)","(0.2, 0.0, 0.0, 1.0)"
0,909488.3,0,0,0,0,0,0,0,0,0,"(0.0, 0.0)","(0.0, 0.0)","(0.0, 0.0)","(0.0, 0.0, 0.0)","(0.0, 0.0, 0.0)","(0.0, 0.0, 0.0)","(0.0, 0.0, 0.0)","(0.0, 0.0, 0.0)","(0.0, 0.0, 0.0)",0,0,0,0,0,0,False,0,0,0,0,0,0,0,0,"(0.0, 6.0, 1109.7)","(0.2, 0.0, 0.0, 1.0)"
0,909506.6,0,0,0,0,0,0,0,0,0,"(0.0, 0.0)","(0.0, 0.0)","(0.0, 0.0)","(0.0, 0.0, 0.0)","(0.0, 0.0, 0.0)","(0.0, 0.0, 0.0)","(0.0, 0.0, 0.0)","(0.0, 0.0, 0.0)","(0.0, 0.0, 0.0)",0,0,0,0,0,0,False,0,0,0,0,0,0,0,0,"(0.0, 6.0, 1110.0)","(0.2, 0.0, 0.0, 1.0)"
0,909524.9,0,0,0,0,0,0,0,0,0,"(0.0, 0.0)","(0.0, 0.0)","(0.0, 0.0)","(0.0, 0.0, 0.0)","(0.0, 0.0, 0.0)","(0.0, 0.0, 0.0)","(0.0, 0.0, 0.0)","(0.0, 0.0, 0.0)","(0.0, 0.0, 0.0)",0,0,0,0,0,0,False,0,0,0,0,0,0,0,0,"(0.0, 6.0, 1110.3)","(0.2, 0.0, 0.0, 1.0)"
0,909544.4,0,0,0,0,0,0,0,0,0,"(0.0, 0.0)","(0.0, 0.0)","(0.0, 0.0)","(0.0, 0.0, 0.0)","(0.0, 0.0, 0.0)","(0.0, 0.0, 0.0)","(0.0, 0.0, 0.0)","(0.0, 0.0, 0.0)","(0.0, 0.0, 0.0)",0,0,0,0,0,0,False,0,0,0,0,0,0,0,0,"(0.0, 6.0, 1110.6)","(0.2, 0.0, 0.0, 1.0)"
0,909564.1,0,0,0,0,0,0,0,0,0,"(0.0, 0.0)","(0.0, 0.0)","(0.0, 0.0)","(0.0, 0.0, 0.0)","(0.0, 0.0, 0.0)","(0.0, 0.0, 0.0)","(0.0, 0.0, 0.0)","(0.0, 0.0, 0.0)","(0.0, 0.0, 0.0)",0,0,0,0,0,0,False,0,0,0,0,0,0,0,0,"(0.0, 6.0, 1110.9)","(0.2, 0.0, 0.0, 1.0)"
0,909583.8,0,0,0,0,0,0,0,0,0,"(0.0, 0.0)","(0.0, 0.0)","(0.0, 0.0)","(0.0, 0.0, 0.0)","(0.0, 0.0, 0.0)","(0.0, 0.0, 0.0)","(0.0, 0.0, 0.0)","(0.0, 0.0, 0.0)","(0.0, 0.0, 0.0)",0,0,0,0,0,0,False,0,0,0,0,0,0,0,0,"(0.0, 6.0, 1111.1)","(0.2, 0.0, 0.0, 1.0)"
0,909603,0,0,0,0,0,0,0,0,0,"(0.0, 0.0)","(0.0, 0.0)","(0.0, 0.0)","(0.0, 0.0, 0.0)","(0.0, 0.0, 0.0)","(0.0, 0.0, 0.0)","(0.0, 0.0, 0.0)","(0.0, 0.0, 0.0)","(0.0, 0.0, 0.0)",0,0,0,0,0,0,False,0,0,0,0,0,0,0,0,"(0.0, 6.0, 1111.4)","(0.2, 0.0, 0.0, 1.0)"
0,909622.8,0,0,0,0,0,0,0,0,0,"(0.0, 0.0)","(0.0, 0.0)","(0.0, 0.0)","(0.0, 0.0, 0.0)","(0.0, 0.0, 0.0)","(0.0, 0.0, 0.0)","(0.0, 0.0, 0.0)","(0.0, 0.0, 0.0)","(0.0, 0.0, 0.0)",0,0,0,0,0,0,False,0,0,0,0,0,0,0,0,"(0.0, 6.0, 1111.7)","(0.2, 0.0, 0.0, 1.0)"
0,909641,0,0,0,0,0,0,0,0,0,"(0.0, 0.0)","(0.0, 0.0)","(0.0, 0.0)","(0.0, 0.0, 0.0)","(0.0, 0.0, 0.0)","(0.0, 0.0, 0.0)","(0.0, 0.0, 0.0)","(0.0, 0.0, 0.0)","(0.0, 0.0, 0.0)",0,0,0,0,0,0,False,0,0,0,0,0,0,0,0,"(0.0, 6.0, 1112.0)","(0.2, 0.0, 0.0, 1.0)"
0,909659.9,0,0,0,0,0,0,0,0,0,"(0.0, 0.0)","(0.0, 0.0)","(0.0, 0.0)","(0.0, 0.0, 0.0)","(0.0, 0.0, 0.0)","(0.0, 0.0, 0.0)","(0.0, 0.0, 0.0)","(0.0, 0.0, 0.0)","(0.0, 0.0, 0.0)",0,0,0,0,0,0,False,0,0,0,0,0,0,0,0,"(0.0, 6.0, 1112.3)","(0.2, 0.0, 0.0, 1.0)"
0,909678.8,0,0,0,0,0,0,0,0,0,"(0.0, 0.0)","(0.0, 0.0)","(0.0, 0.0)","(0.0, 0.0, 0.0)","(0.0, 0.0, 0.0)","(0.0, 0.0, 0.0)","(0.0, 0.0, 0.0)","(0.0, 0.0, 0.0)","(0.0, 0.0, 0.0)",0,0,0,0,0,0,False,0,0,0,0,0,0,0,0,"(0.0, 6.0, 1112.6)","(0.2, 0.0, 0.0, 1.0)"
0,909698.2,0,0,0,0,0,0,0,0,0,"(0.0, 0.0)","(0.0, 0.0)","(0.0, 0.0)","(0.0, 0.0, 0.0)","(0.0, 0.0, 0.0)","(0.0, 0.0, 0.0)","(0.0, 0.0, 0.0)","(0.0, 0.0, 0.0)","(0.0, 0.0, 0.0)",0,0,0,0,0,0,False,0,0,0,0,0,0,0,0,"(0.0, 6.0, 1112.8)","(0.2, 0.0, 0.0, 1.0)"
0,909717.9,0,0,0,0,0,0,0,0,0,"(0.0, 0.0)","(0.0, 0.0)","(0.0, 0.0)","(0.0, 0.0, 0.0)","(0.0, 0.0, 0.0)","(0.0, 0.0, 0.0)","(0.0, 0.0, 0.0)","(0.0, 0.0, 0.0)","(0.0, 0.0, 0.0)",0,0,0,0,0,0,False,0,0,0,0,0,0,0,0,"(0.0, 6.0, 1113.1)","(0.2, 0.0, 0.0, 1.0)"
0,909736.7,0,0,0,0,0,0,0,0,0,"(0.0, 0.0)","(0.0, 0.0)","(0.0, 0.0)","(0.0, 0.0, 0.0)","(0.0, 0.0, 0.0)","(0.0, 0.0, 0.0)","(0.0, 0.0, 0.0)","(0.0, 0.0, 0.0)","(0.0, 0.0, 0.0)",0,0,0,0,0,0,False,0,0,0,0,0,0,0,0,"(0.0, 6.0, 1113.4)","(0.2, 0.0, 0.0, 1.0)"
0,909754.7,0,0,0,0,0,0,0,0,0,"(0.0, 0.0)","(0.0, 0.0)","(0.0, 0.0)","(0.0, 0.0, 0.0)","(0.0, 0.0, 0.0)","(0.0, 0.0, 0.0)","(0.0, 0.0, 0.0)","(0.0, 0.0, 0.0)","(0.0, 0.0, 0.0)",0,0,0,0,0,0,False,0,0,0,0,0,0,0,0,"(0.0, 6.0, 1113.7)","(0.2, 0.0, 0.0, 1.0)"
0,909773,0,0,0,0,0,0,0,0,0,"(0.0, 0.0)","(0.0, 0.0)","(0.0, 0.0)","(0.0, 0.0, 0.0)","(0.0, 0.0, 0.0)","(0.0, 0.0, 0.0)","(0.0, 0.0, 0.0)","(0.0, 0.0, 0.0)","(0.0, 0.0, 0.0)",0,0,0,0,0,0,False,0,0,0,0,0,0,0,0,"(0.0, 6.0, 1113.9)","(0.2, 0.0, 0.0, 1.0)"
0,909797.1,0,0,0,0,0,0,0,0,0,"(0.0, 0.0)","(0.0, 0.0)","(0.0, 0.0)","(0.0, 0.0, 0.0)","(0.0, 0.0, 0.0)","(0.0, 0.0, 0.0)","(0.0, 0.0, 0.0)","(0.0, 0.0, 0.0)","(0.0, 0.0, 0.0)",0,0,0,0,0,0,False,0,0,0,0,0,0,0,0,"(0.0, 6.0, 1114.2)","(0.2, 0.0, 0.0, 1.0)"
0,909816.4,0,0,0,0,0,0,0,0,0,"(0.0, 0.0)","(0.0, 0.0)","(0.0, 0.0)","(0.0, 0.0, 0.0)","(0.0, 0.0, 0.0)","(0.0, 0.0, 0.0)","(0.0, 0.0, 0.0)","(0.0, 0.0, 0.0)","(0.0, 0.0, 0.0)",0,0,0,0,0,0,False,0,0,0,0,0,0,0,0,"(0.0, 6.0, 1114.5)","(0.2, 0.0, 0.0, 1.0)"
0,909836.4,0,0,0,0,0,0,0,0,0,"(0.0, 0.0)","(0.0, 0.0)","(0.0, 0.0)","(0.0, 0.0, 0.0)","(0.0, 0.0, 0.0)","(0.0, 0.0, 0.0)","(0.0, 0.0, 0.0)","(0.0, 0.0, 0.0)","(0.0, 0.0, 0.0)",0,0,0,0,0,0,False,0,0,0,0,0,0,0,0,"(0.0, 6.0, 1114.8)","(0.2, 0.0, 0.0, 1.0)"
0,909854.6,0,0,0,0,0,0,0,0,0,"(0.0, 0.0)","(0.0, 0.0)","(0.0, 0.0)","(0.0, 0.0, 0.0)","(0.0, 0.0, 0.0)","(0.0, 0.0, 0.0)","(0.0, 0.0, 0.0)","(0.0, 0.0, 0.0)","(0.0, 0.0, 0.0)",0,0,0,0,0,0,False,0,0,0,0,0,0,0,0,"(0.0, 6.0, 1115.1)","(0.2, 0.0, 0.0, 1.0)"
0,909873.1,0,0,0,0,0,0,0,0,0,"(0.0, 0.0)","(0.0, 0.0)","(0.0, 0.0)","(0.0, 0.0, 0.0)","(0.0, 0.0, 0.0)","(0.0, 0.0, 0.0)","(0.0, 0.0, 0.0)","(0.0, 0.0, 0.0)","(0.0, 0.0, 0.0)",0,0,0,0,0,0,False,0,0,0,0,0,0,0,0,"(0.0, 6.0, 1115.3)","(0.2, 0.0, 0.0, 1.0)"
0,909890.2,0,0,0,0,0,0,0,0,0,"(0.0, 0.0)","(0.0, 0.0)","(0.0, 0.0)","(0.0, 0.0, 0.0)","(0.0, 0.0, 0.0)","(0.0, 0.0, 0.0)","(0.0, 0.0, 0.0)","(0.0, 0.0, 0.0)","(0.0, 0.0, 0.0)",0,0,0,0,0,0,False,0,0,0,0,0,0,0,0,"(0.0, 6.0, 1115.6)","(0.2, 0.0, 0.0, 1.0)"
0,909914.9,0,0,0,0,0,0,0,0,0,"(0.0, 0.0)","(0.0, 0.0)","(0.0, 0.0)","(0.0, 0.0, 0.0)","(0.0, 0.0, 0.0)","(0.0, 0.0, 0.0)","(0.0, 0.0, 0.0)","(0.0, 0.0, 0.0)","(0.0, 0.0, 0.0)",0,0,0,0,0,0,False,0,0,0,0,0,0,0,0,"(0.0, 6.0, 1115.9)","(0.2, 0.0, 0.0, 1.0)"
0,909934.4,0,0,0,0,0,0,0,0,0,"(0.0, 0.0)","(0.0, 0.0)","(0.0, 0.0)","(0.0, 0.0, 0.0)","(0.0, 0.0, 0.0)","(0.0, 0.0, 0.0)","(0.0, 0.0, 0.0)","(0.0, 0.0, 0.0)","(0.0, 0.0, 0.0)",0,0,0,0,0,0,False,0,0,0,0,0,0,0,0,"(0.0, 6.0, 1116.2)","(0.2, 0.0, 0.0, 1.0)"
0,909952.6,0,0,0,0,0,0,0,0,0,"(0.0, 0.0)","(0.0, 0.0)","(0.0, 0.0)","(0.0, 0.0, 0.0)","(0.0, 0.0, 0.0)","(0.0, 0.0, 0.0)","(0.0, 0.0, 0.0)","(0.0, 0.0, 0.0)","(0.0, 0.0, 0.0)",0,0,0,0,0,0,False,0,0,0,0,0,0,0,0,"(0.0, 6.0, 1116.4)","(0.2, 0.0, 0.0, 1.0)"
0,909971.2,0,0,0,0,0,0,0,0,0,"(0.0, 0.0)","(0.0, 0.0)","(0.0, 0.0)","(0.0, 0.0, 0.0)","(0.0, 0.0, 0.0)","(0.0, 0.0, 0.0)","(0.0, 0.0, 0.0)","(0.0, 0.0, 0.0)","(0.0, 0.0, 0.0)",0,0,0,0,0,0,False,0,0,0,0,0,0,0,0,"(0.0, 6.0, 1116.7)","(0.2, 0.0, 0.0, 1.0)"
0,909990.4,0,0,0,0,0,0,0,0,0,"(0.0, 0.0)","(0.0, 0.0)","(0.0, 0.0)","(0.0, 0.0, 0.0)","(0.0, 0.0, 0.0)","(0.0, 0.0, 0.0)","(0.0, 0.0, 0.0)","(0.0, 0.0, 0.0)","(0.0, 0.0, 0.0)",0,0,0,0,0,0,False,0,0,0,0,0,0,0,0,"(0.0, 6.0, 1117.0)","(0.2, 0.0, 0.0, 1.0)"
0,910010.9,0,0,0,0,0,0,0,0,0,"(0.0, 0.0)","(0.0, 0.0)","(0.0, 0.0)","(0.0, 0.0, 0.0)","(0.0, 0.0, 0.0)","(0.0, 0.0, 0.0)","(0.0, 0.0, 0.0)","(0.0, 0.0, 0.0)","(0.0, 0.0, 0.0)",0,0,0,0,0,0,False,0,0,0,0,0,0,0,0,"(0.0, 6.0, 1117.3)","(0.2, 0.0, 0.0, 1.0)"
0,910033.6,0,0,0,0,0,0,0,0,0,"(0.0, 0.0)","(0.0, 0.0)","(0.0, 0.0)","(0.0, 0.0, 0.0)","(0.0, 0.0, 0.0)","(0.0, 0.0, 0.0)","(0.0, 0.0, 0.0)","(0.0, 0.0, 0.0)","(0.0, 0.0, 0.0)",0,0,0,0,0,0,False,0,0,0,0,0,0,0,0,"(0.0, 6.0, 1117.5)","(0.2, 0.0, 0.0, 1.0)"
0,910054.9,0,0,0,0,0,0,0,0,0,"(0.0, 0.0)","(0.0, 0.0)","(0.0, 0.0)","(0.0, 0.0, 0.0)","(0.0, 0.0, 0.0)","(0.0, 0.0, 0.0)","(0.0, 0.0, 0.0)","(0.0, 0.0, 0.0)","(0.0, 0.0, 0.0)",0,0,0,0,0,0,False,0,0,0,0,0,0,0,0,"(0.0, 6.0, 1117.8)","(0.2, 0.0, 0.0, 1.0)"
0,910077.3,0,0,0,0,0,0,0,0,0,"(0.0, 0.0)","(0.0, 0.0)","(0.0, 0.0)","(0.0, 0.0, 0.0)","(0.0, 0.0, 0.0)","(0.0, 0.0, 0.0)","(0.0, 0.0, 0.0)","(0.0, 0.0, 0.0)","(0.0, 0.0, 0.0)",0,0,0,0,0,0,False,0,0,0,0,0,0,0,0,"(0.0, 6.0, 1118.1)","(0.2, 0.0, 0.0, 1.0)"
0,910100.6,0,0,0,0,0,0,0,0,0,"(0.0, 0.0)","(0.0, 0.0)","(0.0, 0.0)","(0.0, 0.0, 0.0)","(0.0, 0.0, 0.0)","(0.0, 0.0, 0.0)","(0.0, 0.0, 0.0)","(0.0, 0.0, 0.0)","(0.0, 0.0, 0.0)",0,0,0,0,0,0,False,0,0,0,0,0,0,0,0,"(0.0, 6.0, 1118.4)","(0.2, 0.0, 0.0, 1.0)"
0,910122,0,0,0,0,0,0,0,0,0,"(0.0, 0.0)","(0.0, 0.0)","(0.0, 0.0)","(0.0, 0.0, 0.0)","(0.0, 0.0, 0.0)","(0.0, 0.0, 0.0)","(0.0, 0.0, 0.0)","(0.0, 0.0, 0.0)","(0.0, 0.0, 0.0)",0,0,0,0,0,0,False,0,0,0,0,0,0,0,0,"(0.0, 6.0, 1118.7)","(0.2, 0.0, 0.0, 1.0)"
0,910144.6,0,0,0,0,0,0,0,0,0,"(0.0, 0.0)","(0.0, 0.0)","(0.0, 0.0)","(0.0, 0.0, 0.0)","(0.0, 0.0, 0.0)","(0.0, 0.0, 0.0)","(0.0, 0.0, 0.0)","(0.0, 0.0, 0.0)","(0.0, 0.0, 0.0)",0,0,0,0,0,0,False,0,0,0,0,0,0,0,0,"(0.0, 6.0, 1119.0)","(0.2, 0.0, 0.0, 1.0)"
0,910171.1,0,0,0,0,0,0,0,0,0,"(0.0, 0.0)","(0.0, 0.0)","(0.0, 0.0)","(0.0, 0.0, 0.0)","(0.0, 0.0, 0.0)","(0.0, 0.0, 0.0)","(0.0, 0.0, 0.0)","(0.0, 0.0, 0.0)","(0.0, 0.0, 0.0)",0,0,0,0,0,0,False,0,0,0,0,0,0,0,0,"(0.0, 6.0, 1119.3)","(0.2, 0.0, 0.0, 1.0)"
0,910191.6,0,0,0,0,0,0,0,0,0,"(0.0, 0.0)","(0.0, 0.0)","(0.0, 0.0)","(0.0, 0.0, 0.0)","(0.0, 0.0, 0.0)","(0.0, 0.0, 0.0)","(0.0, 0.0, 0.0)","(0.0, 0.0, 0.0)","(0.0, 0.0, 0.0)",0,0,0,0,0,0,False,0,0,0,0,0,0,0,0,"(0.0, 6.0, 1119.6)","(0.2, 0.0, 0.0, 1.0)"
0,910210.8,0,0,0,0,0,0,0,0,0,"(0.0, 0.0)","(0.0, 0.0)","(0.0, 0.0)","(0.0, 0.0, 0.0)","(0.0, 0.0, 0.0)","(0.0, 0.0, 0.0)","(0.0, 0.0, 0.0)","(0.0, 0.0, 0.0)","(0.0, 0.0, 0.0)",0,0,0,0,0,0,False,0,0,0,0,0,0,0,0,"(0.0, 6.0, 1119.9)","(0.2, 0.0, 0.0, 1.0)"
0,910233.7,0,0,0,0,0,0,0,0,0,"(0.0, 0.0)","(0.0, 0.0)","(0.0, 0.0)","(0.0, 0.0, 0.0)","(0.0, 0.0, 0.0)","(0.0, 0.0, 0.0)","(0.0, 0.0, 0.0)","(0.0, 0.0, 0.0)","(0.0, 0.0, 0.0)",0,0,0,0,0,0,False,0,0,0,0,0,0,0,0,"(0.0, 6.0, 1120.2)","(0.2, 0.0, 0.0, 1.0)"
0,910255.3,0,0,0,0,0,0,0,0,0,"(0.0, 0.0)","(0.0, 0.0)","(0.0, 0.0)","(0.0, 0.0, 0.0)","(0.0, 0.0, 0.0)","(0.0, 0.0, 0.0)","(0.0, 0.0, 0.0)","(0.0, 0.0, 0.0)","(0.0, 0.0, 0.0)",0,0,0,0,0,0,False,0,0,0,0,0,0,0,0,"(0.0, 6.0, 1120.5)","(0.2, 0.0, 0.0, 1.0)"
0,910277.4,0,0,0,0,0,0,0,0,0,"(0.0, 0.0)","(0.0, 0.0)","(0.0, 0.0)","(0.0, 0.0, 0.0)","(0.0, 0.0, 0.0)","(0.0, 0.0, 0.0)","(0.0, 0.0, 0.0)","(0.0, 0.0, 0.0)","(0.0, 0.0, 0.0)",0,0,0,0,0,0,False,0,0,0,0,0,0,0,0,"(0.0, 6.0, 1120.8)","(0.2, 0.0, 0.0, 1.0)"
0,910300.4,0,0,0,0,0,0,0,0,0,"(0.0, 0.0)","(0.0, 0.0)","(0.0, 0.0)","(0.0, 0.0, 0.0)","(0.0, 0.0, 0.0)","(0.0, 0.0, 0.0)","(0.0, 0.0, 0.0)","(0.0, 0.0, 0.0)","(0.0, 0.0, 0.0)",0,0,0,0,0,0,False,0,0,0,0,0,0,0,0,"(0.0, 6.0, 1121.1)","(0.2, 0.0, 0.0, 1.0)"
0,910321.6,0,0,0,0,0,0,0,0,0,"(0.0, 0.0)","(0.0, 0.0)","(0.0, 0.0)","(0.0, 0.0, 0.0)","(0.0, 0.0, 0.0)","(0.0, 0.0, 0.0)","(0.0, 0.0, 0.0)","(0.0, 0.0, 0.0)","(0.0, 0.0, 0.0)",0,0,0,0,0,0,False,0,0,0,0,0,0,0,0,"(0.0, 6.0, 1121.4)","(0.2, 0.0, 0.0, 1.0)"
0,910343.7,0,0,0,0,0,0,0,0,0,"(0.0, 0.0)","(0.0, 0.0)","(0.0, 0.0)","(0.0, 0.0, 0.0)","(0.0, 0.0, 0.0)","(0.0, 0.0, 0.0)","(0.0, 0.0, 0.0)","(0.0, 0.0, 0.0)","(0.0, 0.0, 0.0)",0,0,0,0,0,0,False,0,0,0,0,0,0,0,0,"(0.0, 6.0, 1121.7)","(0.2, 0.0, 0.0, 1.0)"
0,910366.8,0,0,0,0,0,0,0,0,0,"(0.0, 0.0)","(0.0, 0.0)","(0.0, 0.0)","(0.0, 0.0, 0.0)","(0.0, 0.0, 0.0)","(0.0, 0.0, 0.0)","(0.0, 0.0, 0.0)","(0.0, 0.0, 0.0)","(0.0, 0.0, 0.0)",0,0,0,0,0,0,False,0,0,0,0,0,0,0,0,"(0.0, 6.0, 1122.0)","(0.2, 0.0, 0.0, 1.0)"
0,910388.3,0,0,0,0,0,0,0,0,0,"(0.0, 0.0)","(0.0, 0.0)","(0.0, 0.0)","(0.0, 0.0, 0.0)","(0.0, 0.0, 0.0)","(0.0, 0.0, 0.0)","(0.0, 0.0, 0.0)","(0.0, 0.0, 0.0)","(0.0, 0.0, 0.0)",0,0,0,0,0,0,False,0,0,0,0,0,0,0,0,"(0.0, 6.0, 1122.3)","(0.2, 0.0, 0.0, 1.0)"
0,910410.9,0,0,0,0,0,0,0,0,0,"(0.0, 0.0)","(0.0, 0.0)","(0.0, 0.0)","(0.0, 0.0, 0.0)","(0.0, 0.0, 0.0)","(0.0, 0.0, 0.0)","(0.0, 0.0, 0.0)","(0.0, 0.0, 0.0)","(0.0, 0.0, 0.0)",0,0,0,0,0,0,False,0,0,0,0,0,0,0,0,"(0.0, 6.0, 1122.6)","(0.2, 0.0, 0.0, 1.0)"
0,910433.6,0,0,0,0,0,0,0,0,0,"(0.0, 0.0)","(0.0, 0.0)","(0.0, 0.0)","(0.0, 0.0, 0.0)","(0.0, 0.0, 0.0)","(0.0, 0.0, 0.0)","(0.0, 0.0, 0.0)","(0.0, 0.0, 0.0)","(0.0, 0.0, 0.0)",0,0,0,0,0,0,False,0,0,0,0,0,0,0,0,"(0.0, 6.0, 1122.9)","(0.2, 0.0, 0.0, 1.0)"
0,910453.9,0,0,0,0,0,0,0,0,0,"(0.0, 0.0)","(0.0, 0.0)","(0.0, 0.0)","(0.0, 0.0, 0.0)","(0.0, 0.0, 0.0)","(0.0, 0.0, 0.0)","(0.0, 0.0, 0.0)","(0.0, 0.0, 0.0)","(0.0, 0.0, 0.0)",0,0,0,0,0,0,False,0,0,0,0,0,0,0,0,"(0.0, 6.0, 1123.2)","(0.2, 0.0, 0.0, 1.0)"
0,910472.1,0,0,0,0,0,0,0,0,0,"(0.0, 0.0)","(0.0, 0.0)","(0.0, 0.0)","(0.0, 0.0, 0.0)","(0.0, 0.0, 0.0)","(0.0, 0.0, 0.0)","(0.0, 0.0, 0.0)","(0.0, 0.0, 0.0)","(0.0, 0.0, 0.0)",0,0,0,0,0,0,False,0,0,0,0,0,0,0,0,"(0.0, 6.0, 1123.5)","(0.2, 0.0, 0.0, 1.0)"
0,910490.9,0,0,0,0,0,0,0,0,0,"(0.0, 0.0)","(0.0, 0.0)","(0.0, 0.0)","(0.0, 0.0, 0.0)","(0.0, 0.0, 0.0)","(0.0, 0.0, 0.0)","(0.0, 0.0, 0.0)","(0.0, 0.0, 0.0)","(0.0, 0.0, 0.0)",0,0,0,0,0,0,False,0,0,0,0,0,0,0,0,"(0.0, 6.0, 1123.8)","(0.2, 0.0, 0.0, 1.0)"
0,910509.6,0,0,0,0,0,0,0,0,0,"(0.0, 0.0)","(0.0, 0.0)","(0.0, 0.0)","(0.0, 0.0, 0.0)","(0.0, 0.0, 0.0)","(0.0, 0.0, 0.0)","(0.0, 0.0, 0.0)","(0.0, 0.0, 0.0)","(0.0, 0.0, 0.0)",0,0,0,0,0,0,False,0,0,0,0,0,0,0,0,"(0.0, 6.0, 1124.1)","(0.2, 0.0, 0.0, 1.0)"
0,910534.5,0,0,0,0,0,0,0,0,0,"(0.0, 0.0)","(0.0, 0.0)","(0.0, 0.0)","(0.0, 0.0, 0.0)","(0.0, 0.0, 0.0)","(0.0, 0.0, 0.0)","(0.0, 0.0, 0.0)","(0.0, 0.0, 0.0)","(0.0, 0.0, 0.0)",0,0,0,0,0,0,False,0,0,0,0,0,0,0,0,"(0.0, 6.0, 1124.4)","(0.2, 0.0, 0.0, 1.0)"
0,910554.6,0,0,0,0,0,0,0,0,0,"(0.0, 0.0)","(0.0, 0.0)","(0.0, 0.0)","(0.0, 0.0, 0.0)","(0.0, 0.0, 0.0)","(0.0, 0.0, 0.0)","(0.0, 0.0, 0.0)","(0.0, 0.0, 0.0)","(0.0, 0.0, 0.0)",0,0,0,0,0,0,False,0,0,0,0,0,0,0,0,"(0.0, 6.0, 1124.7)","(0.2, 0.0, 0.0, 1.0)"
0,910573.8,0,0,0,0,0,0,0,0,0,"(0.0, 0.0)","(0.0, 0.0)","(0.0, 0.0)","(0.0, 0.0, 0.0)","(0.0, 0.0, 0.0)","(0.0, 0.0, 0.0)","(0.0, 0.0, 0.0)","(0.0, 0.0, 0.0)","(0.0, 0.0, 0.0)",0,0,0,0,0,0,False,0,0,0,0,0,0,0,0,"(0.0, 6.0, 1125.0)","(0.2, 0.0, 0.0, 1.0)"
0,910593.1,0,0,0,0,0,0,0,0,0,"(0.0, 0.0)","(0.0, 0.0)","(0.0, 0.0)","(0.0, 0.0, 0.0)","(0.0, 0.0, 0.0)","(0.0, 0.0, 0.0)","(0.0, 0.0, 0.0)","(0.0, 0.0, 0.0)","(0.0, 0.0, 0.0)",0,0,0,0,0,0,False,0,0,0,0,0,0,0,0,"(0.0, 6.0, 1125.3)","(0.2, 0.0, 0.0, 1.0)"
0,910612.3,0,0,0,0,0,0,0,0,0,"(0.0, 0.0)","(0.0, 0.0)","(0.0, 0.0)","(0.0, 0.0, 0.0)","(0.0, 0.0, 0.0)","(0.0, 0.0, 0.0)","(0.0, 0.0, 0.0)","(0.0, 0.0, 0.0)","(0.0, 0.0, 0.0)",0,0,0,0,0,0,False,0,0,0,0,0,0,0,0,"(0.0, 6.0, 1125.5)","(0.2, 0.0, 0.0, 1.0)"
0,910631.6,0,0,0,0,0,0,0,0,0,"(0.0, 0.0)","(0.0, 0.0)","(0.0, 0.0)","(0.0, 0.0, 0.0)","(0.0, 0.0, 0.0)","(0.0, 0.0, 0.0)","(0.0, 0.0, 0.0)","(0.0, 0.0, 0.0)","(0.0, 0.0, 0.0)",0,0,0,0,0,0,False,0,0,0,0,0,0,0,0,"(0.0, 6.0, 1125.8)","(0.2, 0.0, 0.0, 1.0)"
0,910651.4,0,0,0,0,0,0,0,0,0,"(0.0, 0.0)","(0.0, 0.0)","(0.0, 0.0)","(0.0, 0.0, 0.0)","(0.0, 0.0, 0.0)","(0.0, 0.0, 0.0)","(0.0, 0.0, 0.0)","(0.0, 0.0, 0.0)","(0.0, 0.0, 0.0)",0,0,0,0,0,0,False,0,0,0,0,0,0,0,0,"(0.0, 6.0, 1126.1)","(0.2, 0.0, 0.0, 1.0)"
0,910669.6,0,0,0,0,0,0,0,0,0,"(0.0, 0.0)","(0.0, 0.0)","(0.0, 0.0)","(0.0, 0.0, 0.0)","(0.0, 0.0, 0.0)","(0.0, 0.0, 0.0)","(0.0, 0.0, 0.0)","(0.0, 0.0, 0.0)","(0.0, 0.0, 0.0)",0,0,0,0,0,0,False,0,0,0,0,0,0,0,0,"(0.0, 6.0, 1126.4)","(0.2, 0.0, 0.0, 1.0)"
0,910687.6,0,0,0,0,0,0,0,0,0,"(0.0, 0.0)","(0.0, 0.0)","(0.0, 0.0)","(0.0, 0.0, 0.0)","(0.0, 0.0, 0.0)","(0.0, 0.0, 0.0)","(0.0, 0.0, 0.0)","(0.0, 0.0, 0.0)","(0.0, 0.0, 0.0)",0,0,0,0,0,0,False,0,0,0,0,0,0,0,0,"(0.0, 6.0, 1126.7)","(0.2, 0.0, 0.0, 1.0)"
0,910705.2,0,0,0,0,0,0,0,0,0,"(0.0, 0.0)","(0.0, 0.0)","(0.0, 0.0)","(0.0, 0.0, 0.0)","(0.0, 0.0, 0.0)","(0.0, 0.0, 0.0)","(0.0, 0.0, 0.0)","(0.0, 0.0, 0.0)","(0.0, 0.0, 0.0)",0,0,0,0,0,0,False,0,0,0,0,0,0,0,0,"(0.0, 6.0, 1127.0)","(0.2, 0.0, 0.0, 1.0)"
0,910727.5,0,0,0,0,0,0,0,0,0,"(0.0, 0.0)","(0.0, 0.0)","(0.0, 0.0)","(0.0, 0.0, 0.0)","(0.0, 0.0, 0.0)","(0.0, 0.0, 0.0)","(0.0, 0.0, 0.0)","(0.0, 0.0, 0.0)","(0.0, 0.0, 0.0)",0,0,0,0,0,0,False,0,0,0,0,0,0,0,0,"(0.0, 6.0, 1127.2)","(0.2, 0.0, 0.0, 1.0)"
0,910751.4,0,0,0,0,0,0,0,0,0,"(0.0, 0.0)","(0.0, 0.0)","(0.0, 0.0)","(0.0, 0.0, 0.0)","(0.0, 0.0, 0.0)","(0.0, 0.0, 0.0)","(0.0, 0.0, 0.0)","(0.0, 0.0, 0.0)","(0.0, 0.0, 0.0)",0,0,0,0,0,0,False,0,0,0,0,0,0,0,0,"(0.0, 6.0, 1127.5)","(0.2, 0.0, 0.0, 1.0)"
0,910771.3,0,0,0,0,0,0,0,0,0,"(0.0, 0.0)","(0.0, 0.0)","(0.0, 0.0)","(0.0, 0.0, 0.0)","(0.0, 0.0, 0.0)","(0.0, 0.0, 0.0)","(0.0, 0.0, 0.0)","(0.0, 0.0, 0.0)","(0.0, 0.0, 0.0)",0,0,0,0,0,0,False,0,0,0,0,0,0,0,0,"(0.0, 6.0, 1127.8)","(0.2, 0.0, 0.0, 1.0)"
0,910789.9,0,0,0,0,0,0,0,0,0,"(0.0, 0.0)","(0.0, 0.0)","(0.0, 0.0)","(0.0, 0.0, 0.0)","(0.0, 0.0, 0.0)","(0.0, 0.0, 0.0)","(0.0, 0.0, 0.0)","(0.0, 0.0, 0.0)","(0.0, 0.0, 0.0)",0,0,0,0,0,0,False,0,0,0,0,0,0,0,0,"(0.0, 6.0, 1128.1)","(0.2, 0.0, 0.0, 1.0)"
0,910807.5,0,0,0,0,0,0,0,0,0,"(0.0, 0.0)","(0.0, 0.0)","(0.0, 0.0)","(0.0, 0.0, 0.0)","(0.0, 0.0, 0.0)","(0.0, 0.0, 0.0)","(0.0, 0.0, 0.0)","(0.0, 0.0, 0.0)","(0.0, 0.0, 0.0)",0,0,0,0,0,0,False,0,0,0,0,0,0,0,0,"(0.0, 6.0, 1128.4)","(0.2, 0.0, 0.0, 1.0)"
0,910826.9,0,0,0,0,0,0,0,0,0,"(0.0, 0.0)","(0.0, 0.0)","(0.0, 0.0)","(0.0, 0.0, 0.0)","(0.0, 0.0, 0.0)","(0.0, 0.0, 0.0)","(0.0, 0.0, 0.0)","(0.0, 0.0, 0.0)","(0.0, 0.0, 0.0)",0,0,0,0,0,0,False,0,0,0,0,0,0,0,0,"(0.0, 6.0, 1128.6)","(0.2, 0.0, 0.0, 1.0)"
0,910845.8,0,0,0,0,0,0,0,0,0,"(0.0, 0.0)","(0.0, 0.0)","(0.0, 0.0)","(0.0, 0.0, 0.0)","(0.0, 0.0, 0.0)","(0.0, 0.0, 0.0)","(0.0, 0.0, 0.0)","(0.0, 0.0, 0.0)","(0.0, 0.0, 0.0)",0,0,0,0,0,0,False,0,0,0,0,0,0,0,0,"(0.0, 6.0, 1128.9)","(0.2, 0.0, 0.0, 1.0)"
0,910865.2,0,0,0,0,0,0,0,0,0,"(0.0, 0.0)","(0.0, 0.0)","(0.0, 0.0)","(0.0, 0.0, 0.0)","(0.0, 0.0, 0.0)","(0.0, 0.0, 0.0)","(0.0, 0.0, 0.0)","(0.0, 0.0, 0.0)","(0.0, 0.0, 0.0)",0,0,0,0,0,0,False,0,0,0,0,0,0,0,0,"(0.0, 6.0, 1129.2)","(0.2, 0.0, 0.0, 1.0)"
0,910888,0,0,0,0,0,0,0,0,0,"(0.0, 0.0)","(0.0, 0.0)","(0.0, 0.0)","(0.0, 0.0, 0.0)","(0.0, 0.0, 0.0)","(0.0, 0.0, 0.0)","(0.0, 0.0, 0.0)","(0.0, 0.0, 0.0)","(0.0, 0.0, 0.0)",0,0,0,0,0,0,False,0,0,0,0,0,0,0,0,"(0.0, 6.0, 1129.5)","(0.2, 0.0, 0.0, 1.0)"
0,910910.7,0,0,0,0,0,0,0,0,0,"(0.0, 0.0)","(0.0, 0.0)","(0.0, 0.0)","(0.0, 0.0, 0.0)","(0.0, 0.0, 0.0)","(0.0, 0.0, 0.0)","(0.0, 0.0, 0.0)","(0.0, 0.0, 0.0)","(0.0, 0.0, 0.0)",0,0,0,0,0,0,False,0,0,0,0,0,0,0,0,"(0.0, 6.0, 1129.8)","(0.2, 0.0, 0.0, 1.0)"
0,910934.9,0,0,0,0,0,0,0,0,0,"(0.0, 0.0)","(0.0, 0.0)","(0.0, 0.0)","(0.0, 0.0, 0.0)","(0.0, 0.0, 0.0)","(0.0, 0.0, 0.0)","(0.0, 0.0, 0.0)","(0.0, 0.0, 0.0)","(0.0, 0.0, 0.0)",0,0,0,0,0,0,False,0,0,0,0,0,0,0,0,"(0.0, 6.0, 1130.1)","(0.2, 0.0, 0.0, 1.0)"
0,910954.6,0,0,0,0,0,0,0,0,0,"(0.0, 0.0)","(0.0, 0.0)","(0.0, 0.0)","(0.0, 0.0, 0.0)","(0.0, 0.0, 0.0)","(0.0, 0.0, 0.0)","(0.0, 0.0, 0.0)","(0.0, 0.0, 0.0)","(0.0, 0.0, 0.0)",0,0,0,0,0,0,False,0,0,0,0,0,0,0,0,"(0.0, 6.0, 1130.3)","(0.2, 0.0, 0.0, 1.0)"
0,910976.9,0,0,0,0,0,0,0,0,0,"(0.0, 0.0)","(0.0, 0.0)","(0.0, 0.0)","(0.0, 0.0, 0.0)","(0.0, 0.0, 0.0)","(0.0, 0.0, 0.0)","(0.0, 0.0, 0.0)","(0.0, 0.0, 0.0)","(0.0, 0.0, 0.0)",0,0,0,0,0,0,False,0,0,0,0,0,0,0,0,"(0.0, 6.0, 1130.6)","(0.2, 0.0, 0.0, 1.0)"
0,911000.1,0,0,0,0,0,0,0,0,0,"(0.0, 0.0)","(0.0, 0.0)","(0.0, 0.0)","(0.0, 0.0, 0.0)","(0.0, 0.0, 0.0)","(0.0, 0.0, 0.0)","(0.0, 0.0, 0.0)","(0.0, 0.0, 0.0)","(0.0, 0.0, 0.0)",0,0,0,0,0,0,False,0,0,0,0,0,0,0,0,"(0.0, 6.0, 1130.9)","(0.2, 0.0, 0.0, 1.0)"
0,911021.2,0,0,0,0,0,0,0,0,0,"(0.0, 0.0)","(0.0, 0.0)","(0.0, 0.0)","(0.0, 0.0, 0.0)","(0.0, 0.0, 0.0)","(0.0, 0.0, 0.0)","(0.0, 0.0, 0.0)","(0.0, 0.0, 0.0)","(0.0, 0.0, 0.0)",0,0,0,0,0,0,False,0,0,0,0,0,0,0,0,"(0.0, 6.0, 1131.2)","(0.2, 0.0, 0.0, 1.0)"
0,911044,0,0,0,0,0,0,0,0,0,"(0.0, 0.0)","(0.0, 0.0)","(0.0, 0.0)","(0.0, 0.0, 0.0)","(0.0, 0.0, 0.0)","(0.0, 0.0, 0.0)","(0.0, 0.0, 0.0)","(0.0, 0.0, 0.0)","(0.0, 0.0, 0.0)",0,0,0,0,0,0,False,0,0,0,0,0,0,0,0,"(0.0, 6.0, 1131.5)","(0.2, 0.0, 0.0, 1.0)"
0,911066.4,0,0,0,0,0,0,0,0,0,"(0.0, 0.0)","(0.0, 0.0)","(0.0, 0.0)","(0.0, 0.0, 0.0)","(0.0, 0.0, 0.0)","(0.0, 0.0, 0.0)","(0.0, 0.0, 0.0)","(0.0, 0.0, 0.0)","(0.0, 0.0, 0.0)",0,0,0,0,0,0,False,0,0,0,0,0,0,0,0,"(0.0, 6.0, 1131.8)","(0.2, 0.0, 0.0, 1.0)"
0,911087.9,0,0,0,0,0,0,0,0,0,"(0.0, 0.0)","(0.0, 0.0)","(0.0, 0.0)","(0.0, 0.0, 0.0)","(0.0, 0.0, 0.0)","(0.0, 0.0, 0.0)","(0.0, 0.0, 0.0)","(0.0, 0.0, 0.0)","(0.0, 0.0, 0.0)",0,0,0,0,0,0,False,0,0,0,0,0,0,0,0,"(0.0, 6.0, 1132.1)","(0.2, 0.0, 0.0, 1.0)"
0,911110.6,0,0,0,0,0,0,0,0,0,"(0.0, 0.0)","(0.0, 0.0)","(0.0, 0.0)","(0.0, 0.0, 0.0)","(0.0, 0.0, 0.0)","(0.0, 0.0, 0.0)","(0.0, 0.0, 0.0)","(0.0, 0.0, 0.0)","(0.0, 0.0, 0.0)",0,0,0,0,0,0,False,0,0,0,0,0,0,0,0,"(0.0, 6.0, 1132.4)","(0.2, 0.0, 0.0, 1.0)"
0,911133.1,0,0,0,0,0,0,0,0,0,"(0.0, 0.0)","(0.0, 0.0)","(0.0, 0.0)","(0.0, 0.0, 0.0)","(0.0, 0.0, 0.0)","(0.0, 0.0, 0.0)","(0.0, 0.0, 0.0)","(0.0, 0.0, 0.0)","(0.0, 0.0, 0.0)",0,0,0,0,0,0,False,0,0,0,0,0,0,0,0,"(0.0, 6.0, 1132.7)","(0.2, 0.0, 0.0, 1.0)"
0,911155,0,0,0,0,0,0,0,0,0,"(0.0, 0.0)","(0.0, 0.0)","(0.0, 0.0)","(0.0, 0.0, 0.0)","(0.0, 0.0, 0.0)","(0.0, 0.0, 0.0)","(0.0, 0.0, 0.0)","(0.0, 0.0, 0.0)","(0.0, 0.0, 0.0)",0,0,0,0,0,0,False,0,0,0,0,0,0,0,0,"(0.0, 6.0, 1133.0)","(0.2, 0.0, 0.0, 1.0)"
0,911178.1,0,0,0,0,0,0,0,0,0,"(0.0, 0.0)","(0.0, 0.0)","(0.0, 0.0)","(0.0, 0.0, 0.0)","(0.0, 0.0, 0.0)","(0.0, 0.0, 0.0)","(0.0, 0.0, 0.0)","(0.0, 0.0, 0.0)","(0.0, 0.0, 0.0)",0,0,0,0,0,0,False,0,0,0,0,0,0,0,0,"(0.0, 6.0, 1133.3)","(0.2, 0.0, 0.0, 1.0)"
0,911200.3,0,0,0,0,0,0,0,0,0,"(0.0, 0.0)","(0.0, 0.0)","(0.0, 0.0)","(0.0, 0.0, 0.0)","(0.0, 0.0, 0.0)","(0.0, 0.0, 0.0)","(0.0, 0.0, 0.0)","(0.0, 0.0, 0.0)","(0.0, 0.0, 0.0)",0,0,0,0,0,0,False,0,0,0,0,0,0,0,0,"(0.0, 6.0, 1133.6)","(0.2, 0.0, 0.0, 1.0)"
0,911223,0,0,0,0,0,0,0,0,0,"(0.0, 0.0)","(0.0, 0.0)","(0.0, 0.0)","(0.0, 0.0, 0.0)","(0.0, 0.0, 0.0)","(0.0, 0.0, 0.0)","(0.0, 0.0, 0.0)","(0.0, 0.0, 0.0)","(0.0, 0.0, 0.0)",0,0,0,0,0,0,False,0,0,0,0,0,0,0,0,"(0.0, 6.0, 1133.9)","(0.2, 0.0, 0.0, 1.0)"
0,911246.2,0,0,0,0,0,0,0,0,0,"(0.0, 0.0)","(0.0, 0.0)","(0.0, 0.0)","(0.0, 0.0, 0.0)","(0.0, 0.0, 0.0)","(0.0, 0.0, 0.0)","(0.0, 0.0, 0.0)","(0.0, 0.0, 0.0)","(0.0, 0.0, 0.0)",0,0,0,0,0,0,False,0,0,0,0,0,0,0,0,"(0.0, 6.0, 1134.2)","(0.2, 0.0, 0.0, 1.0)"
0,911266.4,0,0,0,0,0,0,0,0,0,"(0.0, 0.0)","(0.0, 0.0)","(0.0, 0.0)","(0.0, 0.0, 0.0)","(0.0, 0.0, 0.0)","(0.0, 0.0, 0.0)","(0.0, 0.0, 0.0)","(0.0, 0.0, 0.0)","(0.0, 0.0, 0.0)",0,0,0,0,0,0,False,0,0,0,0,0,0,0,0,"(0.0, 6.0, 1134.5)","(0.2, 0.0, 0.0, 1.0)"
0,911287.8,0,0,0,0,0,0,0,0,0,"(0.0, 0.0)","(0.0, 0.0)","(0.0, 0.0)","(0.0, 0.0, 0.0)","(0.0, 0.0, 0.0)","(0.0, 0.0, 0.0)","(0.0, 0.0, 0.0)","(0.0, 0.0, 0.0)","(0.0, 0.0, 0.0)",0,0,0,0,0,0,False,0,0,0,0,0,0,0,0,"(0.0, 6.0, 1134.9)","(0.2, 0.0, 0.0, 1.0)"
0,911310.1,0,0,0,0,0,0,0,0,0,"(0.0, 0.0)","(0.0, 0.0)","(0.0, 0.0)","(0.0, 0.0, 0.0)","(0.0, 0.0, 0.0)","(0.0, 0.0, 0.0)","(0.0, 0.0, 0.0)","(0.0, 0.0, 0.0)","(0.0, 0.0, 0.0)",0,0,0,0,0,0,False,0,0,0,0,0,0,0,0,"(0.0, 6.0, 1135.2)","(0.2, 0.0, 0.0, 1.0)"
0,911333.4,0,0,0,0,0,0,0,0,0,"(0.0, 0.0)","(0.0, 0.0)","(0.0, 0.0)","(0.0, 0.0, 0.0)","(0.0, 0.0, 0.0)","(0.0, 0.0, 0.0)","(0.0, 0.0, 0.0)","(0.0, 0.0, 0.0)","(0.0, 0.0, 0.0)",0,0,0,0,0,0,False,0,0,0,0,0,0,0,0,"(0.0, 6.0, 1135.5)","(0.2, 0.0, 0.0, 1.0)"
0,911355.3,0,0,0,0,0,0,0,0,0,"(0.0, 0.0)","(0.0, 0.0)","(0.0, 0.0)","(0.0, 0.0, 0.0)","(0.0, 0.0, 0.0)","(0.0, 0.0, 0.0)","(0.0, 0.0, 0.0)","(0.0, 0.0, 0.0)","(0.0, 0.0, 0.0)",0,0,0,0,0,0,False,0,0,0,0,0,0,0,0,"(0.0, 6.0, 1135.8)","(0.2, 0.0, 0.0, 1.0)"
0,911376.5,0,0,0,0,0,0,0,0,0,"(0.0, 0.0)","(0.0, 0.0)","(0.0, 0.0)","(0.0, 0.0, 0.0)","(0.0, 0.0, 0.0)","(0.0, 0.0, 0.0)","(0.0, 0.0, 0.0)","(0.0, 0.0, 0.0)","(0.0, 0.0, 0.0)",0,0,0,0,0,0,False,0,0,0,0,0,0,0,0,"(0.0, 6.0, 1136.1)","(0.2, 0.0, 0.0, 1.0)"
0,911400.7,0,0,0,0,0,0,0,0,0,"(0.0, 0.0)","(0.0, 0.0)","(0.0, 0.0)","(0.0, 0.0, 0.0)","(0.0, 0.0, 0.0)","(0.0, 0.0, 0.0)","(0.0, 0.0, 0.0)","(0.0, 0.0, 0.0)","(0.0, 0.0, 0.0)",0,0,0,0,0,0,False,0,0,0,0,0,0,0,0,"(0.0, 6.0, 1136.4)","(0.2, 0.0, 0.0, 1.0)"
0,911426.4,0,0,0,0,0,0,0,0,0,"(0.0, 0.0)","(0.0, 0.0)","(0.0, 0.0)","(0.0, 0.0, 0.0)","(0.0, 0.0, 0.0)","(0.0, 0.0, 0.0)","(0.0, 0.0, 0.0)","(0.0, 0.0, 0.0)","(0.0, 0.0, 0.0)",0,0,0,0,0,0,False,0,0,0,0,0,0,0,0,"(0.0, 6.0, 1136.7)","(0.2, 0.0, 0.0, 1.0)"
0,911451.1,0,0,0,0,0,0,0,0,0,"(0.0, 0.0)","(0.0, 0.0)","(0.0, 0.0)","(0.0, 0.0, 0.0)","(0.0, 0.0, 0.0)","(0.0, 0.0, 0.0)","(0.0, 0.0, 0.0)","(0.0, 0.0, 0.0)","(0.0, 0.0, 0.0)",0,0,0,0,0,0,False,0,0,0,0,0,0,0,0,"(0.0, 6.0, 1137.0)","(0.2, 0.0, 0.0, 1.0)"
0,911471.1,0,0,0,0,0,0,0,0,0,"(0.0, 0.0)","(0.0, 0.0)","(0.0, 0.0)","(0.0, 0.0, 0.0)","(0.0, 0.0, 0.0)","(0.0, 0.0, 0.0)","(0.0, 0.0, 0.0)","(0.0, 0.0, 0.0)","(0.0, 0.0, 0.0)",0,0,0,0,0,0,False,0,0,0,0,0,0,0,0,"(0.0, 6.0, 1137.3)","(0.2, 0.0, 0.0, 1.0)"
0,911489.8,0,0,0,0,0,0,0,0,0,"(0.0, 0.0)","(0.0, 0.0)","(0.0, 0.0)","(0.0, 0.0, 0.0)","(0.0, 0.0, 0.0)","(0.0, 0.0, 0.0)","(0.0, 0.0, 0.0)","(0.0, 0.0, 0.0)","(0.0, 0.0, 0.0)",0,0,0,0,0,0,False,0,0,0,0,0,0,0,0,"(0.0, 6.0, 1137.6)","(0.2, 0.0, 0.0, 1.0)"
0,911509.1,0,0,0,0,0,0,0,0,0,"(0.0, 0.0)","(0.0, 0.0)","(0.0, 0.0)","(0.0, 0.0, 0.0)","(0.0, 0.0, 0.0)","(0.0, 0.0, 0.0)","(0.0, 0.0, 0.0)","(0.0, 0.0, 0.0)","(0.0, 0.0, 0.0)",0,0,0,0,0,0,False,0,0,0,0,0,0,0,0,"(0.0, 6.0, 1138.0)","(0.2, 0.0, 0.0, 1.0)"
0,911529.6,0,0,0,0,0,0,0,0,0,"(0.0, 0.0)","(0.0, 0.0)","(0.0, 0.0)","(0.0, 0.0, 0.0)","(0.0, 0.0, 0.0)","(0.0, 0.0, 0.0)","(0.0, 0.0, 0.0)","(0.0, 0.0, 0.0)","(0.0, 0.0, 0.0)",0,0,0,0,0,0,False,0,0,0,0,0,0,0,0,"(0.0, 6.0, 1138.3)","(0.2, 0.0, 0.0, 1.0)"
0,911550.3,0,0,0,0,0,0,0,0,0,"(0.0, 0.0)","(0.0, 0.0)","(0.0, 0.0)","(0.0, 0.0, 0.0)","(0.0, 0.0, 0.0)","(0.0, 0.0, 0.0)","(0.0, 0.0, 0.0)","(0.0, 0.0, 0.0)","(0.0, 0.0, 0.0)",0,0,0,0,0,0,False,0,0,0,0,0,0,0,0,"(0.0, 6.0, 1138.6)","(0.2, 0.0, 0.0, 1.0)"
0,911573.1,0,0,0,0,0,0,0,0,0,"(0.0, 0.0)","(0.0, 0.0)","(0.0, 0.0)","(0.0, 0.0, 0.0)","(0.0, 0.0, 0.0)","(0.0, 0.0, 0.0)","(0.0, 0.0, 0.0)","(0.0, 0.0, 0.0)","(0.0, 0.0, 0.0)",0,0,0,0,0,0,False,0,0,0,0,0,0,0,0,"(0.0, 6.0, 1138.9)","(0.2, 0.0, 0.0, 1.0)"
0,911590.3,0,0,0,0,0,0,0,0,0,"(0.0, 0.0)","(0.0, 0.0)","(0.0, 0.0)","(0.0, 0.0, 0.0)","(0.0, 0.0, 0.0)","(0.0, 0.0, 0.0)","(0.0, 0.0, 0.0)","(0.0, 0.0, 0.0)","(0.0, 0.0, 0.0)",0,0,0,0,0,0,False,0,0,0,0,0,0,0,0,"(0.0, 6.0, 1139.2)","(0.2, 0.0, 0.0, 1.0)"
0,911608.3,0,0,0,0,0,0,0,0,0,"(0.0, 0.0)","(0.0, 0.0)","(0.0, 0.0)","(0.0, 0.0, 0.0)","(0.0, 0.0, 0.0)","(0.0, 0.0, 0.0)","(0.0, 0.0, 0.0)","(0.0, 0.0, 0.0)","(0.0, 0.0, 0.0)",0,0,0,0,0,0,False,0,0,0,0,0,0,0,0,"(0.0, 6.0, 1139.5)","(0.2, 0.0, 0.0, 1.0)"
0,911626.9,0,0,0,0,0,0,0,0,0,"(0.0, 0.0)","(0.0, 0.0)","(0.0, 0.0)","(0.0, 0.0, 0.0)","(0.0, 0.0, 0.0)","(0.0, 0.0, 0.0)","(0.0, 0.0, 0.0)","(0.0, 0.0, 0.0)","(0.0, 0.0, 0.0)",0,0,0,0,0,0,False,0,0,0,0,0,0,0,0,"(0.0, 6.0, 1139.7)","(0.2, 0.0, 0.0, 1.0)"
0,911645.9,0,0,0,0,0,0,0,0,0,"(0.0, 0.0)","(0.0, 0.0)","(0.0, 0.0)","(0.0, 0.0, 0.0)","(0.0, 0.0, 0.0)","(0.0, 0.0, 0.0)","(0.0, 0.0, 0.0)","(0.0, 0.0, 0.0)","(0.0, 0.0, 0.0)",0,0,0,0,0,0,False,0,0,0,0,0,0,0,0,"(0.0, 6.0, 1140.0)","(0.2, 0.0, 0.0, 1.0)"
0,911665.6,0,0,0,0,0,0,0,0,0,"(0.0, 0.0)","(0.0, 0.0)","(0.0, 0.0)","(0.0, 0.0, 0.0)","(0.0, 0.0, 0.0)","(0.0, 0.0, 0.0)","(0.0, 0.0, 0.0)","(0.0, 0.0, 0.0)","(0.0, 0.0, 0.0)",0,0,0,0,0,0,False,0,0,0,0,0,0,0,0,"(0.0, 6.0, 1140.3)","(0.2, 0.0, 0.0, 1.0)"
0,911683.9,0,0,0,0,0,0,0,0,0,"(0.0, 0.0)","(0.0, 0.0)","(0.0, 0.0)","(0.0, 0.0, 0.0)","(0.0, 0.0, 0.0)","(0.0, 0.0, 0.0)","(0.0, 0.0, 0.0)","(0.0, 0.0, 0.0)","(0.0, 0.0, 0.0)",0,0,0,0,0,0,False,0,0,0,0,0,0,0,0,"(0.0, 6.0, 1140.6)","(0.2, 0.0, 0.0, 1.0)"
0,911700.6,0,0,0,0,0,0,0,0,0,"(0.0, 0.0)","(0.0, 0.0)","(0.0, 0.0)","(0.0, 0.0, 0.0)","(0.0, 0.0, 0.0)","(0.0, 0.0, 0.0)","(0.0, 0.0, 0.0)","(0.0, 0.0, 0.0)","(0.0, 0.0, 0.0)",0,0,0,0,0,0,False,0,0,0,0,0,0,0,0,"(0.0, 6.0, 1140.9)","(0.2, 0.0, 0.0, 1.0)"
0,911718.9,0,0,0,0,0,0,0,0,0,"(0.0, 0.0)","(0.0, 0.0)","(0.0, 0.0)","(0.0, 0.0, 0.0)","(0.0, 0.0, 0.0)","(0.0, 0.0, 0.0)","(0.0, 0.0, 0.0)","(0.0, 0.0, 0.0)","(0.0, 0.0, 0.0)",0,0,0,0,0,0,False,0,0,0,0,0,0,0,0,"(0.0, 6.0, 1141.2)","(0.2, 0.0, 0.0, 1.0)"
0,911736.8,0,0,0,0,0,0,0,0,0,"(0.0, 0.0)","(0.0, 0.0)","(0.0, 0.0)","(0.0, 0.0, 0.0)","(0.0, 0.0, 0.0)","(0.0, 0.0, 0.0)","(0.0, 0.0, 0.0)","(0.0, 0.0, 0.0)","(0.0, 0.0, 0.0)",0,0,0,0,0,0,False,0,0,0,0,0,0,0,0,"(0.0, 6.0, 1141.4)","(0.2, 0.0, 0.0, 1.0)"
0,911755.8,0,0,0,0,0,0,0,0,0,"(0.0, 0.0)","(0.0, 0.0)","(0.0, 0.0)","(0.0, 0.0, 0.0)","(0.0, 0.0, 0.0)","(0.0, 0.0, 0.0)","(0.0, 0.0, 0.0)","(0.0, 0.0, 0.0)","(0.0, 0.0, 0.0)",0,0,0,0,0,0,False,0,0,0,0,0,0,0,0,"(0.0, 6.0, 1141.7)","(0.2, 0.0, 0.0, 1.0)"
0,911773.8,0,0,0,0,0,0,0,0,0,"(0.0, 0.0)","(0.0, 0.0)","(0.0, 0.0)","(0.0, 0.0, 0.0)","(0.0, 0.0, 0.0)","(0.0, 0.0, 0.0)","(0.0, 0.0, 0.0)","(0.0, 0.0, 0.0)","(0.0, 0.0, 0.0)",0,0,0,0,0,0,False,0,0,0,0,0,0,0,0,"(0.0, 6.0, 1142.0)","(0.2, 0.0, 0.0, 1.0)"
0,911791.2,0,0,0,0,0,0,0,0,0,"(0.0, 0.0)","(0.0, 0.0)","(0.0, 0.0)","(0.0, 0.0, 0.0)","(0.0, 0.0, 0.0)","(0.0, 0.0, 0.0)","(0.0, 0.0, 0.0)","(0.0, 0.0, 0.0)","(0.0, 0.0, 0.0)",0,0,0,0,0,0,False,0,0,0,0,0,0,0,0,"(0.0, 6.0, 1142.2)","(0.2, 0.0, 0.0, 1.0)"
0,911810.6,0,0,0,0,0,0,0,0,0,"(0.0, 0.0)","(0.0, 0.0)","(0.0, 0.0)","(0.0, 0.0, 0.0)","(0.0, 0.0, 0.0)","(0.0, 0.0, 0.0)","(0.0, 0.0, 0.0)","(0.0, 0.0, 0.0)","(0.0, 0.0, 0.0)",0,0,0,0,0,0,False,0,0,0,0,0,0,0,0,"(0.0, 6.0, 1142.5)","(0.2, 0.0, 0.0, 1.0)"
0,911830.9,0,0,0,0,0,0,0,0,0,"(0.0, 0.0)","(0.0, 0.0)","(0.0, 0.0)","(0.0, 0.0, 0.0)","(0.0, 0.0, 0.0)","(0.0, 0.0, 0.0)","(0.0, 0.0, 0.0)","(0.0, 0.0, 0.0)","(0.0, 0.0, 0.0)",0,0,0,0,0,0,False,0,0,0,0,0,0,0,0,"(0.0, 6.0, 1142.8)","(0.2, 0.0, 0.0, 1.0)"
0,911849.4,0,0,0,0,0,0,0,0,0,"(0.0, 0.0)","(0.0, 0.0)","(0.0, 0.0)","(0.0, 0.0, 0.0)","(0.0, 0.0, 0.0)","(0.0, 0.0, 0.0)","(0.0, 0.0, 0.0)","(0.0, 0.0, 0.0)","(0.0, 0.0, 0.0)",0,0,0,0,0,0,False,0,0,0,0,0,0,0,0,"(0.0, 6.0, 1143.0)","(0.2, 0.0, 0.0, 1.0)"
0,911867.9,0,0,0,0,0,0,0,0,0,"(0.0, 0.0)","(0.0, 0.0)","(0.0, 0.0)","(0.0, 0.0, 0.0)","(0.0, 0.0, 0.0)","(0.0, 0.0, 0.0)","(0.0, 0.0, 0.0)","(0.0, 0.0, 0.0)","(0.0, 0.0, 0.0)",0,0,0,0,0,0,False,0,0,0,0,0,0,0,0,"(0.0, 6.0, 1143.3)","(0.2, 0.0, 0.0, 1.0)"
0,911902.4,0,0,0,0,0,0,0,0,0,"(0.0, 0.0)","(0.0, 0.0)","(0.0, 0.0)","(0.0, 0.0, 0.0)","(0.0, 0.0, 0.0)","(0.0, 0.0, 0.0)","(0.0, 0.0, 0.0)","(0.0, 0.0, 0.0)","(0.0, 0.0, 0.0)",0,0,0,0,0,0,False,0,0,0,0,0,0,0,0,"(0.0, 6.0, 1143.6)","(0.2, 0.0, 0.0, 1.0)"
0,911920.7,0,0,0,0,0,0,0,0,0,"(0.0, 0.0)","(0.0, 0.0)","(0.0, 0.0)","(0.0, 0.0, 0.0)","(0.0, 0.0, 0.0)","(0.0, 0.0, 0.0)","(0.0, 0.0, 0.0)","(0.0, 0.0, 0.0)","(0.0, 0.0, 0.0)",0,0,0,0,0,0,False,0,0,0,0,0,0,0,0,"(0.0, 6.0, 1143.9)","(0.2, 0.0, 0.0, 1.0)"
0,911943.1,0,0,0,0,0,0,0,0,0,"(0.0, 0.0)","(0.0, 0.0)","(0.0, 0.0)","(0.0, 0.0, 0.0)","(0.0, 0.0, 0.0)","(0.0, 0.0, 0.0)","(0.0, 0.0, 0.0)","(0.0, 0.0, 0.0)","(0.0, 0.0, 0.0)",0,0,0,0,0,0,False,0,0,0,0,0,0,0,0,"(0.0, 6.0, 1144.2)","(0.2, 0.0, 0.0, 1.0)"
0,911966.1,0,0,0,0,0,0,0,0,0,"(0.0, 0.0)","(0.0, 0.0)","(0.0, 0.0)","(0.0, 0.0, 0.0)","(0.0, 0.0, 0.0)","(0.0, 0.0, 0.0)","(0.0, 0.0, 0.0)","(0.0, 0.0, 0.0)","(0.0, 0.0, 0.0)",0,0,0,0,0,0,False,0,0,0,0,0,0,0,0,"(0.0, 6.0, 1144.5)","(0.2, 0.0, 0.0, 1.0)"
0,911987.8,0,0,0,0,0,0,0,0,0,"(0.0, 0.0)","(0.0, 0.0)","(0.0, 0.0)","(0.0, 0.0, 0.0)","(0.0, 0.0, 0.0)","(0.0, 0.0, 0.0)","(0.0, 0.0, 0.0)","(0.0, 0.0, 0.0)","(0.0, 0.0, 0.0)",0,0,0,0,0,0,False,0,0,0,0,0,0,0,0,"(0.0, 6.0, 1144.8)","(0.2, 0.0, 0.0, 1.0)"
0,912010.2,0,0,0,0,0,0,0,0,0,"(0.0, 0.0)","(0.0, 0.0)","(0.0, 0.0)","(0.0, 0.0, 0.0)","(0.0, 0.0, 0.0)","(0.0, 0.0, 0.0)","(0.0, 0.0, 0.0)","(0.0, 0.0, 0.0)","(0.0, 0.0, 0.0)",0,0,0,0,0,0,False,0,0,0,0,0,0,0,0,"(0.0, 6.0, 1145.1)","(0.2, 0.0, 0.0, 1.0)"
0,912032.8,0,0,0,0,0,0,0,0,0,"(0.0, 0.0)","(0.0, 0.0)","(0.0, 0.0)","(0.0, 0.0, 0.0)","(0.0, 0.0, 0.0)","(0.0, 0.0, 0.0)","(0.0, 0.0, 0.0)","(0.0, 0.0, 0.0)","(0.0, 0.0, 0.0)",0,0,0,0,0,0,False,0,0,0,0,0,0,0,0,"(0.0, 6.0, 1145.4)","(0.2, 0.0, 0.0, 1.0)"
0,912056.5,0,0,0,0,0,0,0,0,0,"(0.0, 0.0)","(0.0, 0.0)","(0.0, 0.0)","(0.0, 0.0, 0.0)","(0.0, 0.0, 0.0)","(0.0, 0.0, 0.0)","(0.0, 0.0, 0.0)","(0.0, 0.0, 0.0)","(0.0, 0.0, 0.0)",0,0,0,0,0,0,False,0,0,0,0,0,0,0,0,"(0.0, 6.0, 1145.7)","(0.2, 0.0, 0.0, 1.0)"
0,912078.2,0,0,0,0,0,0,0,0,0,"(0.0, 0.0)","(0.0, 0.0)","(0.0, 0.0)","(0.0, 0.0, 0.0)","(0.0, 0.0, 0.0)","(0.0, 0.0, 0.0)","(0.0, 0.0, 0.0)","(0.0, 0.0, 0.0)","(0.0, 0.0, 0.0)",0,0,0,0,0,0,False,0,0,0,0,0,0,0,0,"(0.0, 6.0, 1146.0)","(0.2, 0.0, 0.0, 1.0)"
0,912099.7,0,0,0,0,0,0,0,0,0,"(0.0, 0.0)","(0.0, 0.0)","(0.0, 0.0)","(0.0, 0.0, 0.0)","(0.0, 0.0, 0.0)","(0.0, 0.0, 0.0)","(0.0, 0.0, 0.0)","(0.0, 0.0, 0.0)","(0.0, 0.0, 0.0)",0,0,0,0,0,0,False,0,0,0,0,0,0,0,0,"(0.0, 6.0, 1146.3)","(0.2, 0.0, 0.0, 1.0)"
0,912120.6,0,0,0,0,0,0,0,0,0,"(0.0, 0.0)","(0.0, 0.0)","(0.0, 0.0)","(0.0, 0.0, 0.0)","(0.0, 0.0, 0.0)","(0.0, 0.0, 0.0)","(0.0, 0.0, 0.0)","(0.0, 0.0, 0.0)","(0.0, 0.0, 0.0)",0,0,0,0,0,0,False,0,0,0,0,0,0,0,0,"(0.0, 6.0, 1146.6)","(0.2, 0.0, 0.0, 1.0)"
0,912143.4,0,0,0,0,0,0,0,0,0,"(0.0, 0.0)","(0.0, 0.0)","(0.0, 0.0)","(0.0, 0.0, 0.0)","(0.0, 0.0, 0.0)","(0.0, 0.0, 0.0)","(0.0, 0.0, 0.0)","(0.0, 0.0, 0.0)","(0.0, 0.0, 0.0)",0,0,0,0,0,0,False,0,0,0,0,0,0,0,0,"(0.0, 6.0, 1146.9)","(0.2, 0.0, 0.0, 1.0)"
0,912166.3,0,0,0,0,0,0,0,0,0,"(0.0, 0.0)","(0.0, 0.0)","(0.0, 0.0)","(0.0, 0.0, 0.0)","(0.0, 0.0, 0.0)","(0.0, 0.0, 0.0)","(0.0, 0.0, 0.0)","(0.0, 0.0, 0.0)","(0.0, 0.0, 0.0)",0,0,0,0,0,0,False,0,0,0,0,0,0,0,0,"(0.0, 6.0, 1147.2)","(0.2, 0.0, 0.0, 1.0)"
0,912191.4,0,0,0,0,0,0,0,0,0,"(0.0, 0.0)","(0.0, 0.0)","(0.0, 0.0)","(0.0, 0.0, 0.0)","(0.0, 0.0, 0.0)","(0.0, 0.0, 0.0)","(0.0, 0.0, 0.0)","(0.0, 0.0, 0.0)","(0.0, 0.0, 0.0)",0,0,0,0,0,0,False,0,0,0,0,0,0,0,0,"(0.0, 6.0, 1147.5)","(0.2, 0.0, 0.0, 1.0)"
0,912210.1,0,0,0,0,0,0,0,0,0,"(0.0, 0.0)","(0.0, 0.0)","(0.0, 0.0)","(0.0, 0.0, 0.0)","(0.0, 0.0, 0.0)","(0.0, 0.0, 0.0)","(0.0, 0.0, 0.0)","(0.0, 0.0, 0.0)","(0.0, 0.0, 0.0)",0,0,0,0,0,0,False,0,0,0,0,0,0,0,0,"(0.0, 6.0, 1147.8)","(0.2, 0.0, 0.0, 1.0)"
0,912233.8,0,0,0,0,0,0,0,0,0,"(0.0, 0.0)","(0.0, 0.0)","(0.0, 0.0)","(0.0, 0.0, 0.0)","(0.0, 0.0, 0.0)","(0.0, 0.0, 0.0)","(0.0, 0.0, 0.0)","(0.0, 0.0, 0.0)","(0.0, 0.0, 0.0)",0,0,0,0,0,0,False,0,0,0,0,0,0,0,0,"(0.0, 6.0, 1148.1)","(0.2, 0.0, 0.0, 1.0)"
0,912254.3,0,0,0,0,0,0,0,0,0,"(0.0, 0.0)","(0.0, 0.0)","(0.0, 0.0)","(0.0, 0.0, 0.0)","(0.0, 0.0, 0.0)","(0.0, 0.0, 0.0)","(0.0, 0.0, 0.0)","(0.0, 0.0, 0.0)","(0.0, 0.0, 0.0)",0,0,0,0,0,0,False,0,0,0,0,0,0,0,0,"(0.0, 6.0, 1148.4)","(0.2, 0.0, 0.0, 1.0)"
0,912276.7,0,0,0,0,0,0,0,0,0,"(0.0, 0.0)","(0.0, 0.0)","(0.0, 0.0)","(0.0, 0.0, 0.0)","(0.0, 0.0, 0.0)","(0.0, 0.0, 0.0)","(0.0, 0.0, 0.0)","(0.0, 0.0, 0.0)","(0.0, 0.0, 0.0)",0,0,0,0,0,0,False,0,0,0,0,0,0,0,0,"(0.0, 6.0, 1148.7)","(0.2, 0.0, 0.0, 1.0)"
0,912300.1,0,0,0,0,0,0,0,0,0,"(0.0, 0.0)","(0.0, 0.0)","(0.0, 0.0)","(0.0, 0.0, 0.0)","(0.0, 0.0, 0.0)","(0.0, 0.0, 0.0)","(0.0, 0.0, 0.0)","(0.0, 0.0, 0.0)","(0.0, 0.0, 0.0)",0,0,0,0,0,0,False,0,0,0,0,0,0,0,0,"(0.0, 6.0, 1149.0)","(0.2, 0.0, 0.0, 1.0)"
0,912320.8,0,0,0,0,0,0,0,0,0,"(0.0, 0.0)","(0.0, 0.0)","(0.0, 0.0)","(0.0, 0.0, 0.0)","(0.0, 0.0, 0.0)","(0.0, 0.0, 0.0)","(0.0, 0.0, 0.0)","(0.0, 0.0, 0.0)","(0.0, 0.0, 0.0)",0,0,0,0,0,0,False,0,0,0,0,0,0,0,0,"(0.0, 6.0, 1149.3)","(0.2, 0.0, 0.0, 1.0)"
0,912345.1,0,0,0,0,0,0,0,0,0,"(0.0, 0.0)","(0.0, 0.0)","(0.0, 0.0)","(0.0, 0.0, 0.0)","(0.0, 0.0, 0.0)","(0.0, 0.0, 0.0)","(0.0, 0.0, 0.0)","(0.0, 0.0, 0.0)","(0.0, 0.0, 0.0)",0,0,0,0,0,0,False,0,0,0,0,0,0,0,0,"(0.0, 6.0, 1149.6)","(0.2, 0.0, 0.0, 1.0)"
0,912366.8,0,0,0,0,0,0,0,0,0,"(0.0, 0.0)","(0.0, 0.0)","(0.0, 0.0)","(0.0, 0.0, 0.0)","(0.0, 0.0, 0.0)","(0.0, 0.0, 0.0)","(0.0, 0.0, 0.0)","(0.0, 0.0, 0.0)","(0.0, 0.0, 0.0)",0,0,0,0,0,0,False,0,0,0,0,0,0,0,0,"(0.0, 6.0, 1149.9)","(0.2, 0.0, 0.0, 1.0)"
0,912388.5,0,0,0,0,0,0,0,0,0,"(0.0, 0.0)","(0.0, 0.0)","(0.0, 0.0)","(0.0, 0.0, 0.0)","(0.0, 0.0, 0.0)","(0.0, 0.0, 0.0)","(0.0, 0.0, 0.0)","(0.0, 0.0, 0.0)","(0.0, 0.0, 0.0)",0,0,0,0,0,0,False,0,0,0,0,0,0,0,0,"(0.0, 6.0, 1150.2)","(0.2, 0.0, 0.0, 1.0)"
0,912408.4,0,0,0,0,0,0,0,0,0,"(0.0, 0.0)","(0.0, 0.0)","(0.0, 0.0)","(0.0, 0.0, 0.0)","(0.0, 0.0, 0.0)","(0.0, 0.0, 0.0)","(0.0, 0.0, 0.0)","(0.0, 0.0, 0.0)","(0.0, 0.0, 0.0)",0,0,0,0,0,0,False,0,0,0,0,0,0,0,0,"(0.0, 6.0, 1150.5)","(0.2, 0.0, 0.0, 1.0)"
0,912427.6,0,0,0,0,0,0,0,0,0,"(0.0, 0.0)","(0.0, 0.0)","(0.0, 0.0)","(0.0, 0.0, 0.0)","(0.0, 0.0, 0.0)","(0.0, 0.0, 0.0)","(0.0, 0.0, 0.0)","(0.0, 0.0, 0.0)","(0.0, 0.0, 0.0)",0,0,0,0,0,0,False,0,0,0,0,0,0,0,0,"(0.0, 6.0, 1150.8)","(0.2, 0.0, 0.0, 1.0)"
0,912447.2,0,0,0,0,0,0,0,0,0,"(0.0, 0.0)","(0.0, 0.0)","(0.0, 0.0)","(0.0, 0.0, 0.0)","(0.0, 0.0, 0.0)","(0.0, 0.0, 0.0)","(0.0, 0.0, 0.0)","(0.0, 0.0, 0.0)","(0.0, 0.0, 0.0)",0,0,0,0,0,0,False,0,0,0,0,0,0,0,0,"(0.0, 6.0, 1151.1)","(0.2, 0.0, 0.0, 1.0)"
0,912468,0,0,0,0,0,0,0,0,0,"(0.0, 0.0)","(0.0, 0.0)","(0.0, 0.0)","(0.0, 0.0, 0.0)","(0.0, 0.0, 0.0)","(0.0, 0.0, 0.0)","(0.0, 0.0, 0.0)","(0.0, 0.0, 0.0)","(0.0, 0.0, 0.0)",0,0,0,0,0,0,False,0,0,0,0,0,0,0,0,"(0.0, 6.0, 1151.4)","(0.2, 0.0, 0.0, 1.0)"
0,912488,0,0,0,0,0,0,0,0,0,"(0.0, 0.0)","(0.0, 0.0)","(0.0, 0.0)","(0.0, 0.0, 0.0)","(0.0, 0.0, 0.0)","(0.0, 0.0, 0.0)","(0.0, 0.0, 0.0)","(0.0, 0.0, 0.0)","(0.0, 0.0, 0.0)",0,0,0,0,0,0,False,0,0,0,0,0,0,0,0,"(0.0, 6.0, 1151.7)","(0.2, 0.0, 0.0, 1.0)"
0,912505.9,0,0,0,0,0,0,0,0,0,"(0.0, 0.0)","(0.0, 0.0)","(0.0, 0.0)","(0.0, 0.0, 0.0)","(0.0, 0.0, 0.0)","(0.0, 0.0, 0.0)","(0.0, 0.0, 0.0)","(0.0, 0.0, 0.0)","(0.0, 0.0, 0.0)",0,0,0,0,0,0,False,0,0,0,0,0,0,0,0,"(0.0, 6.0, 1152.0)","(0.2, 0.0, 0.0, 1.0)"
0,912525,0,0,0,0,0,0,0,0,0,"(0.0, 0.0)","(0.0, 0.0)","(0.0, 0.0)","(0.0, 0.0, 0.0)","(0.0, 0.0, 0.0)","(0.0, 0.0, 0.0)","(0.0, 0.0, 0.0)","(0.0, 0.0, 0.0)","(0.0, 0.0, 0.0)",0,0,0,0,0,0,False,0,0,0,0,0,0,0,0,"(0.0, 6.0, 1152.3)","(0.2, 0.0, 0.0, 1.0)"
0,912542.3,0,0,0,0,0,0,0,0,0,"(0.0, 0.0)","(0.0, 0.0)","(0.0, 0.0)","(0.0, 0.0, 0.0)","(0.0, 0.0, 0.0)","(0.0, 0.0, 0.0)","(0.0, 0.0, 0.0)","(0.0, 0.0, 0.0)","(0.0, 0.0, 0.0)",0,0,0,0,0,0,False,0,0,0,0,0,0,0,0,"(0.0, 6.0, 1152.6)","(0.2, 0.0, 0.0, 1.0)"
0,912561.8,0,0,0,0,0,0,0,0,0,"(0.0, 0.0)","(0.0, 0.0)","(0.0, 0.0)","(0.0, 0.0, 0.0)","(0.0, 0.0, 0.0)","(0.0, 0.0, 0.0)","(0.0, 0.0, 0.0)","(0.0, 0.0, 0.0)","(0.0, 0.0, 0.0)",0,0,0,0,0,0,False,0,0,0,0,0,0,0,0,"(0.0, 6.0, 1152.9)","(0.2, 0.0, 0.0, 1.0)"
0,912582,0,0,0,0,0,0,0,0,0,"(0.0, 0.0)","(0.0, 0.0)","(0.0, 0.0)","(0.0, 0.0, 0.0)","(0.0, 0.0, 0.0)","(0.0, 0.0, 0.0)","(0.0, 0.0, 0.0)","(0.0, 0.0, 0.0)","(0.0, 0.0, 0.0)",0,0,0,0,0,0,False,0,0,0,0,0,0,0,0,"(0.0, 6.0, 1153.2)","(0.2, 0.0, 0.0, 1.0)"
0,912601.6,0,0,0,0,0,0,0,0,0,"(0.0, 0.0)","(0.0, 0.0)","(0.0, 0.0)","(0.0, 0.0, 0.0)","(0.0, 0.0, 0.0)","(0.0, 0.0, 0.0)","(0.0, 0.0, 0.0)","(0.0, 0.0, 0.0)","(0.0, 0.0, 0.0)",0,0,0,0,0,0,False,0,0,0,0,0,0,0,0,"(0.0, 6.0, 1153.5)","(0.2, 0.0, 0.0, 1.0)"
0,912621.1,0,0,0,0,0,0,0,0,0,"(0.0, 0.0)","(0.0, 0.0)","(0.0, 0.0)","(0.0, 0.0, 0.0)","(0.0, 0.0, 0.0)","(0.0, 0.0, 0.0)","(0.0, 0.0, 0.0)","(0.0, 0.0, 0.0)","(0.0, 0.0, 0.0)",0,0,0,0,0,0,False,0,0,0,0,0,0,0,0,"(0.0, 6.0, 1153.7)","(0.2, 0.0, 0.0, 1.0)"
0,912640.3,0,0,0,0,0,0,0,0,0,"(0.0, 0.0)","(0.0, 0.0)","(0.0, 0.0)","(0.0, 0.0, 0.0)","(0.0, 0.0, 0.0)","(0.0, 0.0, 0.0)","(0.0, 0.0, 0.0)","(0.0, 0.0, 0.0)","(0.0, 0.0, 0.0)",0,0,0,0,0,0,False,0,0,0,0,0,0,0,0,"(0.0, 6.0, 1154.0)","(0.2, 0.0, 0.0, 1.0)"
0,912667.9,0,0,0,0,0,0,0,0,0,"(0.0, 0.0)","(0.0, 0.0)","(0.0, 0.0)","(0.0, 0.0, 0.0)","(0.0, 0.0, 0.0)","(0.0, 0.0, 0.0)","(0.0, 0.0, 0.0)","(0.0, 0.0, 0.0)","(0.0, 0.0, 0.0)",0,0,0,0,0,0,False,0,0,0,0,0,0,0,0,"(0.0, 6.0, 1154.3)","(0.2, 0.0, 0.0, 1.0)"
0,912688.5,0,0,0,0,0,0,0,0,0,"(0.0, 0.0)","(0.0, 0.0)","(0.0, 0.0)","(0.0, 0.0, 0.0)","(0.0, 0.0, 0.0)","(0.0, 0.0, 0.0)","(0.0, 0.0, 0.0)","(0.0, 0.0, 0.0)","(0.0, 0.0, 0.0)",0,0,0,0,0,0,False,0,0,0,0,0,0,0,0,"(0.0, 6.0, 1154.6)","(0.2, 0.0, 0.0, 1.0)"
0,912708,0,0,0,0,0,0,0,0,0,"(0.0, 0.0)","(0.0, 0.0)","(0.0, 0.0)","(0.0, 0.0, 0.0)","(0.0, 0.0, 0.0)","(0.0, 0.0, 0.0)","(0.0, 0.0, 0.0)","(0.0, 0.0, 0.0)","(0.0, 0.0, 0.0)",0,0,0,0,0,0,False,0,0,0,0,0,0,0,0,"(0.0, 6.0, 1154.9)","(0.2, 0.0, 0.0, 1.0)"
0,912728.4,0,0,0,0,0,0,0,0,0,"(0.0, 0.0)","(0.0, 0.0)","(0.0, 0.0)","(0.0, 0.0, 0.0)","(0.0, 0.0, 0.0)","(0.0, 0.0, 0.0)","(0.0, 0.0, 0.0)","(0.0, 0.0, 0.0)","(0.0, 0.0, 0.0)",0,0,0,0,0,0,False,0,0,0,0,0,0,0,0,"(0.0, 6.0, 1155.2)","(0.2, 0.0, 0.0, 1.0)"
0,912747.1,0,0,0,0,0,0,0,0,0,"(0.0, 0.0)","(0.0, 0.0)","(0.0, 0.0)","(0.0, 0.0, 0.0)","(0.0, 0.0, 0.0)","(0.0, 0.0, 0.0)","(0.0, 0.0, 0.0)","(0.0, 0.0, 0.0)","(0.0, 0.0, 0.0)",0,0,0,0,0,0,False,0,0,0,0,0,0,0,0,"(0.0, 6.0, 1155.5)","(0.2, 0.0, 0.0, 1.0)"
0,912768.8,0,0,0,0,0,0,0,0,0,"(0.0, 0.0)","(0.0, 0.0)","(0.0, 0.0)","(0.0, 0.0, 0.0)","(0.0, 0.0, 0.0)","(0.0, 0.0, 0.0)","(0.0, 0.0, 0.0)","(0.0, 0.0, 0.0)","(0.0, 0.0, 0.0)",0,0,0,0,0,0,False,0,0,0,0,0,0,0,0,"(0.0, 6.0, 1155.7)","(0.2, 0.0, 0.0, 1.0)"
0,912793.7,0,0,0,0,0,0,0,0,0,"(0.0, 0.0)","(0.0, 0.0)","(0.0, 0.0)","(0.0, 0.0, 0.0)","(0.0, 0.0, 0.0)","(0.0, 0.0, 0.0)","(0.0, 0.0, 0.0)","(0.0, 0.0, 0.0)","(0.0, 0.0, 0.0)",0,0,0,0,0,0,False,0,0,0,0,0,0,0,0,"(0.0, 6.0, 1156.0)","(0.2, 0.0, 0.0, 1.0)"
0,912812.6,0,0,0,0,0,0,0,0,0,"(0.0, 0.0)","(0.0, 0.0)","(0.0, 0.0)","(0.0, 0.0, 0.0)","(0.0, 0.0, 0.0)","(0.0, 0.0, 0.0)","(0.0, 0.0, 0.0)","(0.0, 0.0, 0.0)","(0.0, 0.0, 0.0)",0,0,0,0,0,0,False,0,0,0,0,0,0,0,0,"(0.0, 6.0, 1156.3)","(0.2, 0.0, 0.0, 1.0)"
0,912831.4,0,0,0,0,0,0,0,0,0,"(0.0, 0.0)","(0.0, 0.0)","(0.0, 0.0)","(0.0, 0.0, 0.0)","(0.0, 0.0, 0.0)","(0.0, 0.0, 0.0)","(0.0, 0.0, 0.0)","(0.0, 0.0, 0.0)","(0.0, 0.0, 0.0)",0,0,0,0,0,0,False,0,0,0,0,0,0,0,0,"(0.0, 6.0, 1156.6)","(0.2, 0.0, 0.0, 1.0)"
0,912853.9,0,0,0,0,0,0,0,0,0,"(0.0, 0.0)","(0.0, 0.0)","(0.0, 0.0)","(0.0, 0.0, 0.0)","(0.0, 0.0, 0.0)","(0.0, 0.0, 0.0)","(0.0, 0.0, 0.0)","(0.0, 0.0, 0.0)","(0.0, 0.0, 0.0)",0,0,0,0,0,0,False,0,0,0,0,0,0,0,0,"(0.0, 6.0, 1156.9)","(0.2, 0.0, 0.0, 1.0)"
0,912876.1,0,0,0,0,0,0,0,0,0,"(0.0, 0.0)","(0.0, 0.0)","(0.0, 0.0)","(0.0, 0.0, 0.0)","(0.0, 0.0, 0.0)","(0.0, 0.0, 0.0)","(0.0, 0.0, 0.0)","(0.0, 0.0, 0.0)","(0.0, 0.0, 0.0)",0,0,0,0,0,0,False,0,0,0,0,0,0,0,0,"(0.0, 6.0, 1157.2)","(0.2, 0.0, 0.0, 1.0)"
0,912898.9,0,0,0,0,0,0,0,0,0,"(0.0, 0.0)","(0.0, 0.0)","(0.0, 0.0)","(0.0, 0.0, 0.0)","(0.0, 0.0, 0.0)","(0.0, 0.0, 0.0)","(0.0, 0.0, 0.0)","(0.0, 0.0, 0.0)","(0.0, 0.0, 0.0)",0,0,0,0,0,0,False,0,0,0,0,0,0,0,0,"(0.0, 6.0, 1157.5)","(0.2, 0.0, 0.0, 1.0)"
0,912920.6,0,0,0,0,0,0,0,0,0,"(0.0, 0.0)","(0.0, 0.0)","(0.0, 0.0)","(0.0, 0.0, 0.0)","(0.0, 0.0, 0.0)","(0.0, 0.0, 0.0)","(0.0, 0.0, 0.0)","(0.0, 0.0, 0.0)","(0.0, 0.0, 0.0)",0,0,0,0,0,0,False,0,0,0,0,0,0,0,0,"(0.0, 6.0, 1157.8)","(0.2, 0.0, 0.0, 1.0)"
0,912942.7,0,0,0,0,0,0,0,0,0,"(0.0, 0.0)","(0.0, 0.0)","(0.0, 0.0)","(0.0, 0.0, 0.0)","(0.0, 0.0, 0.0)","(0.0, 0.0, 0.0)","(0.0, 0.0, 0.0)","(0.0, 0.0, 0.0)","(0.0, 0.0, 0.0)",0,0,0,0,0,0,False,0,0,0,0,0,0,0,0,"(0.0, 6.0, 1158.1)","(0.2, 0.0, 0.0, 1.0)"
0,912966,0,0,0,0,0,0,0,0,0,"(0.0, 0.0)","(0.0, 0.0)","(0.0, 0.0)","(0.0, 0.0, 0.0)","(0.0, 0.0, 0.0)","(0.0, 0.0, 0.0)","(0.0, 0.0, 0.0)","(0.0, 0.0, 0.0)","(0.0, 0.0, 0.0)",0,0,0,0,0,0,False,0,0,0,0,0,0,0,0,"(0.0, 6.0, 1158.4)","(0.2, 0.0, 0.0, 1.0)"
0,912990.1,0,0,0,0,0,0,0,0,0,"(0.0, 0.0)","(0.0, 0.0)","(0.0, 0.0)","(0.0, 0.0, 0.0)","(0.0, 0.0, 0.0)","(0.0, 0.0, 0.0)","(0.0, 0.0, 0.0)","(0.0, 0.0, 0.0)","(0.0, 0.0, 0.0)",0,0,0,0,0,0,False,0,0,0,0,0,0,0,0,"(0.0, 6.0, 1158.7)","(0.2, 0.0, 0.0, 1.0)"
0,913011.1,0,0,0,0,0,0,0,0,0,"(0.0, 0.0)","(0.0, 0.0)","(0.0, 0.0)","(0.0, 0.0, 0.0)","(0.0, 0.0, 0.0)","(0.0, 0.0, 0.0)","(0.0, 0.0, 0.0)","(0.0, 0.0, 0.0)","(0.0, 0.0, 0.0)",0,0,0,0,0,0,False,0,0,0,0,0,0,0,0,"(0.0, 6.0, 1159.0)","(0.2, 0.0, 0.0, 1.0)"
0,913032.7,0,0,0,0,0,0,0,0,0,"(0.0, 0.0)","(0.0, 0.0)","(0.0, 0.0)","(0.0, 0.0, 0.0)","(0.0, 0.0, 0.0)","(0.0, 0.0, 0.0)","(0.0, 0.0, 0.0)","(0.0, 0.0, 0.0)","(0.0, 0.0, 0.0)",0,0,0,0,0,0,False,0,0,0,0,0,0,0,0,"(0.0, 6.0, 1159.3)","(0.2, 0.0, 0.0, 1.0)"
0,913053.6,0,0,0,0,0,0,0,0,0,"(0.0, 0.0)","(0.0, 0.0)","(0.0, 0.0)","(0.0, 0.0, 0.0)","(0.0, 0.0, 0.0)","(0.0, 0.0, 0.0)","(0.0, 0.0, 0.0)","(0.0, 0.0, 0.0)","(0.0, 0.0, 0.0)",0,0,0,0,0,0,False,0,0,0,0,0,0,0,0,"(0.0, 6.0, 1159.6)","(0.2, 0.0, 0.0, 1.0)"
0,913076,0,0,0,0,0,0,0,0,0,"(0.0, 0.0)","(0.0, 0.0)","(0.0, 0.0)","(0.0, 0.0, 0.0)","(0.0, 0.0, 0.0)","(0.0, 0.0, 0.0)","(0.0, 0.0, 0.0)","(0.0, 0.0, 0.0)","(0.0, 0.0, 0.0)",0,0,0,0,0,0,False,0,0,0,0,0,0,0,0,"(0.0, 6.0, 1159.9)","(0.2, 0.0, 0.0, 1.0)"
0,913099.1,0,0,0,0,0,0,0,0,0,"(0.0, 0.0)","(0.0, 0.0)","(0.0, 0.0)","(0.0, 0.0, 0.0)","(0.0, 0.0, 0.0)","(0.0, 0.0, 0.0)","(0.0, 0.0, 0.0)","(0.0, 0.0, 0.0)","(0.0, 0.0, 0.0)",0,0,0,0,0,0,False,0,0,0,0,0,0,0,0,"(0.0, 6.0, 1160.2)","(0.2, 0.0, 0.0, 1.0)"
0,913120.8,0,0,0,0,0,0,0,0,0,"(0.0, 0.0)","(0.0, 0.0)","(0.0, 0.0)","(0.0, 0.0, 0.0)","(0.0, 0.0, 0.0)","(0.0, 0.0, 0.0)","(0.0, 0.0, 0.0)","(0.0, 0.0, 0.0)","(0.0, 0.0, 0.0)",0,0,0,0,0,0,False,0,0,0,0,0,0,0,0,"(0.0, 6.0, 1160.5)","(0.2, 0.0, 0.0, 1.0)"
0,913142.4,0,0,0,0,0,0,0,0,0,"(0.0, 0.0)","(0.0, 0.0)","(0.0, 0.0)","(0.0, 0.0, 0.0)","(0.0, 0.0, 0.0)","(0.0, 0.0, 0.0)","(0.0, 0.0, 0.0)","(0.0, 0.0, 0.0)","(0.0, 0.0, 0.0)",0,0,0,0,0,0,False,0,0,0,0,0,0,0,0,"(0.0, 6.0, 1160.8)","(0.2, 0.0, 0.0, 1.0)"
0,913165.6,0,0,0,0,0,0,0,0,0,"(0.0, 0.0)","(0.0, 0.0)","(0.0, 0.0)","(0.0, 0.0, 0.0)","(0.0, 0.0, 0.0)","(0.0, 0.0, 0.0)","(0.0, 0.0, 0.0)","(0.0, 0.0, 0.0)","(0.0, 0.0, 0.0)",0,0,0,0,0,0,False,0,0,0,0,0,0,0,0,"(0.0, 6.0, 1161.1)","(0.2, 0.0, 0.0, 1.0)"
0,913187.6,0,0,0,0,0,0,0,0,0,"(0.0, 0.0)","(0.0, 0.0)","(0.0, 0.0)","(0.0, 0.0, 0.0)","(0.0, 0.0, 0.0)","(0.0, 0.0, 0.0)","(0.0, 0.0, 0.0)","(0.0, 0.0, 0.0)","(0.0, 0.0, 0.0)",0,0,0,0,0,0,False,0,0,0,0,0,0,0,0,"(0.0, 6.0, 1161.4)","(0.2, 0.0, 0.0, 1.0)"
0,913209.3,0,0,0,0,0,0,0,0,0,"(0.0, 0.0)","(0.0, 0.0)","(0.0, 0.0)","(0.0, 0.0, 0.0)","(0.0, 0.0, 0.0)","(0.0, 0.0, 0.0)","(0.0, 0.0, 0.0)","(0.0, 0.0, 0.0)","(0.0, 0.0, 0.0)",0,0,0,0,0,0,False,0,0,0,0,0,0,0,0,"(0.0, 6.0, 1161.7)","(0.2, 0.0, 0.0, 1.0)"
0,913232.2,0,0,0,0,0,0,0,0,0,"(0.0, 0.0)","(0.0, 0.0)","(0.0, 0.0)","(0.0, 0.0, 0.0)","(0.0, 0.0, 0.0)","(0.0, 0.0, 0.0)","(0.0, 0.0, 0.0)","(0.0, 0.0, 0.0)","(0.0, 0.0, 0.0)",0,0,0,0,0,0,False,0,0,0,0,0,0,0,0,"(0.0, 6.0, 1162.0)","(0.2, 0.0, 0.0, 1.0)"
0,913253.7,0,0,0,0,0,0,0,0,0,"(0.0, 0.0)","(0.0, 0.0)","(0.0, 0.0)","(0.0, 0.0, 0.0)","(0.0, 0.0, 0.0)","(0.0, 0.0, 0.0)","(0.0, 0.0, 0.0)","(0.0, 0.0, 0.0)","(0.0, 0.0, 0.0)",0,0,0,0,0,0,False,0,0,0,0,0,0,0,0,"(0.0, 6.0, 1162.4)","(0.2, 0.0, 0.0, 1.0)"
0,913276.4,0,0,0,0,0,0,0,0,0,"(0.0, 0.0)","(0.0, 0.0)","(0.0, 0.0)","(0.0, 0.0, 0.0)","(0.0, 0.0, 0.0)","(0.0, 0.0, 0.0)","(0.0, 0.0, 0.0)","(0.0, 0.0, 0.0)","(0.0, 0.0, 0.0)",0,0,0,0,0,0,False,0,0,0,0,0,0,0,0,"(0.0, 6.0, 1162.7)","(0.2, 0.0, 0.0, 1.0)"
0,913298.9,0,0,0,0,0,0,0,0,0,"(0.0, 0.0)","(0.0, 0.0)","(0.0, 0.0)","(0.0, 0.0, 0.0)","(0.0, 0.0, 0.0)","(0.0, 0.0, 0.0)","(0.0, 0.0, 0.0)","(0.0, 0.0, 0.0)","(0.0, 0.0, 0.0)",0,0,0,0,0,0,False,0,0,0,0,0,0,0,0,"(0.0, 6.0, 1163.0)","(0.2, 0.0, 0.0, 1.0)"
0,913320.1,0,0,0,0,0,0,0,0,0,"(0.0, 0.0)","(0.0, 0.0)","(0.0, 0.0)","(0.0, 0.0, 0.0)","(0.0, 0.0, 0.0)","(0.0, 0.0, 0.0)","(0.0, 0.0, 0.0)","(0.0, 0.0, 0.0)","(0.0, 0.0, 0.0)",0,0,0,0,0,0,False,0,0,0,0,0,0,0,0,"(0.0, 6.0, 1163.3)","(0.2, 0.0, 0.0, 1.0)"
0,913342.8,0,0,0,0,0,0,0,0,0,"(0.0, 0.0)","(0.0, 0.0)","(0.0, 0.0)","(0.0, 0.0, 0.0)","(0.0, 0.0, 0.0)","(0.0, 0.0, 0.0)","(0.0, 0.0, 0.0)","(0.0, 0.0, 0.0)","(0.0, 0.0, 0.0)",0,0,0,0,0,0,False,0,0,0,0,0,0,0,0,"(0.0, 6.0, 1163.6)","(0.2, 0.0, 0.0, 1.0)"
0,913360.8,0,0,0,0,0,0,0,0,0,"(0.0, 0.0)","(0.0, 0.0)","(0.0, 0.0)","(0.0, 0.0, 0.0)","(0.0, 0.0, 0.0)","(0.0, 0.0, 0.0)","(0.0, 0.0, 0.0)","(0.0, 0.0, 0.0)","(0.0, 0.0, 0.0)",0,0,0,0,0,0,False,0,0,0,0,0,0,0,0,"(0.0, 6.0, 1163.9)","(0.2, 0.0, 0.0, 1.0)"
0,913387.7,0,0,0,0,0,0,0,0,0,"(0.0, 0.0)","(0.0, 0.0)","(0.0, 0.0)","(0.0, 0.0, 0.0)","(0.0, 0.0, 0.0)","(0.0, 0.0, 0.0)","(0.0, 0.0, 0.0)","(0.0, 0.0, 0.0)","(0.0, 0.0, 0.0)",0,0,0,0,0,0,False,0,0,0,0,0,0,0,0,"(0.0, 6.0, 1164.2)","(0.2, 0.0, 0.0, 1.0)"
0,913406.3,0,0,0,0,0,0,0,0,0,"(0.0, 0.0)","(0.0, 0.0)","(0.0, 0.0)","(0.0, 0.0, 0.0)","(0.0, 0.0, 0.0)","(0.0, 0.0, 0.0)","(0.0, 0.0, 0.0)","(0.0, 0.0, 0.0)","(0.0, 0.0, 0.0)",0,0,0,0,0,0,False,0,0,0,0,0,0,0,0,"(0.0, 6.0, 1164.5)","(0.2, 0.0, 0.0, 1.0)"
0,913426.6,0,0,0,0,0,0,0,0,0,"(0.0, 0.0)","(0.0, 0.0)","(0.0, 0.0)","(0.0, 0.0, 0.0)","(0.0, 0.0, 0.0)","(0.0, 0.0, 0.0)","(0.0, 0.0, 0.0)","(0.0, 0.0, 0.0)","(0.0, 0.0, 0.0)",0,0,0,0,0,0,False,0,0,0,0,0,0,0,0,"(0.0, 6.0, 1164.8)","(0.2, 0.0, 0.0, 1.0)"
0,913450,0,0,0,0,0,0,0,0,0,"(0.0, 0.0)","(0.0, 0.0)","(0.0, 0.0)","(0.0, 0.0, 0.0)","(0.0, 0.0, 0.0)","(0.0, 0.0, 0.0)","(0.0, 0.0, 0.0)","(0.0, 0.0, 0.0)","(0.0, 0.0, 0.0)",0,0,0,0,0,0,False,0,0,0,0,0,0,0,0,"(0.0, 6.0, 1165.1)","(0.2, 0.0, 0.0, 1.0)"
0,913473.1,0,0,0,0,0,0,0,0,0,"(0.0, 0.0)","(0.0, 0.0)","(0.0, 0.0)","(0.0, 0.0, 0.0)","(0.0, 0.0, 0.0)","(0.0, 0.0, 0.0)","(0.0, 0.0, 0.0)","(0.0, 0.0, 0.0)","(0.0, 0.0, 0.0)",0,0,0,0,0,0,False,0,0,0,0,0,0,0,0,"(0.0, 6.0, 1165.4)","(0.2, 0.0, 0.0, 1.0)"
0,913492.1,0,0,0,0,0,0,0,0,0,"(0.0, 0.0)","(0.0, 0.0)","(0.0, 0.0)","(0.0, 0.0, 0.0)","(0.0, 0.0, 0.0)","(0.0, 0.0, 0.0)","(0.0, 0.0, 0.0)","(0.0, 0.0, 0.0)","(0.0, 0.0, 0.0)",0,0,0,0,0,0,False,0,0,0,0,0,0,0,0,"(0.0, 6.0, 1165.7)","(0.2, 0.0, 0.0, 1.0)"
0,913509,0,0,0,0,0,0,0,0,0,"(0.0, 0.0)","(0.0, 0.0)","(0.0, 0.0)","(0.0, 0.0, 0.0)","(0.0, 0.0, 0.0)","(0.0, 0.0, 0.0)","(0.0, 0.0, 0.0)","(0.0, 0.0, 0.0)","(0.0, 0.0, 0.0)",0,0,0,0,0,0,False,0,0,0,0,0,0,0,0,"(0.0, 6.0, 1166.0)","(0.2, 0.0, 0.0, 1.0)"
0,913527.6,0,0,0,0,0,0,0,0,0,"(0.0, 0.0)","(0.0, 0.0)","(0.0, 0.0)","(0.0, 0.0, 0.0)","(0.0, 0.0, 0.0)","(0.0, 0.0, 0.0)","(0.0, 0.0, 0.0)","(0.0, 0.0, 0.0)","(0.0, 0.0, 0.0)",0,0,0,0,0,0,False,0,0,0,0,0,0,0,0,"(0.0, 6.0, 1166.3)","(0.2, 0.0, 0.0, 1.0)"
0,913546.5,0,0,0,0,0,0,0,0,0,"(0.0, 0.0)","(0.0, 0.0)","(0.0, 0.0)","(0.0, 0.0, 0.0)","(0.0, 0.0, 0.0)","(0.0, 0.0, 0.0)","(0.0, 0.0, 0.0)","(0.0, 0.0, 0.0)","(0.0, 0.0, 0.0)",0,0,0,0,0,0,False,0,0,0,0,0,0,0,0,"(0.0, 6.0, 1166.6)","(0.2, 0.0, 0.0, 1.0)"
0,913566.6,0,0,0,0,0,0,0,0,0,"(0.0, 0.0)","(0.0, 0.0)","(0.0, 0.0)","(0.0, 0.0, 0.0)","(0.0, 0.0, 0.0)","(0.0, 0.0, 0.0)","(0.0, 0.0, 0.0)","(0.0, 0.0, 0.0)","(0.0, 0.0, 0.0)",0,0,0,0,0,0,False,0,0,0,0,0,0,0,0,"(0.0, 6.0, 1166.9)","(0.2, 0.0, 0.0, 1.0)"
0,913586.7,0,0,0,0,0,0,0,0,0,"(0.0, 0.0)","(0.0, 0.0)","(0.0, 0.0)","(0.0, 0.0, 0.0)","(0.0, 0.0, 0.0)","(0.0, 0.0, 0.0)","(0.0, 0.0, 0.0)","(0.0, 0.0, 0.0)","(0.0, 0.0, 0.0)",0,0,0,0,0,0,False,0,0,0,0,0,0,0,0,"(0.0, 6.0, 1167.2)","(0.2, 0.0, 0.0, 1.0)"
0,913605.3,0,0,0,0,0,0,0,0,0,"(0.0, 0.0)","(0.0, 0.0)","(0.0, 0.0)","(0.0, 0.0, 0.0)","(0.0, 0.0, 0.0)","(0.0, 0.0, 0.0)","(0.0, 0.0, 0.0)","(0.0, 0.0, 0.0)","(0.0, 0.0, 0.0)",0,0,0,0,0,0,False,0,0,0,0,0,0,0,0,"(0.0, 6.0, 1167.5)","(0.2, 0.0, 0.0, 1.0)"
0,913626,0,0,0,0,0,0,0,0,0,"(0.0, 0.0)","(0.0, 0.0)","(0.0, 0.0)","(0.0, 0.0, 0.0)","(0.0, 0.0, 0.0)","(0.0, 0.0, 0.0)","(0.0, 0.0, 0.0)","(0.0, 0.0, 0.0)","(0.0, 0.0, 0.0)",0,0,0,0,0,0,False,0,0,0,0,0,0,0,0,"(0.0, 6.0, 1167.8)","(0.2, 0.0, 0.0, 1.0)"
0,913644.3,0,0,0,0,0,0,0,0,0,"(0.0, 0.0)","(0.0, 0.0)","(0.0, 0.0)","(0.0, 0.0, 0.0)","(0.0, 0.0, 0.0)","(0.0, 0.0, 0.0)","(0.0, 0.0, 0.0)","(0.0, 0.0, 0.0)","(0.0, 0.0, 0.0)",0,0,0,0,0,0,False,0,0,0,0,0,0,0,0,"(0.0, 6.0, 1168.0)","(0.2, 0.0, 0.0, 1.0)"
0,913670.4,0,0,0,0,0,0,0,0,0,"(0.0, 0.0)","(0.0, 0.0)","(0.0, 0.0)","(0.0, 0.0, 0.0)","(0.0, 0.0, 0.0)","(0.0, 0.0, 0.0)","(0.0, 0.0, 0.0)","(0.0, 0.0, 0.0)","(0.0, 0.0, 0.0)",0,0,0,0,0,0,False,0,0,0,0,0,0,0,0,"(0.0, 6.0, 1168.3)","(0.2, 0.0, 0.0, 1.0)"
0,913689,0,0,0,0,0,0,0,0,0,"(0.0, 0.0)","(0.0, 0.0)","(0.0, 0.0)","(0.0, 0.0, 0.0)","(0.0, 0.0, 0.0)","(0.0, 0.0, 0.0)","(0.0, 0.0, 0.0)","(0.0, 0.0, 0.0)","(0.0, 0.0, 0.0)",0,0,0,0,0,0,False,0,0,0,0,0,0,0,0,"(0.0, 6.0, 1168.6)","(0.2, 0.0, 0.0, 1.0)"
0,913707,0,0,0,0,0,0,0,0,0,"(0.0, 0.0)","(0.0, 0.0)","(0.0, 0.0)","(0.0, 0.0, 0.0)","(0.0, 0.0, 0.0)","(0.0, 0.0, 0.0)","(0.0, 0.0, 0.0)","(0.0, 0.0, 0.0)","(0.0, 0.0, 0.0)",0,0,0,0,0,0,False,0,0,0,0,0,0,0,0,"(0.0, 6.0, 1168.9)","(0.2, 0.0, 0.0, 1.0)"
0,913726.1,0,0,0,0,0,0,0,0,0,"(0.0, 0.0)","(0.0, 0.0)","(0.0, 0.0)","(0.0, 0.0, 0.0)","(0.0, 0.0, 0.0)","(0.0, 0.0, 0.0)","(0.0, 0.0, 0.0)","(0.0, 0.0, 0.0)","(0.0, 0.0, 0.0)",0,0,0,0,0,0,False,0,0,0,0,0,0,0,0,"(0.0, 6.0, 1169.2)","(0.2, 0.0, 0.0, 1.0)"
0,913744.3,0,0,0,0,0,0,0,0,0,"(0.0, 0.0)","(0.0, 0.0)","(0.0, 0.0)","(0.0, 0.0, 0.0)","(0.0, 0.0, 0.0)","(0.0, 0.0, 0.0)","(0.0, 0.0, 0.0)","(0.0, 0.0, 0.0)","(0.0, 0.0, 0.0)",0,0,0,0,0,0,False,0,0,0,0,0,0,0,0,"(0.0, 6.0, 1169.5)","(0.2, 0.0, 0.0, 1.0)"
0,913763.5,0,0,0,0,0,0,0,0,0,"(0.0, 0.0)","(0.0, 0.0)","(0.0, 0.0)","(0.0, 0.0, 0.0)","(0.0, 0.0, 0.0)","(0.0, 0.0, 0.0)","(0.0, 0.0, 0.0)","(0.0, 0.0, 0.0)","(0.0, 0.0, 0.0)",0,0,0,0,0,0,False,0,0,0,0,0,0,0,0,"(0.0, 6.0, 1169.7)","(0.2, 0.0, 0.0, 1.0)"
0,913784.2,0,0,0,0,0,0,0,0,0,"(0.0, 0.0)","(0.0, 0.0)","(0.0, 0.0)","(0.0, 0.0, 0.0)","(0.0, 0.0, 0.0)","(0.0, 0.0, 0.0)","(0.0, 0.0, 0.0)","(0.0, 0.0, 0.0)","(0.0, 0.0, 0.0)",0,0,0,0,0,0,False,0,0,0,0,0,0,0,0,"(0.0, 6.0, 1170.0)","(0.2, 0.0, 0.0, 1.0)"
0,913802.9,0,0,0,0,0,0,0,0,0,"(0.0, 0.0)","(0.0, 0.0)","(0.0, 0.0)","(0.0, 0.0, 0.0)","(0.0, 0.0, 0.0)","(0.0, 0.0, 0.0)","(0.0, 0.0, 0.0)","(0.0, 0.0, 0.0)","(0.0, 0.0, 0.0)",0,0,0,0,0,0,False,0,0,0,0,0,0,0,0,"(0.0, 6.0, 1170.3)","(0.2, 0.0, 0.0, 1.0)"
0,913819.8,0,0,0,0,0,0,0,0,0,"(0.0, 0.0)","(0.0, 0.0)","(0.0, 0.0)","(0.0, 0.0, 0.0)","(0.0, 0.0, 0.0)","(0.0, 0.0, 0.0)","(0.0, 0.0, 0.0)","(0.0, 0.0, 0.0)","(0.0, 0.0, 0.0)",0,0,0,0,0,0,False,0,0,0,0,0,0,0,0,"(0.0, 6.0, 1170.6)","(0.2, 0.0, 0.0, 1.0)"
0,913838.1,0,0,0,0,0,0,0,0,0,"(0.0, 0.0)","(0.0, 0.0)","(0.0, 0.0)","(0.0, 0.0, 0.0)","(0.0, 0.0, 0.0)","(0.0, 0.0, 0.0)","(0.0, 0.0, 0.0)","(0.0, 0.0, 0.0)","(0.0, 0.0, 0.0)",0,0,0,0,0,0,False,0,0,0,0,0,0,0,0,"(0.0, 6.0, 1170.9)","(0.2, 0.0, 0.0, 1.0)"
0,913858.6,0,0,0,0,0,0,0,0,0,"(0.0, 0.0)","(0.0, 0.0)","(0.0, 0.0)","(0.0, 0.0, 0.0)","(0.0, 0.0, 0.0)","(0.0, 0.0, 0.0)","(0.0, 0.0, 0.0)","(0.0, 0.0, 0.0)","(0.0, 0.0, 0.0)",0,0,0,0,0,0,False,0,0,0,0,0,0,0,0,"(0.0, 6.0, 1171.1)","(0.2, 0.0, 0.0, 1.0)"
0,913876.4,0,0,0,0,0,0,0,0,0,"(0.0, 0.0)","(0.0, 0.0)","(0.0, 0.0)","(0.0, 0.0, 0.0)","(0.0, 0.0, 0.0)","(0.0, 0.0, 0.0)","(0.0, 0.0, 0.0)","(0.0, 0.0, 0.0)","(0.0, 0.0, 0.0)",0,0,0,0,0,0,False,0,0,0,0,0,0,0,0,"(0.0, 6.0, 1171.4)","(0.2, 0.0, 0.0, 1.0)"
0,913899,0,0,0,0,0,0,0,0,0,"(0.0, 0.0)","(0.0, 0.0)","(0.0, 0.0)","(0.0, 0.0, 0.0)","(0.0, 0.0, 0.0)","(0.0, 0.0, 0.0)","(0.0, 0.0, 0.0)","(0.0, 0.0, 0.0)","(0.0, 0.0, 0.0)",0,0,0,0,0,0,False,0,0,0,0,0,0,0,0,"(0.0, 6.0, 1171.7)","(0.2, 0.0, 0.0, 1.0)"
0,913919.8,0,0,0,0,0,0,0,0,0,"(0.0, 0.0)","(0.0, 0.0)","(0.0, 0.0)","(0.0, 0.0, 0.0)","(0.0, 0.0, 0.0)","(0.0, 0.0, 0.0)","(0.0, 0.0, 0.0)","(0.0, 0.0, 0.0)","(0.0, 0.0, 0.0)",0,0,0,0,0,0,False,0,0,0,0,0,0,0,0,"(0.0, 6.0, 1172.0)","(0.2, 0.0, 0.0, 1.0)"
0,913948.4,0,0,0,0,0,0,0,0,0,"(0.0, 0.0)","(0.0, 0.0)","(0.0, 0.0)","(0.0, 0.0, 0.0)","(0.0, 0.0, 0.0)","(0.0, 0.0, 0.0)","(0.0, 0.0, 0.0)","(0.0, 0.0, 0.0)","(0.0, 0.0, 0.0)",0,0,0,0,0,0,False,0,0,0,0,0,0,0,0,"(0.0, 6.0, 1172.2)","(0.2, 0.0, 0.0, 1.0)"
0,913969.1,0,0,0,0,0,0,0,0,0,"(0.0, 0.0)","(0.0, 0.0)","(0.0, 0.0)","(0.0, 0.0, 0.0)","(0.0, 0.0, 0.0)","(0.0, 0.0, 0.0)","(0.0, 0.0, 0.0)","(0.0, 0.0, 0.0)","(0.0, 0.0, 0.0)",0,0,0,0,0,0,False,0,0,0,0,0,0,0,0,"(0.0, 6.0, 1172.5)","(0.2, 0.0, 0.0, 1.0)"
0,913989.4,0,0,0,0,0,0,0,0,0,"(0.0, 0.0)","(0.0, 0.0)","(0.0, 0.0)","(0.0, 0.0, 0.0)","(0.0, 0.0, 0.0)","(0.0, 0.0, 0.0)","(0.0, 0.0, 0.0)","(0.0, 0.0, 0.0)","(0.0, 0.0, 0.0)",0,0,0,0,0,0,False,0,0,0,0,0,0,0,0,"(0.0, 6.0, 1172.8)","(0.2, 0.0, 0.0, 1.0)"
0,914009.1,0,0,0,0,0,0,0,0,0,"(0.0, 0.0)","(0.0, 0.0)","(0.0, 0.0)","(0.0, 0.0, 0.0)","(0.0, 0.0, 0.0)","(0.0, 0.0, 0.0)","(0.0, 0.0, 0.0)","(0.0, 0.0, 0.0)","(0.0, 0.0, 0.0)",0,0,0,0,0,0,False,0,0,0,0,0,0,0,0,"(0.0, 6.0, 1173.1)","(0.2, 0.0, 0.0, 1.0)"
0,914031.9,0,0,0,0,0,0,0,0,0,"(0.0, 0.0)","(0.0, 0.0)","(0.0, 0.0)","(0.0, 0.0, 0.0)","(0.0, 0.0, 0.0)","(0.0, 0.0, 0.0)","(0.0, 0.0, 0.0)","(0.0, 0.0, 0.0)","(0.0, 0.0, 0.0)",0,0,0,0,0,0,False,0,0,0,0,0,0,0,0,"(0.0, 6.0, 1173.4)","(0.2, 0.0, 0.0, 1.0)"
0,914053.7,0,0,0,0,0,0,0,0,0,"(0.0, 0.0)","(0.0, 0.0)","(0.0, 0.0)","(0.0, 0.0, 0.0)","(0.0, 0.0, 0.0)","(0.0, 0.0, 0.0)","(0.0, 0.0, 0.0)","(0.0, 0.0, 0.0)","(0.0, 0.0, 0.0)",0,0,0,0,0,0,False,0,0,0,0,0,0,0,0,"(0.0, 6.0, 1173.7)","(0.2, 0.0, 0.0, 1.0)"
0,914075.8,0,0,0,0,0,0,0,0,0,"(0.0, 0.0)","(0.0, 0.0)","(0.0, 0.0)","(0.0, 0.0, 0.0)","(0.0, 0.0, 0.0)","(0.0, 0.0, 0.0)","(0.0, 0.0, 0.0)","(0.0, 0.0, 0.0)","(0.0, 0.0, 0.0)",0,0,0,0,0,0,False,0,0,0,0,0,0,0,0,"(0.0, 6.0, 1174.0)","(0.2, 0.0, 0.0, 1.0)"
0,914100.4,0,0,0,0,0,0,0,0,0,"(0.0, 0.0)","(0.0, 0.0)","(0.0, 0.0)","(0.0, 0.0, 0.0)","(0.0, 0.0, 0.0)","(0.0, 0.0, 0.0)","(0.0, 0.0, 0.0)","(0.0, 0.0, 0.0)","(0.0, 0.0, 0.0)",0,0,0,0,0,0,False,0,0,0,0,0,0,0,0,"(0.0, 6.0, 1174.3)","(0.2, 0.0, 0.0, 1.0)"
0,914120.8,0,0,0,0,0,0,0,0,0,"(0.0, 0.0)","(0.0, 0.0)","(0.0, 0.0)","(0.0, 0.0, 0.0)","(0.0, 0.0, 0.0)","(0.0, 0.0, 0.0)","(0.0, 0.0, 0.0)","(0.0, 0.0, 0.0)","(0.0, 0.0, 0.0)",0,0,0,0,0,0,False,0,0,0,0,0,0,0,0,"(0.0, 6.0, 1174.6)","(0.2, 0.0, 0.0, 1.0)"
0,914142.1,0,0,0,0,0,0,0,0,0,"(0.0, 0.0)","(0.0, 0.0)","(0.0, 0.0)","(0.0, 0.0, 0.0)","(0.0, 0.0, 0.0)","(0.0, 0.0, 0.0)","(0.0, 0.0, 0.0)","(0.0, 0.0, 0.0)","(0.0, 0.0, 0.0)",0,0,0,0,0,0,False,0,0,0,0,0,0,0,0,"(0.0, 6.0, 1174.9)","(0.2, 0.0, 0.0, 1.0)"
0,914165.1,0,0,0,0,0,0,0,0,0,"(0.0, 0.0)","(0.0, 0.0)","(0.0, 0.0)","(0.0, 0.0, 0.0)","(0.0, 0.0, 0.0)","(0.0, 0.0, 0.0)","(0.0, 0.0, 0.0)","(0.0, 0.0, 0.0)","(0.0, 0.0, 0.0)",0,0,0,0,0,0,False,0,0,0,0,0,0,0,0,"(0.0, 6.0, 1175.2)","(0.2, 0.0, 0.0, 1.0)"
0,914186.4,0,0,0,0,0,0,0,0,0,"(0.0, 0.0)","(0.0, 0.0)","(0.0, 0.0)","(0.0, 0.0, 0.0)","(0.0, 0.0, 0.0)","(0.0, 0.0, 0.0)","(0.0, 0.0, 0.0)","(0.0, 0.0, 0.0)","(0.0, 0.0, 0.0)",0,0,0,0,0,0,False,0,0,0,0,0,0,0,0,"(0.0, 6.0, 1175.5)","(0.2, 0.0, 0.0, 1.0)"
0,914208.8,0,0,0,0,0,0,0,0,0,"(0.0, 0.0)","(0.0, 0.0)","(0.0, 0.0)","(0.0, 0.0, 0.0)","(0.0, 0.0, 0.0)","(0.0, 0.0, 0.0)","(0.0, 0.0, 0.0)","(0.0, 0.0, 0.0)","(0.0, 0.0, 0.0)",0,0,0,0,0,0,False,0,0,0,0,0,0,0,0,"(0.0, 6.0, 1175.8)","(0.2, 0.0, 0.0, 1.0)"
0,914231.8,0,0,0,0,0,0,0,0,0,"(0.0, 0.0)","(0.0, 0.0)","(0.0, 0.0)","(0.0, 0.0, 0.0)","(0.0, 0.0, 0.0)","(0.0, 0.0, 0.0)","(0.0, 0.0, 0.0)","(0.0, 0.0, 0.0)","(0.0, 0.0, 0.0)",0,0,0,0,0,0,False,0,0,0,0,0,0,0,0,"(0.0, 6.0, 1176.1)","(0.2, 0.0, 0.0, 1.0)"
0,914253.4,0,0,0,0,0,0,0,0,0,"(0.0, 0.0)","(0.0, 0.0)","(0.0, 0.0)","(0.0, 0.0, 0.0)","(0.0, 0.0, 0.0)","(0.0, 0.0, 0.0)","(0.0, 0.0, 0.0)","(0.0, 0.0, 0.0)","(0.0, 0.0, 0.0)",0,0,0,0,0,0,False,0,0,0,0,0,0,0,0,"(0.0, 6.0, 1176.4)","(0.2, 0.0, 0.0, 1.0)"
0,914275.8,0,0,0,0,0,0,0,0,0,"(0.0, 0.0)","(0.0, 0.0)","(0.0, 0.0)","(0.0, 0.0, 0.0)","(0.0, 0.0, 0.0)","(0.0, 0.0, 0.0)","(0.0, 0.0, 0.0)","(0.0, 0.0, 0.0)","(0.0, 0.0, 0.0)",0,0,0,0,0,0,False,0,0,0,0,0,0,0,0,"(0.0, 6.0, 1176.7)","(0.2, 0.0, 0.0, 1.0)"
0,914298.4,0,0,0,0,0,0,0,0,0,"(0.0, 0.0)","(0.0, 0.0)","(0.0, 0.0)","(0.0, 0.0, 0.0)","(0.0, 0.0, 0.0)","(0.0, 0.0, 0.0)","(0.0, 0.0, 0.0)","(0.0, 0.0, 0.0)","(0.0, 0.0, 0.0)",0,0,0,0,0,0,False,0,0,0,0,0,0,0,0,"(0.0, 6.0, 1177.0)","(0.2, 0.0, 0.0, 1.0)"
0,914318.9,0,0,0,0,0,0,0,0,0,"(0.0, 0.0)","(0.0, 0.0)","(0.0, 0.0)","(0.0, 0.0, 0.0)","(0.0, 0.0, 0.0)","(0.0, 0.0, 0.0)","(0.0, 0.0, 0.0)","(0.0, 0.0, 0.0)","(0.0, 0.0, 0.0)",0,0,0,0,0,0,False,0,0,0,0,0,0,0,0,"(0.0, 6.0, 1177.3)","(0.2, 0.0, 0.0, 1.0)"
0,914338.1,0,0,0,0,0,0,0,0,0,"(0.0, 0.0)","(0.0, 0.0)","(0.0, 0.0)","(0.0, 0.0, 0.0)","(0.0, 0.0, 0.0)","(0.0, 0.0, 0.0)","(0.0, 0.0, 0.0)","(0.0, 0.0, 0.0)","(0.0, 0.0, 0.0)",0,0,0,0,0,0,False,0,0,0,0,0,0,0,0,"(0.0, 6.0, 1177.6)","(0.2, 0.0, 0.0, 1.0)"
0,914357.8,0,0,0,0,0,0,0,0,0,"(0.0, 0.0)","(0.0, 0.0)","(0.0, 0.0)","(0.0, 0.0, 0.0)","(0.0, 0.0, 0.0)","(0.0, 0.0, 0.0)","(0.0, 0.0, 0.0)","(0.0, 0.0, 0.0)","(0.0, 0.0, 0.0)",0,0,0,0,0,0,False,0,0,0,0,0,0,0,0,"(0.0, 6.0, 1177.9)","(0.2, 0.0, 0.0, 1.0)"
0,914377.9,0,0,0,0,0,0,0,0,0,"(0.0, 0.0)","(0.0, 0.0)","(0.0, 0.0)","(0.0, 0.0, 0.0)","(0.0, 0.0, 0.0)","(0.0, 0.0, 0.0)","(0.0, 0.0, 0.0)","(0.0, 0.0, 0.0)","(0.0, 0.0, 0.0)",0,0,0,0,0,0,False,0,0,0,0,0,0,0,0,"(0.0, 6.0, 1178.2)","(0.2, 0.0, 0.0, 1.0)"
0,914397.6,0,0,0,0,0,0,0,0,0,"(0.0, 0.0)","(0.0, 0.0)","(0.0, 0.0)","(0.0, 0.0, 0.0)","(0.0, 0.0, 0.0)","(0.0, 0.0, 0.0)","(0.0, 0.0, 0.0)","(0.0, 0.0, 0.0)","(0.0, 0.0, 0.0)",0,0,0,0,0,0,False,0,0,0,0,0,0,0,0,"(0.0, 6.0, 1178.5)","(0.2, 0.0, 0.0, 1.0)"
0,914417.7,0,0,0,0,0,0,0,0,0,"(0.0, 0.0)","(0.0, 0.0)","(0.0, 0.0)","(0.0, 0.0, 0.0)","(0.0, 0.0, 0.0)","(0.0, 0.0, 0.0)","(0.0, 0.0, 0.0)","(0.0, 0.0, 0.0)","(0.0, 0.0, 0.0)",0,0,0,0,0,0,False,0,0,0,0,0,0,0,0,"(0.0, 6.0, 1178.8)","(0.2, 0.0, 0.0, 1.0)"
0,914436.7,0,0,0,0,0,0,0,0,0,"(0.0, 0.0)","(0.0, 0.0)","(0.0, 0.0)","(0.0, 0.0, 0.0)","(0.0, 0.0, 0.0)","(0.0, 0.0, 0.0)","(0.0, 0.0, 0.0)","(0.0, 0.0, 0.0)","(0.0, 0.0, 0.0)",0,0,0,0,0,0,False,0,0,0,0,0,0,0,0,"(0.0, 6.0, 1179.1)","(0.2, 0.0, 0.0, 1.0)"
0,914454.9,0,0,0,0,0,0,0,0,0,"(0.0, 0.0)","(0.0, 0.0)","(0.0, 0.0)","(0.0, 0.0, 0.0)","(0.0, 0.0, 0.0)","(0.0, 0.0, 0.0)","(0.0, 0.0, 0.0)","(0.0, 0.0, 0.0)","(0.0, 0.0, 0.0)",0,0,0,0,0,0,False,0,0,0,0,0,0,0,0,"(0.0, 6.0, 1179.4)","(0.2, 0.0, 0.0, 1.0)"
0,914473,0,0,0,0,0,0,0,0,0,"(0.0, 0.0)","(0.0, 0.0)","(0.0, 0.0)","(0.0, 0.0, 0.0)","(0.0, 0.0, 0.0)","(0.0, 0.0, 0.0)","(0.0, 0.0, 0.0)","(0.0, 0.0, 0.0)","(0.0, 0.0, 0.0)",0,0,0,0,0,0,False,0,0,0,0,0,0,0,0,"(0.0, 6.0, 1179.6)","(0.2, 0.0, 0.0, 1.0)"
0,914496.7,0,0,0,0,0,0,0,0,0,"(0.0, 0.0)","(0.0, 0.0)","(0.0, 0.0)","(0.0, 0.0, 0.0)","(0.0, 0.0, 0.0)","(0.0, 0.0, 0.0)","(0.0, 0.0, 0.0)","(0.0, 0.0, 0.0)","(0.0, 0.0, 0.0)",0,0,0,0,0,0,False,0,0,0,0,0,0,0,0,"(0.0, 6.0, 1179.9)","(0.2, 0.0, 0.0, 1.0)"
0,914521.2,0,0,0,0,0,0,0,0,0,"(0.0, 0.0)","(0.0, 0.0)","(0.0, 0.0)","(0.0, 0.0, 0.0)","(0.0, 0.0, 0.0)","(0.0, 0.0, 0.0)","(0.0, 0.0, 0.0)","(0.0, 0.0, 0.0)","(0.0, 0.0, 0.0)",0,0,0,0,0,0,False,0,0,0,0,0,0,0,0,"(0.0, 6.0, 1180.2)","(0.2, 0.0, 0.0, 1.0)"
0,914539.8,0,0,0,0,0,0,0,0,0,"(0.0, 0.0)","(0.0, 0.0)","(0.0, 0.0)","(0.0, 0.0, 0.0)","(0.0, 0.0, 0.0)","(0.0, 0.0, 0.0)","(0.0, 0.0, 0.0)","(0.0, 0.0, 0.0)","(0.0, 0.0, 0.0)",0,0,0,0,0,0,False,0,0,0,0,0,0,0,0,"(0.0, 6.0, 1180.5)","(0.2, 0.0, 0.0, 1.0)"
0,914560,0,0,0,0,0,0,0,0,0,"(0.0, 0.0)","(0.0, 0.0)","(0.0, 0.0)","(0.0, 0.0, 0.0)","(0.0, 0.0, 0.0)","(0.0, 0.0, 0.0)","(0.0, 0.0, 0.0)","(0.0, 0.0, 0.0)","(0.0, 0.0, 0.0)",0,0,0,0,0,0,False,0,0,0,0,0,0,0,0,"(0.0, 6.0, 1180.8)","(0.2, 0.0, 0.0, 1.0)"
0,914578.9,0,0,0,0,0,0,0,0,0,"(0.0, 0.0)","(0.0, 0.0)","(0.0, 0.0)","(0.0, 0.0, 0.0)","(0.0, 0.0, 0.0)","(0.0, 0.0, 0.0)","(0.0, 0.0, 0.0)","(0.0, 0.0, 0.0)","(0.0, 0.0, 0.0)",0,0,0,0,0,0,False,0,0,0,0,0,0,0,0,"(0.0, 6.0, 1181.1)","(0.2, 0.0, 0.0, 1.0)"
0,914599.3,0,0,0,0,0,0,0,0,0,"(0.0, 0.0)","(0.0, 0.0)","(0.0, 0.0)","(0.0, 0.0, 0.0)","(0.0, 0.0, 0.0)","(0.0, 0.0, 0.0)","(0.0, 0.0, 0.0)","(0.0, 0.0, 0.0)","(0.0, 0.0, 0.0)",0,0,0,0,0,0,False,0,0,0,0,0,0,0,0,"(0.0, 6.0, 1181.4)","(0.2, 0.0, 0.0, 1.0)"
0,914620.7,0,0,0,0,0,0,0,0,0,"(0.0, 0.0)","(0.0, 0.0)","(0.0, 0.0)","(0.0, 0.0, 0.0)","(0.0, 0.0, 0.0)","(0.0, 0.0, 0.0)","(0.0, 0.0, 0.0)","(0.0, 0.0, 0.0)","(0.0, 0.0, 0.0)",0,0,0,0,0,0,False,0,0,0,0,0,0,0,0,"(0.0, 6.0, 1181.7)","(0.2, 0.0, 0.0, 1.0)"
0,914639.8,0,0,0,0,0,0,0,0,0,"(0.0, 0.0)","(0.0, 0.0)","(0.0, 0.0)","(0.0, 0.0, 0.0)","(0.0, 0.0, 0.0)","(0.0, 0.0, 0.0)","(0.0, 0.0, 0.0)","(0.0, 0.0, 0.0)","(0.0, 0.0, 0.0)",0,0,0,0,0,0,False,0,0,0,0,0,0,0,0,"(0.0, 6.0, 1182.0)","(0.2, 0.0, 0.0, 1.0)"
0,914657.9,0,0,0,0,0,0,0,0,0,"(0.0, 0.0)","(0.0, 0.0)","(0.0, 0.0)","(0.0, 0.0, 0.0)","(0.0, 0.0, 0.0)","(0.0, 0.0, 0.0)","(0.0, 0.0, 0.0)","(0.0, 0.0, 0.0)","(0.0, 0.0, 0.0)",0,0,0,0,0,0,False,0,0,0,0,0,0,0,0,"(0.0, 6.0, 1182.2)","(0.2, 0.0, 0.0, 1.0)"
0,914682.1,0,0,0,0,0,0,0,0,0,"(0.0, 0.0)","(0.0, 0.0)","(0.0, 0.0)","(0.0, 0.0, 0.0)","(0.0, 0.0, 0.0)","(0.0, 0.0, 0.0)","(0.0, 0.0, 0.0)","(0.0, 0.0, 0.0)","(0.0, 0.0, 0.0)",0,0,0,0,0,0,False,0,0,0,0,0,0,0,0,"(0.0, 6.0, 1182.5)","(0.2, 0.0, 0.0, 1.0)"
0,914701.6,0,0,0,0,0,0,0,0,0,"(0.0, 0.0)","(0.0, 0.0)","(0.0, 0.0)","(0.0, 0.0, 0.0)","(0.0, 0.0, 0.0)","(0.0, 0.0, 0.0)","(0.0, 0.0, 0.0)","(0.0, 0.0, 0.0)","(0.0, 0.0, 0.0)",0,0,0,0,0,0,False,0,0,0,0,0,0,0,0,"(0.0, 6.0, 1182.8)","(0.2, 0.0, 0.0, 1.0)"
0,914721.3,0,0,0,0,0,0,0,0,0,"(0.0, 0.0)","(0.0, 0.0)","(0.0, 0.0)","(0.0, 0.0, 0.0)","(0.0, 0.0, 0.0)","(0.0, 0.0, 0.0)","(0.0, 0.0, 0.0)","(0.0, 0.0, 0.0)","(0.0, 0.0, 0.0)",0,0,0,0,0,0,False,0,0,0,0,0,0,0,0,"(0.0, 6.0, 1183.1)","(0.2, 0.0, 0.0, 1.0)"
0,914739.4,0,0,0,0,0,0,0,0,0,"(0.0, 0.0)","(0.0, 0.0)","(0.0, 0.0)","(0.0, 0.0, 0.0)","(0.0, 0.0, 0.0)","(0.0, 0.0, 0.0)","(0.0, 0.0, 0.0)","(0.0, 0.0, 0.0)","(0.0, 0.0, 0.0)",0,0,0,0,0,0,False,0,0,0,0,0,0,0,0,"(0.0, 6.0, 1183.4)","(0.2, 0.0, 0.0, 1.0)"
0,914758.4,0,0,0,0,0,0,0,0,0,"(0.0, 0.0)","(0.0, 0.0)","(0.0, 0.0)","(0.0, 0.0, 0.0)","(0.0, 0.0, 0.0)","(0.0, 0.0, 0.0)","(0.0, 0.0, 0.0)","(0.0, 0.0, 0.0)","(0.0, 0.0, 0.0)",0,0,0,0,0,0,False,0,0,0,0,0,0,0,0,"(0.0, 6.0, 1183.7)","(0.2, 0.0, 0.0, 1.0)"
0,914775.4,0,0,0,0,0,0,0,0,0,"(0.0, 0.0)","(0.0, 0.0)","(0.0, 0.0)","(0.0, 0.0, 0.0)","(0.0, 0.0, 0.0)","(0.0, 0.0, 0.0)","(0.0, 0.0, 0.0)","(0.0, 0.0, 0.0)","(0.0, 0.0, 0.0)",0,0,0,0,0,0,False,0,0,0,0,0,0,0,0,"(0.0, 6.0, 1183.9)","(0.2, 0.0, 0.0, 1.0)"
0,914799.7,0,0,0,0,0,0,0,0,0,"(0.0, 0.0)","(0.0, 0.0)","(0.0, 0.0)","(0.0, 0.0, 0.0)","(0.0, 0.0, 0.0)","(0.0, 0.0, 0.0)","(0.0, 0.0, 0.0)","(0.0, 0.0, 0.0)","(0.0, 0.0, 0.0)",0,0,0,0,0,0,False,0,0,0,0,0,0,0,0,"(0.0, 6.0, 1184.2)","(0.2, 0.0, 0.0, 1.0)"
0,914818.4,0,0,0,0,0,0,0,0,0,"(0.0, 0.0)","(0.0, 0.0)","(0.0, 0.0)","(0.0, 0.0, 0.0)","(0.0, 0.0, 0.0)","(0.0, 0.0, 0.0)","(0.0, 0.0, 0.0)","(0.0, 0.0, 0.0)","(0.0, 0.0, 0.0)",0,0,0,0,0,0,False,0,0,0,0,0,0,0,0,"(0.0, 6.0, 1184.5)","(0.2, 0.0, 0.0, 1.0)"
0,914837.5,0,0,0,0,0,0,0,0,0,"(0.0, 0.0)","(0.0, 0.0)","(0.0, 0.0)","(0.0, 0.0, 0.0)","(0.0, 0.0, 0.0)","(0.0, 0.0, 0.0)","(0.0, 0.0, 0.0)","(0.0, 0.0, 0.0)","(0.0, 0.0, 0.0)",0,0,0,0,0,0,False,0,0,0,0,0,0,0,0,"(0.0, 6.0, 1184.8)","(0.2, 0.0, 0.0, 1.0)"
0,914856.3,0,0,0,0,0,0,0,0,0,"(0.0, 0.0)","(0.0, 0.0)","(0.0, 0.0)","(0.0, 0.0, 0.0)","(0.0, 0.0, 0.0)","(0.0, 0.0, 0.0)","(0.0, 0.0, 0.0)","(0.0, 0.0, 0.0)","(0.0, 0.0, 0.0)",0,0,0,0,0,0,False,0,0,0,0,0,0,0,0,"(0.0, 6.0, 1185.1)","(0.2, 0.0, 0.0, 1.0)"
0,914874.8,0,0,0,0,0,0,0,0,0,"(0.0, 0.0)","(0.0, 0.0)","(0.0, 0.0)","(0.0, 0.0, 0.0)","(0.0, 0.0, 0.0)","(0.0, 0.0, 0.0)","(0.0, 0.0, 0.0)","(0.0, 0.0, 0.0)","(0.0, 0.0, 0.0)",0,0,0,0,0,0,False,0,0,0,0,0,0,0,0,"(0.0, 6.0, 1185.3)","(0.2, 0.0, 0.0, 1.0)"
0,914897.6,0,0,0,0,0,0,0,0,0,"(0.0, 0.0)","(0.0, 0.0)","(0.0, 0.0)","(0.0, 0.0, 0.0)","(0.0, 0.0, 0.0)","(0.0, 0.0, 0.0)","(0.0, 0.0, 0.0)","(0.0, 0.0, 0.0)","(0.0, 0.0, 0.0)",0,0,0,0,0,0,False,0,0,0,0,0,0,0,0,"(0.0, 6.0, 1185.6)","(0.2, 0.0, 0.0, 1.0)"
0,914919.6,0,0,0,0,0,0,0,0,0,"(0.0, 0.0)","(0.0, 0.0)","(0.0, 0.0)","(0.0, 0.0, 0.0)","(0.0, 0.0, 0.0)","(0.0, 0.0, 0.0)","(0.0, 0.0, 0.0)","(0.0, 0.0, 0.0)","(0.0, 0.0, 0.0)",0,0,0,0,0,0,False,0,0,0,0,0,0,0,0,"(0.0, 6.0, 1185.9)","(0.2, 0.0, 0.0, 1.0)"
0,914941.9,0,0,0,0,0,0,0,0,0,"(0.0, 0.0)","(0.0, 0.0)","(0.0, 0.0)","(0.0, 0.0, 0.0)","(0.0, 0.0, 0.0)","(0.0, 0.0, 0.0)","(0.0, 0.0, 0.0)","(0.0, 0.0, 0.0)","(0.0, 0.0, 0.0)",0,0,0,0,0,0,False,0,0,0,0,0,0,0,0,"(0.0, 6.0, 1186.2)","(0.2, 0.0, 0.0, 1.0)"
0,914964.4,0,0,0,0,0,0,0,0,0,"(0.0, 0.0)","(0.0, 0.0)","(0.0, 0.0)","(0.0, 0.0, 0.0)","(0.0, 0.0, 0.0)","(0.0, 0.0, 0.0)","(0.0, 0.0, 0.0)","(0.0, 0.0, 0.0)","(0.0, 0.0, 0.0)",0,0,0,0,0,0,False,0,0,0,0,0,0,0,0,"(0.0, 6.0, 1186.5)","(0.2, 0.0, 0.0, 1.0)"
0,914986.4,0,0,0,0,0,0,0,0,0,"(0.0, 0.0)","(0.0, 0.0)","(0.0, 0.0)","(0.0, 0.0, 0.0)","(0.0, 0.0, 0.0)","(0.0, 0.0, 0.0)","(0.0, 0.0, 0.0)","(0.0, 0.0, 0.0)","(0.0, 0.0, 0.0)",0,0,0,0,0,0,False,0,0,0,0,0,0,0,0,"(0.0, 6.0, 1186.8)","(0.2, 0.0, 0.0, 1.0)"
0,915009.8,0,0,0,0,0,0,0,0,0,"(0.0, 0.0)","(0.0, 0.0)","(0.0, 0.0)","(0.0, 0.0, 0.0)","(0.0, 0.0, 0.0)","(0.0, 0.0, 0.0)","(0.0, 0.0, 0.0)","(0.0, 0.0, 0.0)","(0.0, 0.0, 0.0)",0,0,0,0,0,0,False,0,0,0,0,0,0,0,0,"(0.0, 6.0, 1187.1)","(0.2, 0.0, 0.0, 1.0)"
0,915031.5,0,0,0,0,0,0,0,0,0,"(0.0, 0.0)","(0.0, 0.0)","(0.0, 0.0)","(0.0, 0.0, 0.0)","(0.0, 0.0, 0.0)","(0.0, 0.0, 0.0)","(0.0, 0.0, 0.0)","(0.0, 0.0, 0.0)","(0.0, 0.0, 0.0)",0,0,0,0,0,0,False,0,0,0,0,0,0,0,0,"(0.0, 6.0, 1187.4)","(0.2, 0.0, 0.0, 1.0)"
0,915052.6,0,0,0,0,0,0,0,0,0,"(0.0, 0.0)","(0.0, 0.0)","(0.0, 0.0)","(0.0, 0.0, 0.0)","(0.0, 0.0, 0.0)","(0.0, 0.0, 0.0)","(0.0, 0.0, 0.0)","(0.0, 0.0, 0.0)","(0.0, 0.0, 0.0)",0,0,0,0,0,0,False,0,0,0,0,0,0,0,0,"(0.0, 6.0, 1187.6)","(0.2, 0.0, 0.0, 1.0)"
0,915075,0,0,0,0,0,0,0,0,0,"(0.0, 0.0)","(0.0, 0.0)","(0.0, 0.0)","(0.0, 0.0, 0.0)","(0.0, 0.0, 0.0)","(0.0, 0.0, 0.0)","(0.0, 0.0, 0.0)","(0.0, 0.0, 0.0)","(0.0, 0.0, 0.0)",0,0,0,0,0,0,False,0,0,0,0,0,0,0,0,"(0.0, 6.0, 1187.9)","(0.2, 0.0, 0.0, 1.0)"
0,915097.9,0,0,0,0,0,0,0,0,0,"(0.0, 0.0)","(0.0, 0.0)","(0.0, 0.0)","(0.0, 0.0, 0.0)","(0.0, 0.0, 0.0)","(0.0, 0.0, 0.0)","(0.0, 0.0, 0.0)","(0.0, 0.0, 0.0)","(0.0, 0.0, 0.0)",0,0,0,0,0,0,False,0,0,0,0,0,0,0,0,"(0.0, 6.0, 1188.2)","(0.2, 0.0, 0.0, 1.0)"
0,915119.3,0,0,0,0,0,0,0,0,0,"(0.0, 0.0)","(0.0, 0.0)","(0.0, 0.0)","(0.0, 0.0, 0.0)","(0.0, 0.0, 0.0)","(0.0, 0.0, 0.0)","(0.0, 0.0, 0.0)","(0.0, 0.0, 0.0)","(0.0, 0.0, 0.0)",0,0,0,0,0,0,False,0,0,0,0,0,0,0,0,"(0.0, 6.0, 1188.5)","(0.2, 0.0, 0.0, 1.0)"
0,915141.7,0,0,0,0,0,0,0,0,0,"(0.0, 0.0)","(0.0, 0.0)","(0.0, 0.0)","(0.0, 0.0, 0.0)","(0.0, 0.0, 0.0)","(0.0, 0.0, 0.0)","(0.0, 0.0, 0.0)","(0.0, 0.0, 0.0)","(0.0, 0.0, 0.0)",0,0,0,0,0,0,False,0,0,0,0,0,0,0,0,"(0.0, 6.0, 1188.8)","(0.2, 0.0, 0.0, 1.0)"
0,915165.3,0,0,0,0,0,0,0,0,0,"(0.0, 0.0)","(0.0, 0.0)","(0.0, 0.0)","(0.0, 0.0, 0.0)","(0.0, 0.0, 0.0)","(0.0, 0.0, 0.0)","(0.0, 0.0, 0.0)","(0.0, 0.0, 0.0)","(0.0, 0.0, 0.0)",0,0,0,0,0,0,False,0,0,0,0,0,0,0,0,"(0.0, 6.0, 1189.1)","(0.2, 0.0, 0.0, 1.0)"
0,915190.8,0,0,0,0,0,0,0,0,0,"(0.0, 0.0)","(0.0, 0.0)","(0.0, 0.0)","(0.0, 0.0, 0.0)","(0.0, 0.0, 0.0)","(0.0, 0.0, 0.0)","(0.0, 0.0, 0.0)","(0.0, 0.0, 0.0)","(0.0, 0.0, 0.0)",0,0,0,0,0,0,False,0,0,0,0,0,0,0,0,"(0.0, 6.0, 1189.5)","(0.2, 0.0, 0.0, 1.0)"
0,915210.7,0,0,0,0,0,0,0,0,0,"(0.0, 0.0)","(0.0, 0.0)","(0.0, 0.0)","(0.0, 0.0, 0.0)","(0.0, 0.0, 0.0)","(0.0, 0.0, 0.0)","(0.0, 0.0, 0.0)","(0.0, 0.0, 0.0)","(0.0, 0.0, 0.0)",0,0,0,0,0,0,False,0,0,0,0,0,0,0,0,"(0.0, 6.0, 1189.8)","(0.2, 0.0, 0.0, 1.0)"
0,915231.1,0,0,0,0,0,0,0,0,0,"(0.0, 0.0)","(0.0, 0.0)","(0.0, 0.0)","(0.0, 0.0, 0.0)","(0.0, 0.0, 0.0)","(0.0, 0.0, 0.0)","(0.0, 0.0, 0.0)","(0.0, 0.0, 0.0)","(0.0, 0.0, 0.0)",0,0,0,0,0,0,False,0,0,0,0,0,0,0,0,"(0.0, 6.0, 1190.1)","(0.2, 0.0, 0.0, 1.0)"
0,915252.9,0,0,0,0,0,0,0,0,0,"(0.0, 0.0)","(0.0, 0.0)","(0.0, 0.0)","(0.0, 0.0, 0.0)","(0.0, 0.0, 0.0)","(0.0, 0.0, 0.0)","(0.0, 0.0, 0.0)","(0.0, 0.0, 0.0)","(0.0, 0.0, 0.0)",0,0,0,0,0,0,False,0,0,0,0,0,0,0,0,"(0.0, 6.0, 1190.4)","(0.2, 0.0, 0.0, 1.0)"
0,915274.2,0,0,0,0,0,0,0,0,0,"(0.0, 0.0)","(0.0, 0.0)","(0.0, 0.0)","(0.0, 0.0, 0.0)","(0.0, 0.0, 0.0)","(0.0, 0.0, 0.0)","(0.0, 0.0, 0.0)","(0.0, 0.0, 0.0)","(0.0, 0.0, 0.0)",0,0,0,0,0,0,False,0,0,0,0,0,0,0,0,"(0.0, 6.0, 1190.7)","(0.2, 0.0, 0.0, 1.0)"
0,915294.7,0,0,0,0,0,0,0,0,0,"(0.0, 0.0)","(0.0, 0.0)","(0.0, 0.0)","(0.0, 0.0, 0.0)","(0.0, 0.0, 0.0)","(0.0, 0.0, 0.0)","(0.0, 0.0, 0.0)","(0.0, 0.0, 0.0)","(0.0, 0.0, 0.0)",0,0,0,0,0,0,False,0,0,0,0,0,0,0,0,"(0.0, 6.0, 1191.0)","(0.2, 0.0, 0.0, 1.0)"
0,915315.8,0,0,0,0,0,0,0,0,0,"(0.0, 0.0)","(0.0, 0.0)","(0.0, 0.0)","(0.0, 0.0, 0.0)","(0.0, 0.0, 0.0)","(0.0, 0.0, 0.0)","(0.0, 0.0, 0.0)","(0.0, 0.0, 0.0)","(0.0, 0.0, 0.0)",0,0,0,0,0,0,False,0,0,0,0,0,0,0,0,"(0.0, 6.0, 1191.3)","(0.2, 0.0, 0.0, 1.0)"
0,915337.6,0,0,0,0,0,0,0,0,0,"(0.0, 0.0)","(0.0, 0.0)","(0.0, 0.0)","(0.0, 0.0, 0.0)","(0.0, 0.0, 0.0)","(0.0, 0.0, 0.0)","(0.0, 0.0, 0.0)","(0.0, 0.0, 0.0)","(0.0, 0.0, 0.0)",0,0,0,0,0,0,False,0,0,0,0,0,0,0,0,"(0.0, 6.0, 1191.6)","(0.2, 0.0, 0.0, 1.0)"
0,915358.6,0,0,0,0,0,0,0,0,0,"(0.0, 0.0)","(0.0, 0.0)","(0.0, 0.0)","(0.0, 0.0, 0.0)","(0.0, 0.0, 0.0)","(0.0, 0.0, 0.0)","(0.0, 0.0, 0.0)","(0.0, 0.0, 0.0)","(0.0, 0.0, 0.0)",0,0,0,0,0,0,False,0,0,0,0,0,0,0,0,"(0.0, 6.0, 1191.9)","(0.2, 0.0, 0.0, 1.0)"
0,915380.1,0,0,0,0,0,0,0,0,0,"(0.0, 0.0)","(0.0, 0.0)","(0.0, 0.0)","(0.0, 0.0, 0.0)","(0.0, 0.0, 0.0)","(0.0, 0.0, 0.0)","(0.0, 0.0, 0.0)","(0.0, 0.0, 0.0)","(0.0, 0.0, 0.0)",0,0,0,0,0,0,False,0,0,0,0,0,0,0,0,"(0.0, 6.0, 1192.2)","(0.2, 0.0, 0.0, 1.0)"
0,915401,0,0,0,0,0,0,0,0,0,"(0.0, 0.0)","(0.0, 0.0)","(0.0, 0.0)","(0.0, 0.0, 0.0)","(0.0, 0.0, 0.0)","(0.0, 0.0, 0.0)","(0.0, 0.0, 0.0)","(0.0, 0.0, 0.0)","(0.0, 0.0, 0.0)",0,0,0,0,0,0,False,0,0,0,0,0,0,0,0,"(0.0, 6.0, 1192.5)","(0.2, 0.0, 0.0, 1.0)"
0,915421.8,0,0,0,0,0,0,0,0,0,"(0.0, 0.0)","(0.0, 0.0)","(0.0, 0.0)","(0.0, 0.0, 0.0)","(0.0, 0.0, 0.0)","(0.0, 0.0, 0.0)","(0.0, 0.0, 0.0)","(0.0, 0.0, 0.0)","(0.0, 0.0, 0.0)",0,0,0,0,0,0,False,0,0,0,0,0,0,0,0,"(0.0, 6.0, 1192.8)","(0.2, 0.0, 0.0, 1.0)"
0,915439.6,0,0,0,0,0,0,0,0,0,"(0.0, 0.0)","(0.0, 0.0)","(0.0, 0.0)","(0.0, 0.0, 0.0)","(0.0, 0.0, 0.0)","(0.0, 0.0, 0.0)","(0.0, 0.0, 0.0)","(0.0, 0.0, 0.0)","(0.0, 0.0, 0.0)",0,0,0,0,0,0,False,0,0,0,0,0,0,0,0,"(0.0, 6.0, 1193.1)","(0.2, 0.0, 0.0, 1.0)"
0,915460.1,0,0,0,0,0,0,0,0,0,"(0.0, 0.0)","(0.0, 0.0)","(0.0, 0.0)","(0.0, 0.0, 0.0)","(0.0, 0.0, 0.0)","(0.0, 0.0, 0.0)","(0.0, 0.0, 0.0)","(0.0, 0.0, 0.0)","(0.0, 0.0, 0.0)",0,0,0,0,0,0,False,0,0,0,0,0,0,0,0,"(0.0, 6.0, 1193.4)","(0.2, 0.0, 0.0, 1.0)"
0,915485.1,0,0,0,0,0,0,0,0,0,"(0.0, 0.0)","(0.0, 0.0)","(0.0, 0.0)","(0.0, 0.0, 0.0)","(0.0, 0.0, 0.0)","(0.0, 0.0, 0.0)","(0.0, 0.0, 0.0)","(0.0, 0.0, 0.0)","(0.0, 0.0, 0.0)",0,0,0,0,0,0,False,0,0,0,0,0,0,0,0,"(0.0, 6.0, 1193.7)","(0.2, 0.0, 0.0, 1.0)"
0,915503.9,0,0,0,0,0,0,0,0,0,"(0.0, 0.0)","(0.0, 0.0)","(0.0, 0.0)","(0.0, 0.0, 0.0)","(0.0, 0.0, 0.0)","(0.0, 0.0, 0.0)","(0.0, 0.0, 0.0)","(0.0, 0.0, 0.0)","(0.0, 0.0, 0.0)",0,0,0,0,0,0,False,0,0,0,0,0,0,0,0,"(0.0, 6.0, 1194.0)","(0.2, 0.0, 0.0, 1.0)"
0,915524.2,0,0,0,0,0,0,0,0,0,"(0.0, 0.0)","(0.0, 0.0)","(0.0, 0.0)","(0.0, 0.0, 0.0)","(0.0, 0.0, 0.0)","(0.0, 0.0, 0.0)","(0.0, 0.0, 0.0)","(0.0, 0.0, 0.0)","(0.0, 0.0, 0.0)",0,0,0,0,0,0,False,0,0,0,0,0,0,0,0,"(0.0, 6.0, 1194.3)","(0.2, 0.0, 0.0, 1.0)"
0,915549.4,0,0,0,0,0,0,0,0,0,"(0.0, 0.0)","(0.0, 0.0)","(0.0, 0.0)","(0.0, 0.0, 0.0)","(0.0, 0.0, 0.0)","(0.0, 0.0, 0.0)","(0.0, 0.0, 0.0)","(0.0, 0.0, 0.0)","(0.0, 0.0, 0.0)",0,0,0,0,0,0,False,0,0,0,0,0,0,0,0,"(0.0, 6.0, 1194.6)","(0.2, 0.0, 0.0, 1.0)"
0,915570.3,0,0,0,0,0,0,0,0,0,"(0.0, 0.0)","(0.0, 0.0)","(0.0, 0.0)","(0.0, 0.0, 0.0)","(0.0, 0.0, 0.0)","(0.0, 0.0, 0.0)","(0.0, 0.0, 0.0)","(0.0, 0.0, 0.0)","(0.0, 0.0, 0.0)",0,0,0,0,0,0,False,0,0,0,0,0,0,0,0,"(0.0, 6.0, 1194.9)","(0.2, 0.0, 0.0, 1.0)"
0,915589.5,0,0,0,0,0,0,0,0,0,"(0.0, 0.0)","(0.0, 0.0)","(0.0, 0.0)","(0.0, 0.0, 0.0)","(0.0, 0.0, 0.0)","(0.0, 0.0, 0.0)","(0.0, 0.0, 0.0)","(0.0, 0.0, 0.0)","(0.0, 0.0, 0.0)",0,0,0,0,0,0,False,0,0,0,0,0,0,0,0,"(0.0, 6.0, 1195.2)","(0.2, 0.0, 0.0, 1.0)"
0,915607.4,0,0,0,0,0,0,0,0,0,"(0.0, 0.0)","(0.0, 0.0)","(0.0, 0.0)","(0.0, 0.0, 0.0)","(0.0, 0.0, 0.0)","(0.0, 0.0, 0.0)","(0.0, 0.0, 0.0)","(0.0, 0.0, 0.0)","(0.0, 0.0, 0.0)",0,0,0,0,0,0,False,0,0,0,0,0,0,0,0,"(0.0, 6.0, 1195.4)","(0.2, 0.0, 0.0, 1.0)"
0,915626.9,0,0,0,0,0,0,0,0,0,"(0.0, 0.0)","(0.0, 0.0)","(0.0, 0.0)","(0.0, 0.0, 0.0)","(0.0, 0.0, 0.0)","(0.0, 0.0, 0.0)","(0.0, 0.0, 0.0)","(0.0, 0.0, 0.0)","(0.0, 0.0, 0.0)",0,0,0,0,0,0,False,0,0,0,0,0,0,0,0,"(0.0, 6.0, 1195.7)","(0.2, 0.0, 0.0, 1.0)"
0,915646.9,0,0,0,0,0,0,0,0,0,"(0.0, 0.0)","(0.0, 0.0)","(0.0, 0.0)","(0.0, 0.0, 0.0)","(0.0, 0.0, 0.0)","(0.0, 0.0, 0.0)","(0.0, 0.0, 0.0)","(0.0, 0.0, 0.0)","(0.0, 0.0, 0.0)",0,0,0,0,0,0,False,0,0,0,0,0,0,0,0,"(0.0, 6.0, 1196.0)","(0.2, 0.0, 0.0, 1.0)"
0,915667.3,0,0,0,0,0,0,0,0,0,"(0.0, 0.0)","(0.0, 0.0)","(0.0, 0.0)","(0.0, 0.0, 0.0)","(0.0, 0.0, 0.0)","(0.0, 0.0, 0.0)","(0.0, 0.0, 0.0)","(0.0, 0.0, 0.0)","(0.0, 0.0, 0.0)",0,0,0,0,0,0,False,0,0,0,0,0,0,0,0,"(0.0, 6.0, 1196.3)","(0.2, 0.0, 0.0, 1.0)"
0,915686.8,0,0,0,0,0,0,0,0,0,"(0.0, 0.0)","(0.0, 0.0)","(0.0, 0.0)","(0.0, 0.0, 0.0)","(0.0, 0.0, 0.0)","(0.0, 0.0, 0.0)","(0.0, 0.0, 0.0)","(0.0, 0.0, 0.0)","(0.0, 0.0, 0.0)",0,0,0,0,0,0,False,0,0,0,0,0,0,0,0,"(0.0, 6.0, 1196.6)","(0.2, 0.0, 0.0, 1.0)"
0,915705.8,0,0,0,0,0,0,0,0,0,"(0.0, 0.0)","(0.0, 0.0)","(0.0, 0.0)","(0.0, 0.0, 0.0)","(0.0, 0.0, 0.0)","(0.0, 0.0, 0.0)","(0.0, 0.0, 0.0)","(0.0, 0.0, 0.0)","(0.0, 0.0, 0.0)",0,0,0,0,0,0,False,0,0,0,0,0,0,0,0,"(0.0, 6.0, 1196.9)","(0.2, 0.0, 0.0, 1.0)"
0,915732.4,0,0,0,0,0,0,0,0,0,"(0.0, 0.0)","(0.0, 0.0)","(0.0, 0.0)","(0.0, 0.0, 0.0)","(0.0, 0.0, 0.0)","(0.0, 0.0, 0.0)","(0.0, 0.0, 0.0)","(0.0, 0.0, 0.0)","(0.0, 0.0, 0.0)",0,0,0,0,0,0,False,0,0,0,0,0,0,0,0,"(0.0, 6.0, 1197.2)","(0.2, 0.0, 0.0, 1.0)"
0,915752.3,0,0,0,0,0,0,0,0,0,"(0.0, 0.0)","(0.0, 0.0)","(0.0, 0.0)","(0.0, 0.0, 0.0)","(0.0, 0.0, 0.0)","(0.0, 0.0, 0.0)","(0.0, 0.0, 0.0)","(0.0, 0.0, 0.0)","(0.0, 0.0, 0.0)",0,0,0,0,0,0,False,0,0,0,0,0,0,0,0,"(0.0, 6.0, 1197.5)","(0.2, 0.0, 0.0, 1.0)"
0,915774.8,0,0,0,0,0,0,0,0,0,"(0.0, 0.0)","(0.0, 0.0)","(0.0, 0.0)","(0.0, 0.0, 0.0)","(0.0, 0.0, 0.0)","(0.0, 0.0, 0.0)","(0.0, 0.0, 0.0)","(0.0, 0.0, 0.0)","(0.0, 0.0, 0.0)",0,0,0,0,0,0,False,0,0,0,0,0,0,0,0,"(0.0, 6.0, 1197.8)","(0.2, 0.0, 0.0, 1.0)"
0,915797.9,0,0,0,0,0,0,0,0,0,"(0.0, 0.0)","(0.0, 0.0)","(0.0, 0.0)","(0.0, 0.0, 0.0)","(0.0, 0.0, 0.0)","(0.0, 0.0, 0.0)","(0.0, 0.0, 0.0)","(0.0, 0.0, 0.0)","(0.0, 0.0, 0.0)",0,0,0,0,0,0,False,0,0,0,0,0,0,0,0,"(0.0, 6.0, 1198.1)","(0.2, 0.0, 0.0, 1.0)"
0,915819,0,0,0,0,0,0,0,0,0,"(0.0, 0.0)","(0.0, 0.0)","(0.0, 0.0)","(0.0, 0.0, 0.0)","(0.0, 0.0, 0.0)","(0.0, 0.0, 0.0)","(0.0, 0.0, 0.0)","(0.0, 0.0, 0.0)","(0.0, 0.0, 0.0)",0,0,0,0,0,0,False,0,0,0,0,0,0,0,0,"(0.0, 6.0, 1198.4)","(0.2, 0.0, 0.0, 1.0)"
0,915841.3,0,0,0,0,0,0,0,0,0,"(0.0, 0.0)","(0.0, 0.0)","(0.0, 0.0)","(0.0, 0.0, 0.0)","(0.0, 0.0, 0.0)","(0.0, 0.0, 0.0)","(0.0, 0.0, 0.0)","(0.0, 0.0, 0.0)","(0.0, 0.0, 0.0)",0,0,0,0,0,0,False,0,0,0,0,0,0,0,0,"(0.0, 6.0, 1198.7)","(0.2, 0.0, 0.0, 1.0)"
0,915863.7,0,0,0,0,0,0,0,0,0,"(0.0, 0.0)","(0.0, 0.0)","(0.0, 0.0)","(0.0, 0.0, 0.0)","(0.0, 0.0, 0.0)","(0.0, 0.0, 0.0)","(0.0, 0.0, 0.0)","(0.0, 0.0, 0.0)","(0.0, 0.0, 0.0)",0,0,0,0,0,0,False,0,0,0,0,0,0,0,0,"(0.0, 6.0, 1199.0)","(0.2, 0.0, 0.0, 1.0)"
0,915886.2,0,0,0,0,0,0,0,0,0,"(0.0, 0.0)","(0.0, 0.0)","(0.0, 0.0)","(0.0, 0.0, 0.0)","(0.0, 0.0, 0.0)","(0.0, 0.0, 0.0)","(0.0, 0.0, 0.0)","(0.0, 0.0, 0.0)","(0.0, 0.0, 0.0)",0,0,0,0,0,0,False,0,0,0,0,0,0,0,0,"(0.0, 6.0, 1199.3)","(0.2, 0.0, 0.0, 1.0)"
0,915907.8,0,0,0,0,0,0,0,0,0,"(0.0, 0.0)","(0.0, 0.0)","(0.0, 0.0)","(0.0, 0.0, 0.0)","(0.0, 0.0, 0.0)","(0.0, 0.0, 0.0)","(0.0, 0.0, 0.0)","(0.0, 0.0, 0.0)","(0.0, 0.0, 0.0)",0,0,0,0,0,0,False,0,0,0,0,0,0,0,0,"(0.0, 6.0, 1199.6)","(0.2, 0.0, 0.0, 1.0)"
0,915931.4,0,0,0,0,0,0,0,0,0,"(0.0, 0.0)","(0.0, 0.0)","(0.0, 0.0)","(0.0, 0.0, 0.0)","(0.0, 0.0, 0.0)","(0.0, 0.0, 0.0)","(0.0, 0.0, 0.0)","(0.0, 0.0, 0.0)","(0.0, 0.0, 0.0)",0,0,0,0,0,0,False,0,0,0,0,0,0,0,0,"(0.0, 6.0, 1199.9)","(0.2, 0.0, 0.0, 1.0)"
0,915952.8,0,0,0,0,0,0,0,0,0,"(0.0, 0.0)","(0.0, 0.0)","(0.0, 0.0)","(0.0, 0.0, 0.0)","(0.0, 0.0, 0.0)","(0.0, 0.0, 0.0)","(0.0, 0.0, 0.0)","(0.0, 0.0, 0.0)","(0.0, 0.0, 0.0)",0,0,0,0,0,0,False,0,0,0,0,0,0,0,0,"(0.0, 6.0, 1200.2)","(0.2, 0.0, 0.0, 1.0)"
0,915977.6,0,0,0,0,0,0,0,0,0,"(0.0, 0.0)","(0.0, 0.0)","(0.0, 0.0)","(0.0, 0.0, 0.0)","(0.0, 0.0, 0.0)","(0.0, 0.0, 0.0)","(0.0, 0.0, 0.0)","(0.0, 0.0, 0.0)","(0.0, 0.0, 0.0)",0,0,0,0,0,0,False,0,0,0,0,0,0,0,0,"(0.0, 6.0, 1200.5)","(0.2, 0.0, 0.0, 1.0)"
0,915997.4,0,0,0,0,0,0,0,0,0,"(0.0, 0.0)","(0.0, 0.0)","(0.0, 0.0)","(0.0, 0.0, 0.0)","(0.0, 0.0, 0.0)","(0.0, 0.0, 0.0)","(0.0, 0.0, 0.0)","(0.0, 0.0, 0.0)","(0.0, 0.0, 0.0)",0,0,0,0,0,0,False,0,0,0,0,0,0,0,0,"(0.0, 6.0, 1200.8)","(0.2, 0.0, 0.0, 1.0)"
0,916019.3,0,0,0,0,0,0,0,0,0,"(0.0, 0.0)","(0.0, 0.0)","(0.0, 0.0)","(0.0, 0.0, 0.0)","(0.0, 0.0, 0.0)","(0.0, 0.0, 0.0)","(0.0, 0.0, 0.0)","(0.0, 0.0, 0.0)","(0.0, 0.0, 0.0)",0,0,0,0,0,0,False,0,0,0,0,0,0,0,0,"(0.0, 6.0, 1201.1)","(0.2, 0.0, 0.0, 1.0)"
0,916041.5,0,0,0,0,0,0,0,0,0,"(0.0, 0.0)","(0.0, 0.0)","(0.0, 0.0)","(0.0, 0.0, 0.0)","(0.0, 0.0, 0.0)","(0.0, 0.0, 0.0)","(0.0, 0.0, 0.0)","(0.0, 0.0, 0.0)","(0.0, 0.0, 0.0)",0,0,0,0,0,0,False,0,0,0,0,0,0,0,0,"(0.0, 6.0, 1201.4)","(0.2, 0.0, 0.0, 1.0)"
0,916064.2,0,0,0,0,0,0,0,0,0,"(0.0, 0.0)","(0.0, 0.0)","(0.0, 0.0)","(0.0, 0.0, 0.0)","(0.0, 0.0, 0.0)","(0.0, 0.0, 0.0)","(0.0, 0.0, 0.0)","(0.0, 0.0, 0.0)","(0.0, 0.0, 0.0)",0,0,0,0,0,0,False,0,0,0,0,0,0,0,0,"(0.0, 6.0, 1201.7)","(0.2, 0.0, 0.0, 1.0)"
0,916085.9,0,0,0,0,0,0,0,0,0,"(0.0, 0.0)","(0.0, 0.0)","(0.0, 0.0)","(0.0, 0.0, 0.0)","(0.0, 0.0, 0.0)","(0.0, 0.0, 0.0)","(0.0, 0.0, 0.0)","(0.0, 0.0, 0.0)","(0.0, 0.0, 0.0)",0,0,0,0,0,0,False,0,0,0,0,0,0,0,0,"(0.0, 6.0, 1202.0)","(0.2, 0.0, 0.0, 1.0)"
0,916108.4,0,0,0,0,0,0,0,0,0,"(0.0, 0.0)","(0.0, 0.0)","(0.0, 0.0)","(0.0, 0.0, 0.0)","(0.0, 0.0, 0.0)","(0.0, 0.0, 0.0)","(0.0, 0.0, 0.0)","(0.0, 0.0, 0.0)","(0.0, 0.0, 0.0)",0,0,0,0,0,0,False,0,0,0,0,0,0,0,0,"(0.0, 6.0, 1202.3)","(0.2, 0.0, 0.0, 1.0)"
0,916130.7,0,0,0,0,0,0,0,0,0,"(0.0, 0.0)","(0.0, 0.0)","(0.0, 0.0)","(0.0, 0.0, 0.0)","(0.0, 0.0, 0.0)","(0.0, 0.0, 0.0)","(0.0, 0.0, 0.0)","(0.0, 0.0, 0.0)","(0.0, 0.0, 0.0)",0,0,0,0,0,0,False,0,0,0,0,0,0,0,0,"(0.0, 6.0, 1202.6)","(0.2, 0.0, 0.0, 1.0)"
0,916152.7,0,0,0,0,0,0,0,0,0,"(0.0, 0.0)","(0.0, 0.0)","(0.0, 0.0)","(0.0, 0.0, 0.0)","(0.0, 0.0, 0.0)","(0.0, 0.0, 0.0)","(0.0, 0.0, 0.0)","(0.0, 0.0, 0.0)","(0.0, 0.0, 0.0)",0,0,0,0,0,0,False,0,0,0,0,0,0,0,0,"(0.0, 6.0, 1202.9)","(0.2, 0.0, 0.0, 1.0)"
0,916174.5,0,0,0,0,0,0,0,0,0,"(0.0, 0.0)","(0.0, 0.0)","(0.0, 0.0)","(0.0, 0.0, 0.0)","(0.0, 0.0, 0.0)","(0.0, 0.0, 0.0)","(0.0, 0.0, 0.0)","(0.0, 0.0, 0.0)","(0.0, 0.0, 0.0)",0,0,0,0,0,0,False,0,0,0,0,0,0,0,0,"(0.0, 6.0, 1203.2)","(0.2, 0.0, 0.0, 1.0)"
0,916201.1,0,0,0,0,0,0,0,0,0,"(0.0, 0.0)","(0.0, 0.0)","(0.0, 0.0)","(0.0, 0.0, 0.0)","(0.0, 0.0, 0.0)","(0.0, 0.0, 0.0)","(0.0, 0.0, 0.0)","(0.0, 0.0, 0.0)","(0.0, 0.0, 0.0)",0,0,0,0,0,0,False,0,0,0,0,0,0,0,0,"(0.0, 6.0, 1203.6)","(0.2, 0.0, 0.0, 1.0)"
0,916221.4,0,0,0,0,0,0,0,0,0,"(0.0, 0.0)","(0.0, 0.0)","(0.0, 0.0)","(0.0, 0.0, 0.0)","(0.0, 0.0, 0.0)","(0.0, 0.0, 0.0)","(0.0, 0.0, 0.0)","(0.0, 0.0, 0.0)","(0.0, 0.0, 0.0)",0,0,0,0,0,0,False,0,0,0,0,0,0,0,0,"(0.0, 6.0, 1203.9)","(0.2, 0.0, 0.0, 1.0)"
0,916247.5,0,0,0,0,0,0,0,0,0,"(0.0, 0.0)","(0.0, 0.0)","(0.0, 0.0)","(0.0, 0.0, 0.0)","(0.0, 0.0, 0.0)","(0.0, 0.0, 0.0)","(0.0, 0.0, 0.0)","(0.0, 0.0, 0.0)","(0.0, 0.0, 0.0)",0,0,0,0,0,0,False,0,0,0,0,0,0,0,0,"(0.0, 6.0, 1204.2)","(0.2, 0.0, 0.0, 1.0)"
0,916269.7,0,0,0,0,0,0,0,0,0,"(0.0, 0.0)","(0.0, 0.0)","(0.0, 0.0)","(0.0, 0.0, 0.0)","(0.0, 0.0, 0.0)","(0.0, 0.0, 0.0)","(0.0, 0.0, 0.0)","(0.0, 0.0, 0.0)","(0.0, 0.0, 0.0)",0,0,0,0,0,0,False,0,0,0,0,0,0,0,0,"(0.0, 6.0, 1204.5)","(0.2, 0.0, 0.0, 1.0)"
0,916290.9,0,0,0,0,0,0,0,0,0,"(0.0, 0.0)","(0.0, 0.0)","(0.0, 0.0)","(0.0, 0.0, 0.0)","(0.0, 0.0, 0.0)","(0.0, 0.0, 0.0)","(0.0, 0.0, 0.0)","(0.0, 0.0, 0.0)","(0.0, 0.0, 0.0)",0,0,0,0,0,0,False,0,0,0,0,0,0,0,0,"(0.0, 6.0, 1204.8)","(0.2, 0.0, 0.0, 1.0)"
0,916310.9,0,0,0,0,0,0,0,0,0,"(0.0, 0.0)","(0.0, 0.0)","(0.0, 0.0)","(0.0, 0.0, 0.0)","(0.0, 0.0, 0.0)","(0.0, 0.0, 0.0)","(0.0, 0.0, 0.0)","(0.0, 0.0, 0.0)","(0.0, 0.0, 0.0)",0,0,0,0,0,0,False,0,0,0,0,0,0,0,0,"(0.0, 6.0, 1205.1)","(0.2, 0.0, 0.0, 1.0)"
0,916333.1,0,0,0,0,0,0,0,0,0,"(0.0, 0.0)","(0.0, 0.0)","(0.0, 0.0)","(0.0, 0.0, 0.0)","(0.0, 0.0, 0.0)","(0.0, 0.0, 0.0)","(0.0, 0.0, 0.0)","(0.0, 0.0, 0.0)","(0.0, 0.0, 0.0)",0,0,0,0,0,0,False,0,0,0,0,0,0,0,0,"(0.0, 6.0, 1205.4)","(0.2, 0.0, 0.0, 1.0)"
0,916354,0,0,0,0,0,0,0,0,0,"(0.0, 0.0)","(0.0, 0.0)","(0.0, 0.0)","(0.0, 0.0, 0.0)","(0.0, 0.0, 0.0)","(0.0, 0.0, 0.0)","(0.0, 0.0, 0.0)","(0.0, 0.0, 0.0)","(0.0, 0.0, 0.0)",0,0,0,0,0,0,False,0,0,0,0,0,0,0,0,"(0.0, 6.0, 1205.7)","(0.2, 0.0, 0.0, 1.0)"
0,916374.1,0,0,0,0,0,0,0,0,0,"(0.0, 0.0)","(0.0, 0.0)","(0.0, 0.0)","(0.0, 0.0, 0.0)","(0.0, 0.0, 0.0)","(0.0, 0.0, 0.0)","(0.0, 0.0, 0.0)","(0.0, 0.0, 0.0)","(0.0, 0.0, 0.0)",0,0,0,0,0,0,False,0,0,0,0,0,0,0,0,"(0.0, 6.0, 1206.1)","(0.2, 0.0, 0.0, 1.0)"
0,916392.9,0,0,0,0,0,0,0,0,0,"(0.0, 0.0)","(0.0, 0.0)","(0.0, 0.0)","(0.0, 0.0, 0.0)","(0.0, 0.0, 0.0)","(0.0, 0.0, 0.0)","(0.0, 0.0, 0.0)","(0.0, 0.0, 0.0)","(0.0, 0.0, 0.0)",0,0,0,0,0,0,False,0,0,0,0,0,0,0,0,"(0.0, 6.0, 1206.4)","(0.2, 0.0, 0.0, 1.0)"
0,916412.5,0,0,0,0,0,0,0,0,0,"(0.0, 0.0)","(0.0, 0.0)","(0.0, 0.0)","(0.0, 0.0, 0.0)","(0.0, 0.0, 0.0)","(0.0, 0.0, 0.0)","(0.0, 0.0, 0.0)","(0.0, 0.0, 0.0)","(0.0, 0.0, 0.0)",0,0,0,0,0,0,False,0,0,0,0,0,0,0,0,"(0.0, 6.0, 1206.7)","(0.2, 0.0, 0.0, 1.0)"
0,916433.2,0,0,0,0,0,0,0,0,0,"(0.0, 0.0)","(0.0, 0.0)","(0.0, 0.0)","(0.0, 0.0, 0.0)","(0.0, 0.0, 0.0)","(0.0, 0.0, 0.0)","(0.0, 0.0, 0.0)","(0.0, 0.0, 0.0)","(0.0, 0.0, 0.0)",0,0,0,0,0,0,False,0,0,0,0,0,0,0,0,"(0.0, 6.0, 1207.0)","(0.2, 0.0, 0.0, 1.0)"
0,916452.7,0,0,0,0,0,0,0,0,0,"(0.0, 0.0)","(0.0, 0.0)","(0.0, 0.0)","(0.0, 0.0, 0.0)","(0.0, 0.0, 0.0)","(0.0, 0.0, 0.0)","(0.0, 0.0, 0.0)","(0.0, 0.0, 0.0)","(0.0, 0.0, 0.0)",0,0,0,0,0,0,False,0,0,0,0,0,0,0,0,"(0.0, 6.0, 1207.2)","(0.2, 0.0, 0.0, 1.0)"
0,916471.7,0,0,0,0,0,0,0,0,0,"(0.0, 0.0)","(0.0, 0.0)","(0.0, 0.0)","(0.0, 0.0, 0.0)","(0.0, 0.0, 0.0)","(0.0, 0.0, 0.0)","(0.0, 0.0, 0.0)","(0.0, 0.0, 0.0)","(0.0, 0.0, 0.0)",0,0,0,0,0,0,False,0,0,0,0,0,0,0,0,"(0.0, 6.0, 1207.5)","(0.2, 0.0, 0.0, 1.0)"
0,916492,0,0,0,0,0,0,0,0,0,"(0.0, 0.0)","(0.0, 0.0)","(0.0, 0.0)","(0.0, 0.0, 0.0)","(0.0, 0.0, 0.0)","(0.0, 0.0, 0.0)","(0.0, 0.0, 0.0)","(0.0, 0.0, 0.0)","(0.0, 0.0, 0.0)",0,0,0,0,0,0,False,0,0,0,0,0,0,0,0,"(0.0, 6.0, 1207.8)","(0.2, 0.0, 0.0, 1.0)"
0,916512.6,0,0,0,0,0,0,0,0,0,"(0.0, 0.0)","(0.0, 0.0)","(0.0, 0.0)","(0.0, 0.0, 0.0)","(0.0, 0.0, 0.0)","(0.0, 0.0, 0.0)","(0.0, 0.0, 0.0)","(0.0, 0.0, 0.0)","(0.0, 0.0, 0.0)",0,0,0,0,0,0,False,0,0,0,0,0,0,0,0,"(0.0, 6.0, 1208.1)","(0.2, 0.0, 0.0, 1.0)"
0,916538.1,0,0,0,0,0,0,0,0,0,"(0.0, 0.0)","(0.0, 0.0)","(0.0, 0.0)","(0.0, 0.0, 0.0)","(0.0, 0.0, 0.0)","(0.0, 0.0, 0.0)","(0.0, 0.0, 0.0)","(0.0, 0.0, 0.0)","(0.0, 0.0, 0.0)",0,0,0,0,0,0,False,0,0,0,0,0,0,0,0,"(0.0, 6.0, 1208.4)","(0.2, 0.0, 0.0, 1.0)"
0,916558.3,0,0,0,0,0,0,0,0,0,"(0.0, 0.0)","(0.0, 0.0)","(0.0, 0.0)","(0.0, 0.0, 0.0)","(0.0, 0.0, 0.0)","(0.0, 0.0, 0.0)","(0.0, 0.0, 0.0)","(0.0, 0.0, 0.0)","(0.0, 0.0, 0.0)",0,0,0,0,0,0,False,0,0,0,0,0,0,0,0,"(0.0, 6.0, 1208.7)","(0.2, 0.0, 0.0, 1.0)"
0,916575.8,0,0,0,0,0,0,0,0,0,"(0.0, 0.0)","(0.0, 0.0)","(0.0, 0.0)","(0.0, 0.0, 0.0)","(0.0, 0.0, 0.0)","(0.0, 0.0, 0.0)","(0.0, 0.0, 0.0)","(0.0, 0.0, 0.0)","(0.0, 0.0, 0.0)",0,0,0,0,0,0,False,0,0,0,0,0,0,0,0,"(0.0, 6.0, 1209.0)","(0.2, 0.0, 0.0, 1.0)"
0,916599.4,0,0,0,0,0,0,0,0,0,"(0.0, 0.0)","(0.0, 0.0)","(0.0, 0.0)","(0.0, 0.0, 0.0)","(0.0, 0.0, 0.0)","(0.0, 0.0, 0.0)","(0.0, 0.0, 0.0)","(0.0, 0.0, 0.0)","(0.0, 0.0, 0.0)",0,0,0,0,0,0,False,0,0,0,0,0,0,0,0,"(0.0, 6.0, 1209.3)","(0.2, 0.0, 0.0, 1.0)"
0,916620,0,0,0,0,0,0,0,0,0,"(0.0, 0.0)","(0.0, 0.0)","(0.0, 0.0)","(0.0, 0.0, 0.0)","(0.0, 0.0, 0.0)","(0.0, 0.0, 0.0)","(0.0, 0.0, 0.0)","(0.0, 0.0, 0.0)","(0.0, 0.0, 0.0)",0,0,0,0,0,0,False,0,0,0,0,0,0,0,0,"(0.0, 6.0, 1209.6)","(0.2, 0.0, 0.0, 1.0)"
0,916642.1,0,0,0,0,0,0,0,0,0,"(0.0, 0.0)","(0.0, 0.0)","(0.0, 0.0)","(0.0, 0.0, 0.0)","(0.0, 0.0, 0.0)","(0.0, 0.0, 0.0)","(0.0, 0.0, 0.0)","(0.0, 0.0, 0.0)","(0.0, 0.0, 0.0)",0,0,0,0,0,0,False,0,0,0,0,0,0,0,0,"(0.0, 6.0, 1209.9)","(0.2, 0.0, 0.0, 1.0)"
0,916663.3,0,0,0,0,0,0,0,0,0,"(0.0, 0.0)","(0.0, 0.0)","(0.0, 0.0)","(0.0, 0.0, 0.0)","(0.0, 0.0, 0.0)","(0.0, 0.0, 0.0)","(0.0, 0.0, 0.0)","(0.0, 0.0, 0.0)","(0.0, 0.0, 0.0)",0,0,0,0,0,0,False,0,0,0,0,0,0,0,0,"(0.0, 6.0, 1210.2)","(0.2, 0.0, 0.0, 1.0)"
0,916681.9,0,0,0,0,0,0,0,0,0,"(0.0, 0.0)","(0.0, 0.0)","(0.0, 0.0)","(0.0, 0.0, 0.0)","(0.0, 0.0, 0.0)","(0.0, 0.0, 0.0)","(0.0, 0.0, 0.0)","(0.0, 0.0, 0.0)","(0.0, 0.0, 0.0)",0,0,0,0,0,0,False,0,0,0,0,0,0,0,0,"(0.0, 6.0, 1210.5)","(0.2, 0.0, 0.0, 1.0)"
0,916702.2,0,0,0,0,0,0,0,0,0,"(0.0, 0.0)","(0.0, 0.0)","(0.0, 0.0)","(0.0, 0.0, 0.0)","(0.0, 0.0, 0.0)","(0.0, 0.0, 0.0)","(0.0, 0.0, 0.0)","(0.0, 0.0, 0.0)","(0.0, 0.0, 0.0)",0,0,0,0,0,0,False,0,0,0,0,0,0,0,0,"(0.0, 6.0, 1210.8)","(0.2, 0.0, 0.0, 1.0)"
0,916721.3,0,0,0,0,0,0,0,0,0,"(0.0, 0.0)","(0.0, 0.0)","(0.0, 0.0)","(0.0, 0.0, 0.0)","(0.0, 0.0, 0.0)","(0.0, 0.0, 0.0)","(0.0, 0.0, 0.0)","(0.0, 0.0, 0.0)","(0.0, 0.0, 0.0)",0,0,0,0,0,0,False,0,0,0,0,0,0,0,0,"(0.0, 6.0, 1211.1)","(0.2, 0.0, 0.0, 1.0)"
0,916739.5,0,0,0,0,0,0,0,0,0,"(0.0, 0.0)","(0.0, 0.0)","(0.0, 0.0)","(0.0, 0.0, 0.0)","(0.0, 0.0, 0.0)","(0.0, 0.0, 0.0)","(0.0, 0.0, 0.0)","(0.0, 0.0, 0.0)","(0.0, 0.0, 0.0)",0,0,0,0,0,0,False,0,0,0,0,0,0,0,0,"(0.0, 6.0, 1211.4)","(0.2, 0.0, 0.0, 1.0)"
0,916758.8,0,0,0,0,0,0,0,0,0,"(0.0, 0.0)","(0.0, 0.0)","(0.0, 0.0)","(0.0, 0.0, 0.0)","(0.0, 0.0, 0.0)","(0.0, 0.0, 0.0)","(0.0, 0.0, 0.0)","(0.0, 0.0, 0.0)","(0.0, 0.0, 0.0)",0,0,0,0,0,0,False,0,0,0,0,0,0,0,0,"(0.0, 6.0, 1211.6)","(0.2, 0.0, 0.0, 1.0)"
0,916782.3,0,0,0,0,0,0,0,0,0,"(0.0, 0.0)","(0.0, 0.0)","(0.0, 0.0)","(0.0, 0.0, 0.0)","(0.0, 0.0, 0.0)","(0.0, 0.0, 0.0)","(0.0, 0.0, 0.0)","(0.0, 0.0, 0.0)","(0.0, 0.0, 0.0)",0,0,0,0,0,0,False,0,0,0,0,0,0,0,0,"(0.0, 6.0, 1211.9)","(0.2, 0.0, 0.0, 1.0)"
0,916802.4,0,0,0,0,0,0,0,0,0,"(0.0, 0.0)","(0.0, 0.0)","(0.0, 0.0)","(0.0, 0.0, 0.0)","(0.0, 0.0, 0.0)","(0.0, 0.0, 0.0)","(0.0, 0.0, 0.0)","(0.0, 0.0, 0.0)","(0.0, 0.0, 0.0)",0,0,0,0,0,0,False,0,0,0,0,0,0,0,0,"(0.0, 6.0, 1212.2)","(0.2, 0.0, 0.0, 1.0)"
0,916825.5,0,0,0,0,0,0,0,0,0,"(0.0, 0.0)","(0.0, 0.0)","(0.0, 0.0)","(0.0, 0.0, 0.0)","(0.0, 0.0, 0.0)","(0.0, 0.0, 0.0)","(0.0, 0.0, 0.0)","(0.0, 0.0, 0.0)","(0.0, 0.0, 0.0)",0,0,0,0,0,0,False,0,0,0,0,0,0,0,0,"(0.0, 6.0, 1212.5)","(0.2, 0.0, 0.0, 1.0)"
0,916845,0,0,0,0,0,0,0,0,0,"(0.0, 0.0)","(0.0, 0.0)","(0.0, 0.0)","(0.0, 0.0, 0.0)","(0.0, 0.0, 0.0)","(0.0, 0.0, 0.0)","(0.0, 0.0, 0.0)","(0.0, 0.0, 0.0)","(0.0, 0.0, 0.0)",0,0,0,0,0,0,False,0,0,0,0,0,0,0,0,"(0.0, 6.0, 1212.8)","(0.2, 0.0, 0.0, 1.0)"
0,916863.9,0,0,0,0,0,0,0,0,0,"(0.0, 0.0)","(0.0, 0.0)","(0.0, 0.0)","(0.0, 0.0, 0.0)","(0.0, 0.0, 0.0)","(0.0, 0.0, 0.0)","(0.0, 0.0, 0.0)","(0.0, 0.0, 0.0)","(0.0, 0.0, 0.0)",0,0,0,0,0,0,False,0,0,0,0,0,0,0,0,"(0.0, 6.0, 1213.1)","(0.2, 0.0, 0.0, 1.0)"
0,916885.5,0,0,0,0,0,0,0,0,0,"(0.0, 0.0)","(0.0, 0.0)","(0.0, 0.0)","(0.0, 0.0, 0.0)","(0.0, 0.0, 0.0)","(0.0, 0.0, 0.0)","(0.0, 0.0, 0.0)","(0.0, 0.0, 0.0)","(0.0, 0.0, 0.0)",0,0,0,0,0,0,False,0,0,0,0,0,0,0,0,"(0.0, 6.0, 1213.4)","(0.2, 0.0, 0.0, 1.0)"
0,916907.3,0,0,0,0,0,0,0,0,0,"(0.0, 0.0)","(0.0, 0.0)","(0.0, 0.0)","(0.0, 0.0, 0.0)","(0.0, 0.0, 0.0)","(0.0, 0.0, 0.0)","(0.0, 0.0, 0.0)","(0.0, 0.0, 0.0)","(0.0, 0.0, 0.0)",0,0,0,0,0,0,False,0,0,0,0,0,0,0,0,"(0.0, 6.0, 1213.7)","(0.2, 0.0, 0.0, 1.0)"
0,916930.6,0,0,0,0,0,0,0,0,0,"(0.0, 0.0)","(0.0, 0.0)","(0.0, 0.0)","(0.0, 0.0, 0.0)","(0.0, 0.0, 0.0)","(0.0, 0.0, 0.0)","(0.0, 0.0, 0.0)","(0.0, 0.0, 0.0)","(0.0, 0.0, 0.0)",0,0,0,0,0,0,False,0,0,0,0,0,0,0,0,"(0.0, 6.0, 1214.0)","(0.2, 0.0, 0.0, 1.0)"
0,916952.2,0,0,0,0,0,0,0,0,0,"(0.0, 0.0)","(0.0, 0.0)","(0.0, 0.0)","(0.0, 0.0, 0.0)","(0.0, 0.0, 0.0)","(0.0, 0.0, 0.0)","(0.0, 0.0, 0.0)","(0.0, 0.0, 0.0)","(0.0, 0.0, 0.0)",0,0,0,0,0,0,False,0,0,0,0,0,0,0,0,"(0.0, 6.0, 1214.2)","(0.2, 0.0, 0.0, 1.0)"
0,916974.4,0,0,0,0,0,0,0,0,0,"(0.0, 0.0)","(0.0, 0.0)","(0.0, 0.0)","(0.0, 0.0, 0.0)","(0.0, 0.0, 0.0)","(0.0, 0.0, 0.0)","(0.0, 0.0, 0.0)","(0.0, 0.0, 0.0)","(0.0, 0.0, 0.0)",0,0,0,0,0,0,False,0,0,0,0,0,0,0,0,"(0.0, 6.0, 1214.5)","(0.2, 0.0, 0.0, 1.0)"
0,916999.6,0,0,0,0,0,0,0,0,0,"(0.0, 0.0)","(0.0, 0.0)","(0.0, 0.0)","(0.0, 0.0, 0.0)","(0.0, 0.0, 0.0)","(0.0, 0.0, 0.0)","(0.0, 0.0, 0.0)","(0.0, 0.0, 0.0)","(0.0, 0.0, 0.0)",0,0,0,0,0,0,False,0,0,0,0,0,0,0,0,"(0.0, 6.0, 1214.8)","(0.2, 0.0, 0.0, 1.0)"
0,917019.6,0,0,0,0,0,0,0,0,0,"(0.0, 0.0)","(0.0, 0.0)","(0.0, 0.0)","(0.0, 0.0, 0.0)","(0.0, 0.0, 0.0)","(0.0, 0.0, 0.0)","(0.0, 0.0, 0.0)","(0.0, 0.0, 0.0)","(0.0, 0.0, 0.0)",0,0,0,0,0,0,False,0,0,0,0,0,0,0,0,"(0.0, 6.0, 1215.1)","(0.2, 0.0, 0.0, 1.0)"
0,917040.7,0,0,0,0,0,0,0,0,0,"(0.0, 0.0)","(0.0, 0.0)","(0.0, 0.0)","(0.0, 0.0, 0.0)","(0.0, 0.0, 0.0)","(0.0, 0.0, 0.0)","(0.0, 0.0, 0.0)","(0.0, 0.0, 0.0)","(0.0, 0.0, 0.0)",0,0,0,0,0,0,False,0,0,0,0,0,0,0,0,"(0.0, 6.0, 1215.4)","(0.2, 0.0, 0.0, 1.0)"
0,917063.6,0,0,0,0,0,0,0,0,0,"(0.0, 0.0)","(0.0, 0.0)","(0.0, 0.0)","(0.0, 0.0, 0.0)","(0.0, 0.0, 0.0)","(0.0, 0.0, 0.0)","(0.0, 0.0, 0.0)","(0.0, 0.0, 0.0)","(0.0, 0.0, 0.0)",0,0,0,0,0,0,False,0,0,0,0,0,0,0,0,"(0.0, 6.0, 1215.7)","(0.2, 0.0, 0.0, 1.0)"
0,917085.4,0,0,0,0,0,0,0,0,0,"(0.0, 0.0)","(0.0, 0.0)","(0.0, 0.0)","(0.0, 0.0, 0.0)","(0.0, 0.0, 0.0)","(0.0, 0.0, 0.0)","(0.0, 0.0, 0.0)","(0.0, 0.0, 0.0)","(0.0, 0.0, 0.0)",0,0,0,0,0,0,False,0,0,0,0,0,0,0,0,"(0.0, 6.0, 1216.0)","(0.2, 0.0, 0.0, 1.0)"
0,917107,0,0,0,0,0,0,0,0,0,"(0.0, 0.0)","(0.0, 0.0)","(0.0, 0.0)","(0.0, 0.0, 0.0)","(0.0, 0.0, 0.0)","(0.0, 0.0, 0.0)","(0.0, 0.0, 0.0)","(0.0, 0.0, 0.0)","(0.0, 0.0, 0.0)",0,0,0,0,0,0,False,0,0,0,0,0,0,0,0,"(0.0, 6.0, 1216.4)","(0.2, 0.0, 0.0, 1.0)"
0,917129.8,0,0,0,0,0,0,0,0,0,"(0.0, 0.0)","(0.0, 0.0)","(0.0, 0.0)","(0.0, 0.0, 0.0)","(0.0, 0.0, 0.0)","(0.0, 0.0, 0.0)","(0.0, 0.0, 0.0)","(0.0, 0.0, 0.0)","(0.0, 0.0, 0.0)",0,0,0,0,0,0,False,0,0,0,0,0,0,0,0,"(0.0, 6.0, 1216.7)","(0.2, 0.0, 0.0, 1.0)"
0,917151.7,0,0,0,0,0,0,0,0,0,"(0.0, 0.0)","(0.0, 0.0)","(0.0, 0.0)","(0.0, 0.0, 0.0)","(0.0, 0.0, 0.0)","(0.0, 0.0, 0.0)","(0.0, 0.0, 0.0)","(0.0, 0.0, 0.0)","(0.0, 0.0, 0.0)",0,0,0,0,0,0,False,0,0,0,0,0,0,0,0,"(0.0, 6.0, 1217.0)","(0.2, 0.0, 0.0, 1.0)"
0,917173.6,0,0,0,0,0,0,0,0,0,"(0.0, 0.0)","(0.0, 0.0)","(0.0, 0.0)","(0.0, 0.0, 0.0)","(0.0, 0.0, 0.0)","(0.0, 0.0, 0.0)","(0.0, 0.0, 0.0)","(0.0, 0.0, 0.0)","(0.0, 0.0, 0.0)",0,0,0,0,0,0,False,0,0,0,0,0,0,0,0,"(0.0, 6.0, 1217.3)","(0.2, 0.0, 0.0, 1.0)"
0,917200.6,0,0,0,0,0,0,0,0,0,"(0.0, 0.0)","(0.0, 0.0)","(0.0, 0.0)","(0.0, 0.0, 0.0)","(0.0, 0.0, 0.0)","(0.0, 0.0, 0.0)","(0.0, 0.0, 0.0)","(0.0, 0.0, 0.0)","(0.0, 0.0, 0.0)",0,0,0,0,0,0,False,0,0,0,0,0,0,0,0,"(0.0, 6.0, 1217.6)","(0.2, 0.0, 0.0, 1.0)"
0,917221.2,0,0,0,0,0,0,0,0,0,"(0.0, 0.0)","(0.0, 0.0)","(0.0, 0.0)","(0.0, 0.0, 0.0)","(0.0, 0.0, 0.0)","(0.0, 0.0, 0.0)","(0.0, 0.0, 0.0)","(0.0, 0.0, 0.0)","(0.0, 0.0, 0.0)",0,0,0,0,0,0,False,0,0,0,0,0,0,0,0,"(0.0, 6.0, 1217.9)","(0.2, 0.0, 0.0, 1.0)"
0,917240.9,0,0,0,0,0,0,0,0,0,"(0.0, 0.0)","(0.0, 0.0)","(0.0, 0.0)","(0.0, 0.0, 0.0)","(0.0, 0.0, 0.0)","(0.0, 0.0, 0.0)","(0.0, 0.0, 0.0)","(0.0, 0.0, 0.0)","(0.0, 0.0, 0.0)",0,0,0,0,0,0,False,0,0,0,0,0,0,0,0,"(0.0, 6.0, 1218.2)","(0.2, 0.0, 0.0, 1.0)"
0,917261.6,0,0,0,0,0,0,0,0,0,"(0.0, 0.0)","(0.0, 0.0)","(0.0, 0.0)","(0.0, 0.0, 0.0)","(0.0, 0.0, 0.0)","(0.0, 0.0, 0.0)","(0.0, 0.0, 0.0)","(0.0, 0.0, 0.0)","(0.0, 0.0, 0.0)",0,0,0,0,0,0,False,0,0,0,0,0,0,0,0,"(0.0, 6.0, 1218.5)","(0.2, 0.0, 0.0, 1.0)"
0,917283,0,0,0,0,0,0,0,0,0,"(0.0, 0.0)","(0.0, 0.0)","(0.0, 0.0)","(0.0, 0.0, 0.0)","(0.0, 0.0, 0.0)","(0.0, 0.0, 0.0)","(0.0, 0.0, 0.0)","(0.0, 0.0, 0.0)","(0.0, 0.0, 0.0)",0,0,0,0,0,0,False,0,0,0,0,0,0,0,0,"(0.0, 6.0, 1218.8)","(0.2, 0.0, 0.0, 1.0)"
0,917304.3,0,0,0,0,0,0,0,0,0,"(0.0, 0.0)","(0.0, 0.0)","(0.0, 0.0)","(0.0, 0.0, 0.0)","(0.0, 0.0, 0.0)","(0.0, 0.0, 0.0)","(0.0, 0.0, 0.0)","(0.0, 0.0, 0.0)","(0.0, 0.0, 0.0)",0,0,0,0,0,0,False,0,0,0,0,0,0,0,0,"(0.0, 6.0, 1219.1)","(0.2, 0.0, 0.0, 1.0)"
0,917324.7,0,0,0,0,0,0,0,0,0,"(0.0, 0.0)","(0.0, 0.0)","(0.0, 0.0)","(0.0, 0.0, 0.0)","(0.0, 0.0, 0.0)","(0.0, 0.0, 0.0)","(0.0, 0.0, 0.0)","(0.0, 0.0, 0.0)","(0.0, 0.0, 0.0)",0,0,0,0,0,0,False,0,0,0,0,0,0,0,0,"(0.0, 6.0, 1219.4)","(0.2, 0.0, 0.0, 1.0)"
0,917344.4,0,0,0,0,0,0,0,0,0,"(0.0, 0.0)","(0.0, 0.0)","(0.0, 0.0)","(0.0, 0.0, 0.0)","(0.0, 0.0, 0.0)","(0.0, 0.0, 0.0)","(0.0, 0.0, 0.0)","(0.0, 0.0, 0.0)","(0.0, 0.0, 0.0)",0,0,0,0,0,0,False,0,0,0,0,0,0,0,0,"(0.0, 6.0, 1219.7)","(0.2, 0.0, 0.0, 1.0)"
0,917364.4,0,0,0,0,0,0,0,0,0,"(0.0, 0.0)","(0.0, 0.0)","(0.0, 0.0)","(0.0, 0.0, 0.0)","(0.0, 0.0, 0.0)","(0.0, 0.0, 0.0)","(0.0, 0.0, 0.0)","(0.0, 0.0, 0.0)","(0.0, 0.0, 0.0)",0,0,0,0,0,0,False,0,0,0,0,0,0,0,0,"(0.0, 6.0, 1220.0)","(0.2, 0.0, 0.0, 1.0)"
0,917384.1,0,0,0,0,0,0,0,0,0,"(0.0, 0.0)","(0.0, 0.0)","(0.0, 0.0)","(0.0, 0.0, 0.0)","(0.0, 0.0, 0.0)","(0.0, 0.0, 0.0)","(0.0, 0.0, 0.0)","(0.0, 0.0, 0.0)","(0.0, 0.0, 0.0)",0,0,0,0,0,0,False,0,0,0,0,0,0,0,0,"(0.0, 6.0, 1220.3)","(0.2, 0.0, 0.0, 1.0)"
0,917403.3,0,0,0,0,0,0,0,0,0,"(0.0, 0.0)","(0.0, 0.0)","(0.0, 0.0)","(0.0, 0.0, 0.0)","(0.0, 0.0, 0.0)","(0.0, 0.0, 0.0)","(0.0, 0.0, 0.0)","(0.0, 0.0, 0.0)","(0.0, 0.0, 0.0)",0,0,0,0,0,0,False,0,0,0,0,0,0,0,0,"(0.0, 6.0, 1220.6)","(0.2, 0.0, 0.0, 1.0)"
0,917423.3,0,0,0,0,0,0,0,0,0,"(0.0, 0.0)","(0.0, 0.0)","(0.0, 0.0)","(0.0, 0.0, 0.0)","(0.0, 0.0, 0.0)","(0.0, 0.0, 0.0)","(0.0, 0.0, 0.0)","(0.0, 0.0, 0.0)","(0.0, 0.0, 0.0)",0,0,0,0,0,0,False,0,0,0,0,0,0,0,0,"(0.0, 6.0, 1220.9)","(0.2, 0.0, 0.0, 1.0)"
0,917443.3,0,0,0,0,0,0,0,0,0,"(0.0, 0.0)","(0.0, 0.0)","(0.0, 0.0)","(0.0, 0.0, 0.0)","(0.0, 0.0, 0.0)","(0.0, 0.0, 0.0)","(0.0, 0.0, 0.0)","(0.0, 0.0, 0.0)","(0.0, 0.0, 0.0)",0,0,0,0,0,0,False,0,0,0,0,0,0,0,0,"(0.0, 6.0, 1221.2)","(0.2, 0.0, 0.0, 1.0)"
0,917463.2,0,0,0,0,0,0,0,0,0,"(0.0, 0.0)","(0.0, 0.0)","(0.0, 0.0)","(0.0, 0.0, 0.0)","(0.0, 0.0, 0.0)","(0.0, 0.0, 0.0)","(0.0, 0.0, 0.0)","(0.0, 0.0, 0.0)","(0.0, 0.0, 0.0)",0,0,0,0,0,0,False,0,0,0,0,0,0,0,0,"(0.0, 6.0, 1221.5)","(0.2, 0.0, 0.0, 1.0)"
0,917481.5,0,0,0,0,0,0,0,0,0,"(0.0, 0.0)","(0.0, 0.0)","(0.0, 0.0)","(0.0, 0.0, 0.0)","(0.0, 0.0, 0.0)","(0.0, 0.0, 0.0)","(0.0, 0.0, 0.0)","(0.0, 0.0, 0.0)","(0.0, 0.0, 0.0)",0,0,0,0,0,0,False,0,0,0,0,0,0,0,0,"(0.0, 6.0, 1221.7)","(0.2, 0.0, 0.0, 1.0)"
0,917501.8,0,0,0,0,0,0,0,0,0,"(0.0, 0.0)","(0.0, 0.0)","(0.0, 0.0)","(0.0, 0.0, 0.0)","(0.0, 0.0, 0.0)","(0.0, 0.0, 0.0)","(0.0, 0.0, 0.0)","(0.0, 0.0, 0.0)","(0.0, 0.0, 0.0)",0,0,0,0,0,0,False,0,0,0,0,0,0,0,0,"(0.0, 6.0, 1222.0)","(0.2, 0.0, 0.0, 1.0)"
0,917521.6,0,0,0,0,0,0,0,0,0,"(0.0, 0.0)","(0.0, 0.0)","(0.0, 0.0)","(0.0, 0.0, 0.0)","(0.0, 0.0, 0.0)","(0.0, 0.0, 0.0)","(0.0, 0.0, 0.0)","(0.0, 0.0, 0.0)","(0.0, 0.0, 0.0)",0,0,0,0,0,0,False,0,0,0,0,0,0,0,0,"(0.0, 6.0, 1222.3)","(0.2, 0.0, 0.0, 1.0)"
0,917539.1,0,0,0,0,0,0,0,0,0,"(0.0, 0.0)","(0.0, 0.0)","(0.0, 0.0)","(0.0, 0.0, 0.0)","(0.0, 0.0, 0.0)","(0.0, 0.0, 0.0)","(0.0, 0.0, 0.0)","(0.0, 0.0, 0.0)","(0.0, 0.0, 0.0)",0,0,0,0,0,0,False,0,0,0,0,0,0,0,0,"(0.0, 6.0, 1222.6)","(0.2, 0.0, 0.0, 1.0)"
0,917557.5,0,0,0,0,0,0,0,0,0,"(0.0, 0.0)","(0.0, 0.0)","(0.0, 0.0)","(0.0, 0.0, 0.0)","(0.0, 0.0, 0.0)","(0.0, 0.0, 0.0)","(0.0, 0.0, 0.0)","(0.0, 0.0, 0.0)","(0.0, 0.0, 0.0)",0,0,0,0,0,0,False,0,0,0,0,0,0,0,0,"(0.0, 6.0, 1222.9)","(0.2, 0.0, 0.0, 1.0)"
0,917576.6,0,0,0,0,0,0,0,0,0,"(0.0, 0.0)","(0.0, 0.0)","(0.0, 0.0)","(0.0, 0.0, 0.0)","(0.0, 0.0, 0.0)","(0.0, 0.0, 0.0)","(0.0, 0.0, 0.0)","(0.0, 0.0, 0.0)","(0.0, 0.0, 0.0)",0,0,0,0,0,0,False,0,0,0,0,0,0,0,0,"(0.0, 6.0, 1223.1)","(0.2, 0.0, 0.0, 1.0)"
0,917595.1,0,0,0,0,0,0,0,0,0,"(0.0, 0.0)","(0.0, 0.0)","(0.0, 0.0)","(0.0, 0.0, 0.0)","(0.0, 0.0, 0.0)","(0.0, 0.0, 0.0)","(0.0, 0.0, 0.0)","(0.0, 0.0, 0.0)","(0.0, 0.0, 0.0)",0,0,0,0,0,0,False,0,0,0,0,0,0,0,0,"(0.0, 6.0, 1223.4)","(0.2, 0.0, 0.0, 1.0)"
0,917614.2,0,0,0,0,0,0,0,0,0,"(0.0, 0.0)","(0.0, 0.0)","(0.0, 0.0)","(0.0, 0.0, 0.0)","(0.0, 0.0, 0.0)","(0.0, 0.0, 0.0)","(0.0, 0.0, 0.0)","(0.0, 0.0, 0.0)","(0.0, 0.0, 0.0)",0,0,0,0,0,0,False,0,0,0,0,0,0,0,0,"(0.0, 6.0, 1223.7)","(0.2, 0.0, 0.0, 1.0)"
0,917634,0,0,0,0,0,0,0,0,0,"(0.0, 0.0)","(0.0, 0.0)","(0.0, 0.0)","(0.0, 0.0, 0.0)","(0.0, 0.0, 0.0)","(0.0, 0.0, 0.0)","(0.0, 0.0, 0.0)","(0.0, 0.0, 0.0)","(0.0, 0.0, 0.0)",0,0,0,0,0,0,False,0,0,0,0,0,0,0,0,"(0.0, 6.0, 1224.0)","(0.2, 0.0, 0.0, 1.0)"
0,917657.1,0,0,0,0,0,0,0,0,0,"(0.0, 0.0)","(0.0, 0.0)","(0.0, 0.0)","(0.0, 0.0, 0.0)","(0.0, 0.0, 0.0)","(0.0, 0.0, 0.0)","(0.0, 0.0, 0.0)","(0.0, 0.0, 0.0)","(0.0, 0.0, 0.0)",0,0,0,0,0,0,False,0,0,0,0,0,0,0,0,"(0.0, 6.0, 1224.3)","(0.2, 0.0, 0.0, 1.0)"
0,917674.7,0,0,0,0,0,0,0,0,0,"(0.0, 0.0)","(0.0, 0.0)","(0.0, 0.0)","(0.0, 0.0, 0.0)","(0.0, 0.0, 0.0)","(0.0, 0.0, 0.0)","(0.0, 0.0, 0.0)","(0.0, 0.0, 0.0)","(0.0, 0.0, 0.0)",0,0,0,0,0,0,False,0,0,0,0,0,0,0,0,"(0.0, 6.0, 1224.5)","(0.2, 0.0, 0.0, 1.0)"
0,917692.3,0,0,0,0,0,0,0,0,0,"(0.0, 0.0)","(0.0, 0.0)","(0.0, 0.0)","(0.0, 0.0, 0.0)","(0.0, 0.0, 0.0)","(0.0, 0.0, 0.0)","(0.0, 0.0, 0.0)","(0.0, 0.0, 0.0)","(0.0, 0.0, 0.0)",0,0,0,0,0,0,False,0,0,0,0,0,0,0,0,"(0.0, 6.0, 1224.8)","(0.2, 0.0, 0.0, 1.0)"
0,917710,0,0,0,0,0,0,0,0,0,"(0.0, 0.0)","(0.0, 0.0)","(0.0, 0.0)","(0.0, 0.0, 0.0)","(0.0, 0.0, 0.0)","(0.0, 0.0, 0.0)","(0.0, 0.0, 0.0)","(0.0, 0.0, 0.0)","(0.0, 0.0, 0.0)",0,0,0,0,0,0,False,0,0,0,0,0,0,0,0,"(0.0, 6.0, 1225.1)","(0.2, 0.0, 0.0, 1.0)"
0,917729.6,0,0,0,0,0,0,0,0,0,"(0.0, 0.0)","(0.0, 0.0)","(0.0, 0.0)","(0.0, 0.0, 0.0)","(0.0, 0.0, 0.0)","(0.0, 0.0, 0.0)","(0.0, 0.0, 0.0)","(0.0, 0.0, 0.0)","(0.0, 0.0, 0.0)",0,0,0,0,0,0,False,0,0,0,0,0,0,0,0,"(0.0, 6.0, 1225.3)","(0.2, 0.0, 0.0, 1.0)"
0,917751.9,0,0,0,0,0,0,0,0,0,"(0.0, 0.0)","(0.0, 0.0)","(0.0, 0.0)","(0.0, 0.0, 0.0)","(0.0, 0.0, 0.0)","(0.0, 0.0, 0.0)","(0.0, 0.0, 0.0)","(0.0, 0.0, 0.0)","(0.0, 0.0, 0.0)",0,0,0,0,0,0,False,0,0,0,0,0,0,0,0,"(0.0, 6.0, 1225.6)","(0.2, 0.0, 0.0, 1.0)"
0,917773.4,0,0,0,0,0,0,0,0,0,"(0.0, 0.0)","(0.0, 0.0)","(0.0, 0.0)","(0.0, 0.0, 0.0)","(0.0, 0.0, 0.0)","(0.0, 0.0, 0.0)","(0.0, 0.0, 0.0)","(0.0, 0.0, 0.0)","(0.0, 0.0, 0.0)",0,0,0,0,0,0,False,0,0,0,0,0,0,0,0,"(0.0, 6.0, 1225.9)","(0.2, 0.0, 0.0, 1.0)"
0,917796.6,0,0,0,0,0,0,0,0,0,"(0.0, 0.0)","(0.0, 0.0)","(0.0, 0.0)","(0.0, 0.0, 0.0)","(0.0, 0.0, 0.0)","(0.0, 0.0, 0.0)","(0.0, 0.0, 0.0)","(0.0, 0.0, 0.0)","(0.0, 0.0, 0.0)",0,0,0,0,0,0,False,0,0,0,0,0,0,0,0,"(0.0, 6.0, 1226.2)","(0.2, 0.0, 0.0, 1.0)"
0,917821.6,0,0,0,0,0,0,0,0,0,"(0.0, 0.0)","(0.0, 0.0)","(0.0, 0.0)","(0.0, 0.0, 0.0)","(0.0, 0.0, 0.0)","(0.0, 0.0, 0.0)","(0.0, 0.0, 0.0)","(0.0, 0.0, 0.0)","(0.0, 0.0, 0.0)",0,0,0,0,0,0,False,0,0,0,0,0,0,0,0,"(0.0, 6.0, 1226.5)","(0.2, 0.0, 0.0, 1.0)"
0,917840.3,0,0,0,0,0,0,0,0,0,"(0.0, 0.0)","(0.0, 0.0)","(0.0, 0.0)","(0.0, 0.0, 0.0)","(0.0, 0.0, 0.0)","(0.0, 0.0, 0.0)","(0.0, 0.0, 0.0)","(0.0, 0.0, 0.0)","(0.0, 0.0, 0.0)",0,0,0,0,0,0,False,0,0,0,0,0,0,0,0,"(0.0, 6.0, 1226.8)","(0.2, 0.0, 0.0, 1.0)"
0,917863.9,0,0,0,0,0,0,0,0,0,"(0.0, 0.0)","(0.0, 0.0)","(0.0, 0.0)","(0.0, 0.0, 0.0)","(0.0, 0.0, 0.0)","(0.0, 0.0, 0.0)","(0.0, 0.0, 0.0)","(0.0, 0.0, 0.0)","(0.0, 0.0, 0.0)",0,0,0,0,0,0,False,0,0,0,0,0,0,0,0,"(0.0, 6.0, 1227.0)","(0.2, 0.0, 0.0, 1.0)"
0,917885.4,0,0,0,0,0,0,0,0,0,"(0.0, 0.0)","(0.0, 0.0)","(0.0, 0.0)","(0.0, 0.0, 0.0)","(0.0, 0.0, 0.0)","(0.0, 0.0, 0.0)","(0.0, 0.0, 0.0)","(0.0, 0.0, 0.0)","(0.0, 0.0, 0.0)",0,0,0,0,0,0,False,0,0,0,0,0,0,0,0,"(0.0, 6.0, 1227.3)","(0.2, 0.0, 0.0, 1.0)"
0,917906.8,0,0,0,0,0,0,0,0,0,"(0.0, 0.0)","(0.0, 0.0)","(0.0, 0.0)","(0.0, 0.0, 0.0)","(0.0, 0.0, 0.0)","(0.0, 0.0, 0.0)","(0.0, 0.0, 0.0)","(0.0, 0.0, 0.0)","(0.0, 0.0, 0.0)",0,0,0,0,0,0,False,0,0,0,0,0,0,0,0,"(0.0, 6.0, 1227.6)","(0.2, 0.0, 0.0, 1.0)"
0,917929.8,0,0,0,0,0,0,0,0,0,"(0.0, 0.0)","(0.0, 0.0)","(0.0, 0.0)","(0.0, 0.0, 0.0)","(0.0, 0.0, 0.0)","(0.0, 0.0, 0.0)","(0.0, 0.0, 0.0)","(0.0, 0.0, 0.0)","(0.0, 0.0, 0.0)",0,0,0,0,0,0,False,0,0,0,0,0,0,0,0,"(0.0, 6.0, 1227.9)","(0.2, 0.0, 0.0, 1.0)"
0,917952.1,0,0,0,0,0,0,0,0,0,"(0.0, 0.0)","(0.0, 0.0)","(0.0, 0.0)","(0.0, 0.0, 0.0)","(0.0, 0.0, 0.0)","(0.0, 0.0, 0.0)","(0.0, 0.0, 0.0)","(0.0, 0.0, 0.0)","(0.0, 0.0, 0.0)",0,0,0,0,0,0,False,0,0,0,0,0,0,0,0,"(0.0, 6.0, 1228.2)","(0.2, 0.0, 0.0, 1.0)"
0,917973.3,0,0,0,0,0,0,0,0,0,"(0.0, 0.0)","(0.0, 0.0)","(0.0, 0.0)","(0.0, 0.0, 0.0)","(0.0, 0.0, 0.0)","(0.0, 0.0, 0.0)","(0.0, 0.0, 0.0)","(0.0, 0.0, 0.0)","(0.0, 0.0, 0.0)",0,0,0,0,0,0,False,0,0,0,0,0,0,0,0,"(0.0, 6.0, 1228.5)","(0.2, 0.0, 0.0, 1.0)"
0,917996.1,0,0,0,0,0,0,0,0,0,"(0.0, 0.0)","(0.0, 0.0)","(0.0, 0.0)","(0.0, 0.0, 0.0)","(0.0, 0.0, 0.0)","(0.0, 0.0, 0.0)","(0.0, 0.0, 0.0)","(0.0, 0.0, 0.0)","(0.0, 0.0, 0.0)",0,0,0,0,0,0,False,0,0,0,0,0,0,0,0,"(0.0, 6.0, 1228.8)","(0.2, 0.0, 0.0, 1.0)"
0,918018.7,0,0,0,0,0,0,0,0,0,"(0.0, 0.0)","(0.0, 0.0)","(0.0, 0.0)","(0.0, 0.0, 0.0)","(0.0, 0.0, 0.0)","(0.0, 0.0, 0.0)","(0.0, 0.0, 0.0)","(0.0, 0.0, 0.0)","(0.0, 0.0, 0.0)",0,0,0,0,0,0,False,0,0,0,0,0,0,0,0,"(0.0, 6.0, 1229.1)","(0.2, 0.0, 0.0, 1.0)"
0,918040.2,0,0,0,0,0,0,0,0,0,"(0.0, 0.0)","(0.0, 0.0)","(0.0, 0.0)","(0.0, 0.0, 0.0)","(0.0, 0.0, 0.0)","(0.0, 0.0, 0.0)","(0.0, 0.0, 0.0)","(0.0, 0.0, 0.0)","(0.0, 0.0, 0.0)",0,0,0,0,0,0,False,0,0,0,0,0,0,0,0,"(0.0, 6.0, 1229.4)","(0.2, 0.0, 0.0, 1.0)"
0,918063.3,0,0,0,0,0,0,0,0,0,"(0.0, 0.0)","(0.0, 0.0)","(0.0, 0.0)","(0.0, 0.0, 0.0)","(0.0, 0.0, 0.0)","(0.0, 0.0, 0.0)","(0.0, 0.0, 0.0)","(0.0, 0.0, 0.0)","(0.0, 0.0, 0.0)",0,0,0,0,0,0,False,0,0,0,0,0,0,0,0,"(0.0, 6.0, 1229.7)","(0.2, 0.0, 0.0, 1.0)"
0,918084.9,0,0,0,0,0,0,0,0,0,"(0.0, 0.0)","(0.0, 0.0)","(0.0, 0.0)","(0.0, 0.0, 0.0)","(0.0, 0.0, 0.0)","(0.0, 0.0, 0.0)","(0.0, 0.0, 0.0)","(0.0, 0.0, 0.0)","(0.0, 0.0, 0.0)",0,0,0,0,0,0,False,0,0,0,0,0,0,0,0,"(0.0, 6.0, 1230.0)","(0.2, 0.0, 0.0, 1.0)"
0,918106.6,0,0,0,0,0,0,0,0,0,"(0.0, 0.0)","(0.0, 0.0)","(0.0, 0.0)","(0.0, 0.0, 0.0)","(0.0, 0.0, 0.0)","(0.0, 0.0, 0.0)","(0.0, 0.0, 0.0)","(0.0, 0.0, 0.0)","(0.0, 0.0, 0.0)",0,0,0,0,0,0,False,0,0,0,0,0,0,0,0,"(0.0, 6.0, 1230.3)","(0.2, 0.0, 0.0, 1.0)"
0,918129.8,0,0,0,0,0,0,0,0,0,"(0.0, 0.0)","(0.0, 0.0)","(0.0, 0.0)","(0.0, 0.0, 0.0)","(0.0, 0.0, 0.0)","(0.0, 0.0, 0.0)","(0.0, 0.0, 0.0)","(0.0, 0.0, 0.0)","(0.0, 0.0, 0.0)",0,0,0,0,0,0,False,0,0,0,0,0,0,0,0,"(0.0, 6.0, 1230.6)","(0.2, 0.0, 0.0, 1.0)"
0,918151.8,0,0,0,0,0,0,0,0,0,"(0.0, 0.0)","(0.0, 0.0)","(0.0, 0.0)","(0.0, 0.0, 0.0)","(0.0, 0.0, 0.0)","(0.0, 0.0, 0.0)","(0.0, 0.0, 0.0)","(0.0, 0.0, 0.0)","(0.0, 0.0, 0.0)",0,0,0,0,0,0,False,0,0,0,0,0,0,0,0,"(0.0, 6.0, 1230.9)","(0.2, 0.0, 0.0, 1.0)"
0,918173.6,0,0,0,0,0,0,0,0,0,"(0.0, 0.0)","(0.0, 0.0)","(0.0, 0.0)","(0.0, 0.0, 0.0)","(0.0, 0.0, 0.0)","(0.0, 0.0, 0.0)","(0.0, 0.0, 0.0)","(0.0, 0.0, 0.0)","(0.0, 0.0, 0.0)",0,0,0,0,0,0,False,0,0,0,0,0,0,0,0,"(0.0, 6.0, 1231.3)","(0.2, 0.0, 0.0, 1.0)"
0,918190.5,0,0,0,0,0,0,0,0,0,"(0.0, 0.0)","(0.0, 0.0)","(0.0, 0.0)","(0.0, 0.0, 0.0)","(0.0, 0.0, 0.0)","(0.0, 0.0, 0.0)","(0.0, 0.0, 0.0)","(0.0, 0.0, 0.0)","(0.0, 0.0, 0.0)",0,0,0,0,0,0,False,0,0,0,0,0,0,0,0,"(0.0, 6.0, 1231.5)","(0.2, 0.0, 0.0, 1.0)"
0,918210,0,0,0,0,0,0,0,0,0,"(0.0, 0.0)","(0.0, 0.0)","(0.0, 0.0)","(0.0, 0.0, 0.0)","(0.0, 0.0, 0.0)","(0.0, 0.0, 0.0)","(0.0, 0.0, 0.0)","(0.0, 0.0, 0.0)","(0.0, 0.0, 0.0)",0,0,0,0,0,0,False,0,0,0,0,0,0,0,0,"(0.0, 6.0, 1231.8)","(0.2, 0.0, 0.0, 1.0)"
0,918230.3,0,0,0,0,0,0,0,0,0,"(0.0, 0.0)","(0.0, 0.0)","(0.0, 0.0)","(0.0, 0.0, 0.0)","(0.0, 0.0, 0.0)","(0.0, 0.0, 0.0)","(0.0, 0.0, 0.0)","(0.0, 0.0, 0.0)","(0.0, 0.0, 0.0)",0,0,0,0,0,0,False,0,0,0,0,0,0,0,0,"(0.0, 6.0, 1232.1)","(0.2, 0.0, 0.0, 1.0)"
0,918250.9,0,0,0,0,0,0,0,0,0,"(0.0, 0.0)","(0.0, 0.0)","(0.0, 0.0)","(0.0, 0.0, 0.0)","(0.0, 0.0, 0.0)","(0.0, 0.0, 0.0)","(0.0, 0.0, 0.0)","(0.0, 0.0, 0.0)","(0.0, 0.0, 0.0)",0,0,0,0,0,0,False,0,0,0,0,0,0,0,0,"(0.0, 6.0, 1232.4)","(0.2, 0.0, 0.0, 1.0)"
0,918274.3,0,0,0,0,0,0,0,0,0,"(0.0, 0.0)","(0.0, 0.0)","(0.0, 0.0)","(0.0, 0.0, 0.0)","(0.0, 0.0, 0.0)","(0.0, 0.0, 0.0)","(0.0, 0.0, 0.0)","(0.0, 0.0, 0.0)","(0.0, 0.0, 0.0)",0,0,0,0,0,0,False,0,0,0,0,0,0,0,0,"(0.0, 6.0, 1232.7)","(0.2, 0.0, 0.0, 1.0)"
0,918293.4,0,0,0,0,0,0,0,0,0,"(0.0, 0.0)","(0.0, 0.0)","(0.0, 0.0)","(0.0, 0.0, 0.0)","(0.0, 0.0, 0.0)","(0.0, 0.0, 0.0)","(0.0, 0.0, 0.0)","(0.0, 0.0, 0.0)","(0.0, 0.0, 0.0)",0,0,0,0,0,0,False,0,0,0,0,0,0,0,0,"(0.0, 6.0, 1233.0)","(0.2, 0.0, 0.0, 1.0)"
0,918313.4,0,0,0,0,0,0,0,0,0,"(0.0, 0.0)","(0.0, 0.0)","(0.0, 0.0)","(0.0, 0.0, 0.0)","(0.0, 0.0, 0.0)","(0.0, 0.0, 0.0)","(0.0, 0.0, 0.0)","(0.0, 0.0, 0.0)","(0.0, 0.0, 0.0)",0,0,0,0,0,0,False,0,0,0,0,0,0,0,0,"(0.0, 6.0, 1233.3)","(0.2, 0.0, 0.0, 1.0)"
0,918333.9,0,0,0,0,0,0,0,0,0,"(0.0, 0.0)","(0.0, 0.0)","(0.0, 0.0)","(0.0, 0.0, 0.0)","(0.0, 0.0, 0.0)","(0.0, 0.0, 0.0)","(0.0, 0.0, 0.0)","(0.0, 0.0, 0.0)","(0.0, 0.0, 0.0)",0,0,0,0,0,0,False,0,0,0,0,0,0,0,0,"(0.0, 6.0, 1233.6)","(0.2, 0.0, 0.0, 1.0)"
0,918354.3,0,0,0,0,0,0,0,0,0,"(0.0, 0.0)","(0.0, 0.0)","(0.0, 0.0)","(0.0, 0.0, 0.0)","(0.0, 0.0, 0.0)","(0.0, 0.0, 0.0)","(0.0, 0.0, 0.0)","(0.0, 0.0, 0.0)","(0.0, 0.0, 0.0)",0,0,0,0,0,0,False,0,0,0,0,0,0,0,0,"(0.0, 6.0, 1233.9)","(0.2, 0.0, 0.0, 1.0)"
0,918373.7,0,0,0,0,0,0,0,0,0,"(0.0, 0.0)","(0.0, 0.0)","(0.0, 0.0)","(0.0, 0.0, 0.0)","(0.0, 0.0, 0.0)","(0.0, 0.0, 0.0)","(0.0, 0.0, 0.0)","(0.0, 0.0, 0.0)","(0.0, 0.0, 0.0)",0,0,0,0,0,0,False,0,0,0,0,0,0,0,0,"(0.0, 6.0, 1234.2)","(0.2, 0.0, 0.0, 1.0)"
0,918402.4,0,0,0,0,0,0,0,0,0,"(0.0, 0.0)","(0.0, 0.0)","(0.0, 0.0)","(0.0, 0.0, 0.0)","(0.0, 0.0, 0.0)","(0.0, 0.0, 0.0)","(0.0, 0.0, 0.0)","(0.0, 0.0, 0.0)","(0.0, 0.0, 0.0)",0,0,0,0,0,0,False,0,0,0,0,0,0,0,0,"(0.0, 6.0, 1234.5)","(0.2, 0.0, 0.0, 1.0)"
0,918422.4,0,0,0,0,0,0,0,0,0,"(0.0, 0.0)","(0.0, 0.0)","(0.0, 0.0)","(0.0, 0.0, 0.0)","(0.0, 0.0, 0.0)","(0.0, 0.0, 0.0)","(0.0, 0.0, 0.0)","(0.0, 0.0, 0.0)","(0.0, 0.0, 0.0)",0,0,0,0,0,0,False,0,0,0,0,0,0,0,0,"(0.0, 6.0, 1234.8)","(0.2, 0.0, 0.0, 1.0)"
0,918446.6,0,0,0,0,0,0,0,0,0,"(0.0, 0.0)","(0.0, 0.0)","(0.0, 0.0)","(0.0, 0.0, 0.0)","(0.0, 0.0, 0.0)","(0.0, 0.0, 0.0)","(0.0, 0.0, 0.0)","(0.0, 0.0, 0.0)","(0.0, 0.0, 0.0)",0,0,0,0,0,0,False,0,0,0,0,0,0,0,0,"(0.0, 6.0, 1235.1)","(0.2, 0.0, 0.0, 1.0)"
0,918467.4,0,0,0,0,0,0,0,0,0,"(0.0, 0.0)","(0.0, 0.0)","(0.0, 0.0)","(0.0, 0.0, 0.0)","(0.0, 0.0, 0.0)","(0.0, 0.0, 0.0)","(0.0, 0.0, 0.0)","(0.0, 0.0, 0.0)","(0.0, 0.0, 0.0)",0,0,0,0,0,0,False,0,0,0,0,0,0,0,0,"(0.0, 6.0, 1235.4)","(0.2, 0.0, 0.0, 1.0)"
0,918487.9,0,0,0,0,0,0,0,0,0,"(0.0, 0.0)","(0.0, 0.0)","(0.0, 0.0)","(0.0, 0.0, 0.0)","(0.0, 0.0, 0.0)","(0.0, 0.0, 0.0)","(0.0, 0.0, 0.0)","(0.0, 0.0, 0.0)","(0.0, 0.0, 0.0)",0,0,0,0,0,0,False,0,0,0,0,0,0,0,0,"(0.0, 6.0, 1235.7)","(0.2, 0.0, 0.0, 1.0)"
0,918506.4,0,0,0,0,0,0,0,0,0,"(0.0, 0.0)","(0.0, 0.0)","(0.0, 0.0)","(0.0, 0.0, 0.0)","(0.0, 0.0, 0.0)","(0.0, 0.0, 0.0)","(0.0, 0.0, 0.0)","(0.0, 0.0, 0.0)","(0.0, 0.0, 0.0)",0,0,0,0,0,0,False,0,0,0,0,0,0,0,0,"(0.0, 6.0, 1236.0)","(0.2, 0.0, 0.0, 1.0)"
0,918525.6,0,0,0,0,0,0,0,0,0,"(0.0, 0.0)","(0.0, 0.0)","(0.0, 0.0)","(0.0, 0.0, 0.0)","(0.0, 0.0, 0.0)","(0.0, 0.0, 0.0)","(0.0, 0.0, 0.0)","(0.0, 0.0, 0.0)","(0.0, 0.0, 0.0)",0,0,0,0,0,0,False,0,0,0,0,0,0,0,0,"(0.0, 6.0, 1236.3)","(0.2, 0.0, 0.0, 1.0)"
0,918544.8,0,0,0,0,0,0,0,0,0,"(0.0, 0.0)","(0.0, 0.0)","(0.0, 0.0)","(0.0, 0.0, 0.0)","(0.0, 0.0, 0.0)","(0.0, 0.0, 0.0)","(0.0, 0.0, 0.0)","(0.0, 0.0, 0.0)","(0.0, 0.0, 0.0)",0,0,0,0,0,0,False,0,0,0,0,0,0,0,0,"(0.0, 6.0, 1236.6)","(0.2, 0.0, 0.0, 1.0)"
0,918564.4,0,0,0,0,0,0,0,0,0,"(0.0, 0.0)","(0.0, 0.0)","(0.0, 0.0)","(0.0, 0.0, 0.0)","(0.0, 0.0, 0.0)","(0.0, 0.0, 0.0)","(0.0, 0.0, 0.0)","(0.0, 0.0, 0.0)","(0.0, 0.0, 0.0)",0,0,0,0,0,0,False,0,0,0,0,0,0,0,0,"(0.0, 6.0, 1236.9)","(0.2, 0.0, 0.0, 1.0)"
0,918585.5,0,0,0,0,0,0,0,0,0,"(0.0, 0.0)","(0.0, 0.0)","(0.0, 0.0)","(0.0, 0.0, 0.0)","(0.0, 0.0, 0.0)","(0.0, 0.0, 0.0)","(0.0, 0.0, 0.0)","(0.0, 0.0, 0.0)","(0.0, 0.0, 0.0)",0,0,0,0,0,0,False,0,0,0,0,0,0,0,0,"(0.0, 6.0, 1237.2)","(0.2, 0.0, 0.0, 1.0)"
0,918604.2,0,0,0,0,0,0,0,0,0,"(0.0, 0.0)","(0.0, 0.0)","(0.0, 0.0)","(0.0, 0.0, 0.0)","(0.0, 0.0, 0.0)","(0.0, 0.0, 0.0)","(0.0, 0.0, 0.0)","(0.0, 0.0, 0.0)","(0.0, 0.0, 0.0)",0,0,0,0,0,0,False,0,0,0,0,0,0,0,0,"(0.0, 6.0, 1237.4)","(0.2, 0.0, 0.0, 1.0)"
0,918622.2,0,0,0,0,0,0,0,0,0,"(0.0, 0.0)","(0.0, 0.0)","(0.0, 0.0)","(0.0, 0.0, 0.0)","(0.0, 0.0, 0.0)","(0.0, 0.0, 0.0)","(0.0, 0.0, 0.0)","(0.0, 0.0, 0.0)","(0.0, 0.0, 0.0)",0,0,0,0,0,0,False,0,0,0,0,0,0,0,0,"(0.0, 6.0, 1237.7)","(0.2, 0.0, 0.0, 1.0)"
0,918641.4,0,0,0,0,0,0,0,0,0,"(0.0, 0.0)","(0.0, 0.0)","(0.0, 0.0)","(0.0, 0.0, 0.0)","(0.0, 0.0, 0.0)","(0.0, 0.0, 0.0)","(0.0, 0.0, 0.0)","(0.0, 0.0, 0.0)","(0.0, 0.0, 0.0)",0,0,0,0,0,0,False,0,0,0,0,0,0,0,0,"(0.0, 6.0, 1238.0)","(0.2, 0.0, 0.0, 1.0)"
0,918660.5,0,0,0,0,0,0,0,0,0,"(0.0, 0.0)","(0.0, 0.0)","(0.0, 0.0)","(0.0, 0.0, 0.0)","(0.0, 0.0, 0.0)","(0.0, 0.0, 0.0)","(0.0, 0.0, 0.0)","(0.0, 0.0, 0.0)","(0.0, 0.0, 0.0)",0,0,0,0,0,0,False,0,0,0,0,0,0,0,0,"(0.0, 6.0, 1238.3)","(0.2, 0.0, 0.0, 1.0)"
0,918679.7,0,0,0,0,0,0,0,0,0,"(0.0, 0.0)","(0.0, 0.0)","(0.0, 0.0)","(0.0, 0.0, 0.0)","(0.0, 0.0, 0.0)","(0.0, 0.0, 0.0)","(0.0, 0.0, 0.0)","(0.0, 0.0, 0.0)","(0.0, 0.0, 0.0)",0,0,0,0,0,0,False,0,0,0,0,0,0,0,0,"(0.0, 6.0, 1238.6)","(0.2, 0.0, 0.0, 1.0)"
0,918698.2,0,0,0,0,0,0,0,0,0,"(0.0, 0.0)","(0.0, 0.0)","(0.0, 0.0)","(0.0, 0.0, 0.0)","(0.0, 0.0, 0.0)","(0.0, 0.0, 0.0)","(0.0, 0.0, 0.0)","(0.0, 0.0, 0.0)","(0.0, 0.0, 0.0)",0,0,0,0,0,0,False,0,0,0,0,0,0,0,0,"(0.0, 6.0, 1238.8)","(0.2, 0.0, 0.0, 1.0)"
0,918722.4,0,0,0,0,0,0,0,0,0,"(0.0, 0.0)","(0.0, 0.0)","(0.0, 0.0)","(0.0, 0.0, 0.0)","(0.0, 0.0, 0.0)","(0.0, 0.0, 0.0)","(0.0, 0.0, 0.0)","(0.0, 0.0, 0.0)","(0.0, 0.0, 0.0)",0,0,0,0,0,0,False,0,0,0,0,0,0,0,0,"(0.0, 6.0, 1239.1)","(0.2, 0.0, 0.0, 1.0)"
0,918741.8,0,0,0,0,0,0,0,0,0,"(0.0, 0.0)","(0.0, 0.0)","(0.0, 0.0)","(0.0, 0.0, 0.0)","(0.0, 0.0, 0.0)","(0.0, 0.0, 0.0)","(0.0, 0.0, 0.0)","(0.0, 0.0, 0.0)","(0.0, 0.0, 0.0)",0,0,0,0,0,0,False,0,0,0,0,0,0,0,0,"(0.0, 6.0, 1239.4)","(0.2, 0.0, 0.0, 1.0)"
0,918763,0,0,0,0,0,0,0,0,0,"(0.0, 0.0)","(0.0, 0.0)","(0.0, 0.0)","(0.0, 0.0, 0.0)","(0.0, 0.0, 0.0)","(0.0, 0.0, 0.0)","(0.0, 0.0, 0.0)","(0.0, 0.0, 0.0)","(0.0, 0.0, 0.0)",0,0,0,0,0,0,False,0,0,0,0,0,0,0,0,"(0.0, 6.0, 1239.7)","(0.2, 0.0, 0.0, 1.0)"
0,918785.3,0,0,0,0,0,0,0,0,0,"(0.0, 0.0)","(0.0, 0.0)","(0.0, 0.0)","(0.0, 0.0, 0.0)","(0.0, 0.0, 0.0)","(0.0, 0.0, 0.0)","(0.0, 0.0, 0.0)","(0.0, 0.0, 0.0)","(0.0, 0.0, 0.0)",0,0,0,0,0,0,False,0,0,0,0,0,0,0,0,"(0.0, 6.0, 1240.0)","(0.2, 0.0, 0.0, 1.0)"
0,918806.9,0,0,0,0,0,0,0,0,0,"(0.0, 0.0)","(0.0, 0.0)","(0.0, 0.0)","(0.0, 0.0, 0.0)","(0.0, 0.0, 0.0)","(0.0, 0.0, 0.0)","(0.0, 0.0, 0.0)","(0.0, 0.0, 0.0)","(0.0, 0.0, 0.0)",0,0,0,0,0,0,False,0,0,0,0,0,0,0,0,"(0.0, 6.0, 1240.3)","(0.2, 0.0, 0.0, 1.0)"
0,918829.8,0,0,0,0,0,0,0,0,0,"(0.0, 0.0)","(0.0, 0.0)","(0.0, 0.0)","(0.0, 0.0, 0.0)","(0.0, 0.0, 0.0)","(0.0, 0.0, 0.0)","(0.0, 0.0, 0.0)","(0.0, 0.0, 0.0)","(0.0, 0.0, 0.0)",0,0,0,0,0,0,False,0,0,0,0,0,0,0,0,"(0.0, 6.0, 1240.6)","(0.2, 0.0, 0.0, 1.0)"
0,918851.9,0,0,0,0,0,0,0,0,0,"(0.0, 0.0)","(0.0, 0.0)","(0.0, 0.0)","(0.0, 0.0, 0.0)","(0.0, 0.0, 0.0)","(0.0, 0.0, 0.0)","(0.0, 0.0, 0.0)","(0.0, 0.0, 0.0)","(0.0, 0.0, 0.0)",0,0,0,0,0,0,False,0,0,0,0,0,0,0,0,"(0.0, 6.0, 1240.9)","(0.2, 0.0, 0.0, 1.0)"
0,918872.9,0,0,0,0,0,0,0,0,0,"(0.0, 0.0)","(0.0, 0.0)","(0.0, 0.0)","(0.0, 0.0, 0.0)","(0.0, 0.0, 0.0)","(0.0, 0.0, 0.0)","(0.0, 0.0, 0.0)","(0.0, 0.0, 0.0)","(0.0, 0.0, 0.0)",0,0,0,0,0,0,False,0,0,0,0,0,0,0,0,"(0.0, 6.0, 1241.2)","(0.2, 0.0, 0.0, 1.0)"
0,918897.8,0,0,0,0,0,0,0,0,0,"(0.0, 0.0)","(0.0, 0.0)","(0.0, 0.0)","(0.0, 0.0, 0.0)","(0.0, 0.0, 0.0)","(0.0, 0.0, 0.0)","(0.0, 0.0, 0.0)","(0.0, 0.0, 0.0)","(0.0, 0.0, 0.0)",0,0,0,0,0,0,False,0,0,0,0,0,0,0,0,"(0.0, 6.0, 1241.5)","(0.2, 0.0, 0.0, 1.0)"
0,918918.7,0,0,0,0,0,0,0,0,0,"(0.0, 0.0)","(0.0, 0.0)","(0.0, 0.0)","(0.0, 0.0, 0.0)","(0.0, 0.0, 0.0)","(0.0, 0.0, 0.0)","(0.0, 0.0, 0.0)","(0.0, 0.0, 0.0)","(0.0, 0.0, 0.0)",0,0,0,0,0,0,False,0,0,0,0,0,0,0,0,"(0.0, 6.0, 1241.7)","(0.2, 0.0, 0.0, 1.0)"
0,918939.9,0,0,0,0,0,0,0,0,0,"(0.0, 0.0)","(0.0, 0.0)","(0.0, 0.0)","(0.0, 0.0, 0.0)","(0.0, 0.0, 0.0)","(0.0, 0.0, 0.0)","(0.0, 0.0, 0.0)","(0.0, 0.0, 0.0)","(0.0, 0.0, 0.0)",0,0,0,0,0,0,False,0,0,0,0,0,0,0,0,"(0.0, 6.0, 1242.0)","(0.2, 0.0, 0.0, 1.0)"
0,918962.8,0,0,0,0,0,0,0,0,0,"(0.0, 0.0)","(0.0, 0.0)","(0.0, 0.0)","(0.0, 0.0, 0.0)","(0.0, 0.0, 0.0)","(0.0, 0.0, 0.0)","(0.0, 0.0, 0.0)","(0.0, 0.0, 0.0)","(0.0, 0.0, 0.0)",0,0,0,0,0,0,False,0,0,0,0,0,0,0,0,"(0.0, 6.0, 1242.3)","(0.2, 0.0, 0.0, 1.0)"
0,918985.7,0,0,0,0,0,0,0,0,0,"(0.0, 0.0)","(0.0, 0.0)","(0.0, 0.0)","(0.0, 0.0, 0.0)","(0.0, 0.0, 0.0)","(0.0, 0.0, 0.0)","(0.0, 0.0, 0.0)","(0.0, 0.0, 0.0)","(0.0, 0.0, 0.0)",0,0,0,0,0,0,False,0,0,0,0,0,0,0,0,"(0.0, 6.0, 1242.6)","(0.2, 0.0, 0.0, 1.0)"
0,919006.5,0,0,0,0,0,0,0,0,0,"(0.0, 0.0)","(0.0, 0.0)","(0.0, 0.0)","(0.0, 0.0, 0.0)","(0.0, 0.0, 0.0)","(0.0, 0.0, 0.0)","(0.0, 0.0, 0.0)","(0.0, 0.0, 0.0)","(0.0, 0.0, 0.0)",0,0,0,0,0,0,False,0,0,0,0,0,0,0,0,"(0.0, 6.0, 1243.0)","(0.2, 0.0, 0.0, 1.0)"
0,919029,0,0,0,0,0,0,0,0,0,"(0.0, 0.0)","(0.0, 0.0)","(0.0, 0.0)","(0.0, 0.0, 0.0)","(0.0, 0.0, 0.0)","(0.0, 0.0, 0.0)","(0.0, 0.0, 0.0)","(0.0, 0.0, 0.0)","(0.0, 0.0, 0.0)",0,0,0,0,0,0,False,0,0,0,0,0,0,0,0,"(0.0, 6.0, 1243.3)","(0.2, 0.0, 0.0, 1.0)"
0,919051.6,0,0,0,0,0,0,0,0,0,"(0.0, 0.0)","(0.0, 0.0)","(0.0, 0.0)","(0.0, 0.0, 0.0)","(0.0, 0.0, 0.0)","(0.0, 0.0, 0.0)","(0.0, 0.0, 0.0)","(0.0, 0.0, 0.0)","(0.0, 0.0, 0.0)",0,0,0,0,0,0,False,0,0,0,0,0,0,0,0,"(0.0, 6.0, 1243.6)","(0.2, 0.0, 0.0, 1.0)"
0,919073.6,0,0,0,0,0,0,0,0,0,"(0.0, 0.0)","(0.0, 0.0)","(0.0, 0.0)","(0.0, 0.0, 0.0)","(0.0, 0.0, 0.0)","(0.0, 0.0, 0.0)","(0.0, 0.0, 0.0)","(0.0, 0.0, 0.0)","(0.0, 0.0, 0.0)",0,0,0,0,0,0,False,0,0,0,0,0,0,0,0,"(0.0, 6.0, 1243.9)","(0.2, 0.0, 0.0, 1.0)"
0,919098.2,0,0,0,0,0,0,0,0,0,"(0.0, 0.0)","(0.0, 0.0)","(0.0, 0.0)","(0.0, 0.0, 0.0)","(0.0, 0.0, 0.0)","(0.0, 0.0, 0.0)","(0.0, 0.0, 0.0)","(0.0, 0.0, 0.0)","(0.0, 0.0, 0.0)",0,0,0,0,0,0,False,0,0,0,0,0,0,0,0,"(0.0, 6.0, 1244.2)","(0.2, 0.0, 0.0, 1.0)"
0,919118.5,0,0,0,0,0,0,0,0,0,"(0.0, 0.0)","(0.0, 0.0)","(0.0, 0.0)","(0.0, 0.0, 0.0)","(0.0, 0.0, 0.0)","(0.0, 0.0, 0.0)","(0.0, 0.0, 0.0)","(0.0, 0.0, 0.0)","(0.0, 0.0, 0.0)",0,0,0,0,0,0,False,0,0,0,0,0,0,0,0,"(0.0, 6.0, 1244.5)","(0.2, 0.0, 0.0, 1.0)"
0,919139.8,0,0,0,0,0,0,0,0,0,"(0.0, 0.0)","(0.0, 0.0)","(0.0, 0.0)","(0.0, 0.0, 0.0)","(0.0, 0.0, 0.0)","(0.0, 0.0, 0.0)","(0.0, 0.0, 0.0)","(0.0, 0.0, 0.0)","(0.0, 0.0, 0.0)",0,0,0,0,0,0,False,0,0,0,0,0,0,0,0,"(0.0, 6.0, 1244.8)","(0.2, 0.0, 0.0, 1.0)"
0,919157.9,0,0,0,0,0,0,0,0,0,"(0.0, 0.0)","(0.0, 0.0)","(0.0, 0.0)","(0.0, 0.0, 0.0)","(0.0, 0.0, 0.0)","(0.0, 0.0, 0.0)","(0.0, 0.0, 0.0)","(0.0, 0.0, 0.0)","(0.0, 0.0, 0.0)",0,0,0,0,0,0,False,0,0,0,0,0,0,0,0,"(0.0, 6.0, 1245.1)","(0.2, 0.0, 0.0, 1.0)"
0,919176.3,0,0,0,0,0,0,0,0,0,"(0.0, 0.0)","(0.0, 0.0)","(0.0, 0.0)","(0.0, 0.0, 0.0)","(0.0, 0.0, 0.0)","(0.0, 0.0, 0.0)","(0.0, 0.0, 0.0)","(0.0, 0.0, 0.0)","(0.0, 0.0, 0.0)",0,0,0,0,0,0,False,0,0,0,0,0,0,0,0,"(0.0, 6.0, 1245.4)","(0.2, 0.0, 0.0, 1.0)"
0,919195.6,0,0,0,0,0,0,0,0,0,"(0.0, 0.0)","(0.0, 0.0)","(0.0, 0.0)","(0.0, 0.0, 0.0)","(0.0, 0.0, 0.0)","(0.0, 0.0, 0.0)","(0.0, 0.0, 0.0)","(0.0, 0.0, 0.0)","(0.0, 0.0, 0.0)",0,0,0,0,0,0,False,0,0,0,0,0,0,0,0,"(0.0, 6.0, 1245.7)","(0.2, 0.0, 0.0, 1.0)"
0,919215.8,0,0,0,0,0,0,0,0,0,"(0.0, 0.0)","(0.0, 0.0)","(0.0, 0.0)","(0.0, 0.0, 0.0)","(0.0, 0.0, 0.0)","(0.0, 0.0, 0.0)","(0.0, 0.0, 0.0)","(0.0, 0.0, 0.0)","(0.0, 0.0, 0.0)",0,0,0,0,0,0,False,0,0,0,0,0,0,0,0,"(0.0, 6.0, 1246.0)","(0.2, 0.0, 0.0, 1.0)"
0,919235,0,0,0,0,0,0,0,0,0,"(0.0, 0.0)","(0.0, 0.0)","(0.0, 0.0)","(0.0, 0.0, 0.0)","(0.0, 0.0, 0.0)","(0.0, 0.0, 0.0)","(0.0, 0.0, 0.0)","(0.0, 0.0, 0.0)","(0.0, 0.0, 0.0)",0,0,0,0,0,0,False,0,0,0,0,0,0,0,0,"(0.0, 6.0, 1246.3)","(0.2, 0.0, 0.0, 1.0)"
0,919253.8,0,0,0,0,0,0,0,0,0,"(0.0, 0.0)","(0.0, 0.0)","(0.0, 0.0)","(0.0, 0.0, 0.0)","(0.0, 0.0, 0.0)","(0.0, 0.0, 0.0)","(0.0, 0.0, 0.0)","(0.0, 0.0, 0.0)","(0.0, 0.0, 0.0)",0,0,0,0,0,0,False,0,0,0,0,0,0,0,0,"(0.0, 6.0, 1246.5)","(0.2, 0.0, 0.0, 1.0)"
0,919272,0,0,0,0,0,0,0,0,0,"(0.0, 0.0)","(0.0, 0.0)","(0.0, 0.0)","(0.0, 0.0, 0.0)","(0.0, 0.0, 0.0)","(0.0, 0.0, 0.0)","(0.0, 0.0, 0.0)","(0.0, 0.0, 0.0)","(0.0, 0.0, 0.0)",0,0,0,0,0,0,False,0,0,0,0,0,0,0,0,"(0.0, 6.0, 1246.8)","(0.2, 0.0, 0.0, 1.0)"
0,919291.3,0,0,0,0,0,0,0,0,0,"(0.0, 0.0)","(0.0, 0.0)","(0.0, 0.0)","(0.0, 0.0, 0.0)","(0.0, 0.0, 0.0)","(0.0, 0.0, 0.0)","(0.0, 0.0, 0.0)","(0.0, 0.0, 0.0)","(0.0, 0.0, 0.0)",0,0,0,0,0,0,False,0,0,0,0,0,0,0,0,"(0.0, 6.0, 1247.1)","(0.2, 0.0, 0.0, 1.0)"
0,919315.3,0,0,0,0,0,0,0,0,0,"(0.0, 0.0)","(0.0, 0.0)","(0.0, 0.0)","(0.0, 0.0, 0.0)","(0.0, 0.0, 0.0)","(0.0, 0.0, 0.0)","(0.0, 0.0, 0.0)","(0.0, 0.0, 0.0)","(0.0, 0.0, 0.0)",0,0,0,0,0,0,False,0,0,0,0,0,0,0,0,"(0.0, 6.0, 1247.4)","(0.2, 0.0, 0.0, 1.0)"
0,919336.9,0,0,0,0,0,0,0,0,0,"(0.0, 0.0)","(0.0, 0.0)","(0.0, 0.0)","(0.0, 0.0, 0.0)","(0.0, 0.0, 0.0)","(0.0, 0.0, 0.0)","(0.0, 0.0, 0.0)","(0.0, 0.0, 0.0)","(0.0, 0.0, 0.0)",0,0,0,0,0,0,False,0,0,0,0,0,0,0,0,"(0.0, 6.0, 1247.7)","(0.2, 0.0, 0.0, 1.0)"
0,919355.6,0,0,0,0,0,0,0,0,0,"(0.0, 0.0)","(0.0, 0.0)","(0.0, 0.0)","(0.0, 0.0, 0.0)","(0.0, 0.0, 0.0)","(0.0, 0.0, 0.0)","(0.0, 0.0, 0.0)","(0.0, 0.0, 0.0)","(0.0, 0.0, 0.0)",0,0,0,0,0,0,False,0,0,0,0,0,0,0,0,"(0.0, 6.0, 1248.0)","(0.2, 0.0, 0.0, 1.0)"
0,919375.4,0,0,0,0,0,0,0,0,0,"(0.0, 0.0)","(0.0, 0.0)","(0.0, 0.0)","(0.0, 0.0, 0.0)","(0.0, 0.0, 0.0)","(0.0, 0.0, 0.0)","(0.0, 0.0, 0.0)","(0.0, 0.0, 0.0)","(0.0, 0.0, 0.0)",0,0,0,0,0,0,False,0,0,0,0,0,0,0,0,"(0.0, 6.0, 1248.3)","(0.2, 0.0, 0.0, 1.0)"
0,919395.6,0,0,0,0,0,0,0,0,0,"(0.0, 0.0)","(0.0, 0.0)","(0.0, 0.0)","(0.0, 0.0, 0.0)","(0.0, 0.0, 0.0)","(0.0, 0.0, 0.0)","(0.0, 0.0, 0.0)","(0.0, 0.0, 0.0)","(0.0, 0.0, 0.0)",0,0,0,0,0,0,False,0,0,0,0,0,0,0,0,"(0.0, 6.0, 1248.5)","(0.2, 0.0, 0.0, 1.0)"
0,919417.5,0,0,0,0,0,0,0,0,0,"(0.0, 0.0)","(0.0, 0.0)","(0.0, 0.0)","(0.0, 0.0, 0.0)","(0.0, 0.0, 0.0)","(0.0, 0.0, 0.0)","(0.0, 0.0, 0.0)","(0.0, 0.0, 0.0)","(0.0, 0.0, 0.0)",0,0,0,0,0,0,False,0,0,0,0,0,0,0,0,"(0.0, 6.0, 1248.8)","(0.2, 0.0, 0.0, 1.0)"
0,919440.2,0,0,0,0,0,0,0,0,0,"(0.0, 0.0)","(0.0, 0.0)","(0.0, 0.0)","(0.0, 0.0, 0.0)","(0.0, 0.0, 0.0)","(0.0, 0.0, 0.0)","(0.0, 0.0, 0.0)","(0.0, 0.0, 0.0)","(0.0, 0.0, 0.0)",0,0,0,0,0,0,False,0,0,0,0,0,0,0,0,"(0.0, 6.0, 1249.1)","(0.2, 0.0, 0.0, 1.0)"
0,919460.3,0,0,0,0,0,0,0,0,0,"(0.0, 0.0)","(0.0, 0.0)","(0.0, 0.0)","(0.0, 0.0, 0.0)","(0.0, 0.0, 0.0)","(0.0, 0.0, 0.0)","(0.0, 0.0, 0.0)","(0.0, 0.0, 0.0)","(0.0, 0.0, 0.0)",0,0,0,0,0,0,False,0,0,0,0,0,0,0,0,"(0.0, 6.0, 1249.4)","(0.2, 0.0, 0.0, 1.0)"
0,919481.7,0,0,0,0,0,0,0,0,0,"(0.0, 0.0)","(0.0, 0.0)","(0.0, 0.0)","(0.0, 0.0, 0.0)","(0.0, 0.0, 0.0)","(0.0, 0.0, 0.0)","(0.0, 0.0, 0.0)","(0.0, 0.0, 0.0)","(0.0, 0.0, 0.0)",0,0,0,0,0,0,False,0,0,0,0,0,0,0,0,"(0.0, 6.0, 1249.7)","(0.2, 0.0, 0.0, 1.0)"
0,919504,0,0,0,0,0,0,0,0,0,"(0.0, 0.0)","(0.0, 0.0)","(0.0, 0.0)","(0.0, 0.0, 0.0)","(0.0, 0.0, 0.0)","(0.0, 0.0, 0.0)","(0.0, 0.0, 0.0)","(0.0, 0.0, 0.0)","(0.0, 0.0, 0.0)",0,0,0,0,0,0,False,0,0,0,0,0,0,0,0,"(0.0, 6.0, 1250.0)","(0.2, 0.0, 0.0, 1.0)"
0,919524.3,0,0,0,0,0,0,0,0,0,"(0.0, 0.0)","(0.0, 0.0)","(0.0, 0.0)","(0.0, 0.0, 0.0)","(0.0, 0.0, 0.0)","(0.0, 0.0, 0.0)","(0.0, 0.0, 0.0)","(0.0, 0.0, 0.0)","(0.0, 0.0, 0.0)",0,0,0,0,0,0,False,0,0,0,0,0,0,0,0,"(0.0, 6.0, 1250.3)","(0.2, 0.0, 0.0, 1.0)"
0,919541.6,0,0,0,0,0,0,0,0,0,"(0.0, 0.0)","(0.0, 0.0)","(0.0, 0.0)","(0.0, 0.0, 0.0)","(0.0, 0.0, 0.0)","(0.0, 0.0, 0.0)","(0.0, 0.0, 0.0)","(0.0, 0.0, 0.0)","(0.0, 0.0, 0.0)",0,0,0,0,0,0,False,0,0,0,0,0,0,0,0,"(0.0, 6.0, 1250.6)","(0.2, 0.0, 0.0, 1.0)"
0,919560.7,0,0,0,0,0,0,0,0,0,"(0.0, 0.0)","(0.0, 0.0)","(0.0, 0.0)","(0.0, 0.0, 0.0)","(0.0, 0.0, 0.0)","(0.0, 0.0, 0.0)","(0.0, 0.0, 0.0)","(0.0, 0.0, 0.0)","(0.0, 0.0, 0.0)",0,0,0,0,0,0,False,0,0,0,0,0,0,0,0,"(0.0, 6.0, 1250.9)","(0.2, 0.0, 0.0, 1.0)"
0,919580.7,0,0,0,0,0,0,0,0,0,"(0.0, 0.0)","(0.0, 0.0)","(0.0, 0.0)","(0.0, 0.0, 0.0)","(0.0, 0.0, 0.0)","(0.0, 0.0, 0.0)","(0.0, 0.0, 0.0)","(0.0, 0.0, 0.0)","(0.0, 0.0, 0.0)",0,0,0,0,0,0,False,0,0,0,0,0,0,0,0,"(0.0, 6.0, 1251.1)","(0.2, 0.0, 0.0, 1.0)"
0,919603.1,0,0,0,0,0,0,0,0,0,"(0.0, 0.0)","(0.0, 0.0)","(0.0, 0.0)","(0.0, 0.0, 0.0)","(0.0, 0.0, 0.0)","(0.0, 0.0, 0.0)","(0.0, 0.0, 0.0)","(0.0, 0.0, 0.0)","(0.0, 0.0, 0.0)",0,0,0,0,0,0,False,0,0,0,0,0,0,0,0,"(0.0, 6.0, 1251.4)","(0.2, 0.0, 0.0, 1.0)"
0,919620.8,0,0,0,0,0,0,0,0,0,"(0.0, 0.0)","(0.0, 0.0)","(0.0, 0.0)","(0.0, 0.0, 0.0)","(0.0, 0.0, 0.0)","(0.0, 0.0, 0.0)","(0.0, 0.0, 0.0)","(0.0, 0.0, 0.0)","(0.0, 0.0, 0.0)",0,0,0,0,0,0,False,0,0,0,0,0,0,0,0,"(0.0, 6.0, 1251.7)","(0.2, 0.0, 0.0, 1.0)"
0,919640.1,0,0,0,0,0,0,0,0,0,"(0.0, 0.0)","(0.0, 0.0)","(0.0, 0.0)","(0.0, 0.0, 0.0)","(0.0, 0.0, 0.0)","(0.0, 0.0, 0.0)","(0.0, 0.0, 0.0)","(0.0, 0.0, 0.0)","(0.0, 0.0, 0.0)",0,0,0,0,0,0,False,0,0,0,0,0,0,0,0,"(0.0, 6.0, 1252.0)","(0.2, 0.0, 0.0, 1.0)"
0,919658.6,0,0,0,0,0,0,0,0,0,"(0.0, 0.0)","(0.0, 0.0)","(0.0, 0.0)","(0.0, 0.0, 0.0)","(0.0, 0.0, 0.0)","(0.0, 0.0, 0.0)","(0.0, 0.0, 0.0)","(0.0, 0.0, 0.0)","(0.0, 0.0, 0.0)",0,0,0,0,0,0,False,0,0,0,0,0,0,0,0,"(0.0, 6.0, 1252.3)","(0.2, 0.0, 0.0, 1.0)"
0,919678,0,0,0,0,0,0,0,0,0,"(0.0, 0.0)","(0.0, 0.0)","(0.0, 0.0)","(0.0, 0.0, 0.0)","(0.0, 0.0, 0.0)","(0.0, 0.0, 0.0)","(0.0, 0.0, 0.0)","(0.0, 0.0, 0.0)","(0.0, 0.0, 0.0)",0,0,0,0,0,0,False,0,0,0,0,0,0,0,0,"(0.0, 6.0, 1252.6)","(0.2, 0.0, 0.0, 1.0)"
0,919697.9,0,0,0,0,0,0,0,0,0,"(0.0, 0.0)","(0.0, 0.0)","(0.0, 0.0)","(0.0, 0.0, 0.0)","(0.0, 0.0, 0.0)","(0.0, 0.0, 0.0)","(0.0, 0.0, 0.0)","(0.0, 0.0, 0.0)","(0.0, 0.0, 0.0)",0,0,0,0,0,0,False,0,0,0,0,0,0,0,0,"(0.0, 6.0, 1252.8)","(0.2, 0.0, 0.0, 1.0)"
0,919721.2,0,0,0,0,0,0,0,0,0,"(0.0, 0.0)","(0.0, 0.0)","(0.0, 0.0)","(0.0, 0.0, 0.0)","(0.0, 0.0, 0.0)","(0.0, 0.0, 0.0)","(0.0, 0.0, 0.0)","(0.0, 0.0, 0.0)","(0.0, 0.0, 0.0)",0,0,0,0,0,0,False,0,0,0,0,0,0,0,0,"(0.0, 6.0, 1253.1)","(0.2, 0.0, 0.0, 1.0)"
0,919740.4,0,0,0,0,0,0,0,0,0,"(0.0, 0.0)","(0.0, 0.0)","(0.0, 0.0)","(0.0, 0.0, 0.0)","(0.0, 0.0, 0.0)","(0.0, 0.0, 0.0)","(0.0, 0.0, 0.0)","(0.0, 0.0, 0.0)","(0.0, 0.0, 0.0)",0,0,0,0,0,0,False,0,0,0,0,0,0,0,0,"(0.0, 6.0, 1253.4)","(0.2, 0.0, 0.0, 1.0)"
0,919762.5,0,0,0,0,0,0,0,0,0,"(0.0, 0.0)","(0.0, 0.0)","(0.0, 0.0)","(0.0, 0.0, 0.0)","(0.0, 0.0, 0.0)","(0.0, 0.0, 0.0)","(0.0, 0.0, 0.0)","(0.0, 0.0, 0.0)","(0.0, 0.0, 0.0)",0,0,0,0,0,0,False,0,0,0,0,0,0,0,0,"(0.0, 6.0, 1253.7)","(0.2, 0.0, 0.0, 1.0)"
0,919784.8,0,0,0,0,0,0,0,0,0,"(0.0, 0.0)","(0.0, 0.0)","(0.0, 0.0)","(0.0, 0.0, 0.0)","(0.0, 0.0, 0.0)","(0.0, 0.0, 0.0)","(0.0, 0.0, 0.0)","(0.0, 0.0, 0.0)","(0.0, 0.0, 0.0)",0,0,0,0,0,0,False,0,0,0,0,0,0,0,0,"(0.0, 6.0, 1254.0)","(0.2, 0.0, 0.0, 1.0)"
0,919806.6,0,0,0,0,0,0,0,0,0,"(0.0, 0.0)","(0.0, 0.0)","(0.0, 0.0)","(0.0, 0.0, 0.0)","(0.0, 0.0, 0.0)","(0.0, 0.0, 0.0)","(0.0, 0.0, 0.0)","(0.0, 0.0, 0.0)","(0.0, 0.0, 0.0)",0,0,0,0,0,0,False,0,0,0,0,0,0,0,0,"(0.0, 6.0, 1254.3)","(0.2, 0.0, 0.0, 1.0)"
0,919829.8,0,0,0,0,0,0,0,0,0,"(0.0, 0.0)","(0.0, 0.0)","(0.0, 0.0)","(0.0, 0.0, 0.0)","(0.0, 0.0, 0.0)","(0.0, 0.0, 0.0)","(0.0, 0.0, 0.0)","(0.0, 0.0, 0.0)","(0.0, 0.0, 0.0)",0,0,0,0,0,0,False,0,0,0,0,0,0,0,0,"(0.0, 6.0, 1254.6)","(0.2, 0.0, 0.0, 1.0)"
0,919851.6,0,0,0,0,0,0,0,0,0,"(0.0, 0.0)","(0.0, 0.0)","(0.0, 0.0)","(0.0, 0.0, 0.0)","(0.0, 0.0, 0.0)","(0.0, 0.0, 0.0)","(0.0, 0.0, 0.0)","(0.0, 0.0, 0.0)","(0.0, 0.0, 0.0)",0,0,0,0,0,0,False,0,0,0,0,0,0,0,0,"(0.0, 6.0, 1254.8)","(0.2, 0.0, 0.0, 1.0)"
0,919872.7,0,0,0,0,0,0,0,0,0,"(0.0, 0.0)","(0.0, 0.0)","(0.0, 0.0)","(0.0, 0.0, 0.0)","(0.0, 0.0, 0.0)","(0.0, 0.0, 0.0)","(0.0, 0.0, 0.0)","(0.0, 0.0, 0.0)","(0.0, 0.0, 0.0)",0,0,0,0,0,0,False,0,0,0,0,0,0,0,0,"(0.0, 6.0, 1255.1)","(0.2, 0.0, 0.0, 1.0)"
0,919895.2,0,0,0,0,0,0,0,0,0,"(0.0, 0.0)","(0.0, 0.0)","(0.0, 0.0)","(0.0, 0.0, 0.0)","(0.0, 0.0, 0.0)","(0.0, 0.0, 0.0)","(0.0, 0.0, 0.0)","(0.0, 0.0, 0.0)","(0.0, 0.0, 0.0)",0,0,0,0,0,0,False,0,0,0,0,0,0,0,0,"(0.0, 6.0, 1255.4)","(0.2, 0.0, 0.0, 1.0)"
0,919919.7,0,0,0,0,0,0,0,0,0,"(0.0, 0.0)","(0.0, 0.0)","(0.0, 0.0)","(0.0, 0.0, 0.0)","(0.0, 0.0, 0.0)","(0.0, 0.0, 0.0)","(0.0, 0.0, 0.0)","(0.0, 0.0, 0.0)","(0.0, 0.0, 0.0)",0,0,0,0,0,0,False,0,0,0,0,0,0,0,0,"(0.0, 6.0, 1255.7)","(0.2, 0.0, 0.0, 1.0)"
0,919939.1,0,0,0,0,0,0,0,0,0,"(0.0, 0.0)","(0.0, 0.0)","(0.0, 0.0)","(0.0, 0.0, 0.0)","(0.0, 0.0, 0.0)","(0.0, 0.0, 0.0)","(0.0, 0.0, 0.0)","(0.0, 0.0, 0.0)","(0.0, 0.0, 0.0)",0,0,0,0,0,0,False,0,0,0,0,0,0,0,0,"(0.0, 6.0, 1256.0)","(0.2, 0.0, 0.0, 1.0)"
0,919961.9,0,0,0,0,0,0,0,0,0,"(0.0, 0.0)","(0.0, 0.0)","(0.0, 0.0)","(0.0, 0.0, 0.0)","(0.0, 0.0, 0.0)","(0.0, 0.0, 0.0)","(0.0, 0.0, 0.0)","(0.0, 0.0, 0.0)","(0.0, 0.0, 0.0)",0,0,0,0,0,0,False,0,0,0,0,0,0,0,0,"(0.0, 6.0, 1256.3)","(0.2, 0.0, 0.0, 1.0)"
0,919984.9,0,0,0,0,0,0,0,0,0,"(0.0, 0.0)","(0.0, 0.0)","(0.0, 0.0)","(0.0, 0.0, 0.0)","(0.0, 0.0, 0.0)","(0.0, 0.0, 0.0)","(0.0, 0.0, 0.0)","(0.0, 0.0, 0.0)","(0.0, 0.0, 0.0)",0,0,0,0,0,0,False,0,0,0,0,0,0,0,0,"(0.0, 6.0, 1256.6)","(0.2, 0.0, 0.0, 1.0)"
0,920005.8,0,0,0,0,0,0,0,0,0,"(0.0, 0.0)","(0.0, 0.0)","(0.0, 0.0)","(0.0, 0.0, 0.0)","(0.0, 0.0, 0.0)","(0.0, 0.0, 0.0)","(0.0, 0.0, 0.0)","(0.0, 0.0, 0.0)","(0.0, 0.0, 0.0)",0,0,0,0,0,0,False,0,0,0,0,0,0,0,0,"(0.0, 6.0, 1256.9)","(0.2, 0.0, 0.0, 1.0)"
0,920028.6,0,0,0,0,0,0,0,0,0,"(0.0, 0.0)","(0.0, 0.0)","(0.0, 0.0)","(0.0, 0.0, 0.0)","(0.0, 0.0, 0.0)","(0.0, 0.0, 0.0)","(0.0, 0.0, 0.0)","(0.0, 0.0, 0.0)","(0.0, 0.0, 0.0)",0,0,0,0,0,0,False,0,0,0,0,0,0,0,0,"(0.0, 6.0, 1257.2)","(0.2, 0.0, 0.0, 1.0)"
0,920051.6,0,0,0,0,0,0,0,0,0,"(0.0, 0.0)","(0.0, 0.0)","(0.0, 0.0)","(0.0, 0.0, 0.0)","(0.0, 0.0, 0.0)","(0.0, 0.0, 0.0)","(0.0, 0.0, 0.0)","(0.0, 0.0, 0.0)","(0.0, 0.0, 0.0)",0,0,0,0,0,0,False,0,0,0,0,0,0,0,0,"(0.0, 6.0, 1257.5)","(0.2, 0.0, 0.0, 1.0)"
0,920072.4,0,0,0,0,0,0,0,0,0,"(0.0, 0.0)","(0.0, 0.0)","(0.0, 0.0)","(0.0, 0.0, 0.0)","(0.0, 0.0, 0.0)","(0.0, 0.0, 0.0)","(0.0, 0.0, 0.0)","(0.0, 0.0, 0.0)","(0.0, 0.0, 0.0)",0,0,0,0,0,0,False,0,0,0,0,0,0,0,0,"(0.0, 6.0, 1257.9)","(0.2, 0.0, 0.0, 1.0)"
0,920095.8,0,0,0,0,0,0,0,0,0,"(0.0, 0.0)","(0.0, 0.0)","(0.0, 0.0)","(0.0, 0.0, 0.0)","(0.0, 0.0, 0.0)","(0.0, 0.0, 0.0)","(0.0, 0.0, 0.0)","(0.0, 0.0, 0.0)","(0.0, 0.0, 0.0)",0,0,0,0,0,0,False,0,0,0,0,0,0,0,0,"(0.0, 6.0, 1258.2)","(0.2, 0.0, 0.0, 1.0)"
0,920120.6,0,0,0,0,0,0,0,0,0,"(0.0, 0.0)","(0.0, 0.0)","(0.0, 0.0)","(0.0, 0.0, 0.0)","(0.0, 0.0, 0.0)","(0.0, 0.0, 0.0)","(0.0, 0.0, 0.0)","(0.0, 0.0, 0.0)","(0.0, 0.0, 0.0)",0,0,0,0,0,0,False,0,0,0,0,0,0,0,0,"(0.0, 6.0, 1258.5)","(0.2, 0.0, 0.0, 1.0)"
0,920139.8,0,0,0,0,0,0,0,0,0,"(0.0, 0.0)","(0.0, 0.0)","(0.0, 0.0)","(0.0, 0.0, 0.0)","(0.0, 0.0, 0.0)","(0.0, 0.0, 0.0)","(0.0, 0.0, 0.0)","(0.0, 0.0, 0.0)","(0.0, 0.0, 0.0)",0,0,0,0,0,0,False,0,0,0,0,0,0,0,0,"(0.0, 6.0, 1258.8)","(0.2, 0.0, 0.0, 1.0)"
0,920158.6,0,0,0,0,0,0,0,0,0,"(0.0, 0.0)","(0.0, 0.0)","(0.0, 0.0)","(0.0, 0.0, 0.0)","(0.0, 0.0, 0.0)","(0.0, 0.0, 0.0)","(0.0, 0.0, 0.0)","(0.0, 0.0, 0.0)","(0.0, 0.0, 0.0)",0,0,0,0,0,0,False,0,0,0,0,0,0,0,0,"(0.0, 6.0, 1259.1)","(0.2, 0.0, 0.0, 1.0)"
0,920178.3,0,0,0,0,0,0,0,0,0,"(0.0, 0.0)","(0.0, 0.0)","(0.0, 0.0)","(0.0, 0.0, 0.0)","(0.0, 0.0, 0.0)","(0.0, 0.0, 0.0)","(0.0, 0.0, 0.0)","(0.0, 0.0, 0.0)","(0.0, 0.0, 0.0)",0,0,0,0,0,0,False,0,0,0,0,0,0,0,0,"(0.0, 6.0, 1259.4)","(0.2, 0.0, 0.0, 1.0)"
0,920201.2,0,0,0,0,0,0,0,0,0,"(0.0, 0.0)","(0.0, 0.0)","(0.0, 0.0)","(0.0, 0.0, 0.0)","(0.0, 0.0, 0.0)","(0.0, 0.0, 0.0)","(0.0, 0.0, 0.0)","(0.0, 0.0, 0.0)","(0.0, 0.0, 0.0)",0,0,0,0,0,0,False,0,0,0,0,0,0,0,0,"(0.0, 6.0, 1259.7)","(0.2, 0.0, 0.0, 1.0)"
0,920221.3,0,0,0,0,0,0,0,0,0,"(0.0, 0.0)","(0.0, 0.0)","(0.0, 0.0)","(0.0, 0.0, 0.0)","(0.0, 0.0, 0.0)","(0.0, 0.0, 0.0)","(0.0, 0.0, 0.0)","(0.0, 0.0, 0.0)","(0.0, 0.0, 0.0)",0,0,0,0,0,0,False,0,0,0,0,0,0,0,0,"(0.0, 6.0, 1260.0)","(0.2, 0.0, 0.0, 1.0)"
0,920240.6,0,0,0,0,0,0,0,0,0,"(0.0, 0.0)","(0.0, 0.0)","(0.0, 0.0)","(0.0, 0.0, 0.0)","(0.0, 0.0, 0.0)","(0.0, 0.0, 0.0)","(0.0, 0.0, 0.0)","(0.0, 0.0, 0.0)","(0.0, 0.0, 0.0)",0,0,0,0,0,0,False,0,0,0,0,0,0,0,0,"(0.0, 6.0, 1260.3)","(0.2, 0.0, 0.0, 1.0)"
0,920260.7,0,0,0,0,0,0,0,0,0,"(0.0, 0.0)","(0.0, 0.0)","(0.0, 0.0)","(0.0, 0.0, 0.0)","(0.0, 0.0, 0.0)","(0.0, 0.0, 0.0)","(0.0, 0.0, 0.0)","(0.0, 0.0, 0.0)","(0.0, 0.0, 0.0)",0,0,0,0,0,0,False,0,0,0,0,0,0,0,0,"(0.0, 6.0, 1260.6)","(0.2, 0.0, 0.0, 1.0)"
0,920286.3,0,0,0,0,0,0,0,0,0,"(0.0, 0.0)","(0.0, 0.0)","(0.0, 0.0)","(0.0, 0.0, 0.0)","(0.0, 0.0, 0.0)","(0.0, 0.0, 0.0)","(0.0, 0.0, 0.0)","(0.0, 0.0, 0.0)","(0.0, 0.0, 0.0)",0,0,0,0,0,0,False,0,0,0,0,0,0,0,0,"(0.0, 6.0, 1260.9)","(0.2, 0.0, 0.0, 1.0)"
0,920304.3,0,0,0,0,0,0,0,0,0,"(0.0, 0.0)","(0.0, 0.0)","(0.0, 0.0)","(0.0, 0.0, 0.0)","(0.0, 0.0, 0.0)","(0.0, 0.0, 0.0)","(0.0, 0.0, 0.0)","(0.0, 0.0, 0.0)","(0.0, 0.0, 0.0)",0,0,0,0,0,0,False,0,0,0,0,0,0,0,0,"(0.0, 6.0, 1261.2)","(0.2, 0.0, 0.0, 1.0)"
0,920324.2,0,0,0,0,0,0,0,0,0,"(0.0, 0.0)","(0.0, 0.0)","(0.0, 0.0)","(0.0, 0.0, 0.0)","(0.0, 0.0, 0.0)","(0.0, 0.0, 0.0)","(0.0, 0.0, 0.0)","(0.0, 0.0, 0.0)","(0.0, 0.0, 0.0)",0,0,0,0,0,0,False,0,0,0,0,0,0,0,0,"(0.0, 6.0, 1261.5)","(0.2, 0.0, 0.0, 1.0)"
0,920343.2,0,0,0,0,0,0,0,0,0,"(0.0, 0.0)","(0.0, 0.0)","(0.0, 0.0)","(0.0, 0.0, 0.0)","(0.0, 0.0, 0.0)","(0.0, 0.0, 0.0)","(0.0, 0.0, 0.0)","(0.0, 0.0, 0.0)","(0.0, 0.0, 0.0)",0,0,0,0,0,0,False,0,0,0,0,0,0,0,0,"(0.0, 6.0, 1261.8)","(0.2, 0.0, 0.0, 1.0)"
0,920363.4,0,0,0,0,0,0,0,0,0,"(0.0, 0.0)","(0.0, 0.0)","(0.0, 0.0)","(0.0, 0.0, 0.0)","(0.0, 0.0, 0.0)","(0.0, 0.0, 0.0)","(0.0, 0.0, 0.0)","(0.0, 0.0, 0.0)","(0.0, 0.0, 0.0)",0,0,0,0,0,0,False,0,0,0,0,0,0,0,0,"(0.0, 6.0, 1262.0)","(0.2, 0.0, 0.0, 1.0)"
0,920383.3,0,0,0,0,0,0,0,0,0,"(0.0, 0.0)","(0.0, 0.0)","(0.0, 0.0)","(0.0, 0.0, 0.0)","(0.0, 0.0, 0.0)","(0.0, 0.0, 0.0)","(0.0, 0.0, 0.0)","(0.0, 0.0, 0.0)","(0.0, 0.0, 0.0)",0,0,0,0,0,0,False,0,0,0,0,0,0,0,0,"(0.0, 6.0, 1262.3)","(0.2, 0.0, 0.0, 1.0)"
0,920402.3,0,0,0,0,0,0,0,0,0,"(0.0, 0.0)","(0.0, 0.0)","(0.0, 0.0)","(0.0, 0.0, 0.0)","(0.0, 0.0, 0.0)","(0.0, 0.0, 0.0)","(0.0, 0.0, 0.0)","(0.0, 0.0, 0.0)","(0.0, 0.0, 0.0)",0,0,0,0,0,0,False,0,0,0,0,0,0,0,0,"(0.0, 6.0, 1262.6)","(0.2, 0.0, 0.0, 1.0)"
0,920421.3,0,0,0,0,0,0,0,0,0,"(0.0, 0.0)","(0.0, 0.0)","(0.0, 0.0)","(0.0, 0.0, 0.0)","(0.0, 0.0, 0.0)","(0.0, 0.0, 0.0)","(0.0, 0.0, 0.0)","(0.0, 0.0, 0.0)","(0.0, 0.0, 0.0)",0,0,0,0,0,0,False,0,0,0,0,0,0,0,0,"(0.0, 6.0, 1262.9)","(0.2, 0.0, 0.0, 1.0)"
0,920440.1,0,0,0,0,0,0,0,0,0,"(0.0, 0.0)","(0.0, 0.0)","(0.0, 0.0)","(0.0, 0.0, 0.0)","(0.0, 0.0, 0.0)","(0.0, 0.0, 0.0)","(0.0, 0.0, 0.0)","(0.0, 0.0, 0.0)","(0.0, 0.0, 0.0)",0,0,0,0,0,0,False,0,0,0,0,0,0,0,0,"(0.0, 6.0, 1263.2)","(0.2, 0.0, 0.0, 1.0)"
0,920458.3,0,0,0,0,0,0,0,0,0,"(0.0, 0.0)","(0.0, 0.0)","(0.0, 0.0)","(0.0, 0.0, 0.0)","(0.0, 0.0, 0.0)","(0.0, 0.0, 0.0)","(0.0, 0.0, 0.0)","(0.0, 0.0, 0.0)","(0.0, 0.0, 0.0)",0,0,0,0,0,0,False,0,0,0,0,0,0,0,0,"(0.0, 6.0, 1263.5)","(0.2, 0.0, 0.0, 1.0)"
0,920477.4,0,0,0,0,0,0,0,0,0,"(0.0, 0.0)","(0.0, 0.0)","(0.0, 0.0)","(0.0, 0.0, 0.0)","(0.0, 0.0, 0.0)","(0.0, 0.0, 0.0)","(0.0, 0.0, 0.0)","(0.0, 0.0, 0.0)","(0.0, 0.0, 0.0)",0,0,0,0,0,0,False,0,0,0,0,0,0,0,0,"(0.0, 6.0, 1263.7)","(0.2, 0.0, 0.0, 1.0)"
0,920496.2,0,0,0,0,0,0,0,0,0,"(0.0, 0.0)","(0.0, 0.0)","(0.0, 0.0)","(0.0, 0.0, 0.0)","(0.0, 0.0, 0.0)","(0.0, 0.0, 0.0)","(0.0, 0.0, 0.0)","(0.0, 0.0, 0.0)","(0.0, 0.0, 0.0)",0,0,0,0,0,0,False,0,0,0,0,0,0,0,0,"(0.0, 6.0, 1264.0)","(0.2, 0.0, 0.0, 1.0)"
0,920520.9,0,0,0,0,0,0,0,0,0,"(0.0, 0.0)","(0.0, 0.0)","(0.0, 0.0)","(0.0, 0.0, 0.0)","(0.0, 0.0, 0.0)","(0.0, 0.0, 0.0)","(0.0, 0.0, 0.0)","(0.0, 0.0, 0.0)","(0.0, 0.0, 0.0)",0,0,0,0,0,0,False,0,0,0,0,0,0,0,0,"(0.0, 6.0, 1264.3)","(0.2, 0.0, 0.0, 1.0)"
0,920538.1,0,0,0,0,0,0,0,0,0,"(0.0, 0.0)","(0.0, 0.0)","(0.0, 0.0)","(0.0, 0.0, 0.0)","(0.0, 0.0, 0.0)","(0.0, 0.0, 0.0)","(0.0, 0.0, 0.0)","(0.0, 0.0, 0.0)","(0.0, 0.0, 0.0)",0,0,0,0,0,0,False,0,0,0,0,0,0,0,0,"(0.0, 6.0, 1264.6)","(0.2, 0.0, 0.0, 1.0)"
0,920562.3,0,0,0,0,0,0,0,0,0,"(0.0, 0.0)","(0.0, 0.0)","(0.0, 0.0)","(0.0, 0.0, 0.0)","(0.0, 0.0, 0.0)","(0.0, 0.0, 0.0)","(0.0, 0.0, 0.0)","(0.0, 0.0, 0.0)","(0.0, 0.0, 0.0)",0,0,0,0,0,0,False,0,0,0,0,0,0,0,0,"(0.0, 6.0, 1264.9)","(0.2, 0.0, 0.0, 1.0)"
0,920583.6,0,0,0,0,0,0,0,0,0,"(0.0, 0.0)","(0.0, 0.0)","(0.0, 0.0)","(0.0, 0.0, 0.0)","(0.0, 0.0, 0.0)","(0.0, 0.0, 0.0)","(0.0, 0.0, 0.0)","(0.0, 0.0, 0.0)","(0.0, 0.0, 0.0)",0,0,0,0,0,0,False,0,0,0,0,0,0,0,0,"(0.0, 6.0, 1265.2)","(0.2, 0.0, 0.0, 1.0)"
0,920605.6,0,0,0,0,0,0,0,0,0,"(0.0, 0.0)","(0.0, 0.0)","(0.0, 0.0)","(0.0, 0.0, 0.0)","(0.0, 0.0, 0.0)","(0.0, 0.0, 0.0)","(0.0, 0.0, 0.0)","(0.0, 0.0, 0.0)","(0.0, 0.0, 0.0)",0,0,0,0,0,0,False,0,0,0,0,0,0,0,0,"(0.0, 6.0, 1265.4)","(0.2, 0.0, 0.0, 1.0)"
0,920628.4,0,0,0,0,0,0,0,0,0,"(0.0, 0.0)","(0.0, 0.0)","(0.0, 0.0)","(0.0, 0.0, 0.0)","(0.0, 0.0, 0.0)","(0.0, 0.0, 0.0)","(0.0, 0.0, 0.0)","(0.0, 0.0, 0.0)","(0.0, 0.0, 0.0)",0,0,0,0,0,0,False,0,0,0,0,0,0,0,0,"(0.0, 6.0, 1265.7)","(0.2, 0.0, 0.0, 1.0)"
0,920651.4,0,0,0,0,0,0,0,0,0,"(0.0, 0.0)","(0.0, 0.0)","(0.0, 0.0)","(0.0, 0.0, 0.0)","(0.0, 0.0, 0.0)","(0.0, 0.0, 0.0)","(0.0, 0.0, 0.0)","(0.0, 0.0, 0.0)","(0.0, 0.0, 0.0)",0,0,0,0,0,0,False,0,0,0,0,0,0,0,0,"(0.0, 6.0, 1266.0)","(0.2, 0.0, 0.0, 1.0)"
0,920672.1,0,0,0,0,0,0,0,0,0,"(0.0, 0.0)","(0.0, 0.0)","(0.0, 0.0)","(0.0, 0.0, 0.0)","(0.0, 0.0, 0.0)","(0.0, 0.0, 0.0)","(0.0, 0.0, 0.0)","(0.0, 0.0, 0.0)","(0.0, 0.0, 0.0)",0,0,0,0,0,0,False,0,0,0,0,0,0,0,0,"(0.0, 6.0, 1266.3)","(0.2, 0.0, 0.0, 1.0)"
0,920694.9,0,0,0,0,0,0,0,0,0,"(0.0, 0.0)","(0.0, 0.0)","(0.0, 0.0)","(0.0, 0.0, 0.0)","(0.0, 0.0, 0.0)","(0.0, 0.0, 0.0)","(0.0, 0.0, 0.0)","(0.0, 0.0, 0.0)","(0.0, 0.0, 0.0)",0,0,0,0,0,0,False,0,0,0,0,0,0,0,0,"(0.0, 6.0, 1266.6)","(0.2, 0.0, 0.0, 1.0)"
0,920718,0,0,0,0,0,0,0,0,0,"(0.0, 0.0)","(0.0, 0.0)","(0.0, 0.0)","(0.0, 0.0, 0.0)","(0.0, 0.0, 0.0)","(0.0, 0.0, 0.0)","(0.0, 0.0, 0.0)","(0.0, 0.0, 0.0)","(0.0, 0.0, 0.0)",0,0,0,0,0,0,False,0,0,0,0,0,0,0,0,"(0.0, 6.0, 1266.9)","(0.2, 0.0, 0.0, 1.0)"
0,920738.9,0,0,0,0,0,0,0,0,0,"(0.0, 0.0)","(0.0, 0.0)","(0.0, 0.0)","(0.0, 0.0, 0.0)","(0.0, 0.0, 0.0)","(0.0, 0.0, 0.0)","(0.0, 0.0, 0.0)","(0.0, 0.0, 0.0)","(0.0, 0.0, 0.0)",0,0,0,0,0,0,False,0,0,0,0,0,0,0,0,"(0.0, 6.0, 1267.2)","(0.2, 0.0, 0.0, 1.0)"
0,920761.9,0,0,0,0,0,0,0,0,0,"(0.0, 0.0)","(0.0, 0.0)","(0.0, 0.0)","(0.0, 0.0, 0.0)","(0.0, 0.0, 0.0)","(0.0, 0.0, 0.0)","(0.0, 0.0, 0.0)","(0.0, 0.0, 0.0)","(0.0, 0.0, 0.0)",0,0,0,0,0,0,False,0,0,0,0,0,0,0,0,"(0.0, 6.0, 1267.5)","(0.2, 0.0, 0.0, 1.0)"
0,920784.9,0,0,0,0,0,0,0,0,0,"(0.0, 0.0)","(0.0, 0.0)","(0.0, 0.0)","(0.0, 0.0, 0.0)","(0.0, 0.0, 0.0)","(0.0, 0.0, 0.0)","(0.0, 0.0, 0.0)","(0.0, 0.0, 0.0)","(0.0, 0.0, 0.0)",0,0,0,0,0,0,False,0,0,0,0,0,0,0,0,"(0.0, 6.0, 1267.8)","(0.2, 0.0, 0.0, 1.0)"
0,920807,0,0,0,0,0,0,0,0,0,"(0.0, 0.0)","(0.0, 0.0)","(0.0, 0.0)","(0.0, 0.0, 0.0)","(0.0, 0.0, 0.0)","(0.0, 0.0, 0.0)","(0.0, 0.0, 0.0)","(0.0, 0.0, 0.0)","(0.0, 0.0, 0.0)",0,0,0,0,0,0,False,0,0,0,0,0,0,0,0,"(0.0, 6.0, 1268.1)","(0.2, 0.0, 0.0, 1.0)"
0,920830.3,0,0,0,0,0,0,0,0,0,"(0.0, 0.0)","(0.0, 0.0)","(0.0, 0.0)","(0.0, 0.0, 0.0)","(0.0, 0.0, 0.0)","(0.0, 0.0, 0.0)","(0.0, 0.0, 0.0)","(0.0, 0.0, 0.0)","(0.0, 0.0, 0.0)",0,0,0,0,0,0,False,0,0,0,0,0,0,0,0,"(0.0, 6.0, 1268.4)","(0.2, 0.0, 0.0, 1.0)"
0,920854.5,0,0,0,0,0,0,0,0,0,"(0.0, 0.0)","(0.0, 0.0)","(0.0, 0.0)","(0.0, 0.0, 0.0)","(0.0, 0.0, 0.0)","(0.0, 0.0, 0.0)","(0.0, 0.0, 0.0)","(0.0, 0.0, 0.0)","(0.0, 0.0, 0.0)",0,0,0,0,0,0,False,0,0,0,0,0,0,0,0,"(0.0, 6.0, 1268.7)","(0.2, 0.0, 0.0, 1.0)"
0,920873.4,0,0,0,0,0,0,0,0,0,"(0.0, 0.0)","(0.0, 0.0)","(0.0, 0.0)","(0.0, 0.0, 0.0)","(0.0, 0.0, 0.0)","(0.0, 0.0, 0.0)","(0.0, 0.0, 0.0)","(0.0, 0.0, 0.0)","(0.0, 0.0, 0.0)",0,0,0,0,0,0,False,0,0,0,0,0,0,0,0,"(0.0, 6.0, 1269.1)","(0.2, 0.0, 0.0, 1.0)"
0,920894.8,0,0,0,0,0,0,0,0,0,"(0.0, 0.0)","(0.0, 0.0)","(0.0, 0.0)","(0.0, 0.0, 0.0)","(0.0, 0.0, 0.0)","(0.0, 0.0, 0.0)","(0.0, 0.0, 0.0)","(0.0, 0.0, 0.0)","(0.0, 0.0, 0.0)",0,0,0,0,0,0,False,0,0,0,0,0,0,0,0,"(0.0, 6.0, 1269.4)","(0.2, 0.0, 0.0, 1.0)"
0,920917.8,0,0,0,0,0,0,0,0,0,"(0.0, 0.0)","(0.0, 0.0)","(0.0, 0.0)","(0.0, 0.0, 0.0)","(0.0, 0.0, 0.0)","(0.0, 0.0, 0.0)","(0.0, 0.0, 0.0)","(0.0, 0.0, 0.0)","(0.0, 0.0, 0.0)",0,0,0,0,0,0,False,0,0,0,0,0,0,0,0,"(0.0, 6.0, 1269.7)","(0.2, 0.0, 0.0, 1.0)"
0,920939,0,0,0,0,0,0,0,0,0,"(0.0, 0.0)","(0.0, 0.0)","(0.0, 0.0)","(0.0, 0.0, 0.0)","(0.0, 0.0, 0.0)","(0.0, 0.0, 0.0)","(0.0, 0.0, 0.0)","(0.0, 0.0, 0.0)","(0.0, 0.0, 0.0)",0,0,0,0,0,0,False,0,0,0,0,0,0,0,0,"(0.0, 6.0, 1270.0)","(0.2, 0.0, 0.0, 1.0)"
0,920961.7,0,0,0,0,0,0,0,0,0,"(0.0, 0.0)","(0.0, 0.0)","(0.0, 0.0)","(0.0, 0.0, 0.0)","(0.0, 0.0, 0.0)","(0.0, 0.0, 0.0)","(0.0, 0.0, 0.0)","(0.0, 0.0, 0.0)","(0.0, 0.0, 0.0)",0,0,0,0,0,0,False,0,0,0,0,0,0,0,0,"(0.0, 6.0, 1270.3)","(0.2, 0.0, 0.0, 1.0)"
0,920987.4,0,0,0,0,0,0,0,0,0,"(0.0, 0.0)","(0.0, 0.0)","(0.0, 0.0)","(0.0, 0.0, 0.0)","(0.0, 0.0, 0.0)","(0.0, 0.0, 0.0)","(0.0, 0.0, 0.0)","(0.0, 0.0, 0.0)","(0.0, 0.0, 0.0)",0,0,0,0,0,0,False,0,0,0,0,0,0,0,0,"(0.0, 6.0, 1270.6)","(0.2, 0.0, 0.0, 1.0)"
0,921006.9,0,0,0,0,0,0,0,0,0,"(0.0, 0.0)","(0.0, 0.0)","(0.0, 0.0)","(0.0, 0.0, 0.0)","(0.0, 0.0, 0.0)","(0.0, 0.0, 0.0)","(0.0, 0.0, 0.0)","(0.0, 0.0, 0.0)","(0.0, 0.0, 0.0)",0,0,0,0,0,0,False,0,0,0,0,0,0,0,0,"(0.0, 6.0, 1270.9)","(0.2, 0.0, 0.0, 1.0)"
0,921028.6,0,0,0,0,0,0,0,0,0,"(0.0, 0.0)","(0.0, 0.0)","(0.0, 0.0)","(0.0, 0.0, 0.0)","(0.0, 0.0, 0.0)","(0.0, 0.0, 0.0)","(0.0, 0.0, 0.0)","(0.0, 0.0, 0.0)","(0.0, 0.0, 0.0)",0,0,0,0,0,0,False,0,0,0,0,0,0,0,0,"(0.0, 6.0, 1271.2)","(0.2, 0.0, 0.0, 1.0)"
0,921051.1,0,0,0,0,0,0,0,0,0,"(0.0, 0.0)","(0.0, 0.0)","(0.0, 0.0)","(0.0, 0.0, 0.0)","(0.0, 0.0, 0.0)","(0.0, 0.0, 0.0)","(0.0, 0.0, 0.0)","(0.0, 0.0, 0.0)","(0.0, 0.0, 0.0)",0,0,0,0,0,0,False,0,0,0,0,0,0,0,0,"(0.0, 6.0, 1271.5)","(0.2, 0.0, 0.0, 1.0)"
0,921072.2,0,0,0,0,0,0,0,0,0,"(0.0, 0.0)","(0.0, 0.0)","(0.0, 0.0)","(0.0, 0.0, 0.0)","(0.0, 0.0, 0.0)","(0.0, 0.0, 0.0)","(0.0, 0.0, 0.0)","(0.0, 0.0, 0.0)","(0.0, 0.0, 0.0)",0,0,0,0,0,0,False,0,0,0,0,0,0,0,0,"(0.0, 6.0, 1271.8)","(0.2, 0.0, 0.0, 1.0)"
0,921091.3,0,0,0,0,0,0,0,0,0,"(0.0, 0.0)","(0.0, 0.0)","(0.0, 0.0)","(0.0, 0.0, 0.0)","(0.0, 0.0, 0.0)","(0.0, 0.0, 0.0)","(0.0, 0.0, 0.0)","(0.0, 0.0, 0.0)","(0.0, 0.0, 0.0)",0,0,0,0,0,0,False,0,0,0,0,0,0,0,0,"(0.0, 6.0, 1272.1)","(0.2, 0.0, 0.0, 1.0)"
0,921109.9,0,0,0,0,0,0,0,0,0,"(0.0, 0.0)","(0.0, 0.0)","(0.0, 0.0)","(0.0, 0.0, 0.0)","(0.0, 0.0, 0.0)","(0.0, 0.0, 0.0)","(0.0, 0.0, 0.0)","(0.0, 0.0, 0.0)","(0.0, 0.0, 0.0)",0,0,0,0,0,0,False,0,0,0,0,0,0,0,0,"(0.0, 6.0, 1272.4)","(0.2, 0.0, 0.0, 1.0)"
0,921131.6,0,0,0,0,0,0,0,0,0,"(0.0, 0.0)","(0.0, 0.0)","(0.0, 0.0)","(0.0, 0.0, 0.0)","(0.0, 0.0, 0.0)","(0.0, 0.0, 0.0)","(0.0, 0.0, 0.0)","(0.0, 0.0, 0.0)","(0.0, 0.0, 0.0)",0,0,0,0,0,0,False,0,0,0,0,0,0,0,0,"(0.0, 6.0, 1272.7)","(0.2, 0.0, 0.0, 1.0)"
0,921162.4,0,0,0,0,0,0,0,0,0,"(0.0, 0.0)","(0.0, 0.0)","(0.0, 0.0)","(0.0, 0.0, 0.0)","(0.0, 0.0, 0.0)","(0.0, 0.0, 0.0)","(0.0, 0.0, 0.0)","(0.0, 0.0, 0.0)","(0.0, 0.0, 0.0)",0,0,0,0,0,0,False,0,0,0,0,0,0,0,0,"(0.0, 6.0, 1273.0)","(0.2, 0.0, 0.0, 1.0)"
0,921183.6,0,0,0,0,0,0,0,0,0,"(0.0, 0.0)","(0.0, 0.0)","(0.0, 0.0)","(0.0, 0.0, 0.0)","(0.0, 0.0, 0.0)","(0.0, 0.0, 0.0)","(0.0, 0.0, 0.0)","(0.0, 0.0, 0.0)","(0.0, 0.0, 0.0)",0,0,0,0,0,0,False,0,0,0,0,0,0,0,0,"(0.0, 6.0, 1273.3)","(0.2, 0.0, 0.0, 1.0)"
0,921206,0,0,0,0,0,0,0,0,0,"(0.0, 0.0)","(0.0, 0.0)","(0.0, 0.0)","(0.0, 0.0, 0.0)","(0.0, 0.0, 0.0)","(0.0, 0.0, 0.0)","(0.0, 0.0, 0.0)","(0.0, 0.0, 0.0)","(0.0, 0.0, 0.0)",0,0,0,0,0,0,False,0,0,0,0,0,0,0,0,"(0.0, 6.0, 1273.7)","(0.2, 0.0, 0.0, 1.0)"
0,921224.8,0,0,0,0,0,0,0,0,0,"(0.0, 0.0)","(0.0, 0.0)","(0.0, 0.0)","(0.0, 0.0, 0.0)","(0.0, 0.0, 0.0)","(0.0, 0.0, 0.0)","(0.0, 0.0, 0.0)","(0.0, 0.0, 0.0)","(0.0, 0.0, 0.0)",0,0,0,0,0,0,False,0,0,0,0,0,0,0,0,"(0.0, 6.0, 1274.0)","(0.2, 0.0, 0.0, 1.0)"
0,921243.5,0,0,0,0,0,0,0,0,0,"(0.0, 0.0)","(0.0, 0.0)","(0.0, 0.0)","(0.0, 0.0, 0.0)","(0.0, 0.0, 0.0)","(0.0, 0.0, 0.0)","(0.0, 0.0, 0.0)","(0.0, 0.0, 0.0)","(0.0, 0.0, 0.0)",0,0,0,0,0,0,False,0,0,0,0,0,0,0,0,"(0.0, 6.0, 1274.3)","(0.2, 0.0, 0.0, 1.0)"
0,921262.4,0,0,0,0,0,0,0,0,0,"(0.0, 0.0)","(0.0, 0.0)","(0.0, 0.0)","(0.0, 0.0, 0.0)","(0.0, 0.0, 0.0)","(0.0, 0.0, 0.0)","(0.0, 0.0, 0.0)","(0.0, 0.0, 0.0)","(0.0, 0.0, 0.0)",0,0,0,0,0,0,False,0,0,0,0,0,0,0,0,"(0.0, 6.0, 1274.6)","(0.2, 0.0, 0.0, 1.0)"
0,921283.3,0,0,0,0,0,0,0,0,0,"(0.0, 0.0)","(0.0, 0.0)","(0.0, 0.0)","(0.0, 0.0, 0.0)","(0.0, 0.0, 0.0)","(0.0, 0.0, 0.0)","(0.0, 0.0, 0.0)","(0.0, 0.0, 0.0)","(0.0, 0.0, 0.0)",0,0,0,0,0,0,False,0,0,0,0,0,0,0,0,"(0.0, 6.0, 1274.9)","(0.2, 0.0, 0.0, 1.0)"
0,921303.9,0,0,0,0,0,0,0,0,0,"(0.0, 0.0)","(0.0, 0.0)","(0.0, 0.0)","(0.0, 0.0, 0.0)","(0.0, 0.0, 0.0)","(0.0, 0.0, 0.0)","(0.0, 0.0, 0.0)","(0.0, 0.0, 0.0)","(0.0, 0.0, 0.0)",0,0,0,0,0,0,False,0,0,0,0,0,0,0,0,"(0.0, 6.0, 1275.2)","(0.2, 0.0, 0.0, 1.0)"
0,921321.9,0,0,0,0,0,0,0,0,0,"(0.0, 0.0)","(0.0, 0.0)","(0.0, 0.0)","(0.0, 0.0, 0.0)","(0.0, 0.0, 0.0)","(0.0, 0.0, 0.0)","(0.0, 0.0, 0.0)","(0.0, 0.0, 0.0)","(0.0, 0.0, 0.0)",0,0,0,0,0,0,False,0,0,0,0,0,0,0,0,"(0.0, 6.0, 1275.4)","(0.2, 0.0, 0.0, 1.0)"
0,921347.7,0,0,0,0,0,0,0,0,0,"(0.0, 0.0)","(0.0, 0.0)","(0.0, 0.0)","(0.0, 0.0, 0.0)","(0.0, 0.0, 0.0)","(0.0, 0.0, 0.0)","(0.0, 0.0, 0.0)","(0.0, 0.0, 0.0)","(0.0, 0.0, 0.0)",0,0,0,0,0,0,False,0,0,0,0,0,0,0,0,"(0.0, 6.0, 1275.7)","(0.2, 0.0, 0.0, 1.0)"
0,921368.2,0,0,0,0,0,0,0,0,0,"(0.0, 0.0)","(0.0, 0.0)","(0.0, 0.0)","(0.0, 0.0, 0.0)","(0.0, 0.0, 0.0)","(0.0, 0.0, 0.0)","(0.0, 0.0, 0.0)","(0.0, 0.0, 0.0)","(0.0, 0.0, 0.0)",0,0,0,0,0,0,False,0,0,0,0,0,0,0,0,"(0.0, 6.0, 1276.0)","(0.2, 0.0, 0.0, 1.0)"
0,921394,0,0,0,0,0,0,0,0,0,"(0.0, 0.0)","(0.0, 0.0)","(0.0, 0.0)","(0.0, 0.0, 0.0)","(0.0, 0.0, 0.0)","(0.0, 0.0, 0.0)","(0.0, 0.0, 0.0)","(0.0, 0.0, 0.0)","(0.0, 0.0, 0.0)",0,0,0,0,0,0,False,0,0,0,0,0,0,0,0,"(0.0, 6.0, 1276.3)","(0.2, 0.0, 0.0, 1.0)"
0,921414.9,0,0,0,0,0,0,0,0,0,"(0.0, 0.0)","(0.0, 0.0)","(0.0, 0.0)","(0.0, 0.0, 0.0)","(0.0, 0.0, 0.0)","(0.0, 0.0, 0.0)","(0.0, 0.0, 0.0)","(0.0, 0.0, 0.0)","(0.0, 0.0, 0.0)",0,0,0,0,0,0,False,0,0,0,0,0,0,0,0,"(0.0, 6.0, 1276.7)","(0.2, 0.0, 0.0, 1.0)"
0,921436.6,0,0,0,0,0,0,0,0,0,"(0.0, 0.0)","(0.0, 0.0)","(0.0, 0.0)","(0.0, 0.0, 0.0)","(0.0, 0.0, 0.0)","(0.0, 0.0, 0.0)","(0.0, 0.0, 0.0)","(0.0, 0.0, 0.0)","(0.0, 0.0, 0.0)",0,0,0,0,0,0,False,0,0,0,0,0,0,0,0,"(0.0, 6.0, 1277.0)","(0.2, 0.0, 0.0, 1.0)"
0,921456.5,0,0,0,0,0,0,0,0,0,"(0.0, 0.0)","(0.0, 0.0)","(0.0, 0.0)","(0.0, 0.0, 0.0)","(0.0, 0.0, 0.0)","(0.0, 0.0, 0.0)","(0.0, 0.0, 0.0)","(0.0, 0.0, 0.0)","(0.0, 0.0, 0.0)",0,0,0,0,0,0,False,0,0,0,0,0,0,0,0,"(0.0, 6.0, 1277.3)","(0.2, 0.0, 0.0, 1.0)"
0,921476.4,0,0,0,0,0,0,0,0,0,"(0.0, 0.0)","(0.0, 0.0)","(0.0, 0.0)","(0.0, 0.0, 0.0)","(0.0, 0.0, 0.0)","(0.0, 0.0, 0.0)","(0.0, 0.0, 0.0)","(0.0, 0.0, 0.0)","(0.0, 0.0, 0.0)",0,0,0,0,0,0,False,0,0,0,0,0,0,0,0,"(0.0, 6.0, 1277.6)","(0.2, 0.0, 0.0, 1.0)"
0,921502.1,0,0,0,0,0,0,0,0,0,"(0.0, 0.0)","(0.0, 0.0)","(0.0, 0.0)","(0.0, 0.0, 0.0)","(0.0, 0.0, 0.0)","(0.0, 0.0, 0.0)","(0.0, 0.0, 0.0)","(0.0, 0.0, 0.0)","(0.0, 0.0, 0.0)",0,0,0,0,0,0,False,0,0,0,0,0,0,0,0,"(0.0, 6.0, 1277.9)","(0.2, 0.0, 0.0, 1.0)"
0,921522.2,0,0,0,0,0,0,0,0,0,"(0.0, 0.0)","(0.0, 0.0)","(0.0, 0.0)","(0.0, 0.0, 0.0)","(0.0, 0.0, 0.0)","(0.0, 0.0, 0.0)","(0.0, 0.0, 0.0)","(0.0, 0.0, 0.0)","(0.0, 0.0, 0.0)",0,0,0,0,0,0,False,0,0,0,0,0,0,0,0,"(0.0, 6.0, 1278.2)","(0.2, 0.0, 0.0, 1.0)"
0,921541.8,0,0,0,0,0,0,0,0,0,"(0.0, 0.0)","(0.0, 0.0)","(0.0, 0.0)","(0.0, 0.0, 0.0)","(0.0, 0.0, 0.0)","(0.0, 0.0, 0.0)","(0.0, 0.0, 0.0)","(0.0, 0.0, 0.0)","(0.0, 0.0, 0.0)",0,0,0,0,0,0,False,0,0,0,0,0,0,0,0,"(0.0, 6.0, 1278.5)","(0.2, 0.0, 0.0, 1.0)"
0,921562.1,0,0,0,0,0,0,0,0,0,"(0.0, 0.0)","(0.0, 0.0)","(0.0, 0.0)","(0.0, 0.0, 0.0)","(0.0, 0.0, 0.0)","(0.0, 0.0, 0.0)","(0.0, 0.0, 0.0)","(0.0, 0.0, 0.0)","(0.0, 0.0, 0.0)",0,0,0,0,0,0,False,0,0,0,0,0,0,0,0,"(0.0, 6.0, 1278.8)","(0.2, 0.0, 0.0, 1.0)"
0,921583.3,0,0,0,0,0,0,0,0,0,"(0.0, 0.0)","(0.0, 0.0)","(0.0, 0.0)","(0.0, 0.0, 0.0)","(0.0, 0.0, 0.0)","(0.0, 0.0, 0.0)","(0.0, 0.0, 0.0)","(0.0, 0.0, 0.0)","(0.0, 0.0, 0.0)",0,0,0,0,0,0,False,0,0,0,0,0,0,0,0,"(0.0, 6.0, 1279.1)","(0.2, 0.0, 0.0, 1.0)"
0,921605.3,0,0,0,0,0,0,0,0,0,"(0.0, 0.0)","(0.0, 0.0)","(0.0, 0.0)","(0.0, 0.0, 0.0)","(0.0, 0.0, 0.0)","(0.0, 0.0, 0.0)","(0.0, 0.0, 0.0)","(0.0, 0.0, 0.0)","(0.0, 0.0, 0.0)",0,0,0,0,0,0,False,0,0,0,0,0,0,0,0,"(0.0, 6.0, 1279.4)","(0.2, 0.0, 0.0, 1.0)"
0,921628.3,0,0,0,0,0,0,0,0,0,"(0.0, 0.0)","(0.0, 0.0)","(0.0, 0.0)","(0.0, 0.0, 0.0)","(0.0, 0.0, 0.0)","(0.0, 0.0, 0.0)","(0.0, 0.0, 0.0)","(0.0, 0.0, 0.0)","(0.0, 0.0, 0.0)",0,0,0,0,0,0,False,0,0,0,0,0,0,0,0,"(0.0, 6.0, 1279.7)","(0.2, 0.0, 0.0, 1.0)"
0,921650.9,0,0,0,0,0,0,0,0,0,"(0.0, 0.0)","(0.0, 0.0)","(0.0, 0.0)","(0.0, 0.0, 0.0)","(0.0, 0.0, 0.0)","(0.0, 0.0, 0.0)","(0.0, 0.0, 0.0)","(0.0, 0.0, 0.0)","(0.0, 0.0, 0.0)",0,0,0,0,0,0,False,0,0,0,0,0,0,0,0,"(0.0, 6.0, 1280.0)","(0.2, 0.0, 0.0, 1.0)"
0,921672.3,0,0,0,0,0,0,0,0,0,"(0.0, 0.0)","(0.0, 0.0)","(0.0, 0.0)","(0.0, 0.0, 0.0)","(0.0, 0.0, 0.0)","(0.0, 0.0, 0.0)","(0.0, 0.0, 0.0)","(0.0, 0.0, 0.0)","(0.0, 0.0, 0.0)",0,0,0,0,0,0,False,0,0,0,0,0,0,0,0,"(0.0, 6.0, 1280.3)","(0.2, 0.0, 0.0, 1.0)"
0,921694.4,0,0,0,0,0,0,0,0,0,"(0.0, 0.0)","(0.0, 0.0)","(0.0, 0.0)","(0.0, 0.0, 0.0)","(0.0, 0.0, 0.0)","(0.0, 0.0, 0.0)","(0.0, 0.0, 0.0)","(0.0, 0.0, 0.0)","(0.0, 0.0, 0.0)",0,0,0,0,0,0,False,0,0,0,0,0,0,0,0,"(0.0, 6.0, 1280.6)","(0.2, 0.0, 0.0, 1.0)"
0,921717.5,0,0,0,0,0,0,0,0,0,"(0.0, 0.0)","(0.0, 0.0)","(0.0, 0.0)","(0.0, 0.0, 0.0)","(0.0, 0.0, 0.0)","(0.0, 0.0, 0.0)","(0.0, 0.0, 0.0)","(0.0, 0.0, 0.0)","(0.0, 0.0, 0.0)",0,0,0,0,0,0,False,0,0,0,0,0,0,0,0,"(0.0, 6.0, 1280.9)","(0.2, 0.0, 0.0, 1.0)"
0,921742.9,0,0,0,0,0,0,0,0,0,"(0.0, 0.0)","(0.0, 0.0)","(0.0, 0.0)","(0.0, 0.0, 0.0)","(0.0, 0.0, 0.0)","(0.0, 0.0, 0.0)","(0.0, 0.0, 0.0)","(0.0, 0.0, 0.0)","(0.0, 0.0, 0.0)",0,0,0,0,0,0,False,0,0,0,0,0,0,0,0,"(0.0, 6.0, 1281.2)","(0.2, 0.0, 0.0, 1.0)"
0,921763.1,0,0,0,0,0,0,0,0,0,"(0.0, 0.0)","(0.0, 0.0)","(0.0, 0.0)","(0.0, 0.0, 0.0)","(0.0, 0.0, 0.0)","(0.0, 0.0, 0.0)","(0.0, 0.0, 0.0)","(0.0, 0.0, 0.0)","(0.0, 0.0, 0.0)",0,0,0,0,0,0,False,0,0,0,0,0,0,0,0,"(0.0, 6.0, 1281.5)","(0.2, 0.0, 0.0, 1.0)"
0,921784.1,0,0,0,0,0,0,0,0,0,"(0.0, 0.0)","(0.0, 0.0)","(0.0, 0.0)","(0.0, 0.0, 0.0)","(0.0, 0.0, 0.0)","(0.0, 0.0, 0.0)","(0.0, 0.0, 0.0)","(0.0, 0.0, 0.0)","(0.0, 0.0, 0.0)",0,0,0,0,0,0,False,0,0,0,0,0,0,0,0,"(0.0, 6.0, 1281.8)","(0.2, 0.0, 0.0, 1.0)"
0,921805.2,0,0,0,0,0,0,0,0,0,"(0.0, 0.0)","(0.0, 0.0)","(0.0, 0.0)","(0.0, 0.0, 0.0)","(0.0, 0.0, 0.0)","(0.0, 0.0, 0.0)","(0.0, 0.0, 0.0)","(0.0, 0.0, 0.0)","(0.0, 0.0, 0.0)",0,0,0,0,0,0,False,0,0,0,0,0,0,0,0,"(0.0, 6.0, 1282.1)","(0.2, 0.0, 0.0, 1.0)"
0,921828,0,0,0,0,0,0,0,0,0,"(0.0, 0.0)","(0.0, 0.0)","(0.0, 0.0)","(0.0, 0.0, 0.0)","(0.0, 0.0, 0.0)","(0.0, 0.0, 0.0)","(0.0, 0.0, 0.0)","(0.0, 0.0, 0.0)","(0.0, 0.0, 0.0)",0,0,0,0,0,0,False,0,0,0,0,0,0,0,0,"(0.0, 6.0, 1282.4)","(0.2, 0.0, 0.0, 1.0)"
0,921850.4,0,0,0,0,0,0,0,0,0,"(0.0, 0.0)","(0.0, 0.0)","(0.0, 0.0)","(0.0, 0.0, 0.0)","(0.0, 0.0, 0.0)","(0.0, 0.0, 0.0)","(0.0, 0.0, 0.0)","(0.0, 0.0, 0.0)","(0.0, 0.0, 0.0)",0,0,0,0,0,0,False,0,0,0,0,0,0,0,0,"(0.0, 6.0, 1282.7)","(0.2, 0.0, 0.0, 1.0)"
0,921871.9,0,0,0,0,0,0,0,0,0,"(0.0, 0.0)","(0.0, 0.0)","(0.0, 0.0)","(0.0, 0.0, 0.0)","(0.0, 0.0, 0.0)","(0.0, 0.0, 0.0)","(0.0, 0.0, 0.0)","(0.0, 0.0, 0.0)","(0.0, 0.0, 0.0)",0,0,0,0,0,0,False,0,0,0,0,0,0,0,0,"(0.0, 6.0, 1283.0)","(0.2, 0.0, 0.0, 1.0)"
0,921894.4,0,0,0,0,0,0,0,0,0,"(0.0, 0.0)","(0.0, 0.0)","(0.0, 0.0)","(0.0, 0.0, 0.0)","(0.0, 0.0, 0.0)","(0.0, 0.0, 0.0)","(0.0, 0.0, 0.0)","(0.0, 0.0, 0.0)","(0.0, 0.0, 0.0)",0,0,0,0,0,0,False,0,0,0,0,0,0,0,0,"(0.0, 6.0, 1283.3)","(0.2, 0.0, 0.0, 1.0)"
0,921917.7,0,0,0,0,0,0,0,0,0,"(0.0, 0.0)","(0.0, 0.0)","(0.0, 0.0)","(0.0, 0.0, 0.0)","(0.0, 0.0, 0.0)","(0.0, 0.0, 0.0)","(0.0, 0.0, 0.0)","(0.0, 0.0, 0.0)","(0.0, 0.0, 0.0)",0,0,0,0,0,0,False,0,0,0,0,0,0,0,0,"(0.0, 6.0, 1283.6)","(0.2, 0.0, 0.0, 1.0)"
0,921938.6,0,0,0,0,0,0,0,0,0,"(0.0, 0.0)","(0.0, 0.0)","(0.0, 0.0)","(0.0, 0.0, 0.0)","(0.0, 0.0, 0.0)","(0.0, 0.0, 0.0)","(0.0, 0.0, 0.0)","(0.0, 0.0, 0.0)","(0.0, 0.0, 0.0)",0,0,0,0,0,0,False,0,0,0,0,0,0,0,0,"(0.0, 6.0, 1283.9)","(0.2, 0.0, 0.0, 1.0)"
0,921964.3,0,0,0,0,0,0,0,0,0,"(0.0, 0.0)","(0.0, 0.0)","(0.0, 0.0)","(0.0, 0.0, 0.0)","(0.0, 0.0, 0.0)","(0.0, 0.0, 0.0)","(0.0, 0.0, 0.0)","(0.0, 0.0, 0.0)","(0.0, 0.0, 0.0)",0,0,0,0,0,0,False,0,0,0,0,0,0,0,0,"(0.0, 6.0, 1284.3)","(0.2, 0.0, 0.0, 1.0)"
0,921986.9,0,0,0,0,0,0,0,0,0,"(0.0, 0.0)","(0.0, 0.0)","(0.0, 0.0)","(0.0, 0.0, 0.0)","(0.0, 0.0, 0.0)","(0.0, 0.0, 0.0)","(0.0, 0.0, 0.0)","(0.0, 0.0, 0.0)","(0.0, 0.0, 0.0)",0,0,0,0,0,0,False,0,0,0,0,0,0,0,0,"(0.0, 6.0, 1284.6)","(0.2, 0.0, 0.0, 1.0)"
0,922010,0,0,0,0,0,0,0,0,0,"(0.0, 0.0)","(0.0, 0.0)","(0.0, 0.0)","(0.0, 0.0, 0.0)","(0.0, 0.0, 0.0)","(0.0, 0.0, 0.0)","(0.0, 0.0, 0.0)","(0.0, 0.0, 0.0)","(0.0, 0.0, 0.0)",0,0,0,0,0,0,False,0,0,0,0,0,0,0,0,"(0.0, 6.0, 1284.9)","(0.2, 0.0, 0.0, 1.0)"
0,922030.2,0,0,0,0,0,0,0,0,0,"(0.0, 0.0)","(0.0, 0.0)","(0.0, 0.0)","(0.0, 0.0, 0.0)","(0.0, 0.0, 0.0)","(0.0, 0.0, 0.0)","(0.0, 0.0, 0.0)","(0.0, 0.0, 0.0)","(0.0, 0.0, 0.0)",0,0,0,0,0,0,False,0,0,0,0,0,0,0,0,"(0.0, 6.0, 1285.2)","(0.2, 0.0, 0.0, 1.0)"
0,922051.6,0,0,0,0,0,0,0,0,0,"(0.0, 0.0)","(0.0, 0.0)","(0.0, 0.0)","(0.0, 0.0, 0.0)","(0.0, 0.0, 0.0)","(0.0, 0.0, 0.0)","(0.0, 0.0, 0.0)","(0.0, 0.0, 0.0)","(0.0, 0.0, 0.0)",0,0,0,0,0,0,False,0,0,0,0,0,0,0,0,"(0.0, 6.0, 1285.5)","(0.2, 0.0, 0.0, 1.0)"
0,922071.9,0,0,0,0,0,0,0,0,0,"(0.0, 0.0)","(0.0, 0.0)","(0.0, 0.0)","(0.0, 0.0, 0.0)","(0.0, 0.0, 0.0)","(0.0, 0.0, 0.0)","(0.0, 0.0, 0.0)","(0.0, 0.0, 0.0)","(0.0, 0.0, 0.0)",0,0,0,0,0,0,False,0,0,0,0,0,0,0,0,"(0.0, 6.0, 1285.8)","(0.2, 0.0, 0.0, 1.0)"
0,922091.3,0,0,0,0,0,0,0,0,0,"(0.0, 0.0)","(0.0, 0.0)","(0.0, 0.0)","(0.0, 0.0, 0.0)","(0.0, 0.0, 0.0)","(0.0, 0.0, 0.0)","(0.0, 0.0, 0.0)","(0.0, 0.0, 0.0)","(0.0, 0.0, 0.0)",0,0,0,0,0,0,False,0,0,0,0,0,0,0,0,"(0.0, 6.0, 1286.1)","(0.2, 0.0, 0.0, 1.0)"
0,922110.9,0,0,0,0,0,0,0,0,0,"(0.0, 0.0)","(0.0, 0.0)","(0.0, 0.0)","(0.0, 0.0, 0.0)","(0.0, 0.0, 0.0)","(0.0, 0.0, 0.0)","(0.0, 0.0, 0.0)","(0.0, 0.0, 0.0)","(0.0, 0.0, 0.0)",0,0,0,0,0,0,False,0,0,0,0,0,0,0,0,"(0.0, 6.0, 1286.4)","(0.2, 0.0, 0.0, 1.0)"
0,922130.8,0,0,0,0,0,0,0,0,0,"(0.0, 0.0)","(0.0, 0.0)","(0.0, 0.0)","(0.0, 0.0, 0.0)","(0.0, 0.0, 0.0)","(0.0, 0.0, 0.0)","(0.0, 0.0, 0.0)","(0.0, 0.0, 0.0)","(0.0, 0.0, 0.0)",0,0,0,0,0,0,False,0,0,0,0,0,0,0,0,"(0.0, 6.0, 1286.7)","(0.2, 0.0, 0.0, 1.0)"
0,922152.4,0,0,0,0,0,0,0,0,0,"(0.0, 0.0)","(0.0, 0.0)","(0.0, 0.0)","(0.0, 0.0, 0.0)","(0.0, 0.0, 0.0)","(0.0, 0.0, 0.0)","(0.0, 0.0, 0.0)","(0.0, 0.0, 0.0)","(0.0, 0.0, 0.0)",0,0,0,0,0,0,False,0,0,0,0,0,0,0,0,"(0.0, 6.0, 1287.0)","(0.2, 0.0, 0.0, 1.0)"
0,922172.7,0,0,0,0,0,0,0,0,0,"(0.0, 0.0)","(0.0, 0.0)","(0.0, 0.0)","(0.0, 0.0, 0.0)","(0.0, 0.0, 0.0)","(0.0, 0.0, 0.0)","(0.0, 0.0, 0.0)","(0.0, 0.0, 0.0)","(0.0, 0.0, 0.0)",0,0,0,0,0,0,False,0,0,0,0,0,0,0,0,"(0.0, 6.0, 1287.3)","(0.2, 0.0, 0.0, 1.0)"
0,922191.3,0,0,0,0,0,0,0,0,0,"(0.0, 0.0)","(0.0, 0.0)","(0.0, 0.0)","(0.0, 0.0, 0.0)","(0.0, 0.0, 0.0)","(0.0, 0.0, 0.0)","(0.0, 0.0, 0.0)","(0.0, 0.0, 0.0)","(0.0, 0.0, 0.0)",0,0,0,0,0,0,False,0,0,0,0,0,0,0,0,"(0.0, 6.0, 1287.6)","(0.2, 0.0, 0.0, 1.0)"
0,922210.6,0,0,0,0,0,0,0,0,0,"(0.0, 0.0)","(0.0, 0.0)","(0.0, 0.0)","(0.0, 0.0, 0.0)","(0.0, 0.0, 0.0)","(0.0, 0.0, 0.0)","(0.0, 0.0, 0.0)","(0.0, 0.0, 0.0)","(0.0, 0.0, 0.0)",0,0,0,0,0,0,False,0,0,0,0,0,0,0,0,"(0.0, 6.0, 1287.9)","(0.2, 0.0, 0.0, 1.0)"
0,922236.1,0,0,0,0,0,0,0,0,0,"(0.0, 0.0)","(0.0, 0.0)","(0.0, 0.0)","(0.0, 0.0, 0.0)","(0.0, 0.0, 0.0)","(0.0, 0.0, 0.0)","(0.0, 0.0, 0.0)","(0.0, 0.0, 0.0)","(0.0, 0.0, 0.0)",0,0,0,0,0,0,False,0,0,0,0,0,0,0,0,"(0.0, 6.0, 1288.2)","(0.2, 0.0, 0.0, 1.0)"
0,922254.8,0,0,0,0,0,0,0,0,0,"(0.0, 0.0)","(0.0, 0.0)","(0.0, 0.0)","(0.0, 0.0, 0.0)","(0.0, 0.0, 0.0)","(0.0, 0.0, 0.0)","(0.0, 0.0, 0.0)","(0.0, 0.0, 0.0)","(0.0, 0.0, 0.0)",0,0,0,0,0,0,False,0,0,0,0,0,0,0,0,"(0.0, 6.0, 1288.5)","(0.2, 0.0, 0.0, 1.0)"
0,922275.3,0,0,0,0,0,0,0,0,0,"(0.0, 0.0)","(0.0, 0.0)","(0.0, 0.0)","(0.0, 0.0, 0.0)","(0.0, 0.0, 0.0)","(0.0, 0.0, 0.0)","(0.0, 0.0, 0.0)","(0.0, 0.0, 0.0)","(0.0, 0.0, 0.0)",0,0,0,0,0,0,False,0,0,0,0,0,0,0,0,"(0.0, 6.0, 1288.8)","(0.2, 0.0, 0.0, 1.0)"
0,922294.9,0,0,0,0,0,0,0,0,0,"(0.0, 0.0)","(0.0, 0.0)","(0.0, 0.0)","(0.0, 0.0, 0.0)","(0.0, 0.0, 0.0)","(0.0, 0.0, 0.0)","(0.0, 0.0, 0.0)","(0.0, 0.0, 0.0)","(0.0, 0.0, 0.0)",0,0,0,0,0,0,False,0,0,0,0,0,0,0,0,"(0.0, 6.0, 1289.1)","(0.2, 0.0, 0.0, 1.0)"
0,922316.9,0,0,0,0,0,0,0,0,0,"(0.0, 0.0)","(0.0, 0.0)","(0.0, 0.0)","(0.0, 0.0, 0.0)","(0.0, 0.0, 0.0)","(0.0, 0.0, 0.0)","(0.0, 0.0, 0.0)","(0.0, 0.0, 0.0)","(0.0, 0.0, 0.0)",0,0,0,0,0,0,False,0,0,0,0,0,0,0,0,"(0.0, 6.0, 1289.4)","(0.2, 0.0, 0.0, 1.0)"
0,922337.3,0,0,0,0,0,0,0,0,0,"(0.0, 0.0)","(0.0, 0.0)","(0.0, 0.0)","(0.0, 0.0, 0.0)","(0.0, 0.0, 0.0)","(0.0, 0.0, 0.0)","(0.0, 0.0, 0.0)","(0.0, 0.0, 0.0)","(0.0, 0.0, 0.0)",0,0,0,0,0,0,False,0,0,0,0,0,0,0,0,"(0.0, 6.0, 1289.7)","(0.2, 0.0, 0.0, 1.0)"
0,922356.8,0,0,0,0,0,0,0,0,0,"(0.0, 0.0)","(0.0, 0.0)","(0.0, 0.0)","(0.0, 0.0, 0.0)","(0.0, 0.0, 0.0)","(0.0, 0.0, 0.0)","(0.0, 0.0, 0.0)","(0.0, 0.0, 0.0)","(0.0, 0.0, 0.0)",0,0,0,0,0,0,False,0,0,0,0,0,0,0,0,"(0.0, 6.0, 1290.0)","(0.2, 0.0, 0.0, 1.0)"
0,922376.8,0,0,0,0,0,0,0,0,0,"(0.0, 0.0)","(0.0, 0.0)","(0.0, 0.0)","(0.0, 0.0, 0.0)","(0.0, 0.0, 0.0)","(0.0, 0.0, 0.0)","(0.0, 0.0, 0.0)","(0.0, 0.0, 0.0)","(0.0, 0.0, 0.0)",0,0,0,0,0,0,False,0,0,0,0,0,0,0,0,"(0.0, 6.0, 1290.2)","(0.2, 0.0, 0.0, 1.0)"
0,922402.8,0,0,0,0,0,0,0,0,0,"(0.0, 0.0)","(0.0, 0.0)","(0.0, 0.0)","(0.0, 0.0, 0.0)","(0.0, 0.0, 0.0)","(0.0, 0.0, 0.0)","(0.0, 0.0, 0.0)","(0.0, 0.0, 0.0)","(0.0, 0.0, 0.0)",0,0,0,0,0,0,False,0,0,0,0,0,0,0,0,"(0.0, 6.0, 1290.5)","(0.2, 0.0, 0.0, 1.0)"
0,922422.4,0,0,0,0,0,0,0,0,0,"(0.0, 0.0)","(0.0, 0.0)","(0.0, 0.0)","(0.0, 0.0, 0.0)","(0.0, 0.0, 0.0)","(0.0, 0.0, 0.0)","(0.0, 0.0, 0.0)","(0.0, 0.0, 0.0)","(0.0, 0.0, 0.0)",0,0,0,0,0,0,False,0,0,0,0,0,0,0,0,"(0.0, 6.0, 1290.8)","(0.2, 0.0, 0.0, 1.0)"
0,922441.7,0,0,0,0,0,0,0,0,0,"(0.0, 0.0)","(0.0, 0.0)","(0.0, 0.0)","(0.0, 0.0, 0.0)","(0.0, 0.0, 0.0)","(0.0, 0.0, 0.0)","(0.0, 0.0, 0.0)","(0.0, 0.0, 0.0)","(0.0, 0.0, 0.0)",0,0,0,0,0,0,False,0,0,0,0,0,0,0,0,"(0.0, 6.0, 1291.1)","(0.2, 0.0, 0.0, 1.0)"
0,922460.1,0,0,0,0,0,0,0,0,0,"(0.0, 0.0)","(0.0, 0.0)","(0.0, 0.0)","(0.0, 0.0, 0.0)","(0.0, 0.0, 0.0)","(0.0, 0.0, 0.0)","(0.0, 0.0, 0.0)","(0.0, 0.0, 0.0)","(0.0, 0.0, 0.0)",0,0,0,0,0,0,False,0,0,0,0,0,0,0,0,"(0.0, 6.0, 1291.4)","(0.2, 0.0, 0.0, 1.0)"
0,922481.1,0,0,0,0,0,0,0,0,0,"(0.0, 0.0)","(0.0, 0.0)","(0.0, 0.0)","(0.0, 0.0, 0.0)","(0.0, 0.0, 0.0)","(0.0, 0.0, 0.0)","(0.0, 0.0, 0.0)","(0.0, 0.0, 0.0)","(0.0, 0.0, 0.0)",0,0,0,0,0,0,False,0,0,0,0,0,0,0,0,"(0.0, 6.0, 1291.7)","(0.2, 0.0, 0.0, 1.0)"
0,922501.9,0,0,0,0,0,0,0,0,0,"(0.0, 0.0)","(0.0, 0.0)","(0.0, 0.0)","(0.0, 0.0, 0.0)","(0.0, 0.0, 0.0)","(0.0, 0.0, 0.0)","(0.0, 0.0, 0.0)","(0.0, 0.0, 0.0)","(0.0, 0.0, 0.0)",0,0,0,0,0,0,False,0,0,0,0,0,0,0,0,"(0.0, 6.0, 1292.0)","(0.2, 0.0, 0.0, 1.0)"
0,922522.5,0,0,0,0,0,0,0,0,0,"(0.0, 0.0)","(0.0, 0.0)","(0.0, 0.0)","(0.0, 0.0, 0.0)","(0.0, 0.0, 0.0)","(0.0, 0.0, 0.0)","(0.0, 0.0, 0.0)","(0.0, 0.0, 0.0)","(0.0, 0.0, 0.0)",0,0,0,0,0,0,False,0,0,0,0,0,0,0,0,"(0.0, 6.0, 1292.3)","(0.2, 0.0, 0.0, 1.0)"
0,922543.1,0,0,0,0,0,0,0,0,0,"(0.0, 0.0)","(0.0, 0.0)","(0.0, 0.0)","(0.0, 0.0, 0.0)","(0.0, 0.0, 0.0)","(0.0, 0.0, 0.0)","(0.0, 0.0, 0.0)","(0.0, 0.0, 0.0)","(0.0, 0.0, 0.0)",0,0,0,0,0,0,False,0,0,0,0,0,0,0,0,"(0.0, 6.0, 1292.6)","(0.2, 0.0, 0.0, 1.0)"
0,922562.5,0,0,0,0,0,0,0,0,0,"(0.0, 0.0)","(0.0, 0.0)","(0.0, 0.0)","(0.0, 0.0, 0.0)","(0.0, 0.0, 0.0)","(0.0, 0.0, 0.0)","(0.0, 0.0, 0.0)","(0.0, 0.0, 0.0)","(0.0, 0.0, 0.0)",0,0,0,0,0,0,False,0,0,0,0,0,0,0,0,"(0.0, 6.0, 1292.9)","(0.2, 0.0, 0.0, 1.0)"
0,922582,0,0,0,0,0,0,0,0,0,"(0.0, 0.0)","(0.0, 0.0)","(0.0, 0.0)","(0.0, 0.0, 0.0)","(0.0, 0.0, 0.0)","(0.0, 0.0, 0.0)","(0.0, 0.0, 0.0)","(0.0, 0.0, 0.0)","(0.0, 0.0, 0.0)",0,0,0,0,0,0,False,0,0,0,0,0,0,0,0,"(0.0, 6.0, 1293.1)","(0.2, 0.0, 0.0, 1.0)"
0,922602.4,0,0,0,0,0,0,0,0,0,"(0.0, 0.0)","(0.0, 0.0)","(0.0, 0.0)","(0.0, 0.0, 0.0)","(0.0, 0.0, 0.0)","(0.0, 0.0, 0.0)","(0.0, 0.0, 0.0)","(0.0, 0.0, 0.0)","(0.0, 0.0, 0.0)",0,0,0,0,0,0,False,0,0,0,0,0,0,0,0,"(0.0, 6.0, 1293.4)","(0.2, 0.0, 0.0, 1.0)"
0,922620.6,0,0,0,0,0,0,0,0,0,"(0.0, 0.0)","(0.0, 0.0)","(0.0, 0.0)","(0.0, 0.0, 0.0)","(0.0, 0.0, 0.0)","(0.0, 0.0, 0.0)","(0.0, 0.0, 0.0)","(0.0, 0.0, 0.0)","(0.0, 0.0, 0.0)",0,0,0,0,0,0,False,0,0,0,0,0,0,0,0,"(0.0, 6.0, 1293.7)","(0.2, 0.0, 0.0, 1.0)"
0,922641,0,0,0,0,0,0,0,0,0,"(0.0, 0.0)","(0.0, 0.0)","(0.0, 0.0)","(0.0, 0.0, 0.0)","(0.0, 0.0, 0.0)","(0.0, 0.0, 0.0)","(0.0, 0.0, 0.0)","(0.0, 0.0, 0.0)","(0.0, 0.0, 0.0)",0,0,0,0,0,0,False,0,0,0,0,0,0,0,0,"(0.0, 6.0, 1294.0)","(0.2, 0.0, 0.0, 1.0)"
0,922666.7,0,0,0,0,0,0,0,0,0,"(0.0, 0.0)","(0.0, 0.0)","(0.0, 0.0)","(0.0, 0.0, 0.0)","(0.0, 0.0, 0.0)","(0.0, 0.0, 0.0)","(0.0, 0.0, 0.0)","(0.0, 0.0, 0.0)","(0.0, 0.0, 0.0)",0,0,0,0,0,0,False,0,0,0,0,0,0,0,0,"(0.0, 6.0, 1294.3)","(0.2, 0.0, 0.0, 1.0)"
0,922686.8,0,0,0,0,0,0,0,0,0,"(0.0, 0.0)","(0.0, 0.0)","(0.0, 0.0)","(0.0, 0.0, 0.0)","(0.0, 0.0, 0.0)","(0.0, 0.0, 0.0)","(0.0, 0.0, 0.0)","(0.0, 0.0, 0.0)","(0.0, 0.0, 0.0)",0,0,0,0,0,0,False,0,0,0,0,0,0,0,0,"(0.0, 6.0, 1294.6)","(0.2, 0.0, 0.0, 1.0)"
0,922705.1,0,0,0,0,0,0,0,0,0,"(0.0, 0.0)","(0.0, 0.0)","(0.0, 0.0)","(0.0, 0.0, 0.0)","(0.0, 0.0, 0.0)","(0.0, 0.0, 0.0)","(0.0, 0.0, 0.0)","(0.0, 0.0, 0.0)","(0.0, 0.0, 0.0)",0,0,0,0,0,0,False,0,0,0,0,0,0,0,0,"(0.0, 6.0, 1294.9)","(0.2, 0.0, 0.0, 1.0)"
0,922727.3,0,0,0,0,0,0,0,0,0,"(0.0, 0.0)","(0.0, 0.0)","(0.0, 0.0)","(0.0, 0.0, 0.0)","(0.0, 0.0, 0.0)","(0.0, 0.0, 0.0)","(0.0, 0.0, 0.0)","(0.0, 0.0, 0.0)","(0.0, 0.0, 0.0)",0,0,0,0,0,0,False,0,0,0,0,0,0,0,0,"(0.0, 6.0, 1295.2)","(0.2, 0.0, 0.0, 1.0)"
0,922750.8,0,0,0,0,0,0,0,0,0,"(0.0, 0.0)","(0.0, 0.0)","(0.0, 0.0)","(0.0, 0.0, 0.0)","(0.0, 0.0, 0.0)","(0.0, 0.0, 0.0)","(0.0, 0.0, 0.0)","(0.0, 0.0, 0.0)","(0.0, 0.0, 0.0)",0,0,0,0,0,0,False,0,0,0,0,0,0,0,0,"(0.0, 6.0, 1295.4)","(0.2, 0.0, 0.0, 1.0)"
0,922771.8,0,0,0,0,0,0,0,0,0,"(0.0, 0.0)","(0.0, 0.0)","(0.0, 0.0)","(0.0, 0.0, 0.0)","(0.0, 0.0, 0.0)","(0.0, 0.0, 0.0)","(0.0, 0.0, 0.0)","(0.0, 0.0, 0.0)","(0.0, 0.0, 0.0)",0,0,0,0,0,0,False,0,0,0,0,0,0,0,0,"(0.0, 6.0, 1295.7)","(0.2, 0.0, 0.0, 1.0)"
0,922794.5,0,0,0,0,0,0,0,0,0,"(0.0, 0.0)","(0.0, 0.0)","(0.0, 0.0)","(0.0, 0.0, 0.0)","(0.0, 0.0, 0.0)","(0.0, 0.0, 0.0)","(0.0, 0.0, 0.0)","(0.0, 0.0, 0.0)","(0.0, 0.0, 0.0)",0,0,0,0,0,0,False,0,0,0,0,0,0,0,0,"(0.0, 6.0, 1296.0)","(0.2, 0.0, 0.0, 1.0)"
0,922817.3,0,0,0,0,0,0,0,0,0,"(0.0, 0.0)","(0.0, 0.0)","(0.0, 0.0)","(0.0, 0.0, 0.0)","(0.0, 0.0, 0.0)","(0.0, 0.0, 0.0)","(0.0, 0.0, 0.0)","(0.0, 0.0, 0.0)","(0.0, 0.0, 0.0)",0,0,0,0,0,0,False,0,0,0,0,0,0,0,0,"(0.0, 6.0, 1296.3)","(0.2, 0.0, 0.0, 1.0)"
0,922838.1,0,0,0,0,0,0,0,0,0,"(0.0, 0.0)","(0.0, 0.0)","(0.0, 0.0)","(0.0, 0.0, 0.0)","(0.0, 0.0, 0.0)","(0.0, 0.0, 0.0)","(0.0, 0.0, 0.0)","(0.0, 0.0, 0.0)","(0.0, 0.0, 0.0)",0,0,0,0,0,0,False,0,0,0,0,0,0,0,0,"(0.0, 6.0, 1296.6)","(0.2, 0.0, 0.0, 1.0)"
0,922860.8,0,0,0,0,0,0,0,0,0,"(0.0, 0.0)","(0.0, 0.0)","(0.0, 0.0)","(0.0, 0.0, 0.0)","(0.0, 0.0, 0.0)","(0.0, 0.0, 0.0)","(0.0, 0.0, 0.0)","(0.0, 0.0, 0.0)","(0.0, 0.0, 0.0)",0,0,0,0,0,0,False,0,0,0,0,0,0,0,0,"(0.0, 6.0, 1296.9)","(0.2, 0.0, 0.0, 1.0)"
0,922883.6,0,0,0,0,0,0,0,0,0,"(0.0, 0.0)","(0.0, 0.0)","(0.0, 0.0)","(0.0, 0.0, 0.0)","(0.0, 0.0, 0.0)","(0.0, 0.0, 0.0)","(0.0, 0.0, 0.0)","(0.0, 0.0, 0.0)","(0.0, 0.0, 0.0)",0,0,0,0,0,0,False,0,0,0,0,0,0,0,0,"(0.0, 6.0, 1297.2)","(0.2, 0.0, 0.0, 1.0)"
0,922904.9,0,0,0,0,0,0,0,0,0,"(0.0, 0.0)","(0.0, 0.0)","(0.0, 0.0)","(0.0, 0.0, 0.0)","(0.0, 0.0, 0.0)","(0.0, 0.0, 0.0)","(0.0, 0.0, 0.0)","(0.0, 0.0, 0.0)","(0.0, 0.0, 0.0)",0,0,0,0,0,0,False,0,0,0,0,0,0,0,0,"(0.0, 6.0, 1297.5)","(0.2, 0.0, 0.0, 1.0)"
0,922928.1,0,0,0,0,0,0,0,0,0,"(0.0, 0.0)","(0.0, 0.0)","(0.0, 0.0)","(0.0, 0.0, 0.0)","(0.0, 0.0, 0.0)","(0.0, 0.0, 0.0)","(0.0, 0.0, 0.0)","(0.0, 0.0, 0.0)","(0.0, 0.0, 0.0)",0,0,0,0,0,0,False,0,0,0,0,0,0,0,0,"(0.0, 6.0, 1297.8)","(0.2, 0.0, 0.0, 1.0)"
0,922950,0,0,0,0,0,0,0,0,0,"(0.0, 0.0)","(0.0, 0.0)","(0.0, 0.0)","(0.0, 0.0, 0.0)","(0.0, 0.0, 0.0)","(0.0, 0.0, 0.0)","(0.0, 0.0, 0.0)","(0.0, 0.0, 0.0)","(0.0, 0.0, 0.0)",0,0,0,0,0,0,False,0,0,0,0,0,0,0,0,"(0.0, 6.0, 1298.1)","(0.2, 0.0, 0.0, 1.0)"
0,922971.6,0,0,0,0,0,0,0,0,0,"(0.0, 0.0)","(0.0, 0.0)","(0.0, 0.0)","(0.0, 0.0, 0.0)","(0.0, 0.0, 0.0)","(0.0, 0.0, 0.0)","(0.0, 0.0, 0.0)","(0.0, 0.0, 0.0)","(0.0, 0.0, 0.0)",0,0,0,0,0,0,False,0,0,0,0,0,0,0,0,"(0.0, 6.0, 1298.4)","(0.2, 0.0, 0.0, 1.0)"
0,922993.6,0,0,0,0,0,0,0,0,0,"(0.0, 0.0)","(0.0, 0.0)","(0.0, 0.0)","(0.0, 0.0, 0.0)","(0.0, 0.0, 0.0)","(0.0, 0.0, 0.0)","(0.0, 0.0, 0.0)","(0.0, 0.0, 0.0)","(0.0, 0.0, 0.0)",0,0,0,0,0,0,False,0,0,0,0,0,0,0,0,"(0.0, 6.0, 1298.7)","(0.2, 0.0, 0.0, 1.0)"
0,923016.5,0,0,0,0,0,0,0,0,0,"(0.0, 0.0)","(0.0, 0.0)","(0.0, 0.0)","(0.0, 0.0, 0.0)","(0.0, 0.0, 0.0)","(0.0, 0.0, 0.0)","(0.0, 0.0, 0.0)","(0.0, 0.0, 0.0)","(0.0, 0.0, 0.0)",0,0,0,0,0,0,False,0,0,0,0,0,0,0,0,"(0.0, 6.0, 1299.1)","(0.2, 0.0, 0.0, 1.0)"
0,923038.1,0,0,0,0,0,0,0,0,0,"(0.0, 0.0)","(0.0, 0.0)","(0.0, 0.0)","(0.0, 0.0, 0.0)","(0.0, 0.0, 0.0)","(0.0, 0.0, 0.0)","(0.0, 0.0, 0.0)","(0.0, 0.0, 0.0)","(0.0, 0.0, 0.0)",0,0,0,0,0,0,False,0,0,0,0,0,0,0,0,"(0.0, 6.0, 1299.4)","(0.2, 0.0, 0.0, 1.0)"
0,923056.7,0,0,0,0,0,0,0,0,0,"(0.0, 0.0)","(0.0, 0.0)","(0.0, 0.0)","(0.0, 0.0, 0.0)","(0.0, 0.0, 0.0)","(0.0, 0.0, 0.0)","(0.0, 0.0, 0.0)","(0.0, 0.0, 0.0)","(0.0, 0.0, 0.0)",0,0,0,0,0,0,False,0,0,0,0,0,0,0,0,"(0.0, 6.0, 1299.7)","(0.2, 0.0, 0.0, 1.0)"
0,923074.4,0,0,0,0,0,0,0,0,0,"(0.0, 0.0)","(0.0, 0.0)","(0.0, 0.0)","(0.0, 0.0, 0.0)","(0.0, 0.0, 0.0)","(0.0, 0.0, 0.0)","(0.0, 0.0, 0.0)","(0.0, 0.0, 0.0)","(0.0, 0.0, 0.0)",0,0,0,0,0,0,False,0,0,0,0,0,0,0,0,"(0.0, 6.0, 1300.0)","(0.2, 0.0, 0.0, 1.0)"
0,923101.4,0,0,0,0,0,0,0,0,0,"(0.0, 0.0)","(0.0, 0.0)","(0.0, 0.0)","(0.0, 0.0, 0.0)","(0.0, 0.0, 0.0)","(0.0, 0.0, 0.0)","(0.0, 0.0, 0.0)","(0.0, 0.0, 0.0)","(0.0, 0.0, 0.0)",0,0,0,0,0,0,False,0,0,0,0,0,0,0,0,"(0.0, 6.0, 1300.3)","(0.2, 0.0, 0.0, 1.0)"
0,923126.3,0,0,0,0,0,0,0,0,0,"(0.0, 0.0)","(0.0, 0.0)","(0.0, 0.0)","(0.0, 0.0, 0.0)","(0.0, 0.0, 0.0)","(0.0, 0.0, 0.0)","(0.0, 0.0, 0.0)","(0.0, 0.0, 0.0)","(0.0, 0.0, 0.0)",0,0,0,0,0,0,False,0,0,0,0,0,0,0,0,"(0.0, 6.0, 1300.6)","(0.2, 0.0, 0.0, 1.0)"
0,923146.4,0,0,0,0,0,0,0,0,0,"(0.0, 0.0)","(0.0, 0.0)","(0.0, 0.0)","(0.0, 0.0, 0.0)","(0.0, 0.0, 0.0)","(0.0, 0.0, 0.0)","(0.0, 0.0, 0.0)","(0.0, 0.0, 0.0)","(0.0, 0.0, 0.0)",0,0,0,0,0,0,False,0,0,0,0,0,0,0,0,"(0.0, 6.0, 1300.9)","(0.2, 0.0, 0.0, 1.0)"
0,923167.3,0,0,0,0,0,0,0,0,0,"(0.0, 0.0)","(0.0, 0.0)","(0.0, 0.0)","(0.0, 0.0, 0.0)","(0.0, 0.0, 0.0)","(0.0, 0.0, 0.0)","(0.0, 0.0, 0.0)","(0.0, 0.0, 0.0)","(0.0, 0.0, 0.0)",0,0,0,0,0,0,False,0,0,0,0,0,0,0,0,"(0.0, 6.0, 1301.2)","(0.2, 0.0, 0.0, 1.0)"
0,923188,0,0,0,0,0,0,0,0,0,"(0.0, 0.0)","(0.0, 0.0)","(0.0, 0.0)","(0.0, 0.0, 0.0)","(0.0, 0.0, 0.0)","(0.0, 0.0, 0.0)","(0.0, 0.0, 0.0)","(0.0, 0.0, 0.0)","(0.0, 0.0, 0.0)",0,0,0,0,0,0,False,0,0,0,0,0,0,0,0,"(0.0, 6.0, 1301.5)","(0.2, 0.0, 0.0, 1.0)"
0,923206.8,0,0,0,0,0,0,0,0,0,"(0.0, 0.0)","(0.0, 0.0)","(0.0, 0.0)","(0.0, 0.0, 0.0)","(0.0, 0.0, 0.0)","(0.0, 0.0, 0.0)","(0.0, 0.0, 0.0)","(0.0, 0.0, 0.0)","(0.0, 0.0, 0.0)",0,0,0,0,0,0,False,0,0,0,0,0,0,0,0,"(0.0, 6.0, 1301.8)","(0.2, 0.0, 0.0, 1.0)"
0,923227.9,0,0,0,0,0,0,0,0,0,"(0.0, 0.0)","(0.0, 0.0)","(0.0, 0.0)","(0.0, 0.0, 0.0)","(0.0, 0.0, 0.0)","(0.0, 0.0, 0.0)","(0.0, 0.0, 0.0)","(0.0, 0.0, 0.0)","(0.0, 0.0, 0.0)",0,0,0,0,0,0,False,0,0,0,0,0,0,0,0,"(0.0, 6.0, 1302.1)","(0.2, 0.0, 0.0, 1.0)"
0,923249.3,0,0,0,0,0,0,0,0,0,"(0.0, 0.0)","(0.0, 0.0)","(0.0, 0.0)","(0.0, 0.0, 0.0)","(0.0, 0.0, 0.0)","(0.0, 0.0, 0.0)","(0.0, 0.0, 0.0)","(0.0, 0.0, 0.0)","(0.0, 0.0, 0.0)",0,0,0,0,0,0,False,0,0,0,0,0,0,0,0,"(0.0, 6.0, 1302.4)","(0.2, 0.0, 0.0, 1.0)"
0,923270.9,0,0,0,0,0,0,0,0,0,"(0.0, 0.0)","(0.0, 0.0)","(0.0, 0.0)","(0.0, 0.0, 0.0)","(0.0, 0.0, 0.0)","(0.0, 0.0, 0.0)","(0.0, 0.0, 0.0)","(0.0, 0.0, 0.0)","(0.0, 0.0, 0.0)",0,0,0,0,0,0,False,0,0,0,0,0,0,0,0,"(0.0, 6.0, 1302.7)","(0.2, 0.0, 0.0, 1.0)"
0,923289.1,0,0,0,0,0,0,0,0,0,"(0.0, 0.0)","(0.0, 0.0)","(0.0, 0.0)","(0.0, 0.0, 0.0)","(0.0, 0.0, 0.0)","(0.0, 0.0, 0.0)","(0.0, 0.0, 0.0)","(0.0, 0.0, 0.0)","(0.0, 0.0, 0.0)",0,0,0,0,0,0,False,0,0,0,0,0,0,0,0,"(0.0, 6.0, 1303.0)","(0.2, 0.0, 0.0, 1.0)"
0,923308.2,0,0,0,0,0,0,0,0,0,"(0.0, 0.0)","(0.0, 0.0)","(0.0, 0.0)","(0.0, 0.0, 0.0)","(0.0, 0.0, 0.0)","(0.0, 0.0, 0.0)","(0.0, 0.0, 0.0)","(0.0, 0.0, 0.0)","(0.0, 0.0, 0.0)",0,0,0,0,0,0,False,0,0,0,0,0,0,0,0,"(0.0, 6.0, 1303.3)","(0.2, 0.0, 0.0, 1.0)"
0,923326.7,0,0,0,0,0,0,0,0,0,"(0.0, 0.0)","(0.0, 0.0)","(0.0, 0.0)","(0.0, 0.0, 0.0)","(0.0, 0.0, 0.0)","(0.0, 0.0, 0.0)","(0.0, 0.0, 0.0)","(0.0, 0.0, 0.0)","(0.0, 0.0, 0.0)",0,0,0,0,0,0,False,0,0,0,0,0,0,0,0,"(0.0, 6.0, 1303.5)","(0.2, 0.0, 0.0, 1.0)"
0,923347.1,0,0,0,0,0,0,0,0,0,"(0.0, 0.0)","(0.0, 0.0)","(0.0, 0.0)","(0.0, 0.0, 0.0)","(0.0, 0.0, 0.0)","(0.0, 0.0, 0.0)","(0.0, 0.0, 0.0)","(0.0, 0.0, 0.0)","(0.0, 0.0, 0.0)",0,0,0,0,0,0,False,0,0,0,0,0,0,0,0,"(0.0, 6.0, 1303.8)","(0.2, 0.0, 0.0, 1.0)"
0,923373.1,0,0,0,0,0,0,0,0,0,"(0.0, 0.0)","(0.0, 0.0)","(0.0, 0.0)","(0.0, 0.0, 0.0)","(0.0, 0.0, 0.0)","(0.0, 0.0, 0.0)","(0.0, 0.0, 0.0)","(0.0, 0.0, 0.0)","(0.0, 0.0, 0.0)",0,0,0,0,0,0,False,0,0,0,0,0,0,0,0,"(0.0, 6.0, 1304.1)","(0.2, 0.0, 0.0, 1.0)"
0,923392.3,0,0,0,0,0,0,0,0,0,"(0.0, 0.0)","(0.0, 0.0)","(0.0, 0.0)","(0.0, 0.0, 0.0)","(0.0, 0.0, 0.0)","(0.0, 0.0, 0.0)","(0.0, 0.0, 0.0)","(0.0, 0.0, 0.0)","(0.0, 0.0, 0.0)",0,0,0,0,0,0,False,0,0,0,0,0,0,0,0,"(0.0, 6.0, 1304.4)","(0.2, 0.0, 0.0, 1.0)"
0,923412.8,0,0,0,0,0,0,0,0,0,"(0.0, 0.0)","(0.0, 0.0)","(0.0, 0.0)","(0.0, 0.0, 0.0)","(0.0, 0.0, 0.0)","(0.0, 0.0, 0.0)","(0.0, 0.0, 0.0)","(0.0, 0.0, 0.0)","(0.0, 0.0, 0.0)",0,0,0,0,0,0,False,0,0,0,0,0,0,0,0,"(0.0, 6.0, 1304.7)","(0.2, 0.0, 0.0, 1.0)"
0,923433.6,0,0,0,0,0,0,0,0,0,"(0.0, 0.0)","(0.0, 0.0)","(0.0, 0.0)","(0.0, 0.0, 0.0)","(0.0, 0.0, 0.0)","(0.0, 0.0, 0.0)","(0.0, 0.0, 0.0)","(0.0, 0.0, 0.0)","(0.0, 0.0, 0.0)",0,0,0,0,0,0,False,0,0,0,0,0,0,0,0,"(0.0, 6.0, 1305.0)","(0.2, 0.0, 0.0, 1.0)"
0,923452.3,0,0,0,0,0,0,0,0,0,"(0.0, 0.0)","(0.0, 0.0)","(0.0, 0.0)","(0.0, 0.0, 0.0)","(0.0, 0.0, 0.0)","(0.0, 0.0, 0.0)","(0.0, 0.0, 0.0)","(0.0, 0.0, 0.0)","(0.0, 0.0, 0.0)",0,0,0,0,0,0,False,0,0,0,0,0,0,0,0,"(0.0, 6.0, 1305.3)","(0.2, 0.0, 0.0, 1.0)"
0,923471.6,0,0,0,0,0,0,0,0,0,"(0.0, 0.0)","(0.0, 0.0)","(0.0, 0.0)","(0.0, 0.0, 0.0)","(0.0, 0.0, 0.0)","(0.0, 0.0, 0.0)","(0.0, 0.0, 0.0)","(0.0, 0.0, 0.0)","(0.0, 0.0, 0.0)",0,0,0,0,0,0,False,0,0,0,0,0,0,0,0,"(0.0, 6.0, 1305.6)","(0.2, 0.0, 0.0, 1.0)"
0,923489.9,0,0,0,0,0,0,0,0,0,"(0.0, 0.0)","(0.0, 0.0)","(0.0, 0.0)","(0.0, 0.0, 0.0)","(0.0, 0.0, 0.0)","(0.0, 0.0, 0.0)","(0.0, 0.0, 0.0)","(0.0, 0.0, 0.0)","(0.0, 0.0, 0.0)",0,0,0,0,0,0,False,0,0,0,0,0,0,0,0,"(0.0, 6.0, 1305.9)","(0.2, 0.0, 0.0, 1.0)"
0,923508.9,0,0,0,0,0,0,0,0,0,"(0.0, 0.0)","(0.0, 0.0)","(0.0, 0.0)","(0.0, 0.0, 0.0)","(0.0, 0.0, 0.0)","(0.0, 0.0, 0.0)","(0.0, 0.0, 0.0)","(0.0, 0.0, 0.0)","(0.0, 0.0, 0.0)",0,0,0,0,0,0,False,0,0,0,0,0,0,0,0,"(0.0, 6.0, 1306.2)","(0.2, 0.0, 0.0, 1.0)"
0,923526.8,0,0,0,0,0,0,0,0,0,"(0.0, 0.0)","(0.0, 0.0)","(0.0, 0.0)","(0.0, 0.0, 0.0)","(0.0, 0.0, 0.0)","(0.0, 0.0, 0.0)","(0.0, 0.0, 0.0)","(0.0, 0.0, 0.0)","(0.0, 0.0, 0.0)",0,0,0,0,0,0,False,0,0,0,0,0,0,0,0,"(0.0, 6.0, 1306.4)","(0.2, 0.0, 0.0, 1.0)"
0,923545.2,0,0,0,0,0,0,0,0,0,"(0.0, 0.0)","(0.0, 0.0)","(0.0, 0.0)","(0.0, 0.0, 0.0)","(0.0, 0.0, 0.0)","(0.0, 0.0, 0.0)","(0.0, 0.0, 0.0)","(0.0, 0.0, 0.0)","(0.0, 0.0, 0.0)",0,0,0,0,0,0,False,0,0,0,0,0,0,0,0,"(0.0, 6.0, 1306.7)","(0.2, 0.0, 0.0, 1.0)"
0,923568.1,0,0,0,0,0,0,0,0,0,"(0.0, 0.0)","(0.0, 0.0)","(0.0, 0.0)","(0.0, 0.0, 0.0)","(0.0, 0.0, 0.0)","(0.0, 0.0, 0.0)","(0.0, 0.0, 0.0)","(0.0, 0.0, 0.0)","(0.0, 0.0, 0.0)",0,0,0,0,0,0,False,0,0,0,0,0,0,0,0,"(0.0, 6.0, 1307.0)","(0.2, 0.0, 0.0, 1.0)"
0,923586.9,0,0,0,0,0,0,0,0,0,"(0.0, 0.0)","(0.0, 0.0)","(0.0, 0.0)","(0.0, 0.0, 0.0)","(0.0, 0.0, 0.0)","(0.0, 0.0, 0.0)","(0.0, 0.0, 0.0)","(0.0, 0.0, 0.0)","(0.0, 0.0, 0.0)",0,0,0,0,0,0,False,0,0,0,0,0,0,0,0,"(0.0, 6.0, 1307.3)","(0.2, 0.0, 0.0, 1.0)"
0,923605.4,0,0,0,0,0,0,0,0,0,"(0.0, 0.0)","(0.0, 0.0)","(0.0, 0.0)","(0.0, 0.0, 0.0)","(0.0, 0.0, 0.0)","(0.0, 0.0, 0.0)","(0.0, 0.0, 0.0)","(0.0, 0.0, 0.0)","(0.0, 0.0, 0.0)",0,0,0,0,0,0,False,0,0,0,0,0,0,0,0,"(0.0, 6.0, 1307.5)","(0.2, 0.0, 0.0, 1.0)"
0,923626.8,0,0,0,0,0,0,0,0,0,"(0.0, 0.0)","(0.0, 0.0)","(0.0, 0.0)","(0.0, 0.0, 0.0)","(0.0, 0.0, 0.0)","(0.0, 0.0, 0.0)","(0.0, 0.0, 0.0)","(0.0, 0.0, 0.0)","(0.0, 0.0, 0.0)",0,0,0,0,0,0,False,0,0,0,0,0,0,0,0,"(0.0, 6.0, 1307.8)","(0.2, 0.0, 0.0, 1.0)"
0,923649.6,0,0,0,0,0,0,0,0,0,"(0.0, 0.0)","(0.0, 0.0)","(0.0, 0.0)","(0.0, 0.0, 0.0)","(0.0, 0.0, 0.0)","(0.0, 0.0, 0.0)","(0.0, 0.0, 0.0)","(0.0, 0.0, 0.0)","(0.0, 0.0, 0.0)",0,0,0,0,0,0,False,0,0,0,0,0,0,0,0,"(0.0, 6.0, 1308.1)","(0.2, 0.0, 0.0, 1.0)"
0,923671.1,0,0,0,0,0,0,0,0,0,"(0.0, 0.0)","(0.0, 0.0)","(0.0, 0.0)","(0.0, 0.0, 0.0)","(0.0, 0.0, 0.0)","(0.0, 0.0, 0.0)","(0.0, 0.0, 0.0)","(0.0, 0.0, 0.0)","(0.0, 0.0, 0.0)",0,0,0,0,0,0,False,0,0,0,0,0,0,0,0,"(0.0, 6.0, 1308.4)","(0.2, 0.0, 0.0, 1.0)"
0,923693.3,0,0,0,0,0,0,0,0,0,"(0.0, 0.0)","(0.0, 0.0)","(0.0, 0.0)","(0.0, 0.0, 0.0)","(0.0, 0.0, 0.0)","(0.0, 0.0, 0.0)","(0.0, 0.0, 0.0)","(0.0, 0.0, 0.0)","(0.0, 0.0, 0.0)",0,0,0,0,0,0,False,0,0,0,0,0,0,0,0,"(0.0, 6.0, 1308.7)","(0.2, 0.0, 0.0, 1.0)"
0,923716.8,0,0,0,0,0,0,0,0,0,"(0.0, 0.0)","(0.0, 0.0)","(0.0, 0.0)","(0.0, 0.0, 0.0)","(0.0, 0.0, 0.0)","(0.0, 0.0, 0.0)","(0.0, 0.0, 0.0)","(0.0, 0.0, 0.0)","(0.0, 0.0, 0.0)",0,0,0,0,0,0,False,0,0,0,0,0,0,0,0,"(0.0, 6.0, 1309.0)","(0.2, 0.0, 0.0, 1.0)"
0,923739.2,0,0,0,0,0,0,0,0,0,"(0.0, 0.0)","(0.0, 0.0)","(0.0, 0.0)","(0.0, 0.0, 0.0)","(0.0, 0.0, 0.0)","(0.0, 0.0, 0.0)","(0.0, 0.0, 0.0)","(0.0, 0.0, 0.0)","(0.0, 0.0, 0.0)",0,0,0,0,0,0,False,0,0,0,0,0,0,0,0,"(0.0, 6.0, 1309.3)","(0.2, 0.0, 0.0, 1.0)"
0,923763.8,0,0,0,0,0,0,0,0,0,"(0.0, 0.0)","(0.0, 0.0)","(0.0, 0.0)","(0.0, 0.0, 0.0)","(0.0, 0.0, 0.0)","(0.0, 0.0, 0.0)","(0.0, 0.0, 0.0)","(0.0, 0.0, 0.0)","(0.0, 0.0, 0.0)",0,0,0,0,0,0,False,0,0,0,0,0,0,0,0,"(0.0, 6.0, 1309.6)","(0.2, 0.0, 0.0, 1.0)"
0,923785.4,0,0,0,0,0,0,0,0,0,"(0.0, 0.0)","(0.0, 0.0)","(0.0, 0.0)","(0.0, 0.0, 0.0)","(0.0, 0.0, 0.0)","(0.0, 0.0, 0.0)","(0.0, 0.0, 0.0)","(0.0, 0.0, 0.0)","(0.0, 0.0, 0.0)",0,0,0,0,0,0,False,0,0,0,0,0,0,0,0,"(0.0, 6.0, 1309.9)","(0.2, 0.0, 0.0, 1.0)"
0,923806.9,0,0,0,0,0,0,0,0,0,"(0.0, 0.0)","(0.0, 0.0)","(0.0, 0.0)","(0.0, 0.0, 0.0)","(0.0, 0.0, 0.0)","(0.0, 0.0, 0.0)","(0.0, 0.0, 0.0)","(0.0, 0.0, 0.0)","(0.0, 0.0, 0.0)",0,0,0,0,0,0,False,0,0,0,0,0,0,0,0,"(0.0, 6.0, 1310.2)","(0.2, 0.0, 0.0, 1.0)"
0,923830.7,0,0,0,0,0,0,0,0,0,"(0.0, 0.0)","(0.0, 0.0)","(0.0, 0.0)","(0.0, 0.0, 0.0)","(0.0, 0.0, 0.0)","(0.0, 0.0, 0.0)","(0.0, 0.0, 0.0)","(0.0, 0.0, 0.0)","(0.0, 0.0, 0.0)",0,0,0,0,0,0,False,0,0,0,0,0,0,0,0,"(0.0, 6.0, 1310.5)","(0.2, 0.0, 0.0, 1.0)"
0,923851.4,0,0,0,0,0,0,0,0,0,"(0.0, 0.0)","(0.0, 0.0)","(0.0, 0.0)","(0.0, 0.0, 0.0)","(0.0, 0.0, 0.0)","(0.0, 0.0, 0.0)","(0.0, 0.0, 0.0)","(0.0, 0.0, 0.0)","(0.0, 0.0, 0.0)",0,0,0,0,0,0,False,0,0,0,0,0,0,0,0,"(0.0, 6.0, 1310.8)","(0.2, 0.0, 0.0, 1.0)"
0,923871.5,0,0,0,0,0,0,0,0,0,"(0.0, 0.0)","(0.0, 0.0)","(0.0, 0.0)","(0.0, 0.0, 0.0)","(0.0, 0.0, 0.0)","(0.0, 0.0, 0.0)","(0.0, 0.0, 0.0)","(0.0, 0.0, 0.0)","(0.0, 0.0, 0.0)",0,0,0,0,0,0,False,0,0,0,0,0,0,0,0,"(0.0, 6.0, 1311.1)","(0.2, 0.0, 0.0, 1.0)"
0,923893.4,0,0,0,0,0,0,0,0,0,"(0.0, 0.0)","(0.0, 0.0)","(0.0, 0.0)","(0.0, 0.0, 0.0)","(0.0, 0.0, 0.0)","(0.0, 0.0, 0.0)","(0.0, 0.0, 0.0)","(0.0, 0.0, 0.0)","(0.0, 0.0, 0.0)",0,0,0,0,0,0,False,0,0,0,0,0,0,0,0,"(0.0, 6.0, 1311.4)","(0.2, 0.0, 0.0, 1.0)"
0,923916.8,0,0,0,0,0,0,0,0,0,"(0.0, 0.0)","(0.0, 0.0)","(0.0, 0.0)","(0.0, 0.0, 0.0)","(0.0, 0.0, 0.0)","(0.0, 0.0, 0.0)","(0.0, 0.0, 0.0)","(0.0, 0.0, 0.0)","(0.0, 0.0, 0.0)",0,0,0,0,0,0,False,0,0,0,0,0,0,0,0,"(0.0, 6.0, 1311.7)","(0.2, 0.0, 0.0, 1.0)"
0,923938.1,0,0,0,0,0,0,0,0,0,"(0.0, 0.0)","(0.0, 0.0)","(0.0, 0.0)","(0.0, 0.0, 0.0)","(0.0, 0.0, 0.0)","(0.0, 0.0, 0.0)","(0.0, 0.0, 0.0)","(0.0, 0.0, 0.0)","(0.0, 0.0, 0.0)",0,0,0,0,0,0,False,0,0,0,0,0,0,0,0,"(0.0, 6.0, 1312.0)","(0.2, 0.0, 0.0, 1.0)"
0,923960,0,0,0,0,0,0,0,0,0,"(0.0, 0.0)","(0.0, 0.0)","(0.0, 0.0)","(0.0, 0.0, 0.0)","(0.0, 0.0, 0.0)","(0.0, 0.0, 0.0)","(0.0, 0.0, 0.0)","(0.0, 0.0, 0.0)","(0.0, 0.0, 0.0)",0,0,0,0,0,0,False,0,0,0,0,0,0,0,0,"(0.0, 6.0, 1312.3)","(0.2, 0.0, 0.0, 1.0)"
0,923983.6,0,0,0,0,0,0,0,0,0,"(0.0, 0.0)","(0.0, 0.0)","(0.0, 0.0)","(0.0, 0.0, 0.0)","(0.0, 0.0, 0.0)","(0.0, 0.0, 0.0)","(0.0, 0.0, 0.0)","(0.0, 0.0, 0.0)","(0.0, 0.0, 0.0)",0,0,0,0,0,0,False,0,0,0,0,0,0,0,0,"(0.0, 6.0, 1312.6)","(0.2, 0.0, 0.0, 1.0)"
0,924004.6,0,0,0,0,0,0,0,0,0,"(0.0, 0.0)","(0.0, 0.0)","(0.0, 0.0)","(0.0, 0.0, 0.0)","(0.0, 0.0, 0.0)","(0.0, 0.0, 0.0)","(0.0, 0.0, 0.0)","(0.0, 0.0, 0.0)","(0.0, 0.0, 0.0)",0,0,0,0,0,0,False,0,0,0,0,0,0,0,0,"(0.0, 6.0, 1312.9)","(0.2, 0.0, 0.0, 1.0)"
0,924024.9,0,0,0,0,0,0,0,0,0,"(0.0, 0.0)","(0.0, 0.0)","(0.0, 0.0)","(0.0, 0.0, 0.0)","(0.0, 0.0, 0.0)","(0.0, 0.0, 0.0)","(0.0, 0.0, 0.0)","(0.0, 0.0, 0.0)","(0.0, 0.0, 0.0)",0,0,0,0,0,0,False,0,0,0,0,0,0,0,0,"(0.0, 6.0, 1313.2)","(0.2, 0.0, 0.0, 1.0)"
0,924046.5,0,0,0,0,0,0,0,0,0,"(0.0, 0.0)","(0.0, 0.0)","(0.0, 0.0)","(0.0, 0.0, 0.0)","(0.0, 0.0, 0.0)","(0.0, 0.0, 0.0)","(0.0, 0.0, 0.0)","(0.0, 0.0, 0.0)","(0.0, 0.0, 0.0)",0,0,0,0,0,0,False,0,0,0,0,0,0,0,0,"(0.0, 6.0, 1313.5)","(0.2, 0.0, 0.0, 1.0)"
0,924067.9,0,0,0,0,0,0,0,0,0,"(0.0, 0.0)","(0.0, 0.0)","(0.0, 0.0)","(0.0, 0.0, 0.0)","(0.0, 0.0, 0.0)","(0.0, 0.0, 0.0)","(0.0, 0.0, 0.0)","(0.0, 0.0, 0.0)","(0.0, 0.0, 0.0)",0,0,0,0,0,0,False,0,0,0,0,0,0,0,0,"(0.0, 6.0, 1313.8)","(0.2, 0.0, 0.0, 1.0)"
0,924094.4,0,0,0,0,0,0,0,0,0,"(0.0, 0.0)","(0.0, 0.0)","(0.0, 0.0)","(0.0, 0.0, 0.0)","(0.0, 0.0, 0.0)","(0.0, 0.0, 0.0)","(0.0, 0.0, 0.0)","(0.0, 0.0, 0.0)","(0.0, 0.0, 0.0)",0,0,0,0,0,0,False,0,0,0,0,0,0,0,0,"(0.0, 6.0, 1314.1)","(0.2, 0.0, 0.0, 1.0)"
0,924121.4,0,0,0,0,0,0,0,0,0,"(0.0, 0.0)","(0.0, 0.0)","(0.0, 0.0)","(0.0, 0.0, 0.0)","(0.0, 0.0, 0.0)","(0.0, 0.0, 0.0)","(0.0, 0.0, 0.0)","(0.0, 0.0, 0.0)","(0.0, 0.0, 0.0)",0,0,0,0,0,0,False,0,0,0,0,0,0,0,0,"(0.0, 6.0, 1314.4)","(0.2, 0.0, 0.0, 1.0)"
0,924142,0,0,0,0,0,0,0,0,0,"(0.0, 0.0)","(0.0, 0.0)","(0.0, 0.0)","(0.0, 0.0, 0.0)","(0.0, 0.0, 0.0)","(0.0, 0.0, 0.0)","(0.0, 0.0, 0.0)","(0.0, 0.0, 0.0)","(0.0, 0.0, 0.0)",0,0,0,0,0,0,False,0,0,0,0,0,0,0,0,"(0.0, 6.0, 1314.7)","(0.2, 0.0, 0.0, 1.0)"
0,924160.6,0,0,0,0,0,0,0,0,0,"(0.0, 0.0)","(0.0, 0.0)","(0.0, 0.0)","(0.0, 0.0, 0.0)","(0.0, 0.0, 0.0)","(0.0, 0.0, 0.0)","(0.0, 0.0, 0.0)","(0.0, 0.0, 0.0)","(0.0, 0.0, 0.0)",0,0,0,0,0,0,False,0,0,0,0,0,0,0,0,"(0.0, 6.0, 1315.0)","(0.2, 0.0, 0.0, 1.0)"
0,924188.2,0,0,0,0,0,0,0,0,0,"(0.0, 0.0)","(0.0, 0.0)","(0.0, 0.0)","(0.0, 0.0, 0.0)","(0.0, 0.0, 0.0)","(0.0, 0.0, 0.0)","(0.0, 0.0, 0.0)","(0.0, 0.0, 0.0)","(0.0, 0.0, 0.0)",0,0,0,0,0,0,False,0,0,0,0,0,0,0,0,"(0.0, 6.0, 1315.4)","(0.2, 0.0, 0.0, 1.0)"
0,924208.4,0,0,0,0,0,0,0,0,0,"(0.0, 0.0)","(0.0, 0.0)","(0.0, 0.0)","(0.0, 0.0, 0.0)","(0.0, 0.0, 0.0)","(0.0, 0.0, 0.0)","(0.0, 0.0, 0.0)","(0.0, 0.0, 0.0)","(0.0, 0.0, 0.0)",0,0,0,0,0,0,False,0,0,0,0,0,0,0,0,"(0.0, 6.0, 1315.7)","(0.2, 0.0, 0.0, 1.0)"
0,924226.8,0,0,0,0,0,0,0,0,0,"(0.0, 0.0)","(0.0, 0.0)","(0.0, 0.0)","(0.0, 0.0, 0.0)","(0.0, 0.0, 0.0)","(0.0, 0.0, 0.0)","(0.0, 0.0, 0.0)","(0.0, 0.0, 0.0)","(0.0, 0.0, 0.0)",0,0,0,0,0,0,False,0,0,0,0,0,0,0,0,"(0.0, 6.0, 1316.0)","(0.2, 0.0, 0.0, 1.0)"
0,924247.9,0,0,0,0,0,0,0,0,0,"(0.0, 0.0)","(0.0, 0.0)","(0.0, 0.0)","(0.0, 0.0, 0.0)","(0.0, 0.0, 0.0)","(0.0, 0.0, 0.0)","(0.0, 0.0, 0.0)","(0.0, 0.0, 0.0)","(0.0, 0.0, 0.0)",0,0,0,0,0,0,False,0,0,0,0,0,0,0,0,"(0.0, 6.0, 1316.3)","(0.2, 0.0, 0.0, 1.0)"
0,924268.8,0,0,0,0,0,0,0,0,0,"(0.0, 0.0)","(0.0, 0.0)","(0.0, 0.0)","(0.0, 0.0, 0.0)","(0.0, 0.0, 0.0)","(0.0, 0.0, 0.0)","(0.0, 0.0, 0.0)","(0.0, 0.0, 0.0)","(0.0, 0.0, 0.0)",0,0,0,0,0,0,False,0,0,0,0,0,0,0,0,"(0.0, 6.0, 1316.6)","(0.2, 0.0, 0.0, 1.0)"
0,924287.5,0,0,0,0,0,0,0,0,0,"(0.0, 0.0)","(0.0, 0.0)","(0.0, 0.0)","(0.0, 0.0, 0.0)","(0.0, 0.0, 0.0)","(0.0, 0.0, 0.0)","(0.0, 0.0, 0.0)","(0.0, 0.0, 0.0)","(0.0, 0.0, 0.0)",0,0,0,0,0,0,False,0,0,0,0,0,0,0,0,"(0.0, 6.0, 1316.9)","(0.2, 0.0, 0.0, 1.0)"
0,924306.5,0,0,0,0,0,0,0,0,0,"(0.0, 0.0)","(0.0, 0.0)","(0.0, 0.0)","(0.0, 0.0, 0.0)","(0.0, 0.0, 0.0)","(0.0, 0.0, 0.0)","(0.0, 0.0, 0.0)","(0.0, 0.0, 0.0)","(0.0, 0.0, 0.0)",0,0,0,0,0,0,False,0,0,0,0,0,0,0,0,"(0.0, 6.0, 1317.2)","(0.2, 0.0, 0.0, 1.0)"
0,924324.3,0,0,0,0,0,0,0,0,0,"(0.0, 0.0)","(0.0, 0.0)","(0.0, 0.0)","(0.0, 0.0, 0.0)","(0.0, 0.0, 0.0)","(0.0, 0.0, 0.0)","(0.0, 0.0, 0.0)","(0.0, 0.0, 0.0)","(0.0, 0.0, 0.0)",0,0,0,0,0,0,False,0,0,0,0,0,0,0,0,"(0.0, 6.0, 1317.5)","(0.2, 0.0, 0.0, 1.0)"
0,924343.4,0,0,0,0,0,0,0,0,0,"(0.0, 0.0)","(0.0, 0.0)","(0.0, 0.0)","(0.0, 0.0, 0.0)","(0.0, 0.0, 0.0)","(0.0, 0.0, 0.0)","(0.0, 0.0, 0.0)","(0.0, 0.0, 0.0)","(0.0, 0.0, 0.0)",0,0,0,0,0,0,False,0,0,0,0,0,0,0,0,"(0.0, 6.0, 1317.8)","(0.2, 0.0, 0.0, 1.0)"
0,924363.4,0,0,0,0,0,0,0,0,0,"(0.0, 0.0)","(0.0, 0.0)","(0.0, 0.0)","(0.0, 0.0, 0.0)","(0.0, 0.0, 0.0)","(0.0, 0.0, 0.0)","(0.0, 0.0, 0.0)","(0.0, 0.0, 0.0)","(0.0, 0.0, 0.0)",0,0,0,0,0,0,False,0,0,0,0,0,0,0,0,"(0.0, 6.0, 1318.1)","(0.2, 0.0, 0.0, 1.0)"
0,924383.1,0,0,0,0,0,0,0,0,0,"(0.0, 0.0)","(0.0, 0.0)","(0.0, 0.0)","(0.0, 0.0, 0.0)","(0.0, 0.0, 0.0)","(0.0, 0.0, 0.0)","(0.0, 0.0, 0.0)","(0.0, 0.0, 0.0)","(0.0, 0.0, 0.0)",0,0,0,0,0,0,False,0,0,0,0,0,0,0,0,"(0.0, 6.0, 1318.3)","(0.2, 0.0, 0.0, 1.0)"
0,924402.4,0,0,0,0,0,0,0,0,0,"(0.0, 0.0)","(0.0, 0.0)","(0.0, 0.0)","(0.0, 0.0, 0.0)","(0.0, 0.0, 0.0)","(0.0, 0.0, 0.0)","(0.0, 0.0, 0.0)","(0.0, 0.0, 0.0)","(0.0, 0.0, 0.0)",0,0,0,0,0,0,False,0,0,0,0,0,0,0,0,"(0.0, 6.0, 1318.6)","(0.2, 0.0, 0.0, 1.0)"
0,924427.3,0,0,0,0,0,0,0,0,0,"(0.0, 0.0)","(0.0, 0.0)","(0.0, 0.0)","(0.0, 0.0, 0.0)","(0.0, 0.0, 0.0)","(0.0, 0.0, 0.0)","(0.0, 0.0, 0.0)","(0.0, 0.0, 0.0)","(0.0, 0.0, 0.0)",0,0,0,0,0,0,False,0,0,0,0,0,0,0,0,"(0.0, 6.0, 1318.9)","(0.2, 0.0, 0.0, 1.0)"
0,924447.9,0,0,0,0,0,0,0,0,0,"(0.0, 0.0)","(0.0, 0.0)","(0.0, 0.0)","(0.0, 0.0, 0.0)","(0.0, 0.0, 0.0)","(0.0, 0.0, 0.0)","(0.0, 0.0, 0.0)","(0.0, 0.0, 0.0)","(0.0, 0.0, 0.0)",0,0,0,0,0,0,False,0,0,0,0,0,0,0,0,"(0.0, 6.0, 1319.2)","(0.2, 0.0, 0.0, 1.0)"
0,924468.1,0,0,0,0,0,0,0,0,0,"(0.0, 0.0)","(0.0, 0.0)","(0.0, 0.0)","(0.0, 0.0, 0.0)","(0.0, 0.0, 0.0)","(0.0, 0.0, 0.0)","(0.0, 0.0, 0.0)","(0.0, 0.0, 0.0)","(0.0, 0.0, 0.0)",0,0,0,0,0,0,False,0,0,0,0,0,0,0,0,"(0.0, 6.0, 1319.5)","(0.2, 0.0, 0.0, 1.0)"
0,924486.3,0,0,0,0,0,0,0,0,0,"(0.0, 0.0)","(0.0, 0.0)","(0.0, 0.0)","(0.0, 0.0, 0.0)","(0.0, 0.0, 0.0)","(0.0, 0.0, 0.0)","(0.0, 0.0, 0.0)","(0.0, 0.0, 0.0)","(0.0, 0.0, 0.0)",0,0,0,0,0,0,False,0,0,0,0,0,0,0,0,"(0.0, 6.0, 1319.8)","(0.2, 0.0, 0.0, 1.0)"
0,924504.4,0,0,0,0,0,0,0,0,0,"(0.0, 0.0)","(0.0, 0.0)","(0.0, 0.0)","(0.0, 0.0, 0.0)","(0.0, 0.0, 0.0)","(0.0, 0.0, 0.0)","(0.0, 0.0, 0.0)","(0.0, 0.0, 0.0)","(0.0, 0.0, 0.0)",0,0,0,0,0,0,False,0,0,0,0,0,0,0,0,"(0.0, 6.0, 1320.1)","(0.2, 0.0, 0.0, 1.0)"
0,924527.1,0,0,0,0,0,0,0,0,0,"(0.0, 0.0)","(0.0, 0.0)","(0.0, 0.0)","(0.0, 0.0, 0.0)","(0.0, 0.0, 0.0)","(0.0, 0.0, 0.0)","(0.0, 0.0, 0.0)","(0.0, 0.0, 0.0)","(0.0, 0.0, 0.0)",0,0,0,0,0,0,False,0,0,0,0,0,0,0,0,"(0.0, 6.0, 1320.4)","(0.2, 0.0, 0.0, 1.0)"
0,924547.1,0,0,0,0,0,0,0,0,0,"(0.0, 0.0)","(0.0, 0.0)","(0.0, 0.0)","(0.0, 0.0, 0.0)","(0.0, 0.0, 0.0)","(0.0, 0.0, 0.0)","(0.0, 0.0, 0.0)","(0.0, 0.0, 0.0)","(0.0, 0.0, 0.0)",0,0,0,0,0,0,False,0,0,0,0,0,0,0,0,"(0.0, 6.0, 1320.7)","(0.2, 0.0, 0.0, 1.0)"
0,924571.9,0,0,0,0,0,0,0,0,0,"(0.0, 0.0)","(0.0, 0.0)","(0.0, 0.0)","(0.0, 0.0, 0.0)","(0.0, 0.0, 0.0)","(0.0, 0.0, 0.0)","(0.0, 0.0, 0.0)","(0.0, 0.0, 0.0)","(0.0, 0.0, 0.0)",0,0,0,0,0,0,False,0,0,0,0,0,0,0,0,"(0.0, 6.0, 1320.9)","(0.2, 0.0, 0.0, 1.0)"
0,924589.8,0,0,0,0,0,0,0,0,0,"(0.0, 0.0)","(0.0, 0.0)","(0.0, 0.0)","(0.0, 0.0, 0.0)","(0.0, 0.0, 0.0)","(0.0, 0.0, 0.0)","(0.0, 0.0, 0.0)","(0.0, 0.0, 0.0)","(0.0, 0.0, 0.0)",0,0,0,0,0,0,False,0,0,0,0,0,0,0,0,"(0.0, 6.0, 1321.2)","(0.2, 0.0, 0.0, 1.0)"
0,924622.8,0,0,0,0,0,0,0,0,0,"(0.0, 0.0)","(0.0, 0.0)","(0.0, 0.0)","(0.0, 0.0, 0.0)","(0.0, 0.0, 0.0)","(0.0, 0.0, 0.0)","(0.0, 0.0, 0.0)","(0.0, 0.0, 0.0)","(0.0, 0.0, 0.0)",0,0,0,0,0,0,False,0,0,0,0,0,0,0,0,"(0.0, 6.0, 1321.5)","(0.2, 0.0, 0.0, 1.0)"
0,924653.9,0,0,0,0,0,0,0,0,0,"(0.0, 0.0)","(0.0, 0.0)","(0.0, 0.0)","(0.0, 0.0, 0.0)","(0.0, 0.0, 0.0)","(0.0, 0.0, 0.0)","(0.0, 0.0, 0.0)","(0.0, 0.0, 0.0)","(0.0, 0.0, 0.0)",0,0,0,0,0,0,False,0,0,0,0,0,0,0,0,"(0.0, 6.0, 1321.9)","(0.2, 0.0, 0.0, 1.0)"
0,924673.3,0,0,0,0,0,0,0,0,0,"(0.0, 0.0)","(0.0, 0.0)","(0.0, 0.0)","(0.0, 0.0, 0.0)","(0.0, 0.0, 0.0)","(0.0, 0.0, 0.0)","(0.0, 0.0, 0.0)","(0.0, 0.0, 0.0)","(0.0, 0.0, 0.0)",0,0,0,0,0,0,False,0,0,0,0,0,0,0,0,"(0.0, 6.0, 1322.2)","(0.2, 0.0, 0.0, 1.0)"
0,924692.3,0,0,0,0,0,0,0,0,0,"(0.0, 0.0)","(0.0, 0.0)","(0.0, 0.0)","(0.0, 0.0, 0.0)","(0.0, 0.0, 0.0)","(0.0, 0.0, 0.0)","(0.0, 0.0, 0.0)","(0.0, 0.0, 0.0)","(0.0, 0.0, 0.0)",0,0,0,0,0,0,False,0,0,0,0,0,0,0,0,"(0.0, 6.0, 1322.5)","(0.2, 0.0, 0.0, 1.0)"
0,924710.6,0,0,0,0,0,0,0,0,0,"(0.0, 0.0)","(0.0, 0.0)","(0.0, 0.0)","(0.0, 0.0, 0.0)","(0.0, 0.0, 0.0)","(0.0, 0.0, 0.0)","(0.0, 0.0, 0.0)","(0.0, 0.0, 0.0)","(0.0, 0.0, 0.0)",0,0,0,0,0,0,False,0,0,0,0,0,0,0,0,"(0.0, 6.0, 1322.8)","(0.2, 0.0, 0.0, 1.0)"
0,924729.3,0,0,0,0,0,0,0,0,0,"(0.0, 0.0)","(0.0, 0.0)","(0.0, 0.0)","(0.0, 0.0, 0.0)","(0.0, 0.0, 0.0)","(0.0, 0.0, 0.0)","(0.0, 0.0, 0.0)","(0.0, 0.0, 0.0)","(0.0, 0.0, 0.0)",0,0,0,0,0,0,False,0,0,0,0,0,0,0,0,"(0.0, 6.0, 1323.1)","(0.2, 0.0, 0.0, 1.0)"
0,924749.7,0,0,0,0,0,0,0,0,0,"(0.0, 0.0)","(0.0, 0.0)","(0.0, 0.0)","(0.0, 0.0, 0.0)","(0.0, 0.0, 0.0)","(0.0, 0.0, 0.0)","(0.0, 0.0, 0.0)","(0.0, 0.0, 0.0)","(0.0, 0.0, 0.0)",0,0,0,0,0,0,False,0,0,0,0,0,0,0,0,"(0.0, 6.0, 1323.4)","(0.2, 0.0, 0.0, 1.0)"
0,924770.9,0,0,0,0,0,0,0,0,0,"(0.0, 0.0)","(0.0, 0.0)","(0.0, 0.0)","(0.0, 0.0, 0.0)","(0.0, 0.0, 0.0)","(0.0, 0.0, 0.0)","(0.0, 0.0, 0.0)","(0.0, 0.0, 0.0)","(0.0, 0.0, 0.0)",0,0,0,0,0,0,False,0,0,0,0,0,0,0,0,"(0.0, 6.0, 1323.7)","(0.2, 0.0, 0.0, 1.0)"
0,924793.1,0,0,0,0,0,0,0,0,0,"(0.0, 0.0)","(0.0, 0.0)","(0.0, 0.0)","(0.0, 0.0, 0.0)","(0.0, 0.0, 0.0)","(0.0, 0.0, 0.0)","(0.0, 0.0, 0.0)","(0.0, 0.0, 0.0)","(0.0, 0.0, 0.0)",0,0,0,0,0,0,False,0,0,0,0,0,0,0,0,"(0.0, 6.0, 1324.0)","(0.2, 0.0, 0.0, 1.0)"
0,924817,0,0,0,0,0,0,0,0,0,"(0.0, 0.0)","(0.0, 0.0)","(0.0, 0.0)","(0.0, 0.0, 0.0)","(0.0, 0.0, 0.0)","(0.0, 0.0, 0.0)","(0.0, 0.0, 0.0)","(0.0, 0.0, 0.0)","(0.0, 0.0, 0.0)",0,0,0,0,0,0,False,0,0,0,0,0,0,0,0,"(0.0, 6.0, 1324.3)","(0.2, 0.0, 0.0, 1.0)"
0,924837.5,0,0,0,0,0,0,0,0,0,"(0.0, 0.0)","(0.0, 0.0)","(0.0, 0.0)","(0.0, 0.0, 0.0)","(0.0, 0.0, 0.0)","(0.0, 0.0, 0.0)","(0.0, 0.0, 0.0)","(0.0, 0.0, 0.0)","(0.0, 0.0, 0.0)",0,0,0,0,0,0,False,0,0,0,0,0,0,0,0,"(0.0, 6.0, 1324.6)","(0.2, 0.0, 0.0, 1.0)"
0,924859.9,0,0,0,0,0,0,0,0,0,"(0.0, 0.0)","(0.0, 0.0)","(0.0, 0.0)","(0.0, 0.0, 0.0)","(0.0, 0.0, 0.0)","(0.0, 0.0, 0.0)","(0.0, 0.0, 0.0)","(0.0, 0.0, 0.0)","(0.0, 0.0, 0.0)",0,0,0,0,0,0,False,0,0,0,0,0,0,0,0,"(0.0, 6.0, 1324.9)","(0.2, 0.0, 0.0, 1.0)"
0,924881.5,0,0,0,0,0,0,0,0,0,"(0.0, 0.0)","(0.0, 0.0)","(0.0, 0.0)","(0.0, 0.0, 0.0)","(0.0, 0.0, 0.0)","(0.0, 0.0, 0.0)","(0.0, 0.0, 0.0)","(0.0, 0.0, 0.0)","(0.0, 0.0, 0.0)",0,0,0,0,0,0,False,0,0,0,0,0,0,0,0,"(0.0, 6.0, 1325.2)","(0.2, 0.0, 0.0, 1.0)"
0,924903.8,0,0,0,0,0,0,0,0,0,"(0.0, 0.0)","(0.0, 0.0)","(0.0, 0.0)","(0.0, 0.0, 0.0)","(0.0, 0.0, 0.0)","(0.0, 0.0, 0.0)","(0.0, 0.0, 0.0)","(0.0, 0.0, 0.0)","(0.0, 0.0, 0.0)",0,0,0,0,0,0,False,0,0,0,0,0,0,0,0,"(0.0, 6.0, 1325.5)","(0.2, 0.0, 0.0, 1.0)"
0,924925.9,0,0,0,0,0,0,0,0,0,"(0.0, 0.0)","(0.0, 0.0)","(0.0, 0.0)","(0.0, 0.0, 0.0)","(0.0, 0.0, 0.0)","(0.0, 0.0, 0.0)","(0.0, 0.0, 0.0)","(0.0, 0.0, 0.0)","(0.0, 0.0, 0.0)",0,0,0,0,0,0,False,0,0,0,0,0,0,0,0,"(0.0, 6.0, 1325.8)","(0.2, 0.0, 0.0, 1.0)"
0,924948.2,0,0,0,0,0,0,0,0,0,"(0.0, 0.0)","(0.0, 0.0)","(0.0, 0.0)","(0.0, 0.0, 0.0)","(0.0, 0.0, 0.0)","(0.0, 0.0, 0.0)","(0.0, 0.0, 0.0)","(0.0, 0.0, 0.0)","(0.0, 0.0, 0.0)",0,0,0,0,0,0,False,0,0,0,0,0,0,0,0,"(0.0, 6.0, 1326.1)","(0.2, 0.0, 0.0, 1.0)"
0,924970.9,0,0,0,0,0,0,0,0,0,"(0.0, 0.0)","(0.0, 0.0)","(0.0, 0.0)","(0.0, 0.0, 0.0)","(0.0, 0.0, 0.0)","(0.0, 0.0, 0.0)","(0.0, 0.0, 0.0)","(0.0, 0.0, 0.0)","(0.0, 0.0, 0.0)",0,0,0,0,0,0,False,0,0,0,0,0,0,0,0,"(0.0, 6.0, 1326.4)","(0.2, 0.0, 0.0, 1.0)"
0,924993.1,0,0,0,0,0,0,0,0,0,"(0.0, 0.0)","(0.0, 0.0)","(0.0, 0.0)","(0.0, 0.0, 0.0)","(0.0, 0.0, 0.0)","(0.0, 0.0, 0.0)","(0.0, 0.0, 0.0)","(0.0, 0.0, 0.0)","(0.0, 0.0, 0.0)",0,0,0,0,0,0,False,0,0,0,0,0,0,0,0,"(0.0, 6.0, 1326.7)","(0.2, 0.0, 0.0, 1.0)"
0,925016.9,0,0,0,0,0,0,0,0,0,"(0.0, 0.0)","(0.0, 0.0)","(0.0, 0.0)","(0.0, 0.0, 0.0)","(0.0, 0.0, 0.0)","(0.0, 0.0, 0.0)","(0.0, 0.0, 0.0)","(0.0, 0.0, 0.0)","(0.0, 0.0, 0.0)",0,0,0,0,0,0,False,0,0,0,0,0,0,0,0,"(0.0, 6.0, 1327.0)","(0.2, 0.0, 0.0, 1.0)"
0,925036.5,0,0,0,0,0,0,0,0,0,"(0.0, 0.0)","(0.0, 0.0)","(0.0, 0.0)","(0.0, 0.0, 0.0)","(0.0, 0.0, 0.0)","(0.0, 0.0, 0.0)","(0.0, 0.0, 0.0)","(0.0, 0.0, 0.0)","(0.0, 0.0, 0.0)",0,0,0,0,0,0,False,0,0,0,0,0,0,0,0,"(0.0, 6.0, 1327.3)","(0.2, 0.0, 0.0, 1.0)"
0,925056,0,0,0,0,0,0,0,0,0,"(0.0, 0.0)","(0.0, 0.0)","(0.0, 0.0)","(0.0, 0.0, 0.0)","(0.0, 0.0, 0.0)","(0.0, 0.0, 0.0)","(0.0, 0.0, 0.0)","(0.0, 0.0, 0.0)","(0.0, 0.0, 0.0)",0,0,0,0,0,0,False,0,0,0,0,0,0,0,0,"(0.0, 6.0, 1327.6)","(0.2, 0.0, 0.0, 1.0)"
0,925075.3,0,0,0,0,0,0,0,0,0,"(0.0, 0.0)","(0.0, 0.0)","(0.0, 0.0)","(0.0, 0.0, 0.0)","(0.0, 0.0, 0.0)","(0.0, 0.0, 0.0)","(0.0, 0.0, 0.0)","(0.0, 0.0, 0.0)","(0.0, 0.0, 0.0)",0,0,0,0,0,0,False,0,0,0,0,0,0,0,0,"(0.0, 6.0, 1327.9)","(0.2, 0.0, 0.0, 1.0)"
0,925095.1,0,0,0,0,0,0,0,0,0,"(0.0, 0.0)","(0.0, 0.0)","(0.0, 0.0)","(0.0, 0.0, 0.0)","(0.0, 0.0, 0.0)","(0.0, 0.0, 0.0)","(0.0, 0.0, 0.0)","(0.0, 0.0, 0.0)","(0.0, 0.0, 0.0)",0,0,0,0,0,0,False,0,0,0,0,0,0,0,0,"(0.0, 6.0, 1328.2)","(0.2, 0.0, 0.0, 1.0)"
0,925115.8,0,0,0,0,0,0,0,0,0,"(0.0, 0.0)","(0.0, 0.0)","(0.0, 0.0)","(0.0, 0.0, 0.0)","(0.0, 0.0, 0.0)","(0.0, 0.0, 0.0)","(0.0, 0.0, 0.0)","(0.0, 0.0, 0.0)","(0.0, 0.0, 0.0)",0,0,0,0,0,0,False,0,0,0,0,0,0,0,0,"(0.0, 6.0, 1328.5)","(0.2, 0.0, 0.0, 1.0)"
0,925136.9,0,0,0,0,0,0,0,0,0,"(0.0, 0.0)","(0.0, 0.0)","(0.0, 0.0)","(0.0, 0.0, 0.0)","(0.0, 0.0, 0.0)","(0.0, 0.0, 0.0)","(0.0, 0.0, 0.0)","(0.0, 0.0, 0.0)","(0.0, 0.0, 0.0)",0,0,0,0,0,0,False,0,0,0,0,0,0,0,0,"(0.0, 6.0, 1328.8)","(0.2, 0.0, 0.0, 1.0)"
0,925155.6,0,0,0,0,0,0,0,0,0,"(0.0, 0.0)","(0.0, 0.0)","(0.0, 0.0)","(0.0, 0.0, 0.0)","(0.0, 0.0, 0.0)","(0.0, 0.0, 0.0)","(0.0, 0.0, 0.0)","(0.0, 0.0, 0.0)","(0.0, 0.0, 0.0)",0,0,0,0,0,0,False,0,0,0,0,0,0,0,0,"(0.0, 6.0, 1329.1)","(0.2, 0.0, 0.0, 1.0)"
0,925174.5,0,0,0,0,0,0,0,0,0,"(0.0, 0.0)","(0.0, 0.0)","(0.0, 0.0)","(0.0, 0.0, 0.0)","(0.0, 0.0, 0.0)","(0.0, 0.0, 0.0)","(0.0, 0.0, 0.0)","(0.0, 0.0, 0.0)","(0.0, 0.0, 0.0)",0,0,0,0,0,0,False,0,0,0,0,0,0,0,0,"(0.0, 6.0, 1329.4)","(0.2, 0.0, 0.0, 1.0)"
0,925192.9,0,0,0,0,0,0,0,0,0,"(0.0, 0.0)","(0.0, 0.0)","(0.0, 0.0)","(0.0, 0.0, 0.0)","(0.0, 0.0, 0.0)","(0.0, 0.0, 0.0)","(0.0, 0.0, 0.0)","(0.0, 0.0, 0.0)","(0.0, 0.0, 0.0)",0,0,0,0,0,0,False,0,0,0,0,0,0,0,0,"(0.0, 6.0, 1329.7)","(0.2, 0.0, 0.0, 1.0)"
0,925212.3,0,0,0,0,0,0,0,0,0,"(0.0, 0.0)","(0.0, 0.0)","(0.0, 0.0)","(0.0, 0.0, 0.0)","(0.0, 0.0, 0.0)","(0.0, 0.0, 0.0)","(0.0, 0.0, 0.0)","(0.0, 0.0, 0.0)","(0.0, 0.0, 0.0)",0,0,0,0,0,0,False,0,0,0,0,0,0,0,0,"(0.0, 6.0, 1330.0)","(0.2, 0.0, 0.0, 1.0)"
0,925231.8,0,0,0,0,0,0,0,0,0,"(0.0, 0.0)","(0.0, 0.0)","(0.0, 0.0)","(0.0, 0.0, 0.0)","(0.0, 0.0, 0.0)","(0.0, 0.0, 0.0)","(0.0, 0.0, 0.0)","(0.0, 0.0, 0.0)","(0.0, 0.0, 0.0)",0,0,0,0,0,0,False,0,0,0,0,0,0,0,0,"(0.0, 6.0, 1330.3)","(0.2, 0.0, 0.0, 1.0)"
0,925251.1,0,0,0,0,0,0,0,0,0,"(0.0, 0.0)","(0.0, 0.0)","(0.0, 0.0)","(0.0, 0.0, 0.0)","(0.0, 0.0, 0.0)","(0.0, 0.0, 0.0)","(0.0, 0.0, 0.0)","(0.0, 0.0, 0.0)","(0.0, 0.0, 0.0)",0,0,0,0,0,0,False,0,0,0,0,0,0,0,0,"(0.0, 6.0, 1330.5)","(0.2, 0.0, 0.0, 1.0)"
0,925271.6,0,0,0,0,0,0,0,0,0,"(0.0, 0.0)","(0.0, 0.0)","(0.0, 0.0)","(0.0, 0.0, 0.0)","(0.0, 0.0, 0.0)","(0.0, 0.0, 0.0)","(0.0, 0.0, 0.0)","(0.0, 0.0, 0.0)","(0.0, 0.0, 0.0)",0,0,0,0,0,0,False,0,0,0,0,0,0,0,0,"(0.0, 6.0, 1330.8)","(0.2, 0.0, 0.0, 1.0)"
0,925290.7,0,0,0,0,0,0,0,0,0,"(0.0, 0.0)","(0.0, 0.0)","(0.0, 0.0)","(0.0, 0.0, 0.0)","(0.0, 0.0, 0.0)","(0.0, 0.0, 0.0)","(0.0, 0.0, 0.0)","(0.0, 0.0, 0.0)","(0.0, 0.0, 0.0)",0,0,0,0,0,0,False,0,0,0,0,0,0,0,0,"(0.0, 6.0, 1331.1)","(0.2, 0.0, 0.0, 1.0)"
0,925310.1,0,0,0,0,0,0,0,0,0,"(0.0, 0.0)","(0.0, 0.0)","(0.0, 0.0)","(0.0, 0.0, 0.0)","(0.0, 0.0, 0.0)","(0.0, 0.0, 0.0)","(0.0, 0.0, 0.0)","(0.0, 0.0, 0.0)","(0.0, 0.0, 0.0)",0,0,0,0,0,0,False,0,0,0,0,0,0,0,0,"(0.0, 6.0, 1331.4)","(0.2, 0.0, 0.0, 1.0)"
0,925334.9,0,0,0,0,0,0,0,0,0,"(0.0, 0.0)","(0.0, 0.0)","(0.0, 0.0)","(0.0, 0.0, 0.0)","(0.0, 0.0, 0.0)","(0.0, 0.0, 0.0)","(0.0, 0.0, 0.0)","(0.0, 0.0, 0.0)","(0.0, 0.0, 0.0)",0,0,0,0,0,0,False,0,0,0,0,0,0,0,0,"(0.0, 6.0, 1331.7)","(0.2, 0.0, 0.0, 1.0)"
0,925354.5,0,0,0,0,0,0,0,0,0,"(0.0, 0.0)","(0.0, 0.0)","(0.0, 0.0)","(0.0, 0.0, 0.0)","(0.0, 0.0, 0.0)","(0.0, 0.0, 0.0)","(0.0, 0.0, 0.0)","(0.0, 0.0, 0.0)","(0.0, 0.0, 0.0)",0,0,0,0,0,0,False,0,0,0,0,0,0,0,0,"(0.0, 6.0, 1332.0)","(0.2, 0.0, 0.0, 1.0)"
0,925373.1,0,0,0,0,0,0,0,0,0,"(0.0, 0.0)","(0.0, 0.0)","(0.0, 0.0)","(0.0, 0.0, 0.0)","(0.0, 0.0, 0.0)","(0.0, 0.0, 0.0)","(0.0, 0.0, 0.0)","(0.0, 0.0, 0.0)","(0.0, 0.0, 0.0)",0,0,0,0,0,0,False,0,0,0,0,0,0,0,0,"(0.0, 6.0, 1332.2)","(0.2, 0.0, 0.0, 1.0)"
0,925391.8,0,0,0,0,0,0,0,0,0,"(0.0, 0.0)","(0.0, 0.0)","(0.0, 0.0)","(0.0, 0.0, 0.0)","(0.0, 0.0, 0.0)","(0.0, 0.0, 0.0)","(0.0, 0.0, 0.0)","(0.0, 0.0, 0.0)","(0.0, 0.0, 0.0)",0,0,0,0,0,0,False,0,0,0,0,0,0,0,0,"(0.0, 6.0, 1332.5)","(0.2, 0.0, 0.0, 1.0)"
0,925410.6,0,0,0,0,0,0,0,0,0,"(0.0, 0.0)","(0.0, 0.0)","(0.0, 0.0)","(0.0, 0.0, 0.0)","(0.0, 0.0, 0.0)","(0.0, 0.0, 0.0)","(0.0, 0.0, 0.0)","(0.0, 0.0, 0.0)","(0.0, 0.0, 0.0)",0,0,0,0,0,0,False,0,0,0,0,0,0,0,0,"(0.0, 6.0, 1332.8)","(0.2, 0.0, 0.0, 1.0)"
0,925429,0,0,0,0,0,0,0,0,0,"(0.0, 0.0)","(0.0, 0.0)","(0.0, 0.0)","(0.0, 0.0, 0.0)","(0.0, 0.0, 0.0)","(0.0, 0.0, 0.0)","(0.0, 0.0, 0.0)","(0.0, 0.0, 0.0)","(0.0, 0.0, 0.0)",0,0,0,0,0,0,False,0,0,0,0,0,0,0,0,"(0.0, 6.0, 1333.1)","(0.2, 0.0, 0.0, 1.0)"
0,925450.1,0,0,0,0,0,0,0,0,0,"(0.0, 0.0)","(0.0, 0.0)","(0.0, 0.0)","(0.0, 0.0, 0.0)","(0.0, 0.0, 0.0)","(0.0, 0.0, 0.0)","(0.0, 0.0, 0.0)","(0.0, 0.0, 0.0)","(0.0, 0.0, 0.0)",0,0,0,0,0,0,False,0,0,0,0,0,0,0,0,"(0.0, 6.0, 1333.4)","(0.2, 0.0, 0.0, 1.0)"
0,925469.3,0,0,0,0,0,0,0,0,0,"(0.0, 0.0)","(0.0, 0.0)","(0.0, 0.0)","(0.0, 0.0, 0.0)","(0.0, 0.0, 0.0)","(0.0, 0.0, 0.0)","(0.0, 0.0, 0.0)","(0.0, 0.0, 0.0)","(0.0, 0.0, 0.0)",0,0,0,0,0,0,False,0,0,0,0,0,0,0,0,"(0.0, 6.0, 1333.6)","(0.2, 0.0, 0.0, 1.0)"
0,925488.2,0,0,0,0,0,0,0,0,0,"(0.0, 0.0)","(0.0, 0.0)","(0.0, 0.0)","(0.0, 0.0, 0.0)","(0.0, 0.0, 0.0)","(0.0, 0.0, 0.0)","(0.0, 0.0, 0.0)","(0.0, 0.0, 0.0)","(0.0, 0.0, 0.0)",0,0,0,0,0,0,False,0,0,0,0,0,0,0,0,"(0.0, 6.0, 1333.9)","(0.2, 0.0, 0.0, 1.0)"
0,925506.4,0,0,0,0,0,0,0,0,0,"(0.0, 0.0)","(0.0, 0.0)","(0.0, 0.0)","(0.0, 0.0, 0.0)","(0.0, 0.0, 0.0)","(0.0, 0.0, 0.0)","(0.0, 0.0, 0.0)","(0.0, 0.0, 0.0)","(0.0, 0.0, 0.0)",0,0,0,0,0,0,False,0,0,0,0,0,0,0,0,"(0.0, 6.0, 1334.2)","(0.2, 0.0, 0.0, 1.0)"
0,925530.4,0,0,0,0,0,0,0,0,0,"(0.0, 0.0)","(0.0, 0.0)","(0.0, 0.0)","(0.0, 0.0, 0.0)","(0.0, 0.0, 0.0)","(0.0, 0.0, 0.0)","(0.0, 0.0, 0.0)","(0.0, 0.0, 0.0)","(0.0, 0.0, 0.0)",0,0,0,0,0,0,False,0,0,0,0,0,0,0,0,"(0.0, 6.0, 1334.5)","(0.2, 0.0, 0.0, 1.0)"
0,925549.8,0,0,0,0,0,0,0,0,0,"(0.0, 0.0)","(0.0, 0.0)","(0.0, 0.0)","(0.0, 0.0, 0.0)","(0.0, 0.0, 0.0)","(0.0, 0.0, 0.0)","(0.0, 0.0, 0.0)","(0.0, 0.0, 0.0)","(0.0, 0.0, 0.0)",0,0,0,0,0,0,False,0,0,0,0,0,0,0,0,"(0.0, 6.0, 1334.8)","(0.2, 0.0, 0.0, 1.0)"
0,925569.9,0,0,0,0,0,0,0,0,0,"(0.0, 0.0)","(0.0, 0.0)","(0.0, 0.0)","(0.0, 0.0, 0.0)","(0.0, 0.0, 0.0)","(0.0, 0.0, 0.0)","(0.0, 0.0, 0.0)","(0.0, 0.0, 0.0)","(0.0, 0.0, 0.0)",0,0,0,0,0,0,False,0,0,0,0,0,0,0,0,"(0.0, 6.0, 1335.0)","(0.2, 0.0, 0.0, 1.0)"
0,925592.2,0,0,0,0,0,0,0,0,0,"(0.0, 0.0)","(0.0, 0.0)","(0.0, 0.0)","(0.0, 0.0, 0.0)","(0.0, 0.0, 0.0)","(0.0, 0.0, 0.0)","(0.0, 0.0, 0.0)","(0.0, 0.0, 0.0)","(0.0, 0.0, 0.0)",0,0,0,0,0,0,False,0,0,0,0,0,0,0,0,"(0.0, 6.0, 1335.3)","(0.2, 0.0, 0.0, 1.0)"
0,925615.8,0,0,0,0,0,0,0,0,0,"(0.0, 0.0)","(0.0, 0.0)","(0.0, 0.0)","(0.0, 0.0, 0.0)","(0.0, 0.0, 0.0)","(0.0, 0.0, 0.0)","(0.0, 0.0, 0.0)","(0.0, 0.0, 0.0)","(0.0, 0.0, 0.0)",0,0,0,0,0,0,False,0,0,0,0,0,0,0,0,"(0.0, 6.0, 1335.6)","(0.2, 0.0, 0.0, 1.0)"
0,925636.8,0,0,0,0,0,0,0,0,0,"(0.0, 0.0)","(0.0, 0.0)","(0.0, 0.0)","(0.0, 0.0, 0.0)","(0.0, 0.0, 0.0)","(0.0, 0.0, 0.0)","(0.0, 0.0, 0.0)","(0.0, 0.0, 0.0)","(0.0, 0.0, 0.0)",0,0,0,0,0,0,False,0,0,0,0,0,0,0,0,"(0.0, 6.0, 1335.9)","(0.2, 0.0, 0.0, 1.0)"
0,925659.6,0,0,0,0,0,0,0,0,0,"(0.0, 0.0)","(0.0, 0.0)","(0.0, 0.0)","(0.0, 0.0, 0.0)","(0.0, 0.0, 0.0)","(0.0, 0.0, 0.0)","(0.0, 0.0, 0.0)","(0.0, 0.0, 0.0)","(0.0, 0.0, 0.0)",0,0,0,0,0,0,False,0,0,0,0,0,0,0,0,"(0.0, 6.0, 1336.2)","(0.2, 0.0, 0.0, 1.0)"
0,925682.2,0,0,0,0,0,0,0,0,0,"(0.0, 0.0)","(0.0, 0.0)","(0.0, 0.0)","(0.0, 0.0, 0.0)","(0.0, 0.0, 0.0)","(0.0, 0.0, 0.0)","(0.0, 0.0, 0.0)","(0.0, 0.0, 0.0)","(0.0, 0.0, 0.0)",0,0,0,0,0,0,False,0,0,0,0,0,0,0,0,"(0.0, 6.0, 1336.5)","(0.2, 0.0, 0.0, 1.0)"
0,925703.3,0,0,0,0,0,0,0,0,0,"(0.0, 0.0)","(0.0, 0.0)","(0.0, 0.0)","(0.0, 0.0, 0.0)","(0.0, 0.0, 0.0)","(0.0, 0.0, 0.0)","(0.0, 0.0, 0.0)","(0.0, 0.0, 0.0)","(0.0, 0.0, 0.0)",0,0,0,0,0,0,False,0,0,0,0,0,0,0,0,"(0.0, 6.0, 1336.8)","(0.2, 0.0, 0.0, 1.0)"
0,925726.6,0,0,0,0,0,0,0,0,0,"(0.0, 0.0)","(0.0, 0.0)","(0.0, 0.0)","(0.0, 0.0, 0.0)","(0.0, 0.0, 0.0)","(0.0, 0.0, 0.0)","(0.0, 0.0, 0.0)","(0.0, 0.0, 0.0)","(0.0, 0.0, 0.0)",0,0,0,0,0,0,False,0,0,0,0,0,0,0,0,"(0.0, 6.0, 1337.1)","(0.2, 0.0, 0.0, 1.0)"
0,925748.4,0,0,0,0,0,0,0,0,0,"(0.0, 0.0)","(0.0, 0.0)","(0.0, 0.0)","(0.0, 0.0, 0.0)","(0.0, 0.0, 0.0)","(0.0, 0.0, 0.0)","(0.0, 0.0, 0.0)","(0.0, 0.0, 0.0)","(0.0, 0.0, 0.0)",0,0,0,0,0,0,False,0,0,0,0,0,0,0,0,"(0.0, 6.0, 1337.4)","(0.2, 0.0, 0.0, 1.0)"
0,925771.9,0,0,0,0,0,0,0,0,0,"(0.0, 0.0)","(0.0, 0.0)","(0.0, 0.0)","(0.0, 0.0, 0.0)","(0.0, 0.0, 0.0)","(0.0, 0.0, 0.0)","(0.0, 0.0, 0.0)","(0.0, 0.0, 0.0)","(0.0, 0.0, 0.0)",0,0,0,0,0,0,False,0,0,0,0,0,0,0,0,"(0.0, 6.0, 1337.7)","(0.2, 0.0, 0.0, 1.0)"
0,925792.9,0,0,0,0,0,0,0,0,0,"(0.0, 0.0)","(0.0, 0.0)","(0.0, 0.0)","(0.0, 0.0, 0.0)","(0.0, 0.0, 0.0)","(0.0, 0.0, 0.0)","(0.0, 0.0, 0.0)","(0.0, 0.0, 0.0)","(0.0, 0.0, 0.0)",0,0,0,0,0,0,False,0,0,0,0,0,0,0,0,"(0.0, 6.0, 1338.0)","(0.2, 0.0, 0.0, 1.0)"
0,925815.4,0,0,0,0,0,0,0,0,0,"(0.0, 0.0)","(0.0, 0.0)","(0.0, 0.0)","(0.0, 0.0, 0.0)","(0.0, 0.0, 0.0)","(0.0, 0.0, 0.0)","(0.0, 0.0, 0.0)","(0.0, 0.0, 0.0)","(0.0, 0.0, 0.0)",0,0,0,0,0,0,False,0,0,0,0,0,0,0,0,"(0.0, 6.0, 1338.3)","(0.2, 0.0, 0.0, 1.0)"
0,925836.8,0,0,0,0,0,0,0,0,0,"(0.0, 0.0)","(0.0, 0.0)","(0.0, 0.0)","(0.0, 0.0, 0.0)","(0.0, 0.0, 0.0)","(0.0, 0.0, 0.0)","(0.0, 0.0, 0.0)","(0.0, 0.0, 0.0)","(0.0, 0.0, 0.0)",0,0,0,0,0,0,False,0,0,0,0,0,0,0,0,"(0.0, 6.0, 1338.6)","(0.2, 0.0, 0.0, 1.0)"
0,925861.6,0,0,0,0,0,0,0,0,0,"(0.0, 0.0)","(0.0, 0.0)","(0.0, 0.0)","(0.0, 0.0, 0.0)","(0.0, 0.0, 0.0)","(0.0, 0.0, 0.0)","(0.0, 0.0, 0.0)","(0.0, 0.0, 0.0)","(0.0, 0.0, 0.0)",0,0,0,0,0,0,False,0,0,0,0,0,0,0,0,"(0.0, 6.0, 1338.9)","(0.2, 0.0, 0.0, 1.0)"
0,925881.5,0,0,0,0,0,0,0,0,0,"(0.0, 0.0)","(0.0, 0.0)","(0.0, 0.0)","(0.0, 0.0, 0.0)","(0.0, 0.0, 0.0)","(0.0, 0.0, 0.0)","(0.0, 0.0, 0.0)","(0.0, 0.0, 0.0)","(0.0, 0.0, 0.0)",0,0,0,0,0,0,False,0,0,0,0,0,0,0,0,"(0.0, 6.0, 1339.2)","(0.2, 0.0, 0.0, 1.0)"
0,925903.4,0,0,0,0,0,0,0,0,0,"(0.0, 0.0)","(0.0, 0.0)","(0.0, 0.0)","(0.0, 0.0, 0.0)","(0.0, 0.0, 0.0)","(0.0, 0.0, 0.0)","(0.0, 0.0, 0.0)","(0.0, 0.0, 0.0)","(0.0, 0.0, 0.0)",0,0,0,0,0,0,False,0,0,0,0,0,0,0,0,"(0.0, 6.0, 1339.5)","(0.2, 0.0, 0.0, 1.0)"
0,925925.8,0,0,0,0,0,0,0,0,0,"(0.0, 0.0)","(0.0, 0.0)","(0.0, 0.0)","(0.0, 0.0, 0.0)","(0.0, 0.0, 0.0)","(0.0, 0.0, 0.0)","(0.0, 0.0, 0.0)","(0.0, 0.0, 0.0)","(0.0, 0.0, 0.0)",0,0,0,0,0,0,False,0,0,0,0,0,0,0,0,"(0.0, 6.0, 1339.8)","(0.2, 0.0, 0.0, 1.0)"
0,925949,0,0,0,0,0,0,0,0,0,"(0.0, 0.0)","(0.0, 0.0)","(0.0, 0.0)","(0.0, 0.0, 0.0)","(0.0, 0.0, 0.0)","(0.0, 0.0, 0.0)","(0.0, 0.0, 0.0)","(0.0, 0.0, 0.0)","(0.0, 0.0, 0.0)",0,0,0,0,0,0,False,0,0,0,0,0,0,0,0,"(0.0, 6.0, 1340.1)","(0.2, 0.0, 0.0, 1.0)"
0,925971.4,0,0,0,0,0,0,0,0,0,"(0.0, 0.0)","(0.0, 0.0)","(0.0, 0.0)","(0.0, 0.0, 0.0)","(0.0, 0.0, 0.0)","(0.0, 0.0, 0.0)","(0.0, 0.0, 0.0)","(0.0, 0.0, 0.0)","(0.0, 0.0, 0.0)",0,0,0,0,0,0,False,0,0,0,0,0,0,0,0,"(0.0, 6.0, 1340.4)","(0.2, 0.0, 0.0, 1.0)"
0,925990.8,0,0,0,0,0,0,0,0,0,"(0.0, 0.0)","(0.0, 0.0)","(0.0, 0.0)","(0.0, 0.0, 0.0)","(0.0, 0.0, 0.0)","(0.0, 0.0, 0.0)","(0.0, 0.0, 0.0)","(0.0, 0.0, 0.0)","(0.0, 0.0, 0.0)",0,0,0,0,0,0,False,0,0,0,0,0,0,0,0,"(0.0, 6.0, 1340.7)","(0.2, 0.0, 0.0, 1.0)"
0,926009.9,0,0,0,0,0,0,0,0,0,"(0.0, 0.0)","(0.0, 0.0)","(0.0, 0.0)","(0.0, 0.0, 0.0)","(0.0, 0.0, 0.0)","(0.0, 0.0, 0.0)","(0.0, 0.0, 0.0)","(0.0, 0.0, 0.0)","(0.0, 0.0, 0.0)",0,0,0,0,0,0,False,0,0,0,0,0,0,0,0,"(0.0, 6.0, 1341.0)","(0.2, 0.0, 0.0, 1.0)"
0,926030.1,0,0,0,0,0,0,0,0,0,"(0.0, 0.0)","(0.0, 0.0)","(0.0, 0.0)","(0.0, 0.0, 0.0)","(0.0, 0.0, 0.0)","(0.0, 0.0, 0.0)","(0.0, 0.0, 0.0)","(0.0, 0.0, 0.0)","(0.0, 0.0, 0.0)",0,0,0,0,0,0,False,0,0,0,0,0,0,0,0,"(0.0, 6.0, 1341.3)","(0.2, 0.0, 0.0, 1.0)"
0,926051.1,0,0,0,0,0,0,0,0,0,"(0.0, 0.0)","(0.0, 0.0)","(0.0, 0.0)","(0.0, 0.0, 0.0)","(0.0, 0.0, 0.0)","(0.0, 0.0, 0.0)","(0.0, 0.0, 0.0)","(0.0, 0.0, 0.0)","(0.0, 0.0, 0.0)",0,0,0,0,0,0,False,0,0,0,0,0,0,0,0,"(0.0, 6.0, 1341.6)","(0.2, 0.0, 0.0, 1.0)"
0,926072.9,0,0,0,0,0,0,0,0,0,"(0.0, 0.0)","(0.0, 0.0)","(0.0, 0.0)","(0.0, 0.0, 0.0)","(0.0, 0.0, 0.0)","(0.0, 0.0, 0.0)","(0.0, 0.0, 0.0)","(0.0, 0.0, 0.0)","(0.0, 0.0, 0.0)",0,0,0,0,0,0,False,0,0,0,0,0,0,0,0,"(0.0, 6.0, 1341.9)","(0.2, 0.0, 0.0, 1.0)"
0,926091.5,0,0,0,0,0,0,0,0,0,"(0.0, 0.0)","(0.0, 0.0)","(0.0, 0.0)","(0.0, 0.0, 0.0)","(0.0, 0.0, 0.0)","(0.0, 0.0, 0.0)","(0.0, 0.0, 0.0)","(0.0, 0.0, 0.0)","(0.0, 0.0, 0.0)",0,0,0,0,0,0,False,0,0,0,0,0,0,0,0,"(0.0, 6.0, 1342.2)","(0.2, 0.0, 0.0, 1.0)"
0,926111.5,0,0,0,0,0,0,0,0,0,"(0.0, 0.0)","(0.0, 0.0)","(0.0, 0.0)","(0.0, 0.0, 0.0)","(0.0, 0.0, 0.0)","(0.0, 0.0, 0.0)","(0.0, 0.0, 0.0)","(0.0, 0.0, 0.0)","(0.0, 0.0, 0.0)",0,0,0,0,0,0,False,0,0,0,0,0,0,0,0,"(0.0, 6.0, 1342.5)","(0.2, 0.0, 0.0, 1.0)"
0,926132.5,0,0,0,0,0,0,0,0,0,"(0.0, 0.0)","(0.0, 0.0)","(0.0, 0.0)","(0.0, 0.0, 0.0)","(0.0, 0.0, 0.0)","(0.0, 0.0, 0.0)","(0.0, 0.0, 0.0)","(0.0, 0.0, 0.0)","(0.0, 0.0, 0.0)",0,0,0,0,0,0,False,0,0,0,0,0,0,0,0,"(0.0, 6.0, 1342.8)","(0.2, 0.0, 0.0, 1.0)"
0,926153.3,0,0,0,0,0,0,0,0,0,"(0.0, 0.0)","(0.0, 0.0)","(0.0, 0.0)","(0.0, 0.0, 0.0)","(0.0, 0.0, 0.0)","(0.0, 0.0, 0.0)","(0.0, 0.0, 0.0)","(0.0, 0.0, 0.0)","(0.0, 0.0, 0.0)",0,0,0,0,0,0,False,0,0,0,0,0,0,0,0,"(0.0, 6.0, 1343.1)","(0.2, 0.0, 0.0, 1.0)"
0,926172.8,0,0,0,0,0,0,0,0,0,"(0.0, 0.0)","(0.0, 0.0)","(0.0, 0.0)","(0.0, 0.0, 0.0)","(0.0, 0.0, 0.0)","(0.0, 0.0, 0.0)","(0.0, 0.0, 0.0)","(0.0, 0.0, 0.0)","(0.0, 0.0, 0.0)",0,0,0,0,0,0,False,0,0,0,0,0,0,0,0,"(0.0, 6.0, 1343.4)","(0.2, 0.0, 0.0, 1.0)"
0,926191.4,0,0,0,0,0,0,0,0,0,"(0.0, 0.0)","(0.0, 0.0)","(0.0, 0.0)","(0.0, 0.0, 0.0)","(0.0, 0.0, 0.0)","(0.0, 0.0, 0.0)","(0.0, 0.0, 0.0)","(0.0, 0.0, 0.0)","(0.0, 0.0, 0.0)",0,0,0,0,0,0,False,0,0,0,0,0,0,0,0,"(0.0, 6.0, 1343.7)","(0.2, 0.0, 0.0, 1.0)"
0,926209.6,0,0,0,0,0,0,0,0,0,"(0.0, 0.0)","(0.0, 0.0)","(0.0, 0.0)","(0.0, 0.0, 0.0)","(0.0, 0.0, 0.0)","(0.0, 0.0, 0.0)","(0.0, 0.0, 0.0)","(0.0, 0.0, 0.0)","(0.0, 0.0, 0.0)",0,0,0,0,0,0,False,0,0,0,0,0,0,0,0,"(0.0, 6.0, 1343.9)","(0.2, 0.0, 0.0, 1.0)"
0,926235.6,0,0,0,0,0,0,0,0,0,"(0.0, 0.0)","(0.0, 0.0)","(0.0, 0.0)","(0.0, 0.0, 0.0)","(0.0, 0.0, 0.0)","(0.0, 0.0, 0.0)","(0.0, 0.0, 0.0)","(0.0, 0.0, 0.0)","(0.0, 0.0, 0.0)",0,0,0,0,0,0,False,0,0,0,0,0,0,0,0,"(0.0, 6.0, 1344.2)","(0.2, 0.0, 0.0, 1.0)"
0,926254.6,0,0,0,0,0,0,0,0,0,"(0.0, 0.0)","(0.0, 0.0)","(0.0, 0.0)","(0.0, 0.0, 0.0)","(0.0, 0.0, 0.0)","(0.0, 0.0, 0.0)","(0.0, 0.0, 0.0)","(0.0, 0.0, 0.0)","(0.0, 0.0, 0.0)",0,0,0,0,0,0,False,0,0,0,0,0,0,0,0,"(0.0, 6.0, 1344.5)","(0.2, 0.0, 0.0, 1.0)"
0,926273.9,0,0,0,0,0,0,0,0,0,"(0.0, 0.0)","(0.0, 0.0)","(0.0, 0.0)","(0.0, 0.0, 0.0)","(0.0, 0.0, 0.0)","(0.0, 0.0, 0.0)","(0.0, 0.0, 0.0)","(0.0, 0.0, 0.0)","(0.0, 0.0, 0.0)",0,0,0,0,0,0,False,0,0,0,0,0,0,0,0,"(0.0, 6.0, 1344.8)","(0.2, 0.0, 0.0, 1.0)"
0,926292.4,0,0,0,0,0,0,0,0,0,"(0.0, 0.0)","(0.0, 0.0)","(0.0, 0.0)","(0.0, 0.0, 0.0)","(0.0, 0.0, 0.0)","(0.0, 0.0, 0.0)","(0.0, 0.0, 0.0)","(0.0, 0.0, 0.0)","(0.0, 0.0, 0.0)",0,0,0,0,0,0,False,0,0,0,0,0,0,0,0,"(0.0, 6.0, 1345.1)","(0.2, 0.0, 0.0, 1.0)"
0,926313.6,0,0,0,0,0,0,0,0,0,"(0.0, 0.0)","(0.0, 0.0)","(0.0, 0.0)","(0.0, 0.0, 0.0)","(0.0, 0.0, 0.0)","(0.0, 0.0, 0.0)","(0.0, 0.0, 0.0)","(0.0, 0.0, 0.0)","(0.0, 0.0, 0.0)",0,0,0,0,0,0,False,0,0,0,0,0,0,0,0,"(0.0, 6.0, 1345.4)","(0.2, 0.0, 0.0, 1.0)"
0,926334,0,0,0,0,0,0,0,0,0,"(0.0, 0.0)","(0.0, 0.0)","(0.0, 0.0)","(0.0, 0.0, 0.0)","(0.0, 0.0, 0.0)","(0.0, 0.0, 0.0)","(0.0, 0.0, 0.0)","(0.0, 0.0, 0.0)","(0.0, 0.0, 0.0)",0,0,0,0,0,0,False,0,0,0,0,0,0,0,0,"(0.0, 6.0, 1345.7)","(0.2, 0.0, 0.0, 1.0)"
0,926353.3,0,0,0,0,0,0,0,0,0,"(0.0, 0.0)","(0.0, 0.0)","(0.0, 0.0)","(0.0, 0.0, 0.0)","(0.0, 0.0, 0.0)","(0.0, 0.0, 0.0)","(0.0, 0.0, 0.0)","(0.0, 0.0, 0.0)","(0.0, 0.0, 0.0)",0,0,0,0,0,0,False,0,0,0,0,0,0,0,0,"(0.0, 6.0, 1346.0)","(0.2, 0.0, 0.0, 1.0)"
0,926372.4,0,0,0,0,0,0,0,0,0,"(0.0, 0.0)","(0.0, 0.0)","(0.0, 0.0)","(0.0, 0.0, 0.0)","(0.0, 0.0, 0.0)","(0.0, 0.0, 0.0)","(0.0, 0.0, 0.0)","(0.0, 0.0, 0.0)","(0.0, 0.0, 0.0)",0,0,0,0,0,0,False,0,0,0,0,0,0,0,0,"(0.0, 6.0, 1346.2)","(0.2, 0.0, 0.0, 1.0)"
0,926395.9,0,0,0,0,0,0,0,0,0,"(0.0, 0.0)","(0.0, 0.0)","(0.0, 0.0)","(0.0, 0.0, 0.0)","(0.0, 0.0, 0.0)","(0.0, 0.0, 0.0)","(0.0, 0.0, 0.0)","(0.0, 0.0, 0.0)","(0.0, 0.0, 0.0)",0,0,0,0,0,0,False,0,0,0,0,0,0,0,0,"(0.0, 6.0, 1346.5)","(0.2, 0.0, 0.0, 1.0)"
0,926414.4,0,0,0,0,0,0,0,0,0,"(0.0, 0.0)","(0.0, 0.0)","(0.0, 0.0)","(0.0, 0.0, 0.0)","(0.0, 0.0, 0.0)","(0.0, 0.0, 0.0)","(0.0, 0.0, 0.0)","(0.0, 0.0, 0.0)","(0.0, 0.0, 0.0)",0,0,0,0,0,0,False,0,0,0,0,0,0,0,0,"(0.0, 6.0, 1346.8)","(0.2, 0.0, 0.0, 1.0)"
0,926436.3,0,0,0,0,0,0,0,0,0,"(0.0, 0.0)","(0.0, 0.0)","(0.0, 0.0)","(0.0, 0.0, 0.0)","(0.0, 0.0, 0.0)","(0.0, 0.0, 0.0)","(0.0, 0.0, 0.0)","(0.0, 0.0, 0.0)","(0.0, 0.0, 0.0)",0,0,0,0,0,0,False,0,0,0,0,0,0,0,0,"(0.0, 6.0, 1347.1)","(0.2, 0.0, 0.0, 1.0)"
0,926459.2,0,0,0,0,0,0,0,0,0,"(0.0, 0.0)","(0.0, 0.0)","(0.0, 0.0)","(0.0, 0.0, 0.0)","(0.0, 0.0, 0.0)","(0.0, 0.0, 0.0)","(0.0, 0.0, 0.0)","(0.0, 0.0, 0.0)","(0.0, 0.0, 0.0)",0,0,0,0,0,0,False,0,0,0,0,0,0,0,0,"(0.0, 6.0, 1347.4)","(0.2, 0.0, 0.0, 1.0)"
0,926481.7,0,0,0,0,0,0,0,0,0,"(0.0, 0.0)","(0.0, 0.0)","(0.0, 0.0)","(0.0, 0.0, 0.0)","(0.0, 0.0, 0.0)","(0.0, 0.0, 0.0)","(0.0, 0.0, 0.0)","(0.0, 0.0, 0.0)","(0.0, 0.0, 0.0)",0,0,0,0,0,0,False,0,0,0,0,0,0,0,0,"(0.0, 6.0, 1347.7)","(0.2, 0.0, 0.0, 1.0)"
0,926503.2,0,0,0,0,0,0,0,0,0,"(0.0, 0.0)","(0.0, 0.0)","(0.0, 0.0)","(0.0, 0.0, 0.0)","(0.0, 0.0, 0.0)","(0.0, 0.0, 0.0)","(0.0, 0.0, 0.0)","(0.0, 0.0, 0.0)","(0.0, 0.0, 0.0)",0,0,0,0,0,0,False,0,0,0,0,0,0,0,0,"(0.0, 6.0, 1348.0)","(0.2, 0.0, 0.0, 1.0)"
0,926525.1,0,0,0,0,0,0,0,0,0,"(0.0, 0.0)","(0.0, 0.0)","(0.0, 0.0)","(0.0, 0.0, 0.0)","(0.0, 0.0, 0.0)","(0.0, 0.0, 0.0)","(0.0, 0.0, 0.0)","(0.0, 0.0, 0.0)","(0.0, 0.0, 0.0)",0,0,0,0,0,0,False,0,0,0,0,0,0,0,0,"(0.0, 6.0, 1348.3)","(0.2, 0.0, 0.0, 1.0)"
0,926550.3,0,0,0,0,0,0,0,0,0,"(0.0, 0.0)","(0.0, 0.0)","(0.0, 0.0)","(0.0, 0.0, 0.0)","(0.0, 0.0, 0.0)","(0.0, 0.0, 0.0)","(0.0, 0.0, 0.0)","(0.0, 0.0, 0.0)","(0.0, 0.0, 0.0)",0,0,0,0,0,0,False,0,0,0,0,0,0,0,0,"(0.0, 6.0, 1348.6)","(0.2, 0.0, 0.0, 1.0)"
0,926570.6,0,0,0,0,0,0,0,0,0,"(0.0, 0.0)","(0.0, 0.0)","(0.0, 0.0)","(0.0, 0.0, 0.0)","(0.0, 0.0, 0.0)","(0.0, 0.0, 0.0)","(0.0, 0.0, 0.0)","(0.0, 0.0, 0.0)","(0.0, 0.0, 0.0)",0,0,0,0,0,0,False,0,0,0,0,0,0,0,0,"(0.0, 6.0, 1348.9)","(0.2, 0.0, 0.0, 1.0)"
0,926591.9,0,0,0,0,0,0,0,0,0,"(0.0, 0.0)","(0.0, 0.0)","(0.0, 0.0)","(0.0, 0.0, 0.0)","(0.0, 0.0, 0.0)","(0.0, 0.0, 0.0)","(0.0, 0.0, 0.0)","(0.0, 0.0, 0.0)","(0.0, 0.0, 0.0)",0,0,0,0,0,0,False,0,0,0,0,0,0,0,0,"(0.0, 6.0, 1349.2)","(0.2, 0.0, 0.0, 1.0)"
0,926615.3,0,0,0,0,0,0,0,0,0,"(0.0, 0.0)","(0.0, 0.0)","(0.0, 0.0)","(0.0, 0.0, 0.0)","(0.0, 0.0, 0.0)","(0.0, 0.0, 0.0)","(0.0, 0.0, 0.0)","(0.0, 0.0, 0.0)","(0.0, 0.0, 0.0)",0,0,0,0,0,0,False,0,0,0,0,0,0,0,0,"(0.0, 6.0, 1349.5)","(0.2, 0.0, 0.0, 1.0)"
0,926638.2,0,0,0,0,0,0,0,0,0,"(0.0, 0.0)","(0.0, 0.0)","(0.0, 0.0)","(0.0, 0.0, 0.0)","(0.0, 0.0, 0.0)","(0.0, 0.0, 0.0)","(0.0, 0.0, 0.0)","(0.0, 0.0, 0.0)","(0.0, 0.0, 0.0)",0,0,0,0,0,0,False,0,0,0,0,0,0,0,0,"(0.0, 6.0, 1349.8)","(0.2, 0.0, 0.0, 1.0)"
0,926658.8,0,0,0,0,0,0,0,0,0,"(0.0, 0.0)","(0.0, 0.0)","(0.0, 0.0)","(0.0, 0.0, 0.0)","(0.0, 0.0, 0.0)","(0.0, 0.0, 0.0)","(0.0, 0.0, 0.0)","(0.0, 0.0, 0.0)","(0.0, 0.0, 0.0)",0,0,0,0,0,0,False,0,0,0,0,0,0,0,0,"(0.0, 6.0, 1350.1)","(0.2, 0.0, 0.0, 1.0)"
0,926681.6,0,0,0,0,0,0,0,0,0,"(0.0, 0.0)","(0.0, 0.0)","(0.0, 0.0)","(0.0, 0.0, 0.0)","(0.0, 0.0, 0.0)","(0.0, 0.0, 0.0)","(0.0, 0.0, 0.0)","(0.0, 0.0, 0.0)","(0.0, 0.0, 0.0)",0,0,0,0,0,0,False,0,0,0,0,0,0,0,0,"(0.0, 6.0, 1350.4)","(0.2, 0.0, 0.0, 1.0)"
0,926703.2,0,0,0,0,0,0,0,0,0,"(0.0, 0.0)","(0.0, 0.0)","(0.0, 0.0)","(0.0, 0.0, 0.0)","(0.0, 0.0, 0.0)","(0.0, 0.0, 0.0)","(0.0, 0.0, 0.0)","(0.0, 0.0, 0.0)","(0.0, 0.0, 0.0)",0,0,0,0,0,0,False,0,0,0,0,0,0,0,0,"(0.0, 6.0, 1350.7)","(0.2, 0.0, 0.0, 1.0)"
0,926725.3,0,0,0,0,0,0,0,0,0,"(0.0, 0.0)","(0.0, 0.0)","(0.0, 0.0)","(0.0, 0.0, 0.0)","(0.0, 0.0, 0.0)","(0.0, 0.0, 0.0)","(0.0, 0.0, 0.0)","(0.0, 0.0, 0.0)","(0.0, 0.0, 0.0)",0,0,0,0,0,0,False,0,0,0,0,0,0,0,0,"(0.0, 6.0, 1351.0)","(0.2, 0.0, 0.0, 1.0)"
0,926748.3,0,0,0,0,0,0,0,0,0,"(0.0, 0.0)","(0.0, 0.0)","(0.0, 0.0)","(0.0, 0.0, 0.0)","(0.0, 0.0, 0.0)","(0.0, 0.0, 0.0)","(0.0, 0.0, 0.0)","(0.0, 0.0, 0.0)","(0.0, 0.0, 0.0)",0,0,0,0,0,0,False,0,0,0,0,0,0,0,0,"(0.0, 6.0, 1351.3)","(0.2, 0.0, 0.0, 1.0)"
0,926770,0,0,0,0,0,0,0,0,0,"(0.0, 0.0)","(0.0, 0.0)","(0.0, 0.0)","(0.0, 0.0, 0.0)","(0.0, 0.0, 0.0)","(0.0, 0.0, 0.0)","(0.0, 0.0, 0.0)","(0.0, 0.0, 0.0)","(0.0, 0.0, 0.0)",0,0,0,0,0,0,False,0,0,0,0,0,0,0,0,"(0.0, 6.0, 1351.6)","(0.2, 0.0, 0.0, 1.0)"
0,926791.9,0,0,0,0,0,0,0,0,0,"(0.0, 0.0)","(0.0, 0.0)","(0.0, 0.0)","(0.0, 0.0, 0.0)","(0.0, 0.0, 0.0)","(0.0, 0.0, 0.0)","(0.0, 0.0, 0.0)","(0.0, 0.0, 0.0)","(0.0, 0.0, 0.0)",0,0,0,0,0,0,False,0,0,0,0,0,0,0,0,"(0.0, 6.0, 1351.9)","(0.2, 0.0, 0.0, 1.0)"
0,926814.8,0,0,0,0,0,0,0,0,0,"(0.0, 0.0)","(0.0, 0.0)","(0.0, 0.0)","(0.0, 0.0, 0.0)","(0.0, 0.0, 0.0)","(0.0, 0.0, 0.0)","(0.0, 0.0, 0.0)","(0.0, 0.0, 0.0)","(0.0, 0.0, 0.0)",0,0,0,0,0,0,False,0,0,0,0,0,0,0,0,"(0.0, 6.0, 1352.2)","(0.2, 0.0, 0.0, 1.0)"
0,926836.6,0,0,0,0,0,0,0,0,0,"(0.0, 0.0)","(0.0, 0.0)","(0.0, 0.0)","(0.0, 0.0, 0.0)","(0.0, 0.0, 0.0)","(0.0, 0.0, 0.0)","(0.0, 0.0, 0.0)","(0.0, 0.0, 0.0)","(0.0, 0.0, 0.0)",0,0,0,0,0,0,False,0,0,0,0,0,0,0,0,"(0.0, 6.0, 1352.5)","(0.2, 0.0, 0.0, 1.0)"
0,926858.2,0,0,0,0,0,0,0,0,0,"(0.0, 0.0)","(0.0, 0.0)","(0.0, 0.0)","(0.0, 0.0, 0.0)","(0.0, 0.0, 0.0)","(0.0, 0.0, 0.0)","(0.0, 0.0, 0.0)","(0.0, 0.0, 0.0)","(0.0, 0.0, 0.0)",0,0,0,0,0,0,False,0,0,0,0,0,0,0,0,"(0.0, 6.0, 1352.8)","(0.2, 0.0, 0.0, 1.0)"
0,926881.3,0,0,0,0,0,0,0,0,0,"(0.0, 0.0)","(0.0, 0.0)","(0.0, 0.0)","(0.0, 0.0, 0.0)","(0.0, 0.0, 0.0)","(0.0, 0.0, 0.0)","(0.0, 0.0, 0.0)","(0.0, 0.0, 0.0)","(0.0, 0.0, 0.0)",0,0,0,0,0,0,False,0,0,0,0,0,0,0,0,"(0.0, 6.0, 1353.1)","(0.2, 0.0, 0.0, 1.0)"
0,926903,0,0,0,0,0,0,0,0,0,"(0.0, 0.0)","(0.0, 0.0)","(0.0, 0.0)","(0.0, 0.0, 0.0)","(0.0, 0.0, 0.0)","(0.0, 0.0, 0.0)","(0.0, 0.0, 0.0)","(0.0, 0.0, 0.0)","(0.0, 0.0, 0.0)",0,0,0,0,0,0,False,0,0,0,0,0,0,0,0,"(0.0, 6.0, 1353.4)","(0.2, 0.0, 0.0, 1.0)"
0,926925.4,0,0,0,0,0,0,0,0,0,"(0.0, 0.0)","(0.0, 0.0)","(0.0, 0.0)","(0.0, 0.0, 0.0)","(0.0, 0.0, 0.0)","(0.0, 0.0, 0.0)","(0.0, 0.0, 0.0)","(0.0, 0.0, 0.0)","(0.0, 0.0, 0.0)",0,0,0,0,0,0,False,0,0,0,0,0,0,0,0,"(0.0, 6.0, 1353.7)","(0.2, 0.0, 0.0, 1.0)"
0,926951.8,0,0,0,0,0,0,0,0,0,"(0.0, 0.0)","(0.0, 0.0)","(0.0, 0.0)","(0.0, 0.0, 0.0)","(0.0, 0.0, 0.0)","(0.0, 0.0, 0.0)","(0.0, 0.0, 0.0)","(0.0, 0.0, 0.0)","(0.0, 0.0, 0.0)",0,0,0,0,0,0,False,0,0,0,0,0,0,0,0,"(0.0, 6.0, 1354.1)","(0.2, 0.0, 0.0, 1.0)"
0,926970.4,0,0,0,0,0,0,0,0,0,"(0.0, 0.0)","(0.0, 0.0)","(0.0, 0.0)","(0.0, 0.0, 0.0)","(0.0, 0.0, 0.0)","(0.0, 0.0, 0.0)","(0.0, 0.0, 0.0)","(0.0, 0.0, 0.0)","(0.0, 0.0, 0.0)",0,0,0,0,0,0,False,0,0,0,0,0,0,0,0,"(0.0, 6.0, 1354.4)","(0.2, 0.0, 0.0, 1.0)"
0,926987.4,0,0,0,0,0,0,0,0,0,"(0.0, 0.0)","(0.0, 0.0)","(0.0, 0.0)","(0.0, 0.0, 0.0)","(0.0, 0.0, 0.0)","(0.0, 0.0, 0.0)","(0.0, 0.0, 0.0)","(0.0, 0.0, 0.0)","(0.0, 0.0, 0.0)",0,0,0,0,0,0,False,0,0,0,0,0,0,0,0,"(0.0, 6.0, 1354.7)","(0.2, 0.0, 0.0, 1.0)"
0,927004.9,0,0,0,0,0,0,0,0,0,"(0.0, 0.0)","(0.0, 0.0)","(0.0, 0.0)","(0.0, 0.0, 0.0)","(0.0, 0.0, 0.0)","(0.0, 0.0, 0.0)","(0.0, 0.0, 0.0)","(0.0, 0.0, 0.0)","(0.0, 0.0, 0.0)",0,0,0,0,0,0,False,0,0,0,0,0,0,0,0,"(0.0, 6.0, 1355.0)","(0.2, 0.0, 0.0, 1.0)"
0,927024.8,0,0,0,0,0,0,0,0,0,"(0.0, 0.0)","(0.0, 0.0)","(0.0, 0.0)","(0.0, 0.0, 0.0)","(0.0, 0.0, 0.0)","(0.0, 0.0, 0.0)","(0.0, 0.0, 0.0)","(0.0, 0.0, 0.0)","(0.0, 0.0, 0.0)",0,0,0,0,0,0,False,0,0,0,0,0,0,0,0,"(0.0, 6.0, 1355.3)","(0.2, 0.0, 0.0, 1.0)"
0,927045.3,0,0,0,0,0,0,0,0,0,"(0.0, 0.0)","(0.0, 0.0)","(0.0, 0.0)","(0.0, 0.0, 0.0)","(0.0, 0.0, 0.0)","(0.0, 0.0, 0.0)","(0.0, 0.0, 0.0)","(0.0, 0.0, 0.0)","(0.0, 0.0, 0.0)",0,0,0,0,0,0,False,0,0,0,0,0,0,0,0,"(0.0, 6.0, 1355.6)","(0.2, 0.0, 0.0, 1.0)"
0,927066.5,0,0,0,0,0,0,0,0,0,"(0.0, 0.0)","(0.0, 0.0)","(0.0, 0.0)","(0.0, 0.0, 0.0)","(0.0, 0.0, 0.0)","(0.0, 0.0, 0.0)","(0.0, 0.0, 0.0)","(0.0, 0.0, 0.0)","(0.0, 0.0, 0.0)",0,0,0,0,0,0,False,0,0,0,0,0,0,0,0,"(0.0, 6.0, 1355.9)","(0.2, 0.0, 0.0, 1.0)"
0,927097.1,0,0,0,0,0,0,0,0,0,"(0.0, 0.0)","(0.0, 0.0)","(0.0, 0.0)","(0.0, 0.0, 0.0)","(0.0, 0.0, 0.0)","(0.0, 0.0, 0.0)","(0.0, 0.0, 0.0)","(0.0, 0.0, 0.0)","(0.0, 0.0, 0.0)",0,0,0,0,0,0,False,0,0,0,0,0,0,0,0,"(0.0, 6.0, 1356.2)","(0.2, 0.0, 0.0, 1.0)"
0,927117.5,0,0,0,0,0,0,0,0,0,"(0.0, 0.0)","(0.0, 0.0)","(0.0, 0.0)","(0.0, 0.0, 0.0)","(0.0, 0.0, 0.0)","(0.0, 0.0, 0.0)","(0.0, 0.0, 0.0)","(0.0, 0.0, 0.0)","(0.0, 0.0, 0.0)",0,0,0,0,0,0,False,0,0,0,0,0,0,0,0,"(0.0, 6.0, 1356.5)","(0.2, 0.0, 0.0, 1.0)"
0,927137.2,0,0,0,0,0,0,0,0,0,"(0.0, 0.0)","(0.0, 0.0)","(0.0, 0.0)","(0.0, 0.0, 0.0)","(0.0, 0.0, 0.0)","(0.0, 0.0, 0.0)","(0.0, 0.0, 0.0)","(0.0, 0.0, 0.0)","(0.0, 0.0, 0.0)",0,0,0,0,0,0,False,0,0,0,0,0,0,0,0,"(0.0, 6.0, 1356.8)","(0.2, 0.0, 0.0, 1.0)"
0,927155.2,0,0,0,0,0,0,0,0,0,"(0.0, 0.0)","(0.0, 0.0)","(0.0, 0.0)","(0.0, 0.0, 0.0)","(0.0, 0.0, 0.0)","(0.0, 0.0, 0.0)","(0.0, 0.0, 0.0)","(0.0, 0.0, 0.0)","(0.0, 0.0, 0.0)",0,0,0,0,0,0,False,0,0,0,0,0,0,0,0,"(0.0, 6.0, 1357.1)","(0.2, 0.0, 0.0, 1.0)"
0,927173.9,0,0,0,0,0,0,0,0,0,"(0.0, 0.0)","(0.0, 0.0)","(0.0, 0.0)","(0.0, 0.0, 0.0)","(0.0, 0.0, 0.0)","(0.0, 0.0, 0.0)","(0.0, 0.0, 0.0)","(0.0, 0.0, 0.0)","(0.0, 0.0, 0.0)",0,0,0,0,0,0,False,0,0,0,0,0,0,0,0,"(0.0, 6.0, 1357.4)","(0.2, 0.0, 0.0, 1.0)"
0,927192,0,0,0,0,0,0,0,0,0,"(0.0, 0.0)","(0.0, 0.0)","(0.0, 0.0)","(0.0, 0.0, 0.0)","(0.0, 0.0, 0.0)","(0.0, 0.0, 0.0)","(0.0, 0.0, 0.0)","(0.0, 0.0, 0.0)","(0.0, 0.0, 0.0)",0,0,0,0,0,0,False,0,0,0,0,0,0,0,0,"(0.0, 6.0, 1357.7)","(0.2, 0.0, 0.0, 1.0)"
0,927216.2,0,0,0,0,0,0,0,0,0,"(0.0, 0.0)","(0.0, 0.0)","(0.0, 0.0)","(0.0, 0.0, 0.0)","(0.0, 0.0, 0.0)","(0.0, 0.0, 0.0)","(0.0, 0.0, 0.0)","(0.0, 0.0, 0.0)","(0.0, 0.0, 0.0)",0,0,0,0,0,0,False,0,0,0,0,0,0,0,0,"(0.0, 6.0, 1357.9)","(0.2, 0.0, 0.0, 1.0)"
0,927234.6,0,0,0,0,0,0,0,0,0,"(0.0, 0.0)","(0.0, 0.0)","(0.0, 0.0)","(0.0, 0.0, 0.0)","(0.0, 0.0, 0.0)","(0.0, 0.0, 0.0)","(0.0, 0.0, 0.0)","(0.0, 0.0, 0.0)","(0.0, 0.0, 0.0)",0,0,0,0,0,0,False,0,0,0,0,0,0,0,0,"(0.0, 6.0, 1358.2)","(0.2, 0.0, 0.0, 1.0)"
0,927253.3,0,0,0,0,0,0,0,0,0,"(0.0, 0.0)","(0.0, 0.0)","(0.0, 0.0)","(0.0, 0.0, 0.0)","(0.0, 0.0, 0.0)","(0.0, 0.0, 0.0)","(0.0, 0.0, 0.0)","(0.0, 0.0, 0.0)","(0.0, 0.0, 0.0)",0,0,0,0,0,0,False,0,0,0,0,0,0,0,0,"(0.0, 6.0, 1358.5)","(0.2, 0.0, 0.0, 1.0)"
0,927272.1,0,0,0,0,0,0,0,0,0,"(0.0, 0.0)","(0.0, 0.0)","(0.0, 0.0)","(0.0, 0.0, 0.0)","(0.0, 0.0, 0.0)","(0.0, 0.0, 0.0)","(0.0, 0.0, 0.0)","(0.0, 0.0, 0.0)","(0.0, 0.0, 0.0)",0,0,0,0,0,0,False,0,0,0,0,0,0,0,0,"(0.0, 6.0, 1358.8)","(0.2, 0.0, 0.0, 1.0)"
0,927291.9,0,0,0,0,0,0,0,0,0,"(0.0, 0.0)","(0.0, 0.0)","(0.0, 0.0)","(0.0, 0.0, 0.0)","(0.0, 0.0, 0.0)","(0.0, 0.0, 0.0)","(0.0, 0.0, 0.0)","(0.0, 0.0, 0.0)","(0.0, 0.0, 0.0)",0,0,0,0,0,0,False,0,0,0,0,0,0,0,0,"(0.0, 6.0, 1359.1)","(0.2, 0.0, 0.0, 1.0)"
0,927310.2,0,0,0,0,0,0,0,0,0,"(0.0, 0.0)","(0.0, 0.0)","(0.0, 0.0)","(0.0, 0.0, 0.0)","(0.0, 0.0, 0.0)","(0.0, 0.0, 0.0)","(0.0, 0.0, 0.0)","(0.0, 0.0, 0.0)","(0.0, 0.0, 0.0)",0,0,0,0,0,0,False,0,0,0,0,0,0,0,0,"(0.0, 6.0, 1359.4)","(0.2, 0.0, 0.0, 1.0)"
0,927332.1,0,0,0,0,0,0,0,0,0,"(0.0, 0.0)","(0.0, 0.0)","(0.0, 0.0)","(0.0, 0.0, 0.0)","(0.0, 0.0, 0.0)","(0.0, 0.0, 0.0)","(0.0, 0.0, 0.0)","(0.0, 0.0, 0.0)","(0.0, 0.0, 0.0)",0,0,0,0,0,0,False,0,0,0,0,0,0,0,0,"(0.0, 6.0, 1359.7)","(0.2, 0.0, 0.0, 1.0)"
0,927351.7,0,0,0,0,0,0,0,0,0,"(0.0, 0.0)","(0.0, 0.0)","(0.0, 0.0)","(0.0, 0.0, 0.0)","(0.0, 0.0, 0.0)","(0.0, 0.0, 0.0)","(0.0, 0.0, 0.0)","(0.0, 0.0, 0.0)","(0.0, 0.0, 0.0)",0,0,0,0,0,0,False,0,0,0,0,0,0,0,0,"(0.0, 6.0, 1359.9)","(0.2, 0.0, 0.0, 1.0)"
0,927370.4,0,0,0,0,0,0,0,0,0,"(0.0, 0.0)","(0.0, 0.0)","(0.0, 0.0)","(0.0, 0.0, 0.0)","(0.0, 0.0, 0.0)","(0.0, 0.0, 0.0)","(0.0, 0.0, 0.0)","(0.0, 0.0, 0.0)","(0.0, 0.0, 0.0)",0,0,0,0,0,0,False,0,0,0,0,0,0,0,0,"(0.0, 6.0, 1360.2)","(0.2, 0.0, 0.0, 1.0)"
0,927391.5,0,0,0,0,0,0,0,0,0,"(0.0, 0.0)","(0.0, 0.0)","(0.0, 0.0)","(0.0, 0.0, 0.0)","(0.0, 0.0, 0.0)","(0.0, 0.0, 0.0)","(0.0, 0.0, 0.0)","(0.0, 0.0, 0.0)","(0.0, 0.0, 0.0)",0,0,0,0,0,0,False,0,0,0,0,0,0,0,0,"(0.0, 6.0, 1360.5)","(0.2, 0.0, 0.0, 1.0)"
0,927414.7,0,0,0,0,0,0,0,0,0,"(0.0, 0.0)","(0.0, 0.0)","(0.0, 0.0)","(0.0, 0.0, 0.0)","(0.0, 0.0, 0.0)","(0.0, 0.0, 0.0)","(0.0, 0.0, 0.0)","(0.0, 0.0, 0.0)","(0.0, 0.0, 0.0)",0,0,0,0,0,0,False,0,0,0,0,0,0,0,0,"(0.0, 6.0, 1360.8)","(0.2, 0.0, 0.0, 1.0)"
0,927440.2,0,0,0,0,0,0,0,0,0,"(0.0, 0.0)","(0.0, 0.0)","(0.0, 0.0)","(0.0, 0.0, 0.0)","(0.0, 0.0, 0.0)","(0.0, 0.0, 0.0)","(0.0, 0.0, 0.0)","(0.0, 0.0, 0.0)","(0.0, 0.0, 0.0)",0,0,0,0,0,0,False,0,0,0,0,0,0,0,0,"(0.0, 6.0, 1361.1)","(0.2, 0.0, 0.0, 1.0)"
0,927460.1,0,0,0,0,0,0,0,0,0,"(0.0, 0.0)","(0.0, 0.0)","(0.0, 0.0)","(0.0, 0.0, 0.0)","(0.0, 0.0, 0.0)","(0.0, 0.0, 0.0)","(0.0, 0.0, 0.0)","(0.0, 0.0, 0.0)","(0.0, 0.0, 0.0)",0,0,0,0,0,0,False,0,0,0,0,0,0,0,0,"(0.0, 6.0, 1361.4)","(0.2, 0.0, 0.0, 1.0)"
0,927480.8,0,0,0,0,0,0,0,0,0,"(0.0, 0.0)","(0.0, 0.0)","(0.0, 0.0)","(0.0, 0.0, 0.0)","(0.0, 0.0, 0.0)","(0.0, 0.0, 0.0)","(0.0, 0.0, 0.0)","(0.0, 0.0, 0.0)","(0.0, 0.0, 0.0)",0,0,0,0,0,0,False,0,0,0,0,0,0,0,0,"(0.0, 6.0, 1361.7)","(0.2, 0.0, 0.0, 1.0)"
0,927502.6,0,0,0,0,0,0,0,0,0,"(0.0, 0.0)","(0.0, 0.0)","(0.0, 0.0)","(0.0, 0.0, 0.0)","(0.0, 0.0, 0.0)","(0.0, 0.0, 0.0)","(0.0, 0.0, 0.0)","(0.0, 0.0, 0.0)","(0.0, 0.0, 0.0)",0,0,0,0,0,0,False,0,0,0,0,0,0,0,0,"(0.0, 6.0, 1362.0)","(0.2, 0.0, 0.0, 1.0)"
0,927524.9,0,0,0,0,0,0,0,0,0,"(0.0, 0.0)","(0.0, 0.0)","(0.0, 0.0)","(0.0, 0.0, 0.0)","(0.0, 0.0, 0.0)","(0.0, 0.0, 0.0)","(0.0, 0.0, 0.0)","(0.0, 0.0, 0.0)","(0.0, 0.0, 0.0)",0,0,0,0,0,0,False,0,0,0,0,0,0,0,0,"(0.0, 6.0, 1362.3)","(0.2, 0.0, 0.0, 1.0)"
0,927548,0,0,0,0,0,0,0,0,0,"(0.0, 0.0)","(0.0, 0.0)","(0.0, 0.0)","(0.0, 0.0, 0.0)","(0.0, 0.0, 0.0)","(0.0, 0.0, 0.0)","(0.0, 0.0, 0.0)","(0.0, 0.0, 0.0)","(0.0, 0.0, 0.0)",0,0,0,0,0,0,False,0,0,0,0,0,0,0,0,"(0.0, 6.0, 1362.6)","(0.2, 0.0, 0.0, 1.0)"
0,927569.3,0,0,0,0,0,0,0,0,0,"(0.0, 0.0)","(0.0, 0.0)","(0.0, 0.0)","(0.0, 0.0, 0.0)","(0.0, 0.0, 0.0)","(0.0, 0.0, 0.0)","(0.0, 0.0, 0.0)","(0.0, 0.0, 0.0)","(0.0, 0.0, 0.0)",0,0,0,0,0,0,False,0,0,0,0,0,0,0,0,"(0.0, 6.0, 1362.9)","(0.2, 0.0, 0.0, 1.0)"
0,927591.4,0,0,0,0,0,0,0,0,0,"(0.0, 0.0)","(0.0, 0.0)","(0.0, 0.0)","(0.0, 0.0, 0.0)","(0.0, 0.0, 0.0)","(0.0, 0.0, 0.0)","(0.0, 0.0, 0.0)","(0.0, 0.0, 0.0)","(0.0, 0.0, 0.0)",0,0,0,0,0,0,False,0,0,0,0,0,0,0,0,"(0.0, 6.0, 1363.2)","(0.2, 0.0, 0.0, 1.0)"
0,927614.3,0,0,0,0,0,0,0,0,0,"(0.0, 0.0)","(0.0, 0.0)","(0.0, 0.0)","(0.0, 0.0, 0.0)","(0.0, 0.0, 0.0)","(0.0, 0.0, 0.0)","(0.0, 0.0, 0.0)","(0.0, 0.0, 0.0)","(0.0, 0.0, 0.0)",0,0,0,0,0,0,False,0,0,0,0,0,0,0,0,"(0.0, 6.0, 1363.5)","(0.2, 0.0, 0.0, 1.0)"
0,927639.4,0,0,0,0,0,0,0,0,0,"(0.0, 0.0)","(0.0, 0.0)","(0.0, 0.0)","(0.0, 0.0, 0.0)","(0.0, 0.0, 0.0)","(0.0, 0.0, 0.0)","(0.0, 0.0, 0.0)","(0.0, 0.0, 0.0)","(0.0, 0.0, 0.0)",0,0,0,0,0,0,False,0,0,0,0,0,0,0,0,"(0.0, 6.0, 1363.8)","(0.2, 0.0, 0.0, 1.0)"
0,927665.3,0,0,0,0,0,0,0,0,0,"(0.0, 0.0)","(0.0, 0.0)","(0.0, 0.0)","(0.0, 0.0, 0.0)","(0.0, 0.0, 0.0)","(0.0, 0.0, 0.0)","(0.0, 0.0, 0.0)","(0.0, 0.0, 0.0)","(0.0, 0.0, 0.0)",0,0,0,0,0,0,False,0,0,0,0,0,0,0,0,"(0.0, 6.0, 1364.1)","(0.2, 0.0, 0.0, 1.0)"
0,927687.4,0,0,0,0,0,0,0,0,0,"(0.0, 0.0)","(0.0, 0.0)","(0.0, 0.0)","(0.0, 0.0, 0.0)","(0.0, 0.0, 0.0)","(0.0, 0.0, 0.0)","(0.0, 0.0, 0.0)","(0.0, 0.0, 0.0)","(0.0, 0.0, 0.0)",0,0,0,0,0,0,False,0,0,0,0,0,0,0,0,"(0.0, 6.0, 1364.4)","(0.2, 0.0, 0.0, 1.0)"
0,927707.2,0,0,0,0,0,0,0,0,0,"(0.0, 0.0)","(0.0, 0.0)","(0.0, 0.0)","(0.0, 0.0, 0.0)","(0.0, 0.0, 0.0)","(0.0, 0.0, 0.0)","(0.0, 0.0, 0.0)","(0.0, 0.0, 0.0)","(0.0, 0.0, 0.0)",0,0,0,0,0,0,False,0,0,0,0,0,0,0,0,"(0.0, 6.0, 1364.7)","(0.2, 0.0, 0.0, 1.0)"
0,927725.9,0,0,0,0,0,0,0,0,0,"(0.0, 0.0)","(0.0, 0.0)","(0.0, 0.0)","(0.0, 0.0, 0.0)","(0.0, 0.0, 0.0)","(0.0, 0.0, 0.0)","(0.0, 0.0, 0.0)","(0.0, 0.0, 0.0)","(0.0, 0.0, 0.0)",0,0,0,0,0,0,False,0,0,0,0,0,0,0,0,"(0.0, 6.0, 1365.0)","(0.2, 0.0, 0.0, 1.0)"
0,927747.6,0,0,0,0,0,0,0,0,0,"(0.0, 0.0)","(0.0, 0.0)","(0.0, 0.0)","(0.0, 0.0, 0.0)","(0.0, 0.0, 0.0)","(0.0, 0.0, 0.0)","(0.0, 0.0, 0.0)","(0.0, 0.0, 0.0)","(0.0, 0.0, 0.0)",0,0,0,0,0,0,False,0,0,0,0,0,0,0,0,"(0.0, 6.0, 1365.3)","(0.2, 0.0, 0.0, 1.0)"
0,927769.6,0,0,0,0,0,0,0,0,0,"(0.0, 0.0)","(0.0, 0.0)","(0.0, 0.0)","(0.0, 0.0, 0.0)","(0.0, 0.0, 0.0)","(0.0, 0.0, 0.0)","(0.0, 0.0, 0.0)","(0.0, 0.0, 0.0)","(0.0, 0.0, 0.0)",0,0,0,0,0,0,False,0,0,0,0,0,0,0,0,"(0.0, 6.0, 1365.6)","(0.2, 0.0, 0.0, 1.0)"
0,927791.3,0,0,0,0,0,0,0,0,0,"(0.0, 0.0)","(0.0, 0.0)","(0.0, 0.0)","(0.0, 0.0, 0.0)","(0.0, 0.0, 0.0)","(0.0, 0.0, 0.0)","(0.0, 0.0, 0.0)","(0.0, 0.0, 0.0)","(0.0, 0.0, 0.0)",0,0,0,0,0,0,False,0,0,0,0,0,0,0,0,"(0.0, 6.0, 1365.9)","(0.2, 0.0, 0.0, 1.0)"
0,927813.9,0,0,0,0,0,0,0,0,0,"(0.0, 0.0)","(0.0, 0.0)","(0.0, 0.0)","(0.0, 0.0, 0.0)","(0.0, 0.0, 0.0)","(0.0, 0.0, 0.0)","(0.0, 0.0, 0.0)","(0.0, 0.0, 0.0)","(0.0, 0.0, 0.0)",0,0,0,0,0,0,False,0,0,0,0,0,0,0,0,"(0.0, 6.0, 1366.2)","(0.2, 0.0, 0.0, 1.0)"
0,927836,0,0,0,0,0,0,0,0,0,"(0.0, 0.0)","(0.0, 0.0)","(0.0, 0.0)","(0.0, 0.0, 0.0)","(0.0, 0.0, 0.0)","(0.0, 0.0, 0.0)","(0.0, 0.0, 0.0)","(0.0, 0.0, 0.0)","(0.0, 0.0, 0.0)",0,0,0,0,0,0,False,0,0,0,0,0,0,0,0,"(0.0, 6.0, 1366.5)","(0.2, 0.0, 0.0, 1.0)"
0,927857.8,0,0,0,0,0,0,0,0,0,"(0.0, 0.0)","(0.0, 0.0)","(0.0, 0.0)","(0.0, 0.0, 0.0)","(0.0, 0.0, 0.0)","(0.0, 0.0, 0.0)","(0.0, 0.0, 0.0)","(0.0, 0.0, 0.0)","(0.0, 0.0, 0.0)",0,0,0,0,0,0,False,0,0,0,0,0,0,0,0,"(0.0, 6.0, 1366.8)","(0.2, 0.0, 0.0, 1.0)"
0,927884.9,0,0,0,0,0,0,0,0,0,"(0.0, 0.0)","(0.0, 0.0)","(0.0, 0.0)","(0.0, 0.0, 0.0)","(0.0, 0.0, 0.0)","(0.0, 0.0, 0.0)","(0.0, 0.0, 0.0)","(0.0, 0.0, 0.0)","(0.0, 0.0, 0.0)",0,0,0,0,0,0,False,0,0,0,0,0,0,0,0,"(0.0, 6.0, 1367.1)","(0.2, 0.0, 0.0, 1.0)"
0,927905.3,0,0,0,0,0,0,0,0,0,"(0.0, 0.0)","(0.0, 0.0)","(0.0, 0.0)","(0.0, 0.0, 0.0)","(0.0, 0.0, 0.0)","(0.0, 0.0, 0.0)","(0.0, 0.0, 0.0)","(0.0, 0.0, 0.0)","(0.0, 0.0, 0.0)",0,0,0,0,0,0,False,0,0,0,0,0,0,0,0,"(0.0, 6.0, 1367.5)","(0.2, 0.0, 0.0, 1.0)"
0,927924.3,0,0,0,0,0,0,0,0,0,"(0.0, 0.0)","(0.0, 0.0)","(0.0, 0.0)","(0.0, 0.0, 0.0)","(0.0, 0.0, 0.0)","(0.0, 0.0, 0.0)","(0.0, 0.0, 0.0)","(0.0, 0.0, 0.0)","(0.0, 0.0, 0.0)",0,0,0,0,0,0,False,0,0,0,0,0,0,0,0,"(0.0, 6.0, 1367.8)","(0.2, 0.0, 0.0, 1.0)"
0,927949.7,0,0,0,0,0,0,0,0,0,"(0.0, 0.0)","(0.0, 0.0)","(0.0, 0.0)","(0.0, 0.0, 0.0)","(0.0, 0.0, 0.0)","(0.0, 0.0, 0.0)","(0.0, 0.0, 0.0)","(0.0, 0.0, 0.0)","(0.0, 0.0, 0.0)",0,0,0,0,0,0,False,0,0,0,0,0,0,0,0,"(0.0, 6.0, 1368.1)","(0.2, 0.0, 0.0, 1.0)"
0,927969.4,0,0,0,0,0,0,0,0,0,"(0.0, 0.0)","(0.0, 0.0)","(0.0, 0.0)","(0.0, 0.0, 0.0)","(0.0, 0.0, 0.0)","(0.0, 0.0, 0.0)","(0.0, 0.0, 0.0)","(0.0, 0.0, 0.0)","(0.0, 0.0, 0.0)",0,0,0,0,0,0,False,0,0,0,0,0,0,0,0,"(0.0, 6.0, 1368.4)","(0.2, 0.0, 0.0, 1.0)"
0,927987.8,0,0,0,0,0,0,0,0,0,"(0.0, 0.0)","(0.0, 0.0)","(0.0, 0.0)","(0.0, 0.0, 0.0)","(0.0, 0.0, 0.0)","(0.0, 0.0, 0.0)","(0.0, 0.0, 0.0)","(0.0, 0.0, 0.0)","(0.0, 0.0, 0.0)",0,0,0,0,0,0,False,0,0,0,0,0,0,0,0,"(0.0, 6.0, 1368.7)","(0.2, 0.0, 0.0, 1.0)"
0,928006.2,0,0,0,0,0,0,0,0,0,"(0.0, 0.0)","(0.0, 0.0)","(0.0, 0.0)","(0.0, 0.0, 0.0)","(0.0, 0.0, 0.0)","(0.0, 0.0, 0.0)","(0.0, 0.0, 0.0)","(0.0, 0.0, 0.0)","(0.0, 0.0, 0.0)",0,0,0,0,0,0,False,0,0,0,0,0,0,0,0,"(0.0, 6.0, 1369.0)","(0.2, 0.0, 0.0, 1.0)"
0,928025.8,0,0,0,0,0,0,0,0,0,"(0.0, 0.0)","(0.0, 0.0)","(0.0, 0.0)","(0.0, 0.0, 0.0)","(0.0, 0.0, 0.0)","(0.0, 0.0, 0.0)","(0.0, 0.0, 0.0)","(0.0, 0.0, 0.0)","(0.0, 0.0, 0.0)",0,0,0,0,0,0,False,0,0,0,0,0,0,0,0,"(0.0, 6.0, 1369.3)","(0.2, 0.0, 0.0, 1.0)"
0,928046.8,0,0,0,0,0,0,0,0,0,"(0.0, 0.0)","(0.0, 0.0)","(0.0, 0.0)","(0.0, 0.0, 0.0)","(0.0, 0.0, 0.0)","(0.0, 0.0, 0.0)","(0.0, 0.0, 0.0)","(0.0, 0.0, 0.0)","(0.0, 0.0, 0.0)",0,0,0,0,0,0,False,0,0,0,0,0,0,0,0,"(0.0, 6.0, 1369.6)","(0.2, 0.0, 0.0, 1.0)"
0,928068.3,0,0,0,0,0,0,0,0,0,"(0.0, 0.0)","(0.0, 0.0)","(0.0, 0.0)","(0.0, 0.0, 0.0)","(0.0, 0.0, 0.0)","(0.0, 0.0, 0.0)","(0.0, 0.0, 0.0)","(0.0, 0.0, 0.0)","(0.0, 0.0, 0.0)",0,0,0,0,0,0,False,0,0,0,0,0,0,0,0,"(0.0, 6.0, 1369.9)","(0.2, 0.0, 0.0, 1.0)"
0,928090.4,0,0,0,0,0,0,0,0,0,"(0.0, 0.0)","(0.0, 0.0)","(0.0, 0.0)","(0.0, 0.0, 0.0)","(0.0, 0.0, 0.0)","(0.0, 0.0, 0.0)","(0.0, 0.0, 0.0)","(0.0, 0.0, 0.0)","(0.0, 0.0, 0.0)",0,0,0,0,0,0,False,0,0,0,0,0,0,0,0,"(0.0, 6.0, 1370.2)","(0.2, 0.0, 0.0, 1.0)"
0,928108.5,0,0,0,0,0,0,0,0,0,"(0.0, 0.0)","(0.0, 0.0)","(0.0, 0.0)","(0.0, 0.0, 0.0)","(0.0, 0.0, 0.0)","(0.0, 0.0, 0.0)","(0.0, 0.0, 0.0)","(0.0, 0.0, 0.0)","(0.0, 0.0, 0.0)",0,0,0,0,0,0,False,0,0,0,0,0,0,0,0,"(0.0, 6.0, 1370.5)","(0.2, 0.0, 0.0, 1.0)"
0,928129.7,0,0,0,0,0,0,0,0,0,"(0.0, 0.0)","(0.0, 0.0)","(0.0, 0.0)","(0.0, 0.0, 0.0)","(0.0, 0.0, 0.0)","(0.0, 0.0, 0.0)","(0.0, 0.0, 0.0)","(0.0, 0.0, 0.0)","(0.0, 0.0, 0.0)",0,0,0,0,0,0,False,0,0,0,0,0,0,0,0,"(0.0, 6.0, 1370.7)","(0.2, 0.0, 0.0, 1.0)"
0,928149.5,0,0,0,0,0,0,0,0,0,"(0.0, 0.0)","(0.0, 0.0)","(0.0, 0.0)","(0.0, 0.0, 0.0)","(0.0, 0.0, 0.0)","(0.0, 0.0, 0.0)","(0.0, 0.0, 0.0)","(0.0, 0.0, 0.0)","(0.0, 0.0, 0.0)",0,0,0,0,0,0,False,0,0,0,0,0,0,0,0,"(0.0, 6.0, 1371.0)","(0.2, 0.0, 0.0, 1.0)"
0,928169.3,0,0,0,0,0,0,0,0,0,"(0.0, 0.0)","(0.0, 0.0)","(0.0, 0.0)","(0.0, 0.0, 0.0)","(0.0, 0.0, 0.0)","(0.0, 0.0, 0.0)","(0.0, 0.0, 0.0)","(0.0, 0.0, 0.0)","(0.0, 0.0, 0.0)",0,0,0,0,0,0,False,0,0,0,0,0,0,0,0,"(0.0, 6.0, 1371.3)","(0.2, 0.0, 0.0, 1.0)"
0,928188.3,0,0,0,0,0,0,0,0,0,"(0.0, 0.0)","(0.0, 0.0)","(0.0, 0.0)","(0.0, 0.0, 0.0)","(0.0, 0.0, 0.0)","(0.0, 0.0, 0.0)","(0.0, 0.0, 0.0)","(0.0, 0.0, 0.0)","(0.0, 0.0, 0.0)",0,0,0,0,0,0,False,0,0,0,0,0,0,0,0,"(0.0, 6.0, 1371.6)","(0.2, 0.0, 0.0, 1.0)"
0,928207.1,0,0,0,0,0,0,0,0,0,"(0.0, 0.0)","(0.0, 0.0)","(0.0, 0.0)","(0.0, 0.0, 0.0)","(0.0, 0.0, 0.0)","(0.0, 0.0, 0.0)","(0.0, 0.0, 0.0)","(0.0, 0.0, 0.0)","(0.0, 0.0, 0.0)",0,0,0,0,0,0,False,0,0,0,0,0,0,0,0,"(0.0, 6.0, 1371.9)","(0.2, 0.0, 0.0, 1.0)"
0,928225.3,0,0,0,0,0,0,0,0,0,"(0.0, 0.0)","(0.0, 0.0)","(0.0, 0.0)","(0.0, 0.0, 0.0)","(0.0, 0.0, 0.0)","(0.0, 0.0, 0.0)","(0.0, 0.0, 0.0)","(0.0, 0.0, 0.0)","(0.0, 0.0, 0.0)",0,0,0,0,0,0,False,0,0,0,0,0,0,0,0,"(0.0, 6.0, 1372.2)","(0.2, 0.0, 0.0, 1.0)"
0,928243.6,0,0,0,0,0,0,0,0,0,"(0.0, 0.0)","(0.0, 0.0)","(0.0, 0.0)","(0.0, 0.0, 0.0)","(0.0, 0.0, 0.0)","(0.0, 0.0, 0.0)","(0.0, 0.0, 0.0)","(0.0, 0.0, 0.0)","(0.0, 0.0, 0.0)",0,0,0,0,0,0,False,0,0,0,0,0,0,0,0,"(0.0, 6.0, 1372.5)","(0.2, 0.0, 0.0, 1.0)"
0,928263.4,0,0,0,0,0,0,0,0,0,"(0.0, 0.0)","(0.0, 0.0)","(0.0, 0.0)","(0.0, 0.0, 0.0)","(0.0, 0.0, 0.0)","(0.0, 0.0, 0.0)","(0.0, 0.0, 0.0)","(0.0, 0.0, 0.0)","(0.0, 0.0, 0.0)",0,0,0,0,0,0,False,0,0,0,0,0,0,0,0,"(0.0, 6.0, 1372.7)","(0.2, 0.0, 0.0, 1.0)"
0,928284.3,0,0,0,0,0,0,0,0,0,"(0.0, 0.0)","(0.0, 0.0)","(0.0, 0.0)","(0.0, 0.0, 0.0)","(0.0, 0.0, 0.0)","(0.0, 0.0, 0.0)","(0.0, 0.0, 0.0)","(0.0, 0.0, 0.0)","(0.0, 0.0, 0.0)",0,0,0,0,0,0,False,0,0,0,0,0,0,0,0,"(0.0, 6.0, 1373.0)","(0.2, 0.0, 0.0, 1.0)"
0,928303.8,0,0,0,0,0,0,0,0,0,"(0.0, 0.0)","(0.0, 0.0)","(0.0, 0.0)","(0.0, 0.0, 0.0)","(0.0, 0.0, 0.0)","(0.0, 0.0, 0.0)","(0.0, 0.0, 0.0)","(0.0, 0.0, 0.0)","(0.0, 0.0, 0.0)",0,0,0,0,0,0,False,0,0,0,0,0,0,0,0,"(0.0, 6.0, 1373.3)","(0.2, 0.0, 0.0, 1.0)"
0,928321.9,0,0,0,0,0,0,0,0,0,"(0.0, 0.0)","(0.0, 0.0)","(0.0, 0.0)","(0.0, 0.0, 0.0)","(0.0, 0.0, 0.0)","(0.0, 0.0, 0.0)","(0.0, 0.0, 0.0)","(0.0, 0.0, 0.0)","(0.0, 0.0, 0.0)",0,0,0,0,0,0,False,0,0,0,0,0,0,0,0,"(0.0, 6.0, 1373.6)","(0.2, 0.0, 0.0, 1.0)"
0,928341.2,0,0,0,0,0,0,0,0,0,"(0.0, 0.0)","(0.0, 0.0)","(0.0, 0.0)","(0.0, 0.0, 0.0)","(0.0, 0.0, 0.0)","(0.0, 0.0, 0.0)","(0.0, 0.0, 0.0)","(0.0, 0.0, 0.0)","(0.0, 0.0, 0.0)",0,0,0,0,0,0,False,0,0,0,0,0,0,0,0,"(0.0, 6.0, 1373.9)","(0.2, 0.0, 0.0, 1.0)"
0,928360.1,0,0,0,0,0,0,0,0,0,"(0.0, 0.0)","(0.0, 0.0)","(0.0, 0.0)","(0.0, 0.0, 0.0)","(0.0, 0.0, 0.0)","(0.0, 0.0, 0.0)","(0.0, 0.0, 0.0)","(0.0, 0.0, 0.0)","(0.0, 0.0, 0.0)",0,0,0,0,0,0,False,0,0,0,0,0,0,0,0,"(0.0, 6.0, 1374.1)","(0.2, 0.0, 0.0, 1.0)"
0,928386,0,0,0,0,0,0,0,0,0,"(0.0, 0.0)","(0.0, 0.0)","(0.0, 0.0)","(0.0, 0.0, 0.0)","(0.0, 0.0, 0.0)","(0.0, 0.0, 0.0)","(0.0, 0.0, 0.0)","(0.0, 0.0, 0.0)","(0.0, 0.0, 0.0)",0,0,0,0,0,0,False,0,0,0,0,0,0,0,0,"(0.0, 6.0, 1374.4)","(0.2, 0.0, 0.0, 1.0)"
0,928402.9,0,0,0,0,0,0,0,0,0,"(0.0, 0.0)","(0.0, 0.0)","(0.0, 0.0)","(0.0, 0.0, 0.0)","(0.0, 0.0, 0.0)","(0.0, 0.0, 0.0)","(0.0, 0.0, 0.0)","(0.0, 0.0, 0.0)","(0.0, 0.0, 0.0)",0,0,0,0,0,0,False,0,0,0,0,0,0,0,0,"(0.0, 6.0, 1374.7)","(0.2, 0.0, 0.0, 1.0)"
0,928421.2,0,0,0,0,0,0,0,0,0,"(0.0, 0.0)","(0.0, 0.0)","(0.0, 0.0)","(0.0, 0.0, 0.0)","(0.0, 0.0, 0.0)","(0.0, 0.0, 0.0)","(0.0, 0.0, 0.0)","(0.0, 0.0, 0.0)","(0.0, 0.0, 0.0)",0,0,0,0,0,0,False,0,0,0,0,0,0,0,0,"(0.0, 6.0, 1375.0)","(0.2, 0.0, 0.0, 1.0)"
0,928440.3,0,0,0,0,0,0,0,0,0,"(0.0, 0.0)","(0.0, 0.0)","(0.0, 0.0)","(0.0, 0.0, 0.0)","(0.0, 0.0, 0.0)","(0.0, 0.0, 0.0)","(0.0, 0.0, 0.0)","(0.0, 0.0, 0.0)","(0.0, 0.0, 0.0)",0,0,0,0,0,0,False,0,0,0,0,0,0,0,0,"(0.0, 6.0, 1375.3)","(0.2, 0.0, 0.0, 1.0)"
0,928459.6,0,0,0,0,0,0,0,0,0,"(0.0, 0.0)","(0.0, 0.0)","(0.0, 0.0)","(0.0, 0.0, 0.0)","(0.0, 0.0, 0.0)","(0.0, 0.0, 0.0)","(0.0, 0.0, 0.0)","(0.0, 0.0, 0.0)","(0.0, 0.0, 0.0)",0,0,0,0,0,0,False,0,0,0,0,0,0,0,0,"(0.0, 6.0, 1375.5)","(0.2, 0.0, 0.0, 1.0)"
0,928480.3,0,0,0,0,0,0,0,0,0,"(0.0, 0.0)","(0.0, 0.0)","(0.0, 0.0)","(0.0, 0.0, 0.0)","(0.0, 0.0, 0.0)","(0.0, 0.0, 0.0)","(0.0, 0.0, 0.0)","(0.0, 0.0, 0.0)","(0.0, 0.0, 0.0)",0,0,0,0,0,0,False,0,0,0,0,0,0,0,0,"(0.0, 6.0, 1375.8)","(0.2, 0.0, 0.0, 1.0)"
0,928502.2,0,0,0,0,0,0,0,0,0,"(0.0, 0.0)","(0.0, 0.0)","(0.0, 0.0)","(0.0, 0.0, 0.0)","(0.0, 0.0, 0.0)","(0.0, 0.0, 0.0)","(0.0, 0.0, 0.0)","(0.0, 0.0, 0.0)","(0.0, 0.0, 0.0)",0,0,0,0,0,0,False,0,0,0,0,0,0,0,0,"(0.0, 6.0, 1376.1)","(0.2, 0.0, 0.0, 1.0)"
0,928524.9,0,0,0,0,0,0,0,0,0,"(0.0, 0.0)","(0.0, 0.0)","(0.0, 0.0)","(0.0, 0.0, 0.0)","(0.0, 0.0, 0.0)","(0.0, 0.0, 0.0)","(0.0, 0.0, 0.0)","(0.0, 0.0, 0.0)","(0.0, 0.0, 0.0)",0,0,0,0,0,0,False,0,0,0,0,0,0,0,0,"(0.0, 6.0, 1376.4)","(0.2, 0.0, 0.0, 1.0)"
0,928547.4,0,0,0,0,0,0,0,0,0,"(0.0, 0.0)","(0.0, 0.0)","(0.0, 0.0)","(0.0, 0.0, 0.0)","(0.0, 0.0, 0.0)","(0.0, 0.0, 0.0)","(0.0, 0.0, 0.0)","(0.0, 0.0, 0.0)","(0.0, 0.0, 0.0)",0,0,0,0,0,0,False,0,0,0,0,0,0,0,0,"(0.0, 6.0, 1376.7)","(0.2, 0.0, 0.0, 1.0)"
0,928568.8,0,0,0,0,0,0,0,0,0,"(0.0, 0.0)","(0.0, 0.0)","(0.0, 0.0)","(0.0, 0.0, 0.0)","(0.0, 0.0, 0.0)","(0.0, 0.0, 0.0)","(0.0, 0.0, 0.0)","(0.0, 0.0, 0.0)","(0.0, 0.0, 0.0)",0,0,0,0,0,0,False,0,0,0,0,0,0,0,0,"(0.0, 6.0, 1376.9)","(0.2, 0.0, 0.0, 1.0)"
0,928590.7,0,0,0,0,0,0,0,0,0,"(0.0, 0.0)","(0.0, 0.0)","(0.0, 0.0)","(0.0, 0.0, 0.0)","(0.0, 0.0, 0.0)","(0.0, 0.0, 0.0)","(0.0, 0.0, 0.0)","(0.0, 0.0, 0.0)","(0.0, 0.0, 0.0)",0,0,0,0,0,0,False,0,0,0,0,0,0,0,0,"(0.0, 6.0, 1377.2)","(0.2, 0.0, 0.0, 1.0)"
0,928613.6,0,0,0,0,0,0,0,0,0,"(0.0, 0.0)","(0.0, 0.0)","(0.0, 0.0)","(0.0, 0.0, 0.0)","(0.0, 0.0, 0.0)","(0.0, 0.0, 0.0)","(0.0, 0.0, 0.0)","(0.0, 0.0, 0.0)","(0.0, 0.0, 0.0)",0,0,0,0,0,0,False,0,0,0,0,0,0,0,0,"(0.0, 6.0, 1377.5)","(0.2, 0.0, 0.0, 1.0)"
0,928640.8,0,0,0,0,0,0,0,0,0,"(0.0, 0.0)","(0.0, 0.0)","(0.0, 0.0)","(0.0, 0.0, 0.0)","(0.0, 0.0, 0.0)","(0.0, 0.0, 0.0)","(0.0, 0.0, 0.0)","(0.0, 0.0, 0.0)","(0.0, 0.0, 0.0)",0,0,0,0,0,0,False,0,0,0,0,0,0,0,0,"(0.0, 6.0, 1377.8)","(0.2, 0.0, 0.0, 1.0)"
0,928660.3,0,0,0,0,0,0,0,0,0,"(0.0, 0.0)","(0.0, 0.0)","(0.0, 0.0)","(0.0, 0.0, 0.0)","(0.0, 0.0, 0.0)","(0.0, 0.0, 0.0)","(0.0, 0.0, 0.0)","(0.0, 0.0, 0.0)","(0.0, 0.0, 0.0)",0,0,0,0,0,0,False,0,0,0,0,0,0,0,0,"(0.0, 6.0, 1378.1)","(0.2, 0.0, 0.0, 1.0)"
0,928680.9,0,0,0,0,0,0,0,0,0,"(0.0, 0.0)","(0.0, 0.0)","(0.0, 0.0)","(0.0, 0.0, 0.0)","(0.0, 0.0, 0.0)","(0.0, 0.0, 0.0)","(0.0, 0.0, 0.0)","(0.0, 0.0, 0.0)","(0.0, 0.0, 0.0)",0,0,0,0,0,0,False,0,0,0,0,0,0,0,0,"(0.0, 6.0, 1378.4)","(0.2, 0.0, 0.0, 1.0)"
0,928702.1,0,0,0,0,0,0,0,0,0,"(0.0, 0.0)","(0.0, 0.0)","(0.0, 0.0)","(0.0, 0.0, 0.0)","(0.0, 0.0, 0.0)","(0.0, 0.0, 0.0)","(0.0, 0.0, 0.0)","(0.0, 0.0, 0.0)","(0.0, 0.0, 0.0)",0,0,0,0,0,0,False,0,0,0,0,0,0,0,0,"(0.0, 6.0, 1378.7)","(0.2, 0.0, 0.0, 1.0)"
0,928723.9,0,0,0,0,0,0,0,0,0,"(0.0, 0.0)","(0.0, 0.0)","(0.0, 0.0)","(0.0, 0.0, 0.0)","(0.0, 0.0, 0.0)","(0.0, 0.0, 0.0)","(0.0, 0.0, 0.0)","(0.0, 0.0, 0.0)","(0.0, 0.0, 0.0)",0,0,0,0,0,0,False,0,0,0,0,0,0,0,0,"(0.0, 6.0, 1379.0)","(0.2, 0.0, 0.0, 1.0)"
0,928747,0,0,0,0,0,0,0,0,0,"(0.0, 0.0)","(0.0, 0.0)","(0.0, 0.0)","(0.0, 0.0, 0.0)","(0.0, 0.0, 0.0)","(0.0, 0.0, 0.0)","(0.0, 0.0, 0.0)","(0.0, 0.0, 0.0)","(0.0, 0.0, 0.0)",0,0,0,0,0,0,False,0,0,0,0,0,0,0,0,"(0.0, 6.0, 1379.3)","(0.2, 0.0, 0.0, 1.0)"
0,928768.6,0,0,0,0,0,0,0,0,0,"(0.0, 0.0)","(0.0, 0.0)","(0.0, 0.0)","(0.0, 0.0, 0.0)","(0.0, 0.0, 0.0)","(0.0, 0.0, 0.0)","(0.0, 0.0, 0.0)","(0.0, 0.0, 0.0)","(0.0, 0.0, 0.0)",0,0,0,0,0,0,False,0,0,0,0,0,0,0,0,"(0.0, 6.0, 1379.6)","(0.2, 0.0, 0.0, 1.0)"
0,928790.8,0,0,0,0,0,0,0,0,0,"(0.0, 0.0)","(0.0, 0.0)","(0.0, 0.0)","(0.0, 0.0, 0.0)","(0.0, 0.0, 0.0)","(0.0, 0.0, 0.0)","(0.0, 0.0, 0.0)","(0.0, 0.0, 0.0)","(0.0, 0.0, 0.0)",0,0,0,0,0,0,False,0,0,0,0,0,0,0,0,"(0.0, 6.0, 1379.9)","(0.2, 0.0, 0.0, 1.0)"
0,928815.3,0,0,0,0,0,0,0,0,0,"(0.0, 0.0)","(0.0, 0.0)","(0.0, 0.0)","(0.0, 0.0, 0.0)","(0.0, 0.0, 0.0)","(0.0, 0.0, 0.0)","(0.0, 0.0, 0.0)","(0.0, 0.0, 0.0)","(0.0, 0.0, 0.0)",0,0,0,0,0,0,False,0,0,0,0,0,0,0,0,"(0.0, 6.0, 1380.2)","(0.2, 0.0, 0.0, 1.0)"
0,928836,0,0,0,0,0,0,0,0,0,"(0.0, 0.0)","(0.0, 0.0)","(0.0, 0.0)","(0.0, 0.0, 0.0)","(0.0, 0.0, 0.0)","(0.0, 0.0, 0.0)","(0.0, 0.0, 0.0)","(0.0, 0.0, 0.0)","(0.0, 0.0, 0.0)",0,0,0,0,0,0,False,0,0,0,0,0,0,0,0,"(0.0, 6.0, 1380.5)","(0.2, 0.0, 0.0, 1.0)"
0,928857.4,0,0,0,0,0,0,0,0,0,"(0.0, 0.0)","(0.0, 0.0)","(0.0, 0.0)","(0.0, 0.0, 0.0)","(0.0, 0.0, 0.0)","(0.0, 0.0, 0.0)","(0.0, 0.0, 0.0)","(0.0, 0.0, 0.0)","(0.0, 0.0, 0.0)",0,0,0,0,0,0,False,0,0,0,0,0,0,0,0,"(0.0, 6.0, 1380.8)","(0.2, 0.0, 0.0, 1.0)"
0,928875.8,0,0,0,0,0,0,0,0,0,"(0.0, 0.0)","(0.0, 0.0)","(0.0, 0.0)","(0.0, 0.0, 0.0)","(0.0, 0.0, 0.0)","(0.0, 0.0, 0.0)","(0.0, 0.0, 0.0)","(0.0, 0.0, 0.0)","(0.0, 0.0, 0.0)",0,0,0,0,0,0,False,0,0,0,0,0,0,0,0,"(0.0, 6.0, 1381.1)","(0.2, 0.0, 0.0, 1.0)"
0,928896,0,0,0,0,0,0,0,0,0,"(0.0, 0.0)","(0.0, 0.0)","(0.0, 0.0)","(0.0, 0.0, 0.0)","(0.0, 0.0, 0.0)","(0.0, 0.0, 0.0)","(0.0, 0.0, 0.0)","(0.0, 0.0, 0.0)","(0.0, 0.0, 0.0)",0,0,0,0,0,0,False,0,0,0,0,0,0,0,0,"(0.0, 6.0, 1381.4)","(0.2, 0.0, 0.0, 1.0)"
0,928915.9,0,0,0,0,0,0,0,0,0,"(0.0, 0.0)","(0.0, 0.0)","(0.0, 0.0)","(0.0, 0.0, 0.0)","(0.0, 0.0, 0.0)","(0.0, 0.0, 0.0)","(0.0, 0.0, 0.0)","(0.0, 0.0, 0.0)","(0.0, 0.0, 0.0)",0,0,0,0,0,0,False,0,0,0,0,0,0,0,0,"(0.0, 6.0, 1381.7)","(0.2, 0.0, 0.0, 1.0)"
0,928936.6,0,0,0,0,0,0,0,0,0,"(0.0, 0.0)","(0.0, 0.0)","(0.0, 0.0)","(0.0, 0.0, 0.0)","(0.0, 0.0, 0.0)","(0.0, 0.0, 0.0)","(0.0, 0.0, 0.0)","(0.0, 0.0, 0.0)","(0.0, 0.0, 0.0)",0,0,0,0,0,0,False,0,0,0,0,0,0,0,0,"(0.0, 6.0, 1382.0)","(0.2, 0.0, 0.0, 1.0)"
0,928955.9,0,0,0,0,0,0,0,0,0,"(0.0, 0.0)","(0.0, 0.0)","(0.0, 0.0)","(0.0, 0.0, 0.0)","(0.0, 0.0, 0.0)","(0.0, 0.0, 0.0)","(0.0, 0.0, 0.0)","(0.0, 0.0, 0.0)","(0.0, 0.0, 0.0)",0,0,0,0,0,0,False,0,0,0,0,0,0,0,0,"(0.0, 6.0, 1382.3)","(0.2, 0.0, 0.0, 1.0)"
0,928975.8,0,0,0,0,0,0,0,0,0,"(0.0, 0.0)","(0.0, 0.0)","(0.0, 0.0)","(0.0, 0.0, 0.0)","(0.0, 0.0, 0.0)","(0.0, 0.0, 0.0)","(0.0, 0.0, 0.0)","(0.0, 0.0, 0.0)","(0.0, 0.0, 0.0)",0,0,0,0,0,0,False,0,0,0,0,0,0,0,0,"(0.0, 6.0, 1382.6)","(0.2, 0.0, 0.0, 1.0)"
0,928997,0,0,0,0,0,0,0,0,0,"(0.0, 0.0)","(0.0, 0.0)","(0.0, 0.0)","(0.0, 0.0, 0.0)","(0.0, 0.0, 0.0)","(0.0, 0.0, 0.0)","(0.0, 0.0, 0.0)","(0.0, 0.0, 0.0)","(0.0, 0.0, 0.0)",0,0,0,0,0,0,False,0,0,0,0,0,0,0,0,"(0.0, 6.0, 1382.9)","(0.2, 0.0, 0.0, 1.0)"
0,929015.8,0,0,0,0,0,0,0,0,0,"(0.0, 0.0)","(0.0, 0.0)","(0.0, 0.0)","(0.0, 0.0, 0.0)","(0.0, 0.0, 0.0)","(0.0, 0.0, 0.0)","(0.0, 0.0, 0.0)","(0.0, 0.0, 0.0)","(0.0, 0.0, 0.0)",0,0,0,0,0,0,False,0,0,0,0,0,0,0,0,"(0.0, 6.0, 1383.2)","(0.2, 0.0, 0.0, 1.0)"
0,929035.1,0,0,0,0,0,0,0,0,0,"(0.0, 0.0)","(0.0, 0.0)","(0.0, 0.0)","(0.0, 0.0, 0.0)","(0.0, 0.0, 0.0)","(0.0, 0.0, 0.0)","(0.0, 0.0, 0.0)","(0.0, 0.0, 0.0)","(0.0, 0.0, 0.0)",0,0,0,0,0,0,False,0,0,0,0,0,0,0,0,"(0.0, 6.0, 1383.5)","(0.2, 0.0, 0.0, 1.0)"
0,929053.1,0,0,0,0,0,0,0,0,0,"(0.0, 0.0)","(0.0, 0.0)","(0.0, 0.0)","(0.0, 0.0, 0.0)","(0.0, 0.0, 0.0)","(0.0, 0.0, 0.0)","(0.0, 0.0, 0.0)","(0.0, 0.0, 0.0)","(0.0, 0.0, 0.0)",0,0,0,0,0,0,False,0,0,0,0,0,0,0,0,"(0.0, 6.0, 1383.8)","(0.2, 0.0, 0.0, 1.0)"
0,929071.5,0,0,0,0,0,0,0,0,0,"(0.0, 0.0)","(0.0, 0.0)","(0.0, 0.0)","(0.0, 0.0, 0.0)","(0.0, 0.0, 0.0)","(0.0, 0.0, 0.0)","(0.0, 0.0, 0.0)","(0.0, 0.0, 0.0)","(0.0, 0.0, 0.0)",0,0,0,0,0,0,False,0,0,0,0,0,0,0,0,"(0.0, 6.0, 1384.0)","(0.2, 0.0, 0.0, 1.0)"
0,929096.4,0,0,0,0,0,0,0,0,0,"(0.0, 0.0)","(0.0, 0.0)","(0.0, 0.0)","(0.0, 0.0, 0.0)","(0.0, 0.0, 0.0)","(0.0, 0.0, 0.0)","(0.0, 0.0, 0.0)","(0.0, 0.0, 0.0)","(0.0, 0.0, 0.0)",0,0,0,0,0,0,False,0,0,0,0,0,0,0,0,"(0.0, 6.0, 1384.3)","(0.2, 0.0, 0.0, 1.0)"
0,929116.3,0,0,0,0,0,0,0,0,0,"(0.0, 0.0)","(0.0, 0.0)","(0.0, 0.0)","(0.0, 0.0, 0.0)","(0.0, 0.0, 0.0)","(0.0, 0.0, 0.0)","(0.0, 0.0, 0.0)","(0.0, 0.0, 0.0)","(0.0, 0.0, 0.0)",0,0,0,0,0,0,False,0,0,0,0,0,0,0,0,"(0.0, 6.0, 1384.6)","(0.2, 0.0, 0.0, 1.0)"
0,929136.6,0,0,0,0,0,0,0,0,0,"(0.0, 0.0)","(0.0, 0.0)","(0.0, 0.0)","(0.0, 0.0, 0.0)","(0.0, 0.0, 0.0)","(0.0, 0.0, 0.0)","(0.0, 0.0, 0.0)","(0.0, 0.0, 0.0)","(0.0, 0.0, 0.0)",0,0,0,0,0,0,False,0,0,0,0,0,0,0,0,"(0.0, 6.0, 1384.9)","(0.2, 0.0, 0.0, 1.0)"
0,929154.6,0,0,0,0,0,0,0,0,0,"(0.0, 0.0)","(0.0, 0.0)","(0.0, 0.0)","(0.0, 0.0, 0.0)","(0.0, 0.0, 0.0)","(0.0, 0.0, 0.0)","(0.0, 0.0, 0.0)","(0.0, 0.0, 0.0)","(0.0, 0.0, 0.0)",0,0,0,0,0,0,False,0,0,0,0,0,0,0,0,"(0.0, 6.0, 1385.2)","(0.2, 0.0, 0.0, 1.0)"
0,929175.3,0,0,0,0,0,0,0,0,0,"(0.0, 0.0)","(0.0, 0.0)","(0.0, 0.0)","(0.0, 0.0, 0.0)","(0.0, 0.0, 0.0)","(0.0, 0.0, 0.0)","(0.0, 0.0, 0.0)","(0.0, 0.0, 0.0)","(0.0, 0.0, 0.0)",0,0,0,0,0,0,False,0,0,0,0,0,0,0,0,"(0.0, 6.0, 1385.5)","(0.2, 0.0, 0.0, 1.0)"
0,929194.9,0,0,0,0,0,0,0,0,0,"(0.0, 0.0)","(0.0, 0.0)","(0.0, 0.0)","(0.0, 0.0, 0.0)","(0.0, 0.0, 0.0)","(0.0, 0.0, 0.0)","(0.0, 0.0, 0.0)","(0.0, 0.0, 0.0)","(0.0, 0.0, 0.0)",0,0,0,0,0,0,False,0,0,0,0,0,0,0,0,"(0.0, 6.0, 1385.8)","(0.2, 0.0, 0.0, 1.0)"
0,929215.6,0,0,0,0,0,0,0,0,0,"(0.0, 0.0)","(0.0, 0.0)","(0.0, 0.0)","(0.0, 0.0, 0.0)","(0.0, 0.0, 0.0)","(0.0, 0.0, 0.0)","(0.0, 0.0, 0.0)","(0.0, 0.0, 0.0)","(0.0, 0.0, 0.0)",0,0,0,0,0,0,False,0,0,0,0,0,0,0,0,"(0.0, 6.0, 1386.0)","(0.2, 0.0, 0.0, 1.0)"
0,929234.2,0,0,0,0,0,0,0,0,0,"(0.0, 0.0)","(0.0, 0.0)","(0.0, 0.0)","(0.0, 0.0, 0.0)","(0.0, 0.0, 0.0)","(0.0, 0.0, 0.0)","(0.0, 0.0, 0.0)","(0.0, 0.0, 0.0)","(0.0, 0.0, 0.0)",0,0,0,0,0,0,False,0,0,0,0,0,0,0,0,"(0.0, 6.0, 1386.3)","(0.2, 0.0, 0.0, 1.0)"
0,929253.1,0,0,0,0,0,0,0,0,0,"(0.0, 0.0)","(0.0, 0.0)","(0.0, 0.0)","(0.0, 0.0, 0.0)","(0.0, 0.0, 0.0)","(0.0, 0.0, 0.0)","(0.0, 0.0, 0.0)","(0.0, 0.0, 0.0)","(0.0, 0.0, 0.0)",0,0,0,0,0,0,False,0,0,0,0,0,0,0,0,"(0.0, 6.0, 1386.6)","(0.2, 0.0, 0.0, 1.0)"
0,929272.2,0,0,0,0,0,0,0,0,0,"(0.0, 0.0)","(0.0, 0.0)","(0.0, 0.0)","(0.0, 0.0, 0.0)","(0.0, 0.0, 0.0)","(0.0, 0.0, 0.0)","(0.0, 0.0, 0.0)","(0.0, 0.0, 0.0)","(0.0, 0.0, 0.0)",0,0,0,0,0,0,False,0,0,0,0,0,0,0,0,"(0.0, 6.0, 1386.9)","(0.2, 0.0, 0.0, 1.0)"
0,929291.4,0,0,0,0,0,0,0,0,0,"(0.0, 0.0)","(0.0, 0.0)","(0.0, 0.0)","(0.0, 0.0, 0.0)","(0.0, 0.0, 0.0)","(0.0, 0.0, 0.0)","(0.0, 0.0, 0.0)","(0.0, 0.0, 0.0)","(0.0, 0.0, 0.0)",0,0,0,0,0,0,False,0,0,0,0,0,0,0,0,"(0.0, 6.0, 1387.2)","(0.2, 0.0, 0.0, 1.0)"
0,929310.7,0,0,0,0,0,0,0,0,0,"(0.0, 0.0)","(0.0, 0.0)","(0.0, 0.0)","(0.0, 0.0, 0.0)","(0.0, 0.0, 0.0)","(0.0, 0.0, 0.0)","(0.0, 0.0, 0.0)","(0.0, 0.0, 0.0)","(0.0, 0.0, 0.0)",0,0,0,0,0,0,False,0,0,0,0,0,0,0,0,"(0.0, 6.0, 1387.4)","(0.2, 0.0, 0.0, 1.0)"
0,929330.8,0,0,0,0,0,0,0,0,0,"(0.0, 0.0)","(0.0, 0.0)","(0.0, 0.0)","(0.0, 0.0, 0.0)","(0.0, 0.0, 0.0)","(0.0, 0.0, 0.0)","(0.0, 0.0, 0.0)","(0.0, 0.0, 0.0)","(0.0, 0.0, 0.0)",0,0,0,0,0,0,False,0,0,0,0,0,0,0,0,"(0.0, 6.0, 1387.7)","(0.2, 0.0, 0.0, 1.0)"
0,929353.1,0,0,0,0,0,0,0,0,0,"(0.0, 0.0)","(0.0, 0.0)","(0.0, 0.0)","(0.0, 0.0, 0.0)","(0.0, 0.0, 0.0)","(0.0, 0.0, 0.0)","(0.0, 0.0, 0.0)","(0.0, 0.0, 0.0)","(0.0, 0.0, 0.0)",0,0,0,0,0,0,False,0,0,0,0,0,0,0,0,"(0.0, 6.0, 1388.0)","(0.2, 0.0, 0.0, 1.0)"
0,929379.6,0,0,0,0,0,0,0,0,0,"(0.0, 0.0)","(0.0, 0.0)","(0.0, 0.0)","(0.0, 0.0, 0.0)","(0.0, 0.0, 0.0)","(0.0, 0.0, 0.0)","(0.0, 0.0, 0.0)","(0.0, 0.0, 0.0)","(0.0, 0.0, 0.0)",0,0,0,0,0,0,False,0,0,0,0,0,0,0,0,"(0.0, 6.0, 1388.3)","(0.2, 0.0, 0.0, 1.0)"
0,929399.8,0,0,0,0,0,0,0,0,0,"(0.0, 0.0)","(0.0, 0.0)","(0.0, 0.0)","(0.0, 0.0, 0.0)","(0.0, 0.0, 0.0)","(0.0, 0.0, 0.0)","(0.0, 0.0, 0.0)","(0.0, 0.0, 0.0)","(0.0, 0.0, 0.0)",0,0,0,0,0,0,False,0,0,0,0,0,0,0,0,"(0.0, 6.0, 1388.6)","(0.2, 0.0, 0.0, 1.0)"
0,929421.3,0,0,0,0,0,0,0,0,0,"(0.0, 0.0)","(0.0, 0.0)","(0.0, 0.0)","(0.0, 0.0, 0.0)","(0.0, 0.0, 0.0)","(0.0, 0.0, 0.0)","(0.0, 0.0, 0.0)","(0.0, 0.0, 0.0)","(0.0, 0.0, 0.0)",0,0,0,0,0,0,False,0,0,0,0,0,0,0,0,"(0.0, 6.0, 1388.9)","(0.2, 0.0, 0.0, 1.0)"
0,929442,0,0,0,0,0,0,0,0,0,"(0.0, 0.0)","(0.0, 0.0)","(0.0, 0.0)","(0.0, 0.0, 0.0)","(0.0, 0.0, 0.0)","(0.0, 0.0, 0.0)","(0.0, 0.0, 0.0)","(0.0, 0.0, 0.0)","(0.0, 0.0, 0.0)",0,0,0,0,0,0,False,0,0,0,0,0,0,0,0,"(0.0, 6.0, 1389.1)","(0.2, 0.0, 0.0, 1.0)"
0,929464.2,0,0,0,0,0,0,0,0,0,"(0.0, 0.0)","(0.0, 0.0)","(0.0, 0.0)","(0.0, 0.0, 0.0)","(0.0, 0.0, 0.0)","(0.0, 0.0, 0.0)","(0.0, 0.0, 0.0)","(0.0, 0.0, 0.0)","(0.0, 0.0, 0.0)",0,0,0,0,0,0,False,0,0,0,0,0,0,0,0,"(0.0, 6.0, 1389.4)","(0.2, 0.0, 0.0, 1.0)"
0,929485.9,0,0,0,0,0,0,0,0,0,"(0.0, 0.0)","(0.0, 0.0)","(0.0, 0.0)","(0.0, 0.0, 0.0)","(0.0, 0.0, 0.0)","(0.0, 0.0, 0.0)","(0.0, 0.0, 0.0)","(0.0, 0.0, 0.0)","(0.0, 0.0, 0.0)",0,0,0,0,0,0,False,0,0,0,0,0,0,0,0,"(0.0, 6.0, 1389.7)","(0.2, 0.0, 0.0, 1.0)"
0,929512.1,0,0,0,0,0,0,0,0,0,"(0.0, 0.0)","(0.0, 0.0)","(0.0, 0.0)","(0.0, 0.0, 0.0)","(0.0, 0.0, 0.0)","(0.0, 0.0, 0.0)","(0.0, 0.0, 0.0)","(0.0, 0.0, 0.0)","(0.0, 0.0, 0.0)",0,0,0,0,0,0,False,0,0,0,0,0,0,0,0,"(0.0, 6.0, 1390.0)","(0.2, 0.0, 0.0, 1.0)"
0,929538.4,0,0,0,0,0,0,0,0,0,"(0.0, 0.0)","(0.0, 0.0)","(0.0, 0.0)","(0.0, 0.0, 0.0)","(0.0, 0.0, 0.0)","(0.0, 0.0, 0.0)","(0.0, 0.0, 0.0)","(0.0, 0.0, 0.0)","(0.0, 0.0, 0.0)",0,0,0,0,0,0,False,0,0,0,0,0,0,0,0,"(0.0, 6.0, 1390.3)","(0.2, 0.0, 0.0, 1.0)"
0,929558.4,0,0,0,0,0,0,0,0,0,"(0.0, 0.0)","(0.0, 0.0)","(0.0, 0.0)","(0.0, 0.0, 0.0)","(0.0, 0.0, 0.0)","(0.0, 0.0, 0.0)","(0.0, 0.0, 0.0)","(0.0, 0.0, 0.0)","(0.0, 0.0, 0.0)",0,0,0,0,0,0,False,0,0,0,0,0,0,0,0,"(0.0, 6.0, 1390.6)","(0.2, 0.0, 0.0, 1.0)"
0,929579.4,0,0,0,0,0,0,0,0,0,"(0.0, 0.0)","(0.0, 0.0)","(0.0, 0.0)","(0.0, 0.0, 0.0)","(0.0, 0.0, 0.0)","(0.0, 0.0, 0.0)","(0.0, 0.0, 0.0)","(0.0, 0.0, 0.0)","(0.0, 0.0, 0.0)",0,0,0,0,0,0,False,0,0,0,0,0,0,0,0,"(0.0, 6.0, 1390.9)","(0.2, 0.0, 0.0, 1.0)"
0,929598.5,0,0,0,0,0,0,0,0,0,"(0.0, 0.0)","(0.0, 0.0)","(0.0, 0.0)","(0.0, 0.0, 0.0)","(0.0, 0.0, 0.0)","(0.0, 0.0, 0.0)","(0.0, 0.0, 0.0)","(0.0, 0.0, 0.0)","(0.0, 0.0, 0.0)",0,0,0,0,0,0,False,0,0,0,0,0,0,0,0,"(0.0, 6.0, 1391.2)","(0.2, 0.0, 0.0, 1.0)"
0,929622.1,0,0,0,0,0,0,0,0,0,"(0.0, 0.0)","(0.0, 0.0)","(0.0, 0.0)","(0.0, 0.0, 0.0)","(0.0, 0.0, 0.0)","(0.0, 0.0, 0.0)","(0.0, 0.0, 0.0)","(0.0, 0.0, 0.0)","(0.0, 0.0, 0.0)",0,0,0,0,0,0,False,0,0,0,0,0,0,0,0,"(0.0, 6.0, 1391.6)","(0.2, 0.0, 0.0, 1.0)"
0,929641.4,0,0,0,0,0,0,0,0,0,"(0.0, 0.0)","(0.0, 0.0)","(0.0, 0.0)","(0.0, 0.0, 0.0)","(0.0, 0.0, 0.0)","(0.0, 0.0, 0.0)","(0.0, 0.0, 0.0)","(0.0, 0.0, 0.0)","(0.0, 0.0, 0.0)",0,0,0,0,0,0,False,0,0,0,0,0,0,0,0,"(0.0, 6.0, 1391.9)","(0.2, 0.0, 0.0, 1.0)"
0,929660.3,0,0,0,0,0,0,0,0,0,"(0.0, 0.0)","(0.0, 0.0)","(0.0, 0.0)","(0.0, 0.0, 0.0)","(0.0, 0.0, 0.0)","(0.0, 0.0, 0.0)","(0.0, 0.0, 0.0)","(0.0, 0.0, 0.0)","(0.0, 0.0, 0.0)",0,0,0,0,0,0,False,0,0,0,0,0,0,0,0,"(0.0, 6.0, 1392.1)","(0.2, 0.0, 0.0, 1.0)"
0,929679.8,0,0,0,0,0,0,0,0,0,"(0.0, 0.0)","(0.0, 0.0)","(0.0, 0.0)","(0.0, 0.0, 0.0)","(0.0, 0.0, 0.0)","(0.0, 0.0, 0.0)","(0.0, 0.0, 0.0)","(0.0, 0.0, 0.0)","(0.0, 0.0, 0.0)",0,0,0,0,0,0,False,0,0,0,0,0,0,0,0,"(0.0, 6.0, 1392.4)","(0.2, 0.0, 0.0, 1.0)"
0,929701.5,0,0,0,0,0,0,0,0,0,"(0.0, 0.0)","(0.0, 0.0)","(0.0, 0.0)","(0.0, 0.0, 0.0)","(0.0, 0.0, 0.0)","(0.0, 0.0, 0.0)","(0.0, 0.0, 0.0)","(0.0, 0.0, 0.0)","(0.0, 0.0, 0.0)",0,0,0,0,0,0,False,0,0,0,0,0,0,0,0,"(0.0, 6.0, 1392.7)","(0.2, 0.0, 0.0, 1.0)"
0,929723.5,0,0,0,0,0,0,0,0,0,"(0.0, 0.0)","(0.0, 0.0)","(0.0, 0.0)","(0.0, 0.0, 0.0)","(0.0, 0.0, 0.0)","(0.0, 0.0, 0.0)","(0.0, 0.0, 0.0)","(0.0, 0.0, 0.0)","(0.0, 0.0, 0.0)",0,0,0,0,0,0,False,0,0,0,0,0,0,0,0,"(0.0, 6.0, 1393.0)","(0.2, 0.0, 0.0, 1.0)"
0,929747,0,0,0,0,0,0,0,0,0,"(0.0, 0.0)","(0.0, 0.0)","(0.0, 0.0)","(0.0, 0.0, 0.0)","(0.0, 0.0, 0.0)","(0.0, 0.0, 0.0)","(0.0, 0.0, 0.0)","(0.0, 0.0, 0.0)","(0.0, 0.0, 0.0)",0,0,0,0,0,0,False,0,0,0,0,0,0,0,0,"(0.0, 6.0, 1393.3)","(0.2, 0.0, 0.0, 1.0)"
0,929768.8,0,0,0,0,0,0,0,0,0,"(0.0, 0.0)","(0.0, 0.0)","(0.0, 0.0)","(0.0, 0.0, 0.0)","(0.0, 0.0, 0.0)","(0.0, 0.0, 0.0)","(0.0, 0.0, 0.0)","(0.0, 0.0, 0.0)","(0.0, 0.0, 0.0)",0,0,0,0,0,0,False,0,0,0,0,0,0,0,0,"(0.0, 6.0, 1393.6)","(0.2, 0.0, 0.0, 1.0)"
0,929791,0,0,0,0,0,0,0,0,0,"(0.0, 0.0)","(0.0, 0.0)","(0.0, 0.0)","(0.0, 0.0, 0.0)","(0.0, 0.0, 0.0)","(0.0, 0.0, 0.0)","(0.0, 0.0, 0.0)","(0.0, 0.0, 0.0)","(0.0, 0.0, 0.0)",0,0,0,0,0,0,False,0,0,0,0,0,0,0,0,"(0.0, 6.0, 1393.9)","(0.2, 0.0, 0.0, 1.0)"
0,929817.1,0,0,0,0,0,0,0,0,0,"(0.0, 0.0)","(0.0, 0.0)","(0.0, 0.0)","(0.0, 0.0, 0.0)","(0.0, 0.0, 0.0)","(0.0, 0.0, 0.0)","(0.0, 0.0, 0.0)","(0.0, 0.0, 0.0)","(0.0, 0.0, 0.0)",0,0,0,0,0,0,False,0,0,0,0,0,0,0,0,"(0.0, 6.0, 1394.2)","(0.2, 0.0, 0.0, 1.0)"
0,929839.7,0,0,0,0,0,0,0,0,0,"(0.0, 0.0)","(0.0, 0.0)","(0.0, 0.0)","(0.0, 0.0, 0.0)","(0.0, 0.0, 0.0)","(0.0, 0.0, 0.0)","(0.0, 0.0, 0.0)","(0.0, 0.0, 0.0)","(0.0, 0.0, 0.0)",0,0,0,0,0,0,False,0,0,0,0,0,0,0,0,"(0.0, 6.0, 1394.6)","(0.2, 0.0, 0.0, 1.0)"
0,929858.6,0,0,0,0,0,0,0,0,0,"(0.0, 0.0)","(0.0, 0.0)","(0.0, 0.0)","(0.0, 0.0, 0.0)","(0.0, 0.0, 0.0)","(0.0, 0.0, 0.0)","(0.0, 0.0, 0.0)","(0.0, 0.0, 0.0)","(0.0, 0.0, 0.0)",0,0,0,0,0,0,False,0,0,0,0,0,0,0,0,"(0.0, 6.0, 1394.9)","(0.2, 0.0, 0.0, 1.0)"
0,929877.6,0,0,0,0,0,0,0,0,0,"(0.0, 0.0)","(0.0, 0.0)","(0.0, 0.0)","(0.0, 0.0, 0.0)","(0.0, 0.0, 0.0)","(0.0, 0.0, 0.0)","(0.0, 0.0, 0.0)","(0.0, 0.0, 0.0)","(0.0, 0.0, 0.0)",0,0,0,0,0,0,False,0,0,0,0,0,0,0,0,"(0.0, 6.0, 1395.2)","(0.2, 0.0, 0.0, 1.0)"
0,929899.9,0,0,0,0,0,0,0,0,0,"(0.0, 0.0)","(0.0, 0.0)","(0.0, 0.0)","(0.0, 0.0, 0.0)","(0.0, 0.0, 0.0)","(0.0, 0.0, 0.0)","(0.0, 0.0, 0.0)","(0.0, 0.0, 0.0)","(0.0, 0.0, 0.0)",0,0,0,0,0,0,False,0,0,0,0,0,0,0,0,"(0.0, 6.0, 1395.5)","(0.2, 0.0, 0.0, 1.0)"
0,929919.6,0,0,0,0,0,0,0,0,0,"(0.0, 0.0)","(0.0, 0.0)","(0.0, 0.0)","(0.0, 0.0, 0.0)","(0.0, 0.0, 0.0)","(0.0, 0.0, 0.0)","(0.0, 0.0, 0.0)","(0.0, 0.0, 0.0)","(0.0, 0.0, 0.0)",0,0,0,0,0,0,False,0,0,0,0,0,0,0,0,"(0.0, 6.0, 1395.8)","(0.2, 0.0, 0.0, 1.0)"
0,929937.8,0,0,0,0,0,0,0,0,0,"(0.0, 0.0)","(0.0, 0.0)","(0.0, 0.0)","(0.0, 0.0, 0.0)","(0.0, 0.0, 0.0)","(0.0, 0.0, 0.0)","(0.0, 0.0, 0.0)","(0.0, 0.0, 0.0)","(0.0, 0.0, 0.0)",0,0,0,0,0,0,False,0,0,0,0,0,0,0,0,"(0.0, 6.0, 1396.0)","(0.2, 0.0, 0.0, 1.0)"
0,929955.9,0,0,0,0,0,0,0,0,0,"(0.0, 0.0)","(0.0, 0.0)","(0.0, 0.0)","(0.0, 0.0, 0.0)","(0.0, 0.0, 0.0)","(0.0, 0.0, 0.0)","(0.0, 0.0, 0.0)","(0.0, 0.0, 0.0)","(0.0, 0.0, 0.0)",0,0,0,0,0,0,False,0,0,0,0,0,0,0,0,"(0.0, 6.0, 1396.3)","(0.2, 0.0, 0.0, 1.0)"
0,929973.6,0,0,0,0,0,0,0,0,0,"(0.0, 0.0)","(0.0, 0.0)","(0.0, 0.0)","(0.0, 0.0, 0.0)","(0.0, 0.0, 0.0)","(0.0, 0.0, 0.0)","(0.0, 0.0, 0.0)","(0.0, 0.0, 0.0)","(0.0, 0.0, 0.0)",0,0,0,0,0,0,False,0,0,0,0,0,0,0,0,"(0.0, 6.0, 1396.6)","(0.2, 0.0, 0.0, 1.0)"
0,929997.6,0,0,0,0,0,0,0,0,0,"(0.0, 0.0)","(0.0, 0.0)","(0.0, 0.0)","(0.0, 0.0, 0.0)","(0.0, 0.0, 0.0)","(0.0, 0.0, 0.0)","(0.0, 0.0, 0.0)","(0.0, 0.0, 0.0)","(0.0, 0.0, 0.0)",0,0,0,0,0,0,False,0,0,0,0,0,0,0,0,"(0.0, 6.0, 1396.9)","(0.2, 0.0, 0.0, 1.0)"
0,930020.6,0,0,0,0,0,0,0,0,0,"(0.0, 0.0)","(0.0, 0.0)","(0.0, 0.0)","(0.0, 0.0, 0.0)","(0.0, 0.0, 0.0)","(0.0, 0.0, 0.0)","(0.0, 0.0, 0.0)","(0.0, 0.0, 0.0)","(0.0, 0.0, 0.0)",0,0,0,0,0,0,False,0,0,0,0,0,0,0,0,"(0.0, 6.0, 1397.2)","(0.2, 0.0, 0.0, 1.0)"
0,930038.3,0,0,0,0,0,0,0,0,0,"(0.0, 0.0)","(0.0, 0.0)","(0.0, 0.0)","(0.0, 0.0, 0.0)","(0.0, 0.0, 0.0)","(0.0, 0.0, 0.0)","(0.0, 0.0, 0.0)","(0.0, 0.0, 0.0)","(0.0, 0.0, 0.0)",0,0,0,0,0,0,False,0,0,0,0,0,0,0,0,"(0.0, 6.0, 1397.5)","(0.2, 0.0, 0.0, 1.0)"
0,930056.4,0,0,0,0,0,0,0,0,0,"(0.0, 0.0)","(0.0, 0.0)","(0.0, 0.0)","(0.0, 0.0, 0.0)","(0.0, 0.0, 0.0)","(0.0, 0.0, 0.0)","(0.0, 0.0, 0.0)","(0.0, 0.0, 0.0)","(0.0, 0.0, 0.0)",0,0,0,0,0,0,False,0,0,0,0,0,0,0,0,"(0.0, 6.0, 1397.8)","(0.2, 0.0, 0.0, 1.0)"
0,930074.7,0,0,0,0,0,0,0,0,0,"(0.0, 0.0)","(0.0, 0.0)","(0.0, 0.0)","(0.0, 0.0, 0.0)","(0.0, 0.0, 0.0)","(0.0, 0.0, 0.0)","(0.0, 0.0, 0.0)","(0.0, 0.0, 0.0)","(0.0, 0.0, 0.0)",0,0,0,0,0,0,False,0,0,0,0,0,0,0,0,"(0.0, 6.0, 1398.1)","(0.2, 0.0, 0.0, 1.0)"
0,930093.9,0,0,0,0,0,0,0,0,0,"(0.0, 0.0)","(0.0, 0.0)","(0.0, 0.0)","(0.0, 0.0, 0.0)","(0.0, 0.0, 0.0)","(0.0, 0.0, 0.0)","(0.0, 0.0, 0.0)","(0.0, 0.0, 0.0)","(0.0, 0.0, 0.0)",0,0,0,0,0,0,False,0,0,0,0,0,0,0,0,"(0.0, 6.0, 1398.4)","(0.2, 0.0, 0.0, 1.0)"
0,930113.4,0,0,0,0,0,0,0,0,0,"(0.0, 0.0)","(0.0, 0.0)","(0.0, 0.0)","(0.0, 0.0, 0.0)","(0.0, 0.0, 0.0)","(0.0, 0.0, 0.0)","(0.0, 0.0, 0.0)","(0.0, 0.0, 0.0)","(0.0, 0.0, 0.0)",0,0,0,0,0,0,False,0,0,0,0,0,0,0,0,"(0.0, 6.0, 1398.6)","(0.2, 0.0, 0.0, 1.0)"
0,930132.1,0,0,0,0,0,0,0,0,0,"(0.0, 0.0)","(0.0, 0.0)","(0.0, 0.0)","(0.0, 0.0, 0.0)","(0.0, 0.0, 0.0)","(0.0, 0.0, 0.0)","(0.0, 0.0, 0.0)","(0.0, 0.0, 0.0)","(0.0, 0.0, 0.0)",0,0,0,0,0,0,False,0,0,0,0,0,0,0,0,"(0.0, 6.0, 1398.9)","(0.2, 0.0, 0.0, 1.0)"
0,930150.9,0,0,0,0,0,0,0,0,0,"(0.0, 0.0)","(0.0, 0.0)","(0.0, 0.0)","(0.0, 0.0, 0.0)","(0.0, 0.0, 0.0)","(0.0, 0.0, 0.0)","(0.0, 0.0, 0.0)","(0.0, 0.0, 0.0)","(0.0, 0.0, 0.0)",0,0,0,0,0,0,False,0,0,0,0,0,0,0,0,"(0.0, 6.0, 1399.2)","(0.2, 0.0, 0.0, 1.0)"
0,930170.1,0,0,0,0,0,0,0,0,0,"(0.0, 0.0)","(0.0, 0.0)","(0.0, 0.0)","(0.0, 0.0, 0.0)","(0.0, 0.0, 0.0)","(0.0, 0.0, 0.0)","(0.0, 0.0, 0.0)","(0.0, 0.0, 0.0)","(0.0, 0.0, 0.0)",0,0,0,0,0,0,False,0,0,0,0,0,0,0,0,"(0.0, 6.0, 1399.5)","(0.2, 0.0, 0.0, 1.0)"
0,930187.1,0,0,0,0,0,0,0,0,0,"(0.0, 0.0)","(0.0, 0.0)","(0.0, 0.0)","(0.0, 0.0, 0.0)","(0.0, 0.0, 0.0)","(0.0, 0.0, 0.0)","(0.0, 0.0, 0.0)","(0.0, 0.0, 0.0)","(0.0, 0.0, 0.0)",0,0,0,0,0,0,False,0,0,0,0,0,0,0,0,"(0.0, 6.0, 1399.7)","(0.2, 0.0, 0.0, 1.0)"
0,930205.3,0,0,0,0,0,0,0,0,0,"(0.0, 0.0)","(0.0, 0.0)","(0.0, 0.0)","(0.0, 0.0, 0.0)","(0.0, 0.0, 0.0)","(0.0, 0.0, 0.0)","(0.0, 0.0, 0.0)","(0.0, 0.0, 0.0)","(0.0, 0.0, 0.0)",0,0,0,0,0,0,False,0,0,0,0,0,0,0,0,"(0.0, 6.0, 1400.0)","(0.2, 0.0, 0.0, 1.0)"
0,930223.6,0,0,0,0,0,0,0,0,0,"(0.0, 0.0)","(0.0, 0.0)","(0.0, 0.0)","(0.0, 0.0, 0.0)","(0.0, 0.0, 0.0)","(0.0, 0.0, 0.0)","(0.0, 0.0, 0.0)","(0.0, 0.0, 0.0)","(0.0, 0.0, 0.0)",0,0,0,0,0,0,False,0,0,0,0,0,0,0,0,"(0.0, 6.0, 1400.3)","(0.2, 0.0, 0.0, 1.0)"
0,930245.8,0,0,0,0,0,0,0,0,0,"(0.0, 0.0)","(0.0, 0.0)","(0.0, 0.0)","(0.0, 0.0, 0.0)","(0.0, 0.0, 0.0)","(0.0, 0.0, 0.0)","(0.0, 0.0, 0.0)","(0.0, 0.0, 0.0)","(0.0, 0.0, 0.0)",0,0,0,0,0,0,False,0,0,0,0,0,0,0,0,"(0.0, 6.0, 1400.6)","(0.2, 0.0, 0.0, 1.0)"
0,930264.7,0,0,0,0,0,0,0,0,0,"(0.0, 0.0)","(0.0, 0.0)","(0.0, 0.0)","(0.0, 0.0, 0.0)","(0.0, 0.0, 0.0)","(0.0, 0.0, 0.0)","(0.0, 0.0, 0.0)","(0.0, 0.0, 0.0)","(0.0, 0.0, 0.0)",0,0,0,0,0,0,False,0,0,0,0,0,0,0,0,"(0.0, 6.0, 1400.8)","(0.2, 0.0, 0.0, 1.0)"
0,930283.8,0,0,0,0,0,0,0,0,0,"(0.0, 0.0)","(0.0, 0.0)","(0.0, 0.0)","(0.0, 0.0, 0.0)","(0.0, 0.0, 0.0)","(0.0, 0.0, 0.0)","(0.0, 0.0, 0.0)","(0.0, 0.0, 0.0)","(0.0, 0.0, 0.0)",0,0,0,0,0,0,False,0,0,0,0,0,0,0,0,"(0.0, 6.0, 1401.1)","(0.2, 0.0, 0.0, 1.0)"
0,930301.4,0,0,0,0,0,0,0,0,0,"(0.0, 0.0)","(0.0, 0.0)","(0.0, 0.0)","(0.0, 0.0, 0.0)","(0.0, 0.0, 0.0)","(0.0, 0.0, 0.0)","(0.0, 0.0, 0.0)","(0.0, 0.0, 0.0)","(0.0, 0.0, 0.0)",0,0,0,0,0,0,False,0,0,0,0,0,0,0,0,"(0.0, 6.0, 1401.4)","(0.2, 0.0, 0.0, 1.0)"
0,930323.3,0,0,0,0,0,0,0,0,0,"(0.0, 0.0)","(0.0, 0.0)","(0.0, 0.0)","(0.0, 0.0, 0.0)","(0.0, 0.0, 0.0)","(0.0, 0.0, 0.0)","(0.0, 0.0, 0.0)","(0.0, 0.0, 0.0)","(0.0, 0.0, 0.0)",0,0,0,0,0,0,False,0,0,0,0,0,0,0,0,"(0.0, 6.0, 1401.6)","(0.2, 0.0, 0.0, 1.0)"
0,930342.8,0,0,0,0,0,0,0,0,0,"(0.0, 0.0)","(0.0, 0.0)","(0.0, 0.0)","(0.0, 0.0, 0.0)","(0.0, 0.0, 0.0)","(0.0, 0.0, 0.0)","(0.0, 0.0, 0.0)","(0.0, 0.0, 0.0)","(0.0, 0.0, 0.0)",0,0,0,0,0,0,False,0,0,0,0,0,0,0,0,"(0.0, 6.0, 1401.9)","(0.2, 0.0, 0.0, 1.0)"
0,930362.2,0,0,0,0,0,0,0,0,0,"(0.0, 0.0)","(0.0, 0.0)","(0.0, 0.0)","(0.0, 0.0, 0.0)","(0.0, 0.0, 0.0)","(0.0, 0.0, 0.0)","(0.0, 0.0, 0.0)","(0.0, 0.0, 0.0)","(0.0, 0.0, 0.0)",0,0,0,0,0,0,False,0,0,0,0,0,0,0,0,"(0.0, 6.0, 1402.2)","(0.2, 0.0, 0.0, 1.0)"
0,930381.5,0,0,0,0,0,0,0,0,0,"(0.0, 0.0)","(0.0, 0.0)","(0.0, 0.0)","(0.0, 0.0, 0.0)","(0.0, 0.0, 0.0)","(0.0, 0.0, 0.0)","(0.0, 0.0, 0.0)","(0.0, 0.0, 0.0)","(0.0, 0.0, 0.0)",0,0,0,0,0,0,False,0,0,0,0,0,0,0,0,"(0.0, 6.0, 1402.5)","(0.2, 0.0, 0.0, 1.0)"
0,930401.5,0,0,0,0,0,0,0,0,0,"(0.0, 0.0)","(0.0, 0.0)","(0.0, 0.0)","(0.0, 0.0, 0.0)","(0.0, 0.0, 0.0)","(0.0, 0.0, 0.0)","(0.0, 0.0, 0.0)","(0.0, 0.0, 0.0)","(0.0, 0.0, 0.0)",0,0,0,0,0,0,False,0,0,0,0,0,0,0,0,"(0.0, 6.0, 1402.7)","(0.2, 0.0, 0.0, 1.0)"
0,930423.4,0,0,0,0,0,0,0,0,0,"(0.0, 0.0)","(0.0, 0.0)","(0.0, 0.0)","(0.0, 0.0, 0.0)","(0.0, 0.0, 0.0)","(0.0, 0.0, 0.0)","(0.0, 0.0, 0.0)","(0.0, 0.0, 0.0)","(0.0, 0.0, 0.0)",0,0,0,0,0,0,False,0,0,0,0,0,0,0,0,"(0.0, 6.0, 1403.0)","(0.2, 0.0, 0.0, 1.0)"
0,930446.4,0,0,0,0,0,0,0,0,0,"(0.0, 0.0)","(0.0, 0.0)","(0.0, 0.0)","(0.0, 0.0, 0.0)","(0.0, 0.0, 0.0)","(0.0, 0.0, 0.0)","(0.0, 0.0, 0.0)","(0.0, 0.0, 0.0)","(0.0, 0.0, 0.0)",0,0,0,0,0,0,False,0,0,0,0,0,0,0,0,"(0.0, 6.0, 1403.3)","(0.2, 0.0, 0.0, 1.0)"
0,930468.3,0,0,0,0,0,0,0,0,0,"(0.0, 0.0)","(0.0, 0.0)","(0.0, 0.0)","(0.0, 0.0, 0.0)","(0.0, 0.0, 0.0)","(0.0, 0.0, 0.0)","(0.0, 0.0, 0.0)","(0.0, 0.0, 0.0)","(0.0, 0.0, 0.0)",0,0,0,0,0,0,False,0,0,0,0,0,0,0,0,"(0.0, 6.0, 1403.6)","(0.2, 0.0, 0.0, 1.0)"
0,930491.3,0,0,0,0,0,0,0,0,0,"(0.0, 0.0)","(0.0, 0.0)","(0.0, 0.0)","(0.0, 0.0, 0.0)","(0.0, 0.0, 0.0)","(0.0, 0.0, 0.0)","(0.0, 0.0, 0.0)","(0.0, 0.0, 0.0)","(0.0, 0.0, 0.0)",0,0,0,0,0,0,False,0,0,0,0,0,0,0,0,"(0.0, 6.0, 1403.9)","(0.2, 0.0, 0.0, 1.0)"
0,930517.4,0,0,0,0,0,0,0,0,0,"(0.0, 0.0)","(0.0, 0.0)","(0.0, 0.0)","(0.0, 0.0, 0.0)","(0.0, 0.0, 0.0)","(0.0, 0.0, 0.0)","(0.0, 0.0, 0.0)","(0.0, 0.0, 0.0)","(0.0, 0.0, 0.0)",0,0,0,0,0,0,False,0,0,0,0,0,0,0,0,"(0.0, 6.0, 1404.2)","(0.2, 0.0, 0.0, 1.0)"
0,930538.6,0,0,0,0,0,0,0,0,0,"(0.0, 0.0)","(0.0, 0.0)","(0.0, 0.0)","(0.0, 0.0, 0.0)","(0.0, 0.0, 0.0)","(0.0, 0.0, 0.0)","(0.0, 0.0, 0.0)","(0.0, 0.0, 0.0)","(0.0, 0.0, 0.0)",0,0,0,0,0,0,False,0,0,0,0,0,0,0,0,"(0.0, 6.0, 1404.5)","(0.2, 0.0, 0.0, 1.0)"
0,930558.3,0,0,0,0,0,0,0,0,0,"(0.0, 0.0)","(0.0, 0.0)","(0.0, 0.0)","(0.0, 0.0, 0.0)","(0.0, 0.0, 0.0)","(0.0, 0.0, 0.0)","(0.0, 0.0, 0.0)","(0.0, 0.0, 0.0)","(0.0, 0.0, 0.0)",0,0,0,0,0,0,False,0,0,0,0,0,0,0,0,"(0.0, 6.0, 1404.7)","(0.2, 0.0, 0.0, 1.0)"
0,930580.2,0,0,0,0,0,0,0,0,0,"(0.0, 0.0)","(0.0, 0.0)","(0.0, 0.0)","(0.0, 0.0, 0.0)","(0.0, 0.0, 0.0)","(0.0, 0.0, 0.0)","(0.0, 0.0, 0.0)","(0.0, 0.0, 0.0)","(0.0, 0.0, 0.0)",0,0,0,0,0,0,False,0,0,0,0,0,0,0,0,"(0.0, 6.0, 1405.0)","(0.2, 0.0, 0.0, 1.0)"
0,930601.8,0,0,0,0,0,0,0,0,0,"(0.0, 0.0)","(0.0, 0.0)","(0.0, 0.0)","(0.0, 0.0, 0.0)","(0.0, 0.0, 0.0)","(0.0, 0.0, 0.0)","(0.0, 0.0, 0.0)","(0.0, 0.0, 0.0)","(0.0, 0.0, 0.0)",0,0,0,0,0,0,False,0,0,0,0,0,0,0,0,"(0.0, 6.0, 1405.3)","(0.2, 0.0, 0.0, 1.0)"
0,930623.2,0,0,0,0,0,0,0,0,0,"(0.0, 0.0)","(0.0, 0.0)","(0.0, 0.0)","(0.0, 0.0, 0.0)","(0.0, 0.0, 0.0)","(0.0, 0.0, 0.0)","(0.0, 0.0, 0.0)","(0.0, 0.0, 0.0)","(0.0, 0.0, 0.0)",0,0,0,0,0,0,False,0,0,0,0,0,0,0,0,"(0.0, 6.0, 1405.6)","(0.2, 0.0, 0.0, 1.0)"
0,930645.9,0,0,0,0,0,0,0,0,0,"(0.0, 0.0)","(0.0, 0.0)","(0.0, 0.0)","(0.0, 0.0, 0.0)","(0.0, 0.0, 0.0)","(0.0, 0.0, 0.0)","(0.0, 0.0, 0.0)","(0.0, 0.0, 0.0)","(0.0, 0.0, 0.0)",0,0,0,0,0,0,False,0,0,0,0,0,0,0,0,"(0.0, 6.0, 1405.9)","(0.2, 0.0, 0.0, 1.0)"
0,930668.5,0,0,0,0,0,0,0,0,0,"(0.0, 0.0)","(0.0, 0.0)","(0.0, 0.0)","(0.0, 0.0, 0.0)","(0.0, 0.0, 0.0)","(0.0, 0.0, 0.0)","(0.0, 0.0, 0.0)","(0.0, 0.0, 0.0)","(0.0, 0.0, 0.0)",0,0,0,0,0,0,False,0,0,0,0,0,0,0,0,"(0.0, 6.0, 1406.2)","(0.2, 0.0, 0.0, 1.0)"
0,930689.9,0,0,0,0,0,0,0,0,0,"(0.0, 0.0)","(0.0, 0.0)","(0.0, 0.0)","(0.0, 0.0, 0.0)","(0.0, 0.0, 0.0)","(0.0, 0.0, 0.0)","(0.0, 0.0, 0.0)","(0.0, 0.0, 0.0)","(0.0, 0.0, 0.0)",0,0,0,0,0,0,False,0,0,0,0,0,0,0,0,"(0.0, 6.0, 1406.5)","(0.2, 0.0, 0.0, 1.0)"
0,930712.5,0,0,0,0,0,0,0,0,0,"(0.0, 0.0)","(0.0, 0.0)","(0.0, 0.0)","(0.0, 0.0, 0.0)","(0.0, 0.0, 0.0)","(0.0, 0.0, 0.0)","(0.0, 0.0, 0.0)","(0.0, 0.0, 0.0)","(0.0, 0.0, 0.0)",0,0,0,0,0,0,False,0,0,0,0,0,0,0,0,"(0.0, 6.0, 1406.8)","(0.2, 0.0, 0.0, 1.0)"
0,930735.9,0,0,0,0,0,0,0,0,0,"(0.0, 0.0)","(0.0, 0.0)","(0.0, 0.0)","(0.0, 0.0, 0.0)","(0.0, 0.0, 0.0)","(0.0, 0.0, 0.0)","(0.0, 0.0, 0.0)","(0.0, 0.0, 0.0)","(0.0, 0.0, 0.0)",0,0,0,0,0,0,False,0,0,0,0,0,0,0,0,"(0.0, 6.0, 1407.1)","(0.2, 0.0, 0.0, 1.0)"
0,930756.7,0,0,0,0,0,0,0,0,0,"(0.0, 0.0)","(0.0, 0.0)","(0.0, 0.0)","(0.0, 0.0, 0.0)","(0.0, 0.0, 0.0)","(0.0, 0.0, 0.0)","(0.0, 0.0, 0.0)","(0.0, 0.0, 0.0)","(0.0, 0.0, 0.0)",0,0,0,0,0,0,False,0,0,0,0,0,0,0,0,"(0.0, 6.0, 1407.4)","(0.2, 0.0, 0.0, 1.0)"
0,930779.3,0,0,0,0,0,0,0,0,0,"(0.0, 0.0)","(0.0, 0.0)","(0.0, 0.0)","(0.0, 0.0, 0.0)","(0.0, 0.0, 0.0)","(0.0, 0.0, 0.0)","(0.0, 0.0, 0.0)","(0.0, 0.0, 0.0)","(0.0, 0.0, 0.0)",0,0,0,0,0,0,False,0,0,0,0,0,0,0,0,"(0.0, 6.0, 1407.7)","(0.2, 0.0, 0.0, 1.0)"
0,930801.5,0,0,0,0,0,0,0,0,0,"(0.0, 0.0)","(0.0, 0.0)","(0.0, 0.0)","(0.0, 0.0, 0.0)","(0.0, 0.0, 0.0)","(0.0, 0.0, 0.0)","(0.0, 0.0, 0.0)","(0.0, 0.0, 0.0)","(0.0, 0.0, 0.0)",0,0,0,0,0,0,False,0,0,0,0,0,0,0,0,"(0.0, 6.0, 1408.0)","(0.2, 0.0, 0.0, 1.0)"
0,930837.3,0,0,0,0,0,0,0,0,0,"(0.0, 0.0)","(0.0, 0.0)","(0.0, 0.0)","(0.0, 0.0, 0.0)","(0.0, 0.0, 0.0)","(0.0, 0.0, 0.0)","(0.0, 0.0, 0.0)","(0.0, 0.0, 0.0)","(0.0, 0.0, 0.0)",0,0,0,0,0,0,False,0,0,0,0,0,0,0,0,"(0.0, 6.0, 1408.4)","(0.2, 0.0, 0.0, 1.0)"
0,930858.1,0,0,0,0,0,0,0,0,0,"(0.0, 0.0)","(0.0, 0.0)","(0.0, 0.0)","(0.0, 0.0, 0.0)","(0.0, 0.0, 0.0)","(0.0, 0.0, 0.0)","(0.0, 0.0, 0.0)","(0.0, 0.0, 0.0)","(0.0, 0.0, 0.0)",0,0,0,0,0,0,False,0,0,0,0,0,0,0,0,"(0.0, 6.0, 1408.7)","(0.2, 0.0, 0.0, 1.0)"
0,930877.7,0,0,0,0,0,0,0,0,0,"(0.0, 0.0)","(0.0, 0.0)","(0.0, 0.0)","(0.0, 0.0, 0.0)","(0.0, 0.0, 0.0)","(0.0, 0.0, 0.0)","(0.0, 0.0, 0.0)","(0.0, 0.0, 0.0)","(0.0, 0.0, 0.0)",0,0,0,0,0,0,False,0,0,0,0,0,0,0,0,"(0.0, 6.0, 1409.1)","(0.2, 0.0, 0.0, 1.0)"
0,930899.1,0,0,0,0,0,0,0,0,0,"(0.0, 0.0)","(0.0, 0.0)","(0.0, 0.0)","(0.0, 0.0, 0.0)","(0.0, 0.0, 0.0)","(0.0, 0.0, 0.0)","(0.0, 0.0, 0.0)","(0.0, 0.0, 0.0)","(0.0, 0.0, 0.0)",0,0,0,0,0,0,False,0,0,0,0,0,0,0,0,"(0.0, 6.0, 1409.4)","(0.2, 0.0, 0.0, 1.0)"
0,930918.9,0,0,0,0,0,0,0,0,0,"(0.0, 0.0)","(0.0, 0.0)","(0.0, 0.0)","(0.0, 0.0, 0.0)","(0.0, 0.0, 0.0)","(0.0, 0.0, 0.0)","(0.0, 0.0, 0.0)","(0.0, 0.0, 0.0)","(0.0, 0.0, 0.0)",0,0,0,0,0,0,False,0,0,0,0,0,0,0,0,"(0.0, 6.0, 1409.8)","(0.2, 0.0, 0.0, 1.0)"
0,930939.7,0,0,0,0,0,0,0,0,0,"(0.0, 0.0)","(0.0, 0.0)","(0.0, 0.0)","(0.0, 0.0, 0.0)","(0.0, 0.0, 0.0)","(0.0, 0.0, 0.0)","(0.0, 0.0, 0.0)","(0.0, 0.0, 0.0)","(0.0, 0.0, 0.0)",0,0,0,0,0,0,False,0,0,0,0,0,0,0,0,"(0.0, 6.0, 1410.2)","(0.2, 0.0, 0.0, 1.0)"
0,930965.1,0,0,0,0,0,0,0,0,0,"(0.0, 0.0)","(0.0, 0.0)","(0.0, 0.0)","(0.0, 0.0, 0.0)","(0.0, 0.0, 0.0)","(0.0, 0.0, 0.0)","(0.0, 0.0, 0.0)","(0.0, 0.0, 0.0)","(0.0, 0.0, 0.0)",0,0,0,0,0,0,False,0,0,0,0,0,0,0,0,"(0.0, 6.0, 1410.5)","(0.2, 0.0, 0.0, 1.0)"
0,930986.1,0,0,0,0,0,0,0,0,0,"(0.0, 0.0)","(0.0, 0.0)","(0.0, 0.0)","(0.0, 0.0, 0.0)","(0.0, 0.0, 0.0)","(0.0, 0.0, 0.0)","(0.0, 0.0, 0.0)","(0.0, 0.0, 0.0)","(0.0, 0.0, 0.0)",0,0,0,0,0,0,False,0,0,0,0,0,0,0,0,"(0.0, 6.0, 1410.9)","(0.2, 0.0, 0.0, 1.0)"
0,931005.9,0,0,0,0,0,0,0,0,0,"(0.0, 0.0)","(0.0, 0.0)","(0.0, 0.0)","(0.0, 0.0, 0.0)","(0.0, 0.0, 0.0)","(0.0, 0.0, 0.0)","(0.0, 0.0, 0.0)","(0.0, 0.0, 0.0)","(0.0, 0.0, 0.0)",0,0,0,0,0,0,False,0,0,0,0,0,0,0,0,"(0.0, 6.0, 1411.3)","(0.2, 0.0, 0.0, 1.0)"
0,931023.8,0,0,0,0,0,0,0,0,0,"(0.0, 0.0)","(0.0, 0.0)","(0.0, 0.0)","(0.0, 0.0, 0.0)","(0.0, 0.0, 0.0)","(0.0, 0.0, 0.0)","(0.0, 0.0, 0.0)","(0.0, 0.0, 0.0)","(0.0, 0.0, 0.0)",0,0,0,0,0,0,False,0,0,0,0,0,0,0,0,"(0.0, 6.0, 1411.7)","(0.2, 0.0, 0.0, 1.0)"
0,931047.6,0,0,0,0,0,0,0,0,0,"(0.0, 0.0)","(0.0, 0.0)","(0.0, 0.0)","(0.0, 0.0, 0.0)","(0.0, 0.0, 0.0)","(0.0, 0.0, 0.0)","(0.0, 0.0, 0.0)","(0.0, 0.0, 0.0)","(0.0, 0.0, 0.0)",0,0,0,0,0,0,False,0,0,0,0,0,0,0,0,"(0.0, 6.0, 1412.0)","(0.2, 0.0, 0.0, 1.0)"
0,931068.6,0,0,0,0,0,0,0,0,0,"(0.0, 0.0)","(0.0, 0.0)","(0.0, 0.0)","(0.0, 0.0, 0.0)","(0.0, 0.0, 0.0)","(0.0, 0.0, 0.0)","(0.0, 0.0, 0.0)","(0.0, 0.0, 0.0)","(0.0, 0.0, 0.0)",0,0,0,0,0,0,False,0,0,0,0,0,0,0,0,"(0.0, 6.0, 1412.4)","(0.2, 0.0, 0.0, 1.0)"
0,931088,0,0,0,0,0,0,0,0,0,"(0.0, 0.0)","(0.0, 0.0)","(0.0, 0.0)","(0.0, 0.0, 0.0)","(0.0, 0.0, 0.0)","(0.0, 0.0, 0.0)","(0.0, 0.0, 0.0)","(0.0, 0.0, 0.0)","(0.0, 0.0, 0.0)",0,0,0,0,0,0,False,0,0,0,0,0,0,0,0,"(0.0, 6.0, 1412.8)","(0.2, 0.0, 0.0, 1.0)"
0,931109,0,0,0,0,0,0,0,0,0,"(0.0, 0.0)","(0.0, 0.0)","(0.0, 0.0)","(0.0, 0.0, 0.0)","(0.0, 0.0, 0.0)","(0.0, 0.0, 0.0)","(0.0, 0.0, 0.0)","(0.0, 0.0, 0.0)","(0.0, 0.0, 0.0)",0,0,0,0,0,0,False,0,0,0,0,0,0,0,0,"(0.0, 6.0, 1413.2)","(0.2, 0.0, 0.0, 1.0)"
0,931135.1,0,0,0,0,0,0,0,0,0,"(0.0, 0.0)","(0.0, 0.0)","(0.0, 0.0)","(0.0, 0.0, 0.0)","(0.0, 0.0, 0.0)","(0.0, 0.0, 0.0)","(0.0, 0.0, 0.0)","(0.0, 0.0, 0.0)","(0.0, 0.0, 0.0)",0,0,0,0,0,0,False,0,0,0,0,0,0,0,0,"(0.0, 6.0, 1413.6)","(0.2, 0.0, 0.0, 1.0)"
0,931156.8,0,0,0,0,0,0,0,0,0,"(0.0, 0.0)","(0.0, 0.0)","(0.0, 0.0)","(0.0, 0.0, 0.0)","(0.0, 0.0, 0.0)","(0.0, 0.0, 0.0)","(0.0, 0.0, 0.0)","(0.0, 0.0, 0.0)","(0.0, 0.0, 0.0)",0,0,0,0,0,0,False,0,0,0,0,0,0,0,0,"(0.0, 6.0, 1414.0)","(0.2, 0.0, 0.0, 1.0)"
0,931177.3,0,0,0,0,0,0,0,0,0,"(0.0, 0.0)","(0.0, 0.0)","(0.0, 0.0)","(0.0, 0.0, 0.0)","(0.0, 0.0, 0.0)","(0.0, 0.0, 0.0)","(0.0, 0.0, 0.0)","(0.0, 0.0, 0.0)","(0.0, 0.0, 0.0)",0,0,0,0,0,0,False,0,0,0,0,0,0,0,0,"(0.0, 6.0, 1414.4)","(0.2, 0.0, 0.0, 1.0)"
0,931197.4,0,0,0,0,0,0,0,0,0,"(0.0, 0.0)","(0.0, 0.0)","(0.0, 0.0)","(0.0, 0.0, 0.0)","(0.0, 0.0, 0.0)","(0.0, 0.0, 0.0)","(0.0, 0.0, 0.0)","(0.0, 0.0, 0.0)","(0.0, 0.0, 0.0)",0,0,0,0,0,0,False,0,0,0,0,0,0,0,0,"(0.0, 6.0, 1414.8)","(0.2, 0.0, 0.0, 1.0)"
0,931218.1,0,0,0,0,0,0,0,0,0,"(0.0, 0.0)","(0.0, 0.0)","(0.0, 0.0)","(0.0, 0.0, 0.0)","(0.0, 0.0, 0.0)","(0.0, 0.0, 0.0)","(0.0, 0.0, 0.0)","(0.0, 0.0, 0.0)","(0.0, 0.0, 0.0)",0,0,0,0,0,0,False,0,0,0,0,0,0,0,0,"(0.0, 6.0, 1415.2)","(0.2, 0.0, 0.0, 1.0)"
0,931239,0,0,0,0,0,0,0,0,0,"(0.0, 0.0)","(0.0, 0.0)","(0.0, 0.0)","(0.0, 0.0, 0.0)","(0.0, 0.0, 0.0)","(0.0, 0.0, 0.0)","(0.0, 0.0, 0.0)","(0.0, 0.0, 0.0)","(0.0, 0.0, 0.0)",0,0,0,0,0,0,False,0,0,0,0,0,0,0,0,"(0.0, 6.0, 1415.6)","(0.2, 0.0, 0.0, 1.0)"
0,931257.2,0,0,0,0,0,0,0,0,0,"(0.0, 0.0)","(0.0, 0.0)","(0.0, 0.0)","(0.0, 0.0, 0.0)","(0.0, 0.0, 0.0)","(0.0, 0.0, 0.0)","(0.0, 0.0, 0.0)","(0.0, 0.0, 0.0)","(0.0, 0.0, 0.0)",0,0,0,0,0,0,False,0,0,0,0,0,0,0,0,"(0.0, 6.0, 1415.9)","(0.2, 0.0, 0.0, 1.0)"
0,931279.1,0,0,0,0,0,0,0,0,0,"(0.0, 0.0)","(0.0, 0.0)","(0.0, 0.0)","(0.0, 0.0, 0.0)","(0.0, 0.0, 0.0)","(0.0, 0.0, 0.0)","(0.0, 0.0, 0.0)","(0.0, 0.0, 0.0)","(0.0, 0.0, 0.0)",0,0,0,0,0,0,False,0,0,0,0,0,0,0,0,"(0.0, 6.0, 1416.3)","(0.2, 0.0, 0.0, 1.0)"
0,931302,0,0,0,0,0,0,0,0,0,"(0.0, 0.0)","(0.0, 0.0)","(0.0, 0.0)","(0.0, 0.0, 0.0)","(0.0, 0.0, 0.0)","(0.0, 0.0, 0.0)","(0.0, 0.0, 0.0)","(0.0, 0.0, 0.0)","(0.0, 0.0, 0.0)",0,0,0,0,0,0,False,0,0,0,0,0,0,0,0,"(0.0, 6.0, 1416.7)","(0.2, 0.0, 0.0, 1.0)"
0,931322.9,0,0,0,0,0,0,0,0,0,"(0.0, 0.0)","(0.0, 0.0)","(0.0, 0.0)","(0.0, 0.0, 0.0)","(0.0, 0.0, 0.0)","(0.0, 0.0, 0.0)","(0.0, 0.0, 0.0)","(0.0, 0.0, 0.0)","(0.0, 0.0, 0.0)",0,0,0,0,0,0,False,0,0,0,0,0,0,0,0,"(0.0, 6.0, 1417.1)","(0.2, 0.0, 0.0, 1.0)"
0,931345.9,0,0,0,0,0,0,0,0,0,"(0.0, 0.0)","(0.0, 0.0)","(0.0, 0.0)","(0.0, 0.0, 0.0)","(0.0, 0.0, 0.0)","(0.0, 0.0, 0.0)","(0.0, 0.0, 0.0)","(0.0, 0.0, 0.0)","(0.0, 0.0, 0.0)",0,0,0,0,0,0,False,0,0,0,0,0,0,0,0,"(0.0, 6.0, 1417.5)","(0.2, 0.0, 0.0, 1.0)"
0,931368.5,0,0,0,0,0,0,0,0,0,"(0.0, 0.0)","(0.0, 0.0)","(0.0, 0.0)","(0.0, 0.0, 0.0)","(0.0, 0.0, 0.0)","(0.0, 0.0, 0.0)","(0.0, 0.0, 0.0)","(0.0, 0.0, 0.0)","(0.0, 0.0, 0.0)",0,0,0,0,0,0,False,0,0,0,0,0,0,0,0,"(0.0, 6.0, 1417.9)","(0.2, 0.0, 0.0, 1.0)"
0,931389.6,0,0,0,0,0,0,0,0,0,"(0.0, 0.0)","(0.0, 0.0)","(0.0, 0.0)","(0.0, 0.0, 0.0)","(0.0, 0.0, 0.0)","(0.0, 0.0, 0.0)","(0.0, 0.0, 0.0)","(0.0, 0.0, 0.0)","(0.0, 0.0, 0.0)",0,0,0,0,0,0,False,0,0,0,0,0,0,0,0,"(0.0, 6.0, 1418.3)","(0.2, 0.0, 0.0, 1.0)"
0,931412.3,0,0,0,0,0,0,0,0,0,"(0.0, 0.0)","(0.0, 0.0)","(0.0, 0.0)","(0.0, 0.0, 0.0)","(0.0, 0.0, 0.0)","(0.0, 0.0, 0.0)","(0.0, 0.0, 0.0)","(0.0, 0.0, 0.0)","(0.0, 0.0, 0.0)",0,0,0,0,0,0,False,0,0,0,0,0,0,0,0,"(0.0, 6.0, 1418.7)","(0.2, 0.0, 0.0, 1.0)"
0,931437,0,0,0,0,0,0,0,0,0,"(0.0, 0.0)","(0.0, 0.0)","(0.0, 0.0)","(0.0, 0.0, 0.0)","(0.0, 0.0, 0.0)","(0.0, 0.0, 0.0)","(0.0, 0.0, 0.0)","(0.0, 0.0, 0.0)","(0.0, 0.0, 0.0)",0,0,0,0,0,0,False,0,0,0,0,0,0,0,0,"(0.0, 6.0, 1419.2)","(0.2, 0.0, 0.0, 1.0)"
0,931455.8,0,0,0,0,0,0,0,0,0,"(0.0, 0.0)","(0.0, 0.0)","(0.0, 0.0)","(0.0, 0.0, 0.0)","(0.0, 0.0, 0.0)","(0.0, 0.0, 0.0)","(0.0, 0.0, 0.0)","(0.0, 0.0, 0.0)","(0.0, 0.0, 0.0)",0,0,0,0,0,0,False,0,0,0,0,0,0,0,0,"(0.0, 6.0, 1419.6)","(0.2, 0.0, 0.0, 1.0)"
0,931479.1,0,0,0,0,0,0,0,0,0,"(0.0, 0.0)","(0.0, 0.0)","(0.0, 0.0)","(0.0, 0.0, 0.0)","(0.0, 0.0, 0.0)","(0.0, 0.0, 0.0)","(0.0, 0.0, 0.0)","(0.0, 0.0, 0.0)","(0.0, 0.0, 0.0)",0,0,0,0,0,0,False,0,0,0,0,0,0,0,0,"(0.0, 6.0, 1420.0)","(0.2, 0.0, 0.0, 1.0)"
0,931501.6,0,0,0,0,0,0,0,0,0,"(0.0, 0.0)","(0.0, 0.0)","(0.0, 0.0)","(0.0, 0.0, 0.0)","(0.0, 0.0, 0.0)","(0.0, 0.0, 0.0)","(0.0, 0.0, 0.0)","(0.0, 0.0, 0.0)","(0.0, 0.0, 0.0)",0,0,0,0,0,0,False,0,0,0,0,0,0,0,0,"(0.0, 6.0, 1420.4)","(0.2, 0.0, 0.0, 1.0)"
0,931523.1,0,0,0,0,0,0,0,0,0,"(0.0, 0.0)","(0.0, 0.0)","(0.0, 0.0)","(0.0, 0.0, 0.0)","(0.0, 0.0, 0.0)","(0.0, 0.0, 0.0)","(0.0, 0.0, 0.0)","(0.0, 0.0, 0.0)","(0.0, 0.0, 0.0)",0,0,0,0,0,0,False,0,0,0,0,0,0,0,0,"(0.0, 6.0, 1420.8)","(0.2, 0.0, 0.0, 1.0)"
0,931546.1,0,0,0,0,0,0,0,0,0,"(0.0, 0.0)","(0.0, 0.0)","(0.0, 0.0)","(0.0, 0.0, 0.0)","(0.0, 0.0, 0.0)","(0.0, 0.0, 0.0)","(0.0, 0.0, 0.0)","(0.0, 0.0, 0.0)","(0.0, 0.0, 0.0)",0,0,0,0,0,0,False,0,0,0,0,0,0,0,0,"(0.0, 6.0, 1421.2)","(0.2, 0.0, 0.0, 1.0)"
0,931568.2,0,0,0,0,0,0,0,0,0,"(0.0, 0.0)","(0.0, 0.0)","(0.0, 0.0)","(0.0, 0.0, 0.0)","(0.0, 0.0, 0.0)","(0.0, 0.0, 0.0)","(0.0, 0.0, 0.0)","(0.0, 0.0, 0.0)","(0.0, 0.0, 0.0)",0,0,0,0,0,0,False,0,0,0,0,0,0,0,0,"(0.0, 6.0, 1421.6)","(0.2, 0.0, 0.0, 1.0)"
0,931593,0,0,0,0,0,0,0,0,0,"(0.0, 0.0)","(0.0, 0.0)","(0.0, 0.0)","(0.0, 0.0, 0.0)","(0.0, 0.0, 0.0)","(0.0, 0.0, 0.0)","(0.0, 0.0, 0.0)","(0.0, 0.0, 0.0)","(0.0, 0.0, 0.0)",0,0,0,0,0,0,False,0,0,0,0,0,0,0,0,"(0.0, 6.0, 1422.0)","(0.2, 0.0, 0.0, 1.0)"
0,931612.1,0,0,0,0,0,0,0,0,0,"(0.0, 0.0)","(0.0, 0.0)","(0.0, 0.0)","(0.0, 0.0, 0.0)","(0.0, 0.0, 0.0)","(0.0, 0.0, 0.0)","(0.0, 0.0, 0.0)","(0.0, 0.0, 0.0)","(0.0, 0.0, 0.0)",0,0,0,0,0,0,False,0,0,0,0,0,0,0,0,"(0.0, 6.0, 1422.5)","(0.2, 0.0, 0.0, 1.0)"
0,931634.8,0,0,0,0,0,0,0,0,0,"(0.0, 0.0)","(0.0, 0.0)","(0.0, 0.0)","(0.0, 0.0, 0.0)","(0.0, 0.0, 0.0)","(0.0, 0.0, 0.0)","(0.0, 0.0, 0.0)","(0.0, 0.0, 0.0)","(0.0, 0.0, 0.0)",0,0,0,0,0,0,False,0,0,0,0,0,0,0,0,"(0.0, 6.0, 1422.9)","(0.2, 0.0, 0.0, 1.0)"
0,931659.9,0,0,0,0,0,0,0,0,0,"(0.0, 0.0)","(0.0, 0.0)","(0.0, 0.0)","(0.0, 0.0, 0.0)","(0.0, 0.0, 0.0)","(0.0, 0.0, 0.0)","(0.0, 0.0, 0.0)","(0.0, 0.0, 0.0)","(0.0, 0.0, 0.0)",0,0,0,0,0,0,False,0,0,0,0,0,0,0,0,"(0.0, 6.0, 1423.3)","(0.2, 0.0, 0.0, 1.0)"
0,931678.4,0,0,0,0,0,0,0,0,0,"(0.0, 0.0)","(0.0, 0.0)","(0.0, 0.0)","(0.0, 0.0, 0.0)","(0.0, 0.0, 0.0)","(0.0, 0.0, 0.0)","(0.0, 0.0, 0.0)","(0.0, 0.0, 0.0)","(0.0, 0.0, 0.0)",0,0,0,0,0,0,False,0,0,0,0,0,0,0,0,"(0.0, 6.0, 1423.7)","(0.2, 0.0, 0.0, 1.0)"
0,931701.5,0,0,0,0,0,0,0,0,0,"(0.0, 0.0)","(0.0, 0.0)","(0.0, 0.0)","(0.0, 0.0, 0.0)","(0.0, 0.0, 0.0)","(0.0, 0.0, 0.0)","(0.0, 0.0, 0.0)","(0.0, 0.0, 0.0)","(0.0, 0.0, 0.0)",0,0,0,0,0,0,False,0,0,0,0,0,0,0,0,"(0.0, 6.0, 1424.1)","(0.2, 0.0, 0.0, 1.0)"
0,931722.6,0,0,0,0,0,0,0,0,0,"(0.0, 0.0)","(0.0, 0.0)","(0.0, 0.0)","(0.0, 0.0, 0.0)","(0.0, 0.0, 0.0)","(0.0, 0.0, 0.0)","(0.0, 0.0, 0.0)","(0.0, 0.0, 0.0)","(0.0, 0.0, 0.0)",0,0,0,0,0,0,False,0,0,0,0,0,0,0,0,"(0.0, 6.0, 1424.5)","(0.2, 0.0, 0.0, 1.0)"
0,931745.3,0,0,0,0,0,0,0,0,0,"(0.0, 0.0)","(0.0, 0.0)","(0.0, 0.0)","(0.0, 0.0, 0.0)","(0.0, 0.0, 0.0)","(0.0, 0.0, 0.0)","(0.0, 0.0, 0.0)","(0.0, 0.0, 0.0)","(0.0, 0.0, 0.0)",0,0,0,0,0,0,False,0,0,0,0,0,0,0,0,"(0.0, 6.0, 1425.0)","(0.2, 0.0, 0.0, 1.0)"
0,931767.9,0,0,0,0,0,0,0,0,0,"(0.0, 0.0)","(0.0, 0.0)","(0.0, 0.0)","(0.0, 0.0, 0.0)","(0.0, 0.0, 0.0)","(0.0, 0.0, 0.0)","(0.0, 0.0, 0.0)","(0.0, 0.0, 0.0)","(0.0, 0.0, 0.0)",0,0,0,0,0,0,False,0,0,0,0,0,0,0,0,"(0.0, 6.0, 1425.4)","(0.2, 0.0, 0.0, 1.0)"
0,931789.5,0,0,0,0,0,0,0,0,0,"(0.0, 0.0)","(0.0, 0.0)","(0.0, 0.0)","(0.0, 0.0, 0.0)","(0.0, 0.0, 0.0)","(0.0, 0.0, 0.0)","(0.0, 0.0, 0.0)","(0.0, 0.0, 0.0)","(0.0, 0.0, 0.0)",0,0,0,0,0,0,False,0,0,0,0,0,0,0,0,"(0.0, 6.0, 1425.8)","(0.2, 0.0, 0.0, 1.0)"
0,931808.8,0,0,0,0,0,0,0,0,0,"(0.0, 0.0)","(0.0, 0.0)","(0.0, 0.0)","(0.0, 0.0, 0.0)","(0.0, 0.0, 0.0)","(0.0, 0.0, 0.0)","(0.0, 0.0, 0.0)","(0.0, 0.0, 0.0)","(0.0, 0.0, 0.0)",0,0,0,0,0,0,False,0,0,0,0,0,0,0,0,"(0.0, 6.0, 1426.2)","(0.2, 0.0, 0.0, 1.0)"
0,931830.1,0,0,0,0,0,0,0,0,0,"(0.0, 0.0)","(0.0, 0.0)","(0.0, 0.0)","(0.0, 0.0, 0.0)","(0.0, 0.0, 0.0)","(0.0, 0.0, 0.0)","(0.0, 0.0, 0.0)","(0.0, 0.0, 0.0)","(0.0, 0.0, 0.0)",0,0,0,0,0,0,False,0,0,0,0,0,0,0,0,"(0.0, 6.0, 1426.6)","(0.2, 0.0, 0.0, 1.0)"
0,931849.9,0,0,0,0,0,0,0,0,0,"(0.0, 0.0)","(0.0, 0.0)","(0.0, 0.0)","(0.0, 0.0, 0.0)","(0.0, 0.0, 0.0)","(0.0, 0.0, 0.0)","(0.0, 0.0, 0.0)","(0.0, 0.0, 0.0)","(0.0, 0.0, 0.0)",0,0,0,0,0,0,False,0,0,0,0,0,0,0,0,"(0.0, 6.0, 1427.0)","(0.2, 0.0, 0.0, 1.0)"
0,931870.8,0,0,0,0,0,0,0,0,0,"(0.0, 0.0)","(0.0, 0.0)","(0.0, 0.0)","(0.0, 0.0, 0.0)","(0.0, 0.0, 0.0)","(0.0, 0.0, 0.0)","(0.0, 0.0, 0.0)","(0.0, 0.0, 0.0)","(0.0, 0.0, 0.0)",0,0,0,0,0,0,False,0,0,0,0,0,0,0,0,"(0.0, 6.0, 1427.4)","(0.2, 0.0, 0.0, 1.0)"
0,931889.1,0,0,0,0,0,0,0,0,0,"(0.0, 0.0)","(0.0, 0.0)","(0.0, 0.0)","(0.0, 0.0, 0.0)","(0.0, 0.0, 0.0)","(0.0, 0.0, 0.0)","(0.0, 0.0, 0.0)","(0.0, 0.0, 0.0)","(0.0, 0.0, 0.0)",0,0,0,0,0,0,False,0,0,0,0,0,0,0,0,"(0.0, 6.0, 1427.8)","(0.2, 0.0, 0.0, 1.0)"
0,931908.5,0,0,0,0,0,0,0,0,0,"(0.0, 0.0)","(0.0, 0.0)","(0.0, 0.0)","(0.0, 0.0, 0.0)","(0.0, 0.0, 0.0)","(0.0, 0.0, 0.0)","(0.0, 0.0, 0.0)","(0.0, 0.0, 0.0)","(0.0, 0.0, 0.0)",0,0,0,0,0,0,False,0,0,0,0,0,0,0,0,"(0.0, 6.0, 1428.2)","(0.2, 0.0, 0.0, 1.0)"
0,931928.1,0,0,0,0,0,0,0,0,0,"(0.0, 0.0)","(0.0, 0.0)","(0.0, 0.0)","(0.0, 0.0, 0.0)","(0.0, 0.0, 0.0)","(0.0, 0.0, 0.0)","(0.0, 0.0, 0.0)","(0.0, 0.0, 0.0)","(0.0, 0.0, 0.0)",0,0,0,0,0,0,False,0,0,0,0,0,0,0,0,"(0.0, 6.0, 1428.6)","(0.2, 0.0, 0.0, 1.0)"
0,931950,0,0,0,0,0,0,0,0,0,"(0.0, 0.0)","(0.0, 0.0)","(0.0, 0.0)","(0.0, 0.0, 0.0)","(0.0, 0.0, 0.0)","(0.0, 0.0, 0.0)","(0.0, 0.0, 0.0)","(0.0, 0.0, 0.0)","(0.0, 0.0, 0.0)",0,0,0,0,0,0,False,0,0,0,0,0,0,0,0,"(0.0, 6.0, 1429.0)","(0.2, 0.0, 0.0, 1.0)"
0,931971.5,0,0,0,0,0,0,0,0,0,"(0.0, 0.0)","(0.0, 0.0)","(0.0, 0.0)","(0.0, 0.0, 0.0)","(0.0, 0.0, 0.0)","(0.0, 0.0, 0.0)","(0.0, 0.0, 0.0)","(0.0, 0.0, 0.0)","(0.0, 0.0, 0.0)",0,0,0,0,0,0,False,0,0,0,0,0,0,0,0,"(0.0, 6.0, 1429.4)","(0.2, 0.0, 0.0, 1.0)"
0,931997.4,0,0,0,0,0,0,0,0,0,"(0.0, 0.0)","(0.0, 0.0)","(0.0, 0.0)","(0.0, 0.0, 0.0)","(0.0, 0.0, 0.0)","(0.0, 0.0, 0.0)","(0.0, 0.0, 0.0)","(0.0, 0.0, 0.0)","(0.0, 0.0, 0.0)",0,0,0,0,0,0,False,0,0,0,0,0,0,0,0,"(0.0, 6.0, 1429.8)","(0.2, 0.0, 0.0, 1.0)"
0,932018.3,0,0,0,0,0,0,0,0,0,"(0.0, 0.0)","(0.0, 0.0)","(0.0, 0.0)","(0.0, 0.0, 0.0)","(0.0, 0.0, 0.0)","(0.0, 0.0, 0.0)","(0.0, 0.0, 0.0)","(0.0, 0.0, 0.0)","(0.0, 0.0, 0.0)",0,0,0,0,0,0,False,0,0,0,0,0,0,0,0,"(0.0, 6.0, 1430.2)","(0.2, 0.0, 0.0, 1.0)"
0,932038.6,0,0,0,0,0,0,0,0,0,"(0.0, 0.0)","(0.0, 0.0)","(0.0, 0.0)","(0.0, 0.0, 0.0)","(0.0, 0.0, 0.0)","(0.0, 0.0, 0.0)","(0.0, 0.0, 0.0)","(0.0, 0.0, 0.0)","(0.0, 0.0, 0.0)",0,0,0,0,0,0,False,0,0,0,0,0,0,0,0,"(0.0, 6.0, 1430.7)","(0.2, 0.0, 0.0, 1.0)"
0,932056.7,0,0,0,0,0,0,0,0,0,"(0.0, 0.0)","(0.0, 0.0)","(0.0, 0.0)","(0.0, 0.0, 0.0)","(0.0, 0.0, 0.0)","(0.0, 0.0, 0.0)","(0.0, 0.0, 0.0)","(0.0, 0.0, 0.0)","(0.0, 0.0, 0.0)",0,0,0,0,0,0,False,0,0,0,0,0,0,0,0,"(0.0, 6.0, 1431.1)","(0.2, 0.0, 0.0, 1.0)"
0,932076.5,0,0,0,0,0,0,0,0,0,"(0.0, 0.0)","(0.0, 0.0)","(0.0, 0.0)","(0.0, 0.0, 0.0)","(0.0, 0.0, 0.0)","(0.0, 0.0, 0.0)","(0.0, 0.0, 0.0)","(0.0, 0.0, 0.0)","(0.0, 0.0, 0.0)",0,0,0,0,0,0,False,0,0,0,0,0,0,0,0,"(0.0, 6.0, 1431.4)","(0.2, 0.0, 0.0, 1.0)"
0,932096.4,0,0,0,0,0,0,0,0,0,"(0.0, 0.0)","(0.0, 0.0)","(0.0, 0.0)","(0.0, 0.0, 0.0)","(0.0, 0.0, 0.0)","(0.0, 0.0, 0.0)","(0.0, 0.0, 0.0)","(0.0, 0.0, 0.0)","(0.0, 0.0, 0.0)",0,0,0,0,0,0,False,0,0,0,0,0,0,0,0,"(0.0, 6.0, 1431.8)","(0.2, 0.0, 0.0, 1.0)"
0,932116.8,0,0,0,0,0,0,0,0,0,"(0.0, 0.0)","(0.0, 0.0)","(0.0, 0.0)","(0.0, 0.0, 0.0)","(0.0, 0.0, 0.0)","(0.0, 0.0, 0.0)","(0.0, 0.0, 0.0)","(0.0, 0.0, 0.0)","(0.0, 0.0, 0.0)",0,0,0,0,0,0,False,0,0,0,0,0,0,0,0,"(0.0, 6.0, 1432.2)","(0.2, 0.0, 0.0, 1.0)"
0,932138.6,0,0,0,0,0,0,0,0,0,"(0.0, 0.0)","(0.0, 0.0)","(0.0, 0.0)","(0.0, 0.0, 0.0)","(0.0, 0.0, 0.0)","(0.0, 0.0, 0.0)","(0.0, 0.0, 0.0)","(0.0, 0.0, 0.0)","(0.0, 0.0, 0.0)",0,0,0,0,0,0,False,0,0,0,0,0,0,0,0,"(0.0, 6.0, 1432.6)","(0.2, 0.0, 0.0, 1.0)"
0,932156.3,0,0,0,0,0,0,0,0,0,"(0.0, 0.0)","(0.0, 0.0)","(0.0, 0.0)","(0.0, 0.0, 0.0)","(0.0, 0.0, 0.0)","(0.0, 0.0, 0.0)","(0.0, 0.0, 0.0)","(0.0, 0.0, 0.0)","(0.0, 0.0, 0.0)",0,0,0,0,0,0,False,0,0,0,0,0,0,0,0,"(0.0, 6.0, 1433.0)","(0.2, 0.0, 0.0, 1.0)"
0,932175.8,0,0,0,0,0,0,0,0,0,"(0.0, 0.0)","(0.0, 0.0)","(0.0, 0.0)","(0.0, 0.0, 0.0)","(0.0, 0.0, 0.0)","(0.0, 0.0, 0.0)","(0.0, 0.0, 0.0)","(0.0, 0.0, 0.0)","(0.0, 0.0, 0.0)",0,0,0,0,0,0,False,0,0,0,0,0,0,0,0,"(0.0, 6.0, 1433.4)","(0.2, 0.0, 0.0, 1.0)"
0,932202.3,0,0,0,0,0,0,0,0,0,"(0.0, 0.0)","(0.0, 0.0)","(0.0, 0.0)","(0.0, 0.0, 0.0)","(0.0, 0.0, 0.0)","(0.0, 0.0, 0.0)","(0.0, 0.0, 0.0)","(0.0, 0.0, 0.0)","(0.0, 0.0, 0.0)",0,0,0,0,0,0,False,0,0,0,0,0,0,0,0,"(0.0, 6.0, 1433.8)","(0.2, 0.0, 0.0, 1.0)"
0,932221.4,0,0,0,0,0,0,0,0,0,"(0.0, 0.0)","(0.0, 0.0)","(0.0, 0.0)","(0.0, 0.0, 0.0)","(0.0, 0.0, 0.0)","(0.0, 0.0, 0.0)","(0.0, 0.0, 0.0)","(0.0, 0.0, 0.0)","(0.0, 0.0, 0.0)",0,0,0,0,0,0,False,0,0,0,0,0,0,0,0,"(0.0, 6.0, 1434.2)","(0.2, 0.0, 0.0, 1.0)"
0,932240.9,0,0,0,0,0,0,0,0,0,"(0.0, 0.0)","(0.0, 0.0)","(0.0, 0.0)","(0.0, 0.0, 0.0)","(0.0, 0.0, 0.0)","(0.0, 0.0, 0.0)","(0.0, 0.0, 0.0)","(0.0, 0.0, 0.0)","(0.0, 0.0, 0.0)",0,0,0,0,0,0,False,0,0,0,0,0,0,0,0,"(0.0, 6.0, 1434.6)","(0.2, 0.0, 0.0, 1.0)"
0,932261.3,0,0,0,0,0,0,0,0,0,"(0.0, 0.0)","(0.0, 0.0)","(0.0, 0.0)","(0.0, 0.0, 0.0)","(0.0, 0.0, 0.0)","(0.0, 0.0, 0.0)","(0.0, 0.0, 0.0)","(0.0, 0.0, 0.0)","(0.0, 0.0, 0.0)",0,0,0,0,0,0,False,0,0,0,0,0,0,0,0,"(0.0, 6.0, 1435.0)","(0.2, 0.0, 0.0, 1.0)"
0,932282.7,0,0,0,0,0,0,0,0,0,"(0.0, 0.0)","(0.0, 0.0)","(0.0, 0.0)","(0.0, 0.0, 0.0)","(0.0, 0.0, 0.0)","(0.0, 0.0, 0.0)","(0.0, 0.0, 0.0)","(0.0, 0.0, 0.0)","(0.0, 0.0, 0.0)",0,0,0,0,0,0,False,0,0,0,0,0,0,0,0,"(0.0, 6.0, 1435.4)","(0.2, 0.0, 0.0, 1.0)"
0,932304.5,0,0,0,0,0,0,0,0,0,"(0.0, 0.0)","(0.0, 0.0)","(0.0, 0.0)","(0.0, 0.0, 0.0)","(0.0, 0.0, 0.0)","(0.0, 0.0, 0.0)","(0.0, 0.0, 0.0)","(0.0, 0.0, 0.0)","(0.0, 0.0, 0.0)",0,0,0,0,0,0,False,0,0,0,0,0,0,0,0,"(0.0, 6.0, 1435.8)","(0.2, 0.0, 0.0, 1.0)"
0,932324.1,0,0,0,0,0,0,0,0,0,"(0.0, 0.0)","(0.0, 0.0)","(0.0, 0.0)","(0.0, 0.0, 0.0)","(0.0, 0.0, 0.0)","(0.0, 0.0, 0.0)","(0.0, 0.0, 0.0)","(0.0, 0.0, 0.0)","(0.0, 0.0, 0.0)",0,0,0,0,0,0,False,0,0,0,0,0,0,0,0,"(0.0, 6.0, 1436.2)","(0.2, 0.0, 0.0, 1.0)"
0,932345.3,0,0,0,0,0,0,0,0,0,"(0.0, 0.0)","(0.0, 0.0)","(0.0, 0.0)","(0.0, 0.0, 0.0)","(0.0, 0.0, 0.0)","(0.0, 0.0, 0.0)","(0.0, 0.0, 0.0)","(0.0, 0.0, 0.0)","(0.0, 0.0, 0.0)",0,0,0,0,0,0,False,0,0,0,0,0,0,0,0,"(0.0, 6.0, 1436.6)","(0.2, 0.0, 0.0, 1.0)"
0,932369,0,0,0,0,0,0,0,0,0,"(0.0, 0.0)","(0.0, 0.0)","(0.0, 0.0)","(0.0, 0.0, 0.0)","(0.0, 0.0, 0.0)","(0.0, 0.0, 0.0)","(0.0, 0.0, 0.0)","(0.0, 0.0, 0.0)","(0.0, 0.0, 0.0)",0,0,0,0,0,0,False,0,0,0,0,0,0,0,0,"(0.0, 6.0, 1437.0)","(0.2, 0.0, 0.0, 1.0)"
0,932389.4,0,0,0,0,0,0,0,0,0,"(0.0, 0.0)","(0.0, 0.0)","(0.0, 0.0)","(0.0, 0.0, 0.0)","(0.0, 0.0, 0.0)","(0.0, 0.0, 0.0)","(0.0, 0.0, 0.0)","(0.0, 0.0, 0.0)","(0.0, 0.0, 0.0)",0,0,0,0,0,0,False,0,0,0,0,0,0,0,0,"(0.0, 6.0, 1437.4)","(0.2, 0.0, 0.0, 1.0)"
0,932412.2,0,0,0,0,0,0,0,0,0,"(0.0, 0.0)","(0.0, 0.0)","(0.0, 0.0)","(0.0, 0.0, 0.0)","(0.0, 0.0, 0.0)","(0.0, 0.0, 0.0)","(0.0, 0.0, 0.0)","(0.0, 0.0, 0.0)","(0.0, 0.0, 0.0)",0,0,0,0,0,0,False,0,0,0,0,0,0,0,0,"(0.0, 6.0, 1437.8)","(0.2, 0.0, 0.0, 1.0)"
0,932434.8,0,0,0,0,0,0,0,0,0,"(0.0, 0.0)","(0.0, 0.0)","(0.0, 0.0)","(0.0, 0.0, 0.0)","(0.0, 0.0, 0.0)","(0.0, 0.0, 0.0)","(0.0, 0.0, 0.0)","(0.0, 0.0, 0.0)","(0.0, 0.0, 0.0)",0,0,0,0,0,0,False,0,0,0,0,0,0,0,0,"(0.0, 6.0, 1438.2)","(0.2, 0.0, 0.0, 1.0)"
0,932455.9,0,0,0,0,0,0,0,0,0,"(0.0, 0.0)","(0.0, 0.0)","(0.0, 0.0)","(0.0, 0.0, 0.0)","(0.0, 0.0, 0.0)","(0.0, 0.0, 0.0)","(0.0, 0.0, 0.0)","(0.0, 0.0, 0.0)","(0.0, 0.0, 0.0)",0,0,0,0,0,0,False,0,0,0,0,0,0,0,0,"(0.0, 6.0, 1438.6)","(0.2, 0.0, 0.0, 1.0)"
0,932479.1,0,0,0,0,0,0,0,0,0,"(0.0, 0.0)","(0.0, 0.0)","(0.0, 0.0)","(0.0, 0.0, 0.0)","(0.0, 0.0, 0.0)","(0.0, 0.0, 0.0)","(0.0, 0.0, 0.0)","(0.0, 0.0, 0.0)","(0.0, 0.0, 0.0)",0,0,0,0,0,0,False,0,0,0,0,0,0,0,0,"(0.0, 6.0, 1439.0)","(0.2, 0.0, 0.0, 1.0)"
0,932501.4,0,0,0,0,0,0,0,0,0,"(0.0, 0.0)","(0.0, 0.0)","(0.0, 0.0)","(0.0, 0.0, 0.0)","(0.0, 0.0, 0.0)","(0.0, 0.0, 0.0)","(0.0, 0.0, 0.0)","(0.0, 0.0, 0.0)","(0.0, 0.0, 0.0)",0,0,0,0,0,0,False,0,0,0,0,0,0,0,0,"(0.0, 6.0, 1439.4)","(0.2, 0.0, 0.0, 1.0)"
0,932522.6,0,0,0,0,0,0,0,0,0,"(0.0, 0.0)","(0.0, 0.0)","(0.0, 0.0)","(0.0, 0.0, 0.0)","(0.0, 0.0, 0.0)","(0.0, 0.0, 0.0)","(0.0, 0.0, 0.0)","(0.0, 0.0, 0.0)","(0.0, 0.0, 0.0)",0,0,0,0,0,0,False,0,0,0,0,0,0,0,0,"(0.0, 6.0, 1439.8)","(0.2, 0.0, 0.0, 1.0)"
0,932545.4,0,0,0,0,0,0,0,0,0,"(0.0, 0.0)","(0.0, 0.0)","(0.0, 0.0)","(0.0, 0.0, 0.0)","(0.0, 0.0, 0.0)","(0.0, 0.0, 0.0)","(0.0, 0.0, 0.0)","(0.0, 0.0, 0.0)","(0.0, 0.0, 0.0)",0,0,0,0,0,0,False,0,0,0,0,0,0,0,0,"(0.0, 6.0, 1440.2)","(0.2, 0.0, 0.0, 1.0)"
0,932568.2,0,0,0,0,0,0,0,0,0,"(0.0, 0.0)","(0.0, 0.0)","(0.0, 0.0)","(0.0, 0.0, 0.0)","(0.0, 0.0, 0.0)","(0.0, 0.0, 0.0)","(0.0, 0.0, 0.0)","(0.0, 0.0, 0.0)","(0.0, 0.0, 0.0)",0,0,0,0,0,0,False,0,0,0,0,0,0,0,0,"(0.0, 6.0, 1440.6)","(0.2, 0.0, 0.0, 1.0)"
0,932589.4,0,0,0,0,0,0,0,0,0,"(0.0, 0.0)","(0.0, 0.0)","(0.0, 0.0)","(0.0, 0.0, 0.0)","(0.0, 0.0, 0.0)","(0.0, 0.0, 0.0)","(0.0, 0.0, 0.0)","(0.0, 0.0, 0.0)","(0.0, 0.0, 0.0)",0,0,0,0,0,0,False,0,0,0,0,0,0,0,0,"(0.0, 6.0, 1441.0)","(0.2, 0.0, 0.0, 1.0)"
0,932614.1,0,0,0,0,0,0,0,0,0,"(0.0, 0.0)","(0.0, 0.0)","(0.0, 0.0)","(0.0, 0.0, 0.0)","(0.0, 0.0, 0.0)","(0.0, 0.0, 0.0)","(0.0, 0.0, 0.0)","(0.0, 0.0, 0.0)","(0.0, 0.0, 0.0)",0,0,0,0,0,0,False,0,0,0,0,0,0,0,0,"(0.0, 6.0, 1441.5)","(0.2, 0.0, 0.0, 1.0)"
0,932636.3,0,0,0,0,0,0,0,0,0,"(0.0, 0.0)","(0.0, 0.0)","(0.0, 0.0)","(0.0, 0.0, 0.0)","(0.0, 0.0, 0.0)","(0.0, 0.0, 0.0)","(0.0, 0.0, 0.0)","(0.0, 0.0, 0.0)","(0.0, 0.0, 0.0)",0,0,0,0,0,0,False,0,0,0,0,0,0,0,0,"(0.0, 6.0, 1441.9)","(0.2, 0.0, 0.0, 1.0)"
0,932656.4,0,0,0,0,0,0,0,0,0,"(0.0, 0.0)","(0.0, 0.0)","(0.0, 0.0)","(0.0, 0.0, 0.0)","(0.0, 0.0, 0.0)","(0.0, 0.0, 0.0)","(0.0, 0.0, 0.0)","(0.0, 0.0, 0.0)","(0.0, 0.0, 0.0)",0,0,0,0,0,0,False,0,0,0,0,0,0,0,0,"(0.0, 6.0, 1442.3)","(0.2, 0.0, 0.0, 1.0)"
0,932679.9,0,0,0,0,0,0,0,0,0,"(0.0, 0.0)","(0.0, 0.0)","(0.0, 0.0)","(0.0, 0.0, 0.0)","(0.0, 0.0, 0.0)","(0.0, 0.0, 0.0)","(0.0, 0.0, 0.0)","(0.0, 0.0, 0.0)","(0.0, 0.0, 0.0)",0,0,0,0,0,0,False,0,0,0,0,0,0,0,0,"(0.0, 6.0, 1442.7)","(0.2, 0.0, 0.0, 1.0)"
0,932701.4,0,0,0,0,0,0,0,0,0,"(0.0, 0.0)","(0.0, 0.0)","(0.0, 0.0)","(0.0, 0.0, 0.0)","(0.0, 0.0, 0.0)","(0.0, 0.0, 0.0)","(0.0, 0.0, 0.0)","(0.0, 0.0, 0.0)","(0.0, 0.0, 0.0)",0,0,0,0,0,0,False,0,0,0,0,0,0,0,0,"(0.0, 6.0, 1443.1)","(0.2, 0.0, 0.0, 1.0)"
0,932722.1,0,0,0,0,0,0,0,0,0,"(0.0, 0.0)","(0.0, 0.0)","(0.0, 0.0)","(0.0, 0.0, 0.0)","(0.0, 0.0, 0.0)","(0.0, 0.0, 0.0)","(0.0, 0.0, 0.0)","(0.0, 0.0, 0.0)","(0.0, 0.0, 0.0)",0,0,0,0,0,0,False,0,0,0,0,0,0,0,0,"(0.0, 6.0, 1443.5)","(0.2, 0.0, 0.0, 1.0)"
0,932745.4,0,0,0,0,0,0,0,0,0,"(0.0, 0.0)","(0.0, 0.0)","(0.0, 0.0)","(0.0, 0.0, 0.0)","(0.0, 0.0, 0.0)","(0.0, 0.0, 0.0)","(0.0, 0.0, 0.0)","(0.0, 0.0, 0.0)","(0.0, 0.0, 0.0)",0,0,0,0,0,0,False,0,0,0,0,0,0,0,0,"(0.0, 6.0, 1444.0)","(0.2, 0.0, 0.0, 1.0)"
0,932768.1,0,0,0,0,0,0,0,0,0,"(0.0, 0.0)","(0.0, 0.0)","(0.0, 0.0)","(0.0, 0.0, 0.0)","(0.0, 0.0, 0.0)","(0.0, 0.0, 0.0)","(0.0, 0.0, 0.0)","(0.0, 0.0, 0.0)","(0.0, 0.0, 0.0)",0,0,0,0,0,0,False,0,0,0,0,0,0,0,0,"(0.0, 6.0, 1444.4)","(0.2, 0.0, 0.0, 1.0)"
0,932788.8,0,0,0,0,0,0,0,0,0,"(0.0, 0.0)","(0.0, 0.0)","(0.0, 0.0)","(0.0, 0.0, 0.0)","(0.0, 0.0, 0.0)","(0.0, 0.0, 0.0)","(0.0, 0.0, 0.0)","(0.0, 0.0, 0.0)","(0.0, 0.0, 0.0)",0,0,0,0,0,0,False,0,0,0,0,0,0,0,0,"(0.0, 6.0, 1444.8)","(0.2, 0.0, 0.0, 1.0)"
0,932808.3,0,0,0,0,0,0,0,0,0,"(0.0, 0.0)","(0.0, 0.0)","(0.0, 0.0)","(0.0, 0.0, 0.0)","(0.0, 0.0, 0.0)","(0.0, 0.0, 0.0)","(0.0, 0.0, 0.0)","(0.0, 0.0, 0.0)","(0.0, 0.0, 0.0)",0,0,0,0,0,0,False,0,0,0,0,0,0,0,0,"(0.0, 6.0, 1445.2)","(0.2, 0.0, 0.0, 1.0)"
0,932836.1,0,0,0,0,0,0,0,0,0,"(0.0, 0.0)","(0.0, 0.0)","(0.0, 0.0)","(0.0, 0.0, 0.0)","(0.0, 0.0, 0.0)","(0.0, 0.0, 0.0)","(0.0, 0.0, 0.0)","(0.0, 0.0, 0.0)","(0.0, 0.0, 0.0)",0,0,0,0,0,0,False,0,0,0,0,0,0,0,0,"(0.0, 6.0, 1445.6)","(0.2, 0.0, 0.0, 1.0)"
0,932858.7,0,0,0,0,0,0,0,0,0,"(0.0, 0.0)","(0.0, 0.0)","(0.0, 0.0)","(0.0, 0.0, 0.0)","(0.0, 0.0, 0.0)","(0.0, 0.0, 0.0)","(0.0, 0.0, 0.0)","(0.0, 0.0, 0.0)","(0.0, 0.0, 0.0)",0,0,0,0,0,0,False,0,0,0,0,0,0,0,0,"(0.0, 6.0, 1446.1)","(0.2, 0.0, 0.0, 1.0)"
0,932878.3,0,0,0,0,0,0,0,0,0,"(0.0, 0.0)","(0.0, 0.0)","(0.0, 0.0)","(0.0, 0.0, 0.0)","(0.0, 0.0, 0.0)","(0.0, 0.0, 0.0)","(0.0, 0.0, 0.0)","(0.0, 0.0, 0.0)","(0.0, 0.0, 0.0)",0,0,0,0,0,0,False,0,0,0,0,0,0,0,0,"(0.0, 6.0, 1446.5)","(0.2, 0.0, 0.0, 1.0)"
0,932903.6,0,0,0,0,0,0,0,0,0,"(0.0, 0.0)","(0.0, 0.0)","(0.0, 0.0)","(0.0, 0.0, 0.0)","(0.0, 0.0, 0.0)","(0.0, 0.0, 0.0)","(0.0, 0.0, 0.0)","(0.0, 0.0, 0.0)","(0.0, 0.0, 0.0)",0,0,0,0,0,0,False,0,0,0,0,0,0,0,0,"(0.0, 6.0, 1446.9)","(0.2, 0.0, 0.0, 1.0)"
0,932921.9,0,0,0,0,0,0,0,0,0,"(0.0, 0.0)","(0.0, 0.0)","(0.0, 0.0)","(0.0, 0.0, 0.0)","(0.0, 0.0, 0.0)","(0.0, 0.0, 0.0)","(0.0, 0.0, 0.0)","(0.0, 0.0, 0.0)","(0.0, 0.0, 0.0)",0,0,0,0,0,0,False,0,0,0,0,0,0,0,0,"(0.0, 6.0, 1447.3)","(0.2, 0.0, 0.0, 1.0)"
0,932941,0,0,0,0,0,0,0,0,0,"(0.0, 0.0)","(0.0, 0.0)","(0.0, 0.0)","(0.0, 0.0, 0.0)","(0.0, 0.0, 0.0)","(0.0, 0.0, 0.0)","(0.0, 0.0, 0.0)","(0.0, 0.0, 0.0)","(0.0, 0.0, 0.0)",0,0,0,0,0,0,False,0,0,0,0,0,0,0,0,"(0.0, 6.0, 1447.7)","(0.2, 0.0, 0.0, 1.0)"
0,932959.6,0,0,0,0,0,0,0,0,0,"(0.0, 0.0)","(0.0, 0.0)","(0.0, 0.0)","(0.0, 0.0, 0.0)","(0.0, 0.0, 0.0)","(0.0, 0.0, 0.0)","(0.0, 0.0, 0.0)","(0.0, 0.0, 0.0)","(0.0, 0.0, 0.0)",0,0,0,0,0,0,False,0,0,0,0,0,0,0,0,"(0.0, 6.0, 1448.1)","(0.2, 0.0, 0.0, 1.0)"
0,932977.8,0,0,0,0,0,0,0,0,0,"(0.0, 0.0)","(0.0, 0.0)","(0.0, 0.0)","(0.0, 0.0, 0.0)","(0.0, 0.0, 0.0)","(0.0, 0.0, 0.0)","(0.0, 0.0, 0.0)","(0.0, 0.0, 0.0)","(0.0, 0.0, 0.0)",0,0,0,0,0,0,False,0,0,0,0,0,0,0,0,"(0.0, 6.0, 1448.5)","(0.2, 0.0, 0.0, 1.0)"
0,933002.3,0,0,0,0,0,0,0,0,0,"(0.0, 0.0)","(0.0, 0.0)","(0.0, 0.0)","(0.0, 0.0, 0.0)","(0.0, 0.0, 0.0)","(0.0, 0.0, 0.0)","(0.0, 0.0, 0.0)","(0.0, 0.0, 0.0)","(0.0, 0.0, 0.0)",0,0,0,0,0,0,False,0,0,0,0,0,0,0,0,"(0.0, 6.0, 1448.9)","(0.2, 0.0, 0.0, 1.0)"
0,933020.1,0,0,0,0,0,0,0,0,0,"(0.0, 0.0)","(0.0, 0.0)","(0.0, 0.0)","(0.0, 0.0, 0.0)","(0.0, 0.0, 0.0)","(0.0, 0.0, 0.0)","(0.0, 0.0, 0.0)","(0.0, 0.0, 0.0)","(0.0, 0.0, 0.0)",0,0,0,0,0,0,False,0,0,0,0,0,0,0,0,"(0.0, 6.0, 1449.3)","(0.2, 0.0, 0.0, 1.0)"
0,933039.1,0,0,0,0,0,0,0,0,0,"(0.0, 0.0)","(0.0, 0.0)","(0.0, 0.0)","(0.0, 0.0, 0.0)","(0.0, 0.0, 0.0)","(0.0, 0.0, 0.0)","(0.0, 0.0, 0.0)","(0.0, 0.0, 0.0)","(0.0, 0.0, 0.0)",0,0,0,0,0,0,False,0,0,0,0,0,0,0,0,"(0.0, 6.0, 1449.7)","(0.2, 0.0, 0.0, 1.0)"
0,933056.6,0,0,0,0,0,0,0,0,0,"(0.0, 0.0)","(0.0, 0.0)","(0.0, 0.0)","(0.0, 0.0, 0.0)","(0.0, 0.0, 0.0)","(0.0, 0.0, 0.0)","(0.0, 0.0, 0.0)","(0.0, 0.0, 0.0)","(0.0, 0.0, 0.0)",0,0,0,0,0,0,False,0,0,0,0,0,0,0,0,"(0.0, 6.0, 1450.1)","(0.2, 0.0, 0.0, 1.0)"
0,933074.6,0,0,0,0,0,0,0,0,0,"(0.0, 0.0)","(0.0, 0.0)","(0.0, 0.0)","(0.0, 0.0, 0.0)","(0.0, 0.0, 0.0)","(0.0, 0.0, 0.0)","(0.0, 0.0, 0.0)","(0.0, 0.0, 0.0)","(0.0, 0.0, 0.0)",0,0,0,0,0,0,False,0,0,0,0,0,0,0,0,"(0.0, 6.0, 1450.5)","(0.2, 0.0, 0.0, 1.0)"
0,933092.9,0,0,0,0,0,0,0,0,0,"(0.0, 0.0)","(0.0, 0.0)","(0.0, 0.0)","(0.0, 0.0, 0.0)","(0.0, 0.0, 0.0)","(0.0, 0.0, 0.0)","(0.0, 0.0, 0.0)","(0.0, 0.0, 0.0)","(0.0, 0.0, 0.0)",0,0,0,0,0,0,False,0,0,0,0,0,0,0,0,"(0.0, 6.0, 1450.9)","(0.2, 0.0, 0.0, 1.0)"
0,933116.9,0,0,0,0,0,0,0,0,0,"(0.0, 0.0)","(0.0, 0.0)","(0.0, 0.0)","(0.0, 0.0, 0.0)","(0.0, 0.0, 0.0)","(0.0, 0.0, 0.0)","(0.0, 0.0, 0.0)","(0.0, 0.0, 0.0)","(0.0, 0.0, 0.0)",0,0,0,0,0,0,False,0,0,0,0,0,0,0,0,"(0.0, 6.0, 1451.3)","(0.2, 0.0, 0.0, 1.0)"
0,933135.3,0,0,0,0,0,0,0,0,0,"(0.0, 0.0)","(0.0, 0.0)","(0.0, 0.0)","(0.0, 0.0, 0.0)","(0.0, 0.0, 0.0)","(0.0, 0.0, 0.0)","(0.0, 0.0, 0.0)","(0.0, 0.0, 0.0)","(0.0, 0.0, 0.0)",0,0,0,0,0,0,False,0,0,0,0,0,0,0,0,"(0.0, 6.0, 1451.7)","(0.2, 0.0, 0.0, 1.0)"
0,933153.6,0,0,0,0,0,0,0,0,0,"(0.0, 0.0)","(0.0, 0.0)","(0.0, 0.0)","(0.0, 0.0, 0.0)","(0.0, 0.0, 0.0)","(0.0, 0.0, 0.0)","(0.0, 0.0, 0.0)","(0.0, 0.0, 0.0)","(0.0, 0.0, 0.0)",0,0,0,0,0,0,False,0,0,0,0,0,0,0,0,"(0.0, 6.0, 1452.1)","(0.2, 0.0, 0.0, 1.0)"
0,933177.1,0,0,0,0,0,0,0,0,0,"(0.0, 0.0)","(0.0, 0.0)","(0.0, 0.0)","(0.0, 0.0, 0.0)","(0.0, 0.0, 0.0)","(0.0, 0.0, 0.0)","(0.0, 0.0, 0.0)","(0.0, 0.0, 0.0)","(0.0, 0.0, 0.0)",0,0,0,0,0,0,False,0,0,0,0,0,0,0,0,"(0.0, 6.0, 1452.4)","(0.2, 0.0, 0.0, 1.0)"
0,933196.4,0,0,0,0,0,0,0,0,0,"(0.0, 0.0)","(0.0, 0.0)","(0.0, 0.0)","(0.0, 0.0, 0.0)","(0.0, 0.0, 0.0)","(0.0, 0.0, 0.0)","(0.0, 0.0, 0.0)","(0.0, 0.0, 0.0)","(0.0, 0.0, 0.0)",0,0,0,0,0,0,False,0,0,0,0,0,0,0,0,"(0.0, 6.0, 1452.8)","(0.2, 0.0, 0.0, 1.0)"
0,933215.9,0,0,0,0,0,0,0,0,0,"(0.0, 0.0)","(0.0, 0.0)","(0.0, 0.0)","(0.0, 0.0, 0.0)","(0.0, 0.0, 0.0)","(0.0, 0.0, 0.0)","(0.0, 0.0, 0.0)","(0.0, 0.0, 0.0)","(0.0, 0.0, 0.0)",0,0,0,0,0,0,False,0,0,0,0,0,0,0,0,"(0.0, 6.0, 1453.2)","(0.2, 0.0, 0.0, 1.0)"
0,933241.9,0,0,0,0,0,0,0,0,0,"(0.0, 0.0)","(0.0, 0.0)","(0.0, 0.0)","(0.0, 0.0, 0.0)","(0.0, 0.0, 0.0)","(0.0, 0.0, 0.0)","(0.0, 0.0, 0.0)","(0.0, 0.0, 0.0)","(0.0, 0.0, 0.0)",0,0,0,0,0,0,False,0,0,0,0,0,0,0,0,"(0.0, 6.0, 1453.6)","(0.2, 0.0, 0.0, 1.0)"
0,933261.3,0,0,0,0,0,0,0,0,0,"(0.0, 0.0)","(0.0, 0.0)","(0.0, 0.0)","(0.0, 0.0, 0.0)","(0.0, 0.0, 0.0)","(0.0, 0.0, 0.0)","(0.0, 0.0, 0.0)","(0.0, 0.0, 0.0)","(0.0, 0.0, 0.0)",0,0,0,0,0,0,False,0,0,0,0,0,0,0,0,"(0.0, 6.0, 1454.0)","(0.2, 0.0, 0.0, 1.0)"
0,933286.7,0,0,0,0,0,0,0,0,0,"(0.0, 0.0)","(0.0, 0.0)","(0.0, 0.0)","(0.0, 0.0, 0.0)","(0.0, 0.0, 0.0)","(0.0, 0.0, 0.0)","(0.0, 0.0, 0.0)","(0.0, 0.0, 0.0)","(0.0, 0.0, 0.0)",0,0,0,0,0,0,False,0,0,0,0,0,0,0,0,"(0.0, 6.0, 1454.4)","(0.2, 0.0, 0.0, 1.0)"
0,933306.4,0,0,0,0,0,0,0,0,0,"(0.0, 0.0)","(0.0, 0.0)","(0.0, 0.0)","(0.0, 0.0, 0.0)","(0.0, 0.0, 0.0)","(0.0, 0.0, 0.0)","(0.0, 0.0, 0.0)","(0.0, 0.0, 0.0)","(0.0, 0.0, 0.0)",0,0,0,0,0,0,False,0,0,0,0,0,0,0,0,"(0.0, 6.0, 1454.8)","(0.2, 0.0, 0.0, 1.0)"
0,933325.5,0,0,0,0,0,0,0,0,0,"(0.0, 0.0)","(0.0, 0.0)","(0.0, 0.0)","(0.0, 0.0, 0.0)","(0.0, 0.0, 0.0)","(0.0, 0.0, 0.0)","(0.0, 0.0, 0.0)","(0.0, 0.0, 0.0)","(0.0, 0.0, 0.0)",0,0,0,0,0,0,False,0,0,0,0,0,0,0,0,"(0.0, 6.0, 1455.2)","(0.2, 0.0, 0.0, 1.0)"
0,933345.6,0,0,0,0,0,0,0,0,0,"(0.0, 0.0)","(0.0, 0.0)","(0.0, 0.0)","(0.0, 0.0, 0.0)","(0.0, 0.0, 0.0)","(0.0, 0.0, 0.0)","(0.0, 0.0, 0.0)","(0.0, 0.0, 0.0)","(0.0, 0.0, 0.0)",0,0,0,0,0,0,False,0,0,0,0,0,0,0,0,"(0.0, 6.0, 1455.6)","(0.2, 0.0, 0.0, 1.0)"
0,933367.5,0,0,0,0,0,0,0,0,0,"(0.0, 0.0)","(0.0, 0.0)","(0.0, 0.0)","(0.0, 0.0, 0.0)","(0.0, 0.0, 0.0)","(0.0, 0.0, 0.0)","(0.0, 0.0, 0.0)","(0.0, 0.0, 0.0)","(0.0, 0.0, 0.0)",0,0,0,0,0,0,False,0,0,0,0,0,0,0,0,"(0.0, 6.0, 1456.0)","(0.2, 0.0, 0.0, 1.0)"
0,933388.6,0,0,0,0,0,0,0,0,0,"(0.0, 0.0)","(0.0, 0.0)","(0.0, 0.0)","(0.0, 0.0, 0.0)","(0.0, 0.0, 0.0)","(0.0, 0.0, 0.0)","(0.0, 0.0, 0.0)","(0.0, 0.0, 0.0)","(0.0, 0.0, 0.0)",0,0,0,0,0,0,False,0,0,0,0,0,0,0,0,"(0.0, 6.0, 1456.4)","(0.2, 0.0, 0.0, 1.0)"
0,933411.3,0,0,0,0,0,0,0,0,0,"(0.0, 0.0)","(0.0, 0.0)","(0.0, 0.0)","(0.0, 0.0, 0.0)","(0.0, 0.0, 0.0)","(0.0, 0.0, 0.0)","(0.0, 0.0, 0.0)","(0.0, 0.0, 0.0)","(0.0, 0.0, 0.0)",0,0,0,0,0,0,False,0,0,0,0,0,0,0,0,"(0.0, 6.0, 1456.8)","(0.2, 0.0, 0.0, 1.0)"
0,933434.5,0,0,0,0,0,0,0,0,0,"(0.0, 0.0)","(0.0, 0.0)","(0.0, 0.0)","(0.0, 0.0, 0.0)","(0.0, 0.0, 0.0)","(0.0, 0.0, 0.0)","(0.0, 0.0, 0.0)","(0.0, 0.0, 0.0)","(0.0, 0.0, 0.0)",0,0,0,0,0,0,False,0,0,0,0,0,0,0,0,"(0.0, 6.0, 1457.2)","(0.2, 0.0, 0.0, 1.0)"
0,933455.4,0,0,0,0,0,0,0,0,0,"(0.0, 0.0)","(0.0, 0.0)","(0.0, 0.0)","(0.0, 0.0, 0.0)","(0.0, 0.0, 0.0)","(0.0, 0.0, 0.0)","(0.0, 0.0, 0.0)","(0.0, 0.0, 0.0)","(0.0, 0.0, 0.0)",0,0,0,0,0,0,False,0,0,0,0,0,0,0,0,"(0.0, 6.0, 1457.6)","(0.2, 0.0, 0.0, 1.0)"
0,933478.4,0,0,0,0,0,0,0,0,0,"(0.0, 0.0)","(0.0, 0.0)","(0.0, 0.0)","(0.0, 0.0, 0.0)","(0.0, 0.0, 0.0)","(0.0, 0.0, 0.0)","(0.0, 0.0, 0.0)","(0.0, 0.0, 0.0)","(0.0, 0.0, 0.0)",0,0,0,0,0,0,False,0,0,0,0,0,0,0,0,"(0.0, 6.0, 1458.0)","(0.2, 0.0, 0.0, 1.0)"
0,933503.3,0,0,0,0,0,0,0,0,0,"(0.0, 0.0)","(0.0, 0.0)","(0.0, 0.0)","(0.0, 0.0, 0.0)","(0.0, 0.0, 0.0)","(0.0, 0.0, 0.0)","(0.0, 0.0, 0.0)","(0.0, 0.0, 0.0)","(0.0, 0.0, 0.0)",0,0,0,0,0,0,False,0,0,0,0,0,0,0,0,"(0.0, 6.0, 1458.4)","(0.2, 0.0, 0.0, 1.0)"
0,933524.1,0,0,0,0,0,0,0,0,0,"(0.0, 0.0)","(0.0, 0.0)","(0.0, 0.0)","(0.0, 0.0, 0.0)","(0.0, 0.0, 0.0)","(0.0, 0.0, 0.0)","(0.0, 0.0, 0.0)","(0.0, 0.0, 0.0)","(0.0, 0.0, 0.0)",0,0,0,0,0,0,False,0,0,0,0,0,0,0,0,"(0.0, 6.0, 1458.8)","(0.2, 0.0, 0.0, 1.0)"
0,933544.6,0,0,0,0,0,0,0,0,0,"(0.0, 0.0)","(0.0, 0.0)","(0.0, 0.0)","(0.0, 0.0, 0.0)","(0.0, 0.0, 0.0)","(0.0, 0.0, 0.0)","(0.0, 0.0, 0.0)","(0.0, 0.0, 0.0)","(0.0, 0.0, 0.0)",0,0,0,0,0,0,False,0,0,0,0,0,0,0,0,"(0.0, 6.0, 1459.2)","(0.2, 0.0, 0.0, 1.0)"
0,933567.7,0,0,0,0,0,0,0,0,0,"(0.0, 0.0)","(0.0, 0.0)","(0.0, 0.0)","(0.0, 0.0, 0.0)","(0.0, 0.0, 0.0)","(0.0, 0.0, 0.0)","(0.0, 0.0, 0.0)","(0.0, 0.0, 0.0)","(0.0, 0.0, 0.0)",0,0,0,0,0,0,False,0,0,0,0,0,0,0,0,"(0.0, 6.0, 1459.6)","(0.2, 0.0, 0.0, 1.0)"
0,933590.1,0,0,0,0,0,0,0,0,0,"(0.0, 0.0)","(0.0, 0.0)","(0.0, 0.0)","(0.0, 0.0, 0.0)","(0.0, 0.0, 0.0)","(0.0, 0.0, 0.0)","(0.0, 0.0, 0.0)","(0.0, 0.0, 0.0)","(0.0, 0.0, 0.0)",0,0,0,0,0,0,False,0,0,0,0,0,0,0,0,"(0.0, 6.0, 1460.1)","(0.2, 0.0, 0.0, 1.0)"
0,933611.3,0,0,0,0,0,0,0,0,0,"(0.0, 0.0)","(0.0, 0.0)","(0.0, 0.0)","(0.0, 0.0, 0.0)","(0.0, 0.0, 0.0)","(0.0, 0.0, 0.0)","(0.0, 0.0, 0.0)","(0.0, 0.0, 0.0)","(0.0, 0.0, 0.0)",0,0,0,0,0,0,False,0,0,0,0,0,0,0,0,"(0.0, 6.0, 1460.5)","(0.2, 0.0, 0.0, 1.0)"
0,933634.1,0,0,0,0,0,0,0,0,0,"(0.0, 0.0)","(0.0, 0.0)","(0.0, 0.0)","(0.0, 0.0, 0.0)","(0.0, 0.0, 0.0)","(0.0, 0.0, 0.0)","(0.0, 0.0, 0.0)","(0.0, 0.0, 0.0)","(0.0, 0.0, 0.0)",0,0,0,0,0,0,False,0,0,0,0,0,0,0,0,"(0.0, 6.0, 1460.9)","(0.2, 0.0, 0.0, 1.0)"
0,933655.3,0,0,0,0,0,0,0,0,0,"(0.0, 0.0)","(0.0, 0.0)","(0.0, 0.0)","(0.0, 0.0, 0.0)","(0.0, 0.0, 0.0)","(0.0, 0.0, 0.0)","(0.0, 0.0, 0.0)","(0.0, 0.0, 0.0)","(0.0, 0.0, 0.0)",0,0,0,0,0,0,False,0,0,0,0,0,0,0,0,"(0.0, 6.0, 1461.3)","(0.2, 0.0, 0.0, 1.0)"
0,933679.6,0,0,0,0,0,0,0,0,0,"(0.0, 0.0)","(0.0, 0.0)","(0.0, 0.0)","(0.0, 0.0, 0.0)","(0.0, 0.0, 0.0)","(0.0, 0.0, 0.0)","(0.0, 0.0, 0.0)","(0.0, 0.0, 0.0)","(0.0, 0.0, 0.0)",0,0,0,0,0,0,False,0,0,0,0,0,0,0,0,"(0.0, 6.0, 1461.7)","(0.2, 0.0, 0.0, 1.0)"
0,933701.3,0,0,0,0,0,0,0,0,0,"(0.0, 0.0)","(0.0, 0.0)","(0.0, 0.0)","(0.0, 0.0, 0.0)","(0.0, 0.0, 0.0)","(0.0, 0.0, 0.0)","(0.0, 0.0, 0.0)","(0.0, 0.0, 0.0)","(0.0, 0.0, 0.0)",0,0,0,0,0,0,False,0,0,0,0,0,0,0,0,"(0.0, 6.0, 1462.1)","(0.2, 0.0, 0.0, 1.0)"
0,933721.9,0,0,0,0,0,0,0,0,0,"(0.0, 0.0)","(0.0, 0.0)","(0.0, 0.0)","(0.0, 0.0, 0.0)","(0.0, 0.0, 0.0)","(0.0, 0.0, 0.0)","(0.0, 0.0, 0.0)","(0.0, 0.0, 0.0)","(0.0, 0.0, 0.0)",0,0,0,0,0,0,False,0,0,0,0,0,0,0,0,"(0.0, 6.0, 1462.5)","(0.2, 0.0, 0.0, 1.0)"
0,933744.4,0,0,0,0,0,0,0,0,0,"(0.0, 0.0)","(0.0, 0.0)","(0.0, 0.0)","(0.0, 0.0, 0.0)","(0.0, 0.0, 0.0)","(0.0, 0.0, 0.0)","(0.0, 0.0, 0.0)","(0.0, 0.0, 0.0)","(0.0, 0.0, 0.0)",0,0,0,0,0,0,False,0,0,0,0,0,0,0,0,"(0.0, 6.0, 1463.0)","(0.2, 0.0, 0.0, 1.0)"
0,933773.8,0,0,0,0,0,0,0,0,0,"(0.0, 0.0)","(0.0, 0.0)","(0.0, 0.0)","(0.0, 0.0, 0.0)","(0.0, 0.0, 0.0)","(0.0, 0.0, 0.0)","(0.0, 0.0, 0.0)","(0.0, 0.0, 0.0)","(0.0, 0.0, 0.0)",0,0,0,0,0,0,False,0,0,0,0,0,0,0,0,"(0.0, 6.0, 1463.4)","(0.2, 0.0, 0.0, 1.0)"
0,933794.3,0,0,0,0,0,0,0,0,0,"(0.0, 0.0)","(0.0, 0.0)","(0.0, 0.0)","(0.0, 0.0, 0.0)","(0.0, 0.0, 0.0)","(0.0, 0.0, 0.0)","(0.0, 0.0, 0.0)","(0.0, 0.0, 0.0)","(0.0, 0.0, 0.0)",0,0,0,0,0,0,False,0,0,0,0,0,0,0,0,"(0.0, 6.0, 1463.8)","(0.2, 0.0, 0.0, 1.0)"
0,933813.4,0,0,0,0,0,0,0,0,0,"(0.0, 0.0)","(0.0, 0.0)","(0.0, 0.0)","(0.0, 0.0, 0.0)","(0.0, 0.0, 0.0)","(0.0, 0.0, 0.0)","(0.0, 0.0, 0.0)","(0.0, 0.0, 0.0)","(0.0, 0.0, 0.0)",0,0,0,0,0,0,False,0,0,0,0,0,0,0,0,"(0.0, 6.0, 1464.2)","(0.2, 0.0, 0.0, 1.0)"
0,933834.1,0,0,0,0,0,0,0,0,0,"(0.0, 0.0)","(0.0, 0.0)","(0.0, 0.0)","(0.0, 0.0, 0.0)","(0.0, 0.0, 0.0)","(0.0, 0.0, 0.0)","(0.0, 0.0, 0.0)","(0.0, 0.0, 0.0)","(0.0, 0.0, 0.0)",0,0,0,0,0,0,False,0,0,0,0,0,0,0,0,"(0.0, 6.0, 1464.7)","(0.2, 0.0, 0.0, 1.0)"
0,933853.9,0,0,0,0,0,0,0,0,0,"(0.0, 0.0)","(0.0, 0.0)","(0.0, 0.0)","(0.0, 0.0, 0.0)","(0.0, 0.0, 0.0)","(0.0, 0.0, 0.0)","(0.0, 0.0, 0.0)","(0.0, 0.0, 0.0)","(0.0, 0.0, 0.0)",0,0,0,0,0,0,False,0,0,0,0,0,0,0,0,"(0.0, 6.0, 1465.1)","(0.2, 0.0, 0.0, 1.0)"
0,933873.7,0,0,0,0,0,0,0,0,0,"(0.0, 0.0)","(0.0, 0.0)","(0.0, 0.0)","(0.0, 0.0, 0.0)","(0.0, 0.0, 0.0)","(0.0, 0.0, 0.0)","(0.0, 0.0, 0.0)","(0.0, 0.0, 0.0)","(0.0, 0.0, 0.0)",0,0,0,0,0,0,False,0,0,0,0,0,0,0,0,"(0.0, 6.0, 1465.5)","(0.2, 0.0, 0.0, 1.0)"
0,933894.2,0,0,0,0,0,0,0,0,0,"(0.0, 0.0)","(0.0, 0.0)","(0.0, 0.0)","(0.0, 0.0, 0.0)","(0.0, 0.0, 0.0)","(0.0, 0.0, 0.0)","(0.0, 0.0, 0.0)","(0.0, 0.0, 0.0)","(0.0, 0.0, 0.0)",0,0,0,0,0,0,False,0,0,0,0,0,0,0,0,"(0.0, 6.0, 1465.9)","(0.2, 0.0, 0.0, 1.0)"
0,933914.9,0,0,0,0,0,0,0,0,0,"(0.0, 0.0)","(0.0, 0.0)","(0.0, 0.0)","(0.0, 0.0, 0.0)","(0.0, 0.0, 0.0)","(0.0, 0.0, 0.0)","(0.0, 0.0, 0.0)","(0.0, 0.0, 0.0)","(0.0, 0.0, 0.0)",0,0,0,0,0,0,False,0,0,0,0,0,0,0,0,"(0.0, 6.0, 1466.3)","(0.2, 0.0, 0.0, 1.0)"
0,933935.9,0,0,0,0,0,0,0,0,0,"(0.0, 0.0)","(0.0, 0.0)","(0.0, 0.0)","(0.0, 0.0, 0.0)","(0.0, 0.0, 0.0)","(0.0, 0.0, 0.0)","(0.0, 0.0, 0.0)","(0.0, 0.0, 0.0)","(0.0, 0.0, 0.0)",0,0,0,0,0,0,False,0,0,0,0,0,0,0,0,"(0.0, 6.0, 1466.7)","(0.2, 0.0, 0.0, 1.0)"
0,933954.8,0,0,0,0,0,0,0,0,0,"(0.0, 0.0)","(0.0, 0.0)","(0.0, 0.0)","(0.0, 0.0, 0.0)","(0.0, 0.0, 0.0)","(0.0, 0.0, 0.0)","(0.0, 0.0, 0.0)","(0.0, 0.0, 0.0)","(0.0, 0.0, 0.0)",0,0,0,0,0,0,False,0,0,0,0,0,0,0,0,"(0.0, 6.0, 1467.1)","(0.2, 0.0, 0.0, 1.0)"
0,933974.1,0,0,0,0,0,0,0,0,0,"(0.0, 0.0)","(0.0, 0.0)","(0.0, 0.0)","(0.0, 0.0, 0.0)","(0.0, 0.0, 0.0)","(0.0, 0.0, 0.0)","(0.0, 0.0, 0.0)","(0.0, 0.0, 0.0)","(0.0, 0.0, 0.0)",0,0,0,0,0,0,False,0,0,0,0,0,0,0,0,"(0.0, 6.0, 1467.5)","(0.2, 0.0, 0.0, 1.0)"
0,933991.9,0,0,0,0,0,0,0,0,0,"(0.0, 0.0)","(0.0, 0.0)","(0.0, 0.0)","(0.0, 0.0, 0.0)","(0.0, 0.0, 0.0)","(0.0, 0.0, 0.0)","(0.0, 0.0, 0.0)","(0.0, 0.0, 0.0)","(0.0, 0.0, 0.0)",0,0,0,0,0,0,False,0,0,0,0,0,0,0,0,"(0.0, 6.0, 1467.9)","(0.2, 0.0, 0.0, 1.0)"
0,934009.9,0,0,0,0,0,0,0,0,0,"(0.0, 0.0)","(0.0, 0.0)","(0.0, 0.0)","(0.0, 0.0, 0.0)","(0.0, 0.0, 0.0)","(0.0, 0.0, 0.0)","(0.0, 0.0, 0.0)","(0.0, 0.0, 0.0)","(0.0, 0.0, 0.0)",0,0,0,0,0,0,False,0,0,0,0,0,0,0,0,"(0.0, 6.0, 1468.3)","(0.2, 0.0, 0.0, 1.0)"
0,934028.8,0,0,0,0,0,0,0,0,0,"(0.0, 0.0)","(0.0, 0.0)","(0.0, 0.0)","(0.0, 0.0, 0.0)","(0.0, 0.0, 0.0)","(0.0, 0.0, 0.0)","(0.0, 0.0, 0.0)","(0.0, 0.0, 0.0)","(0.0, 0.0, 0.0)",0,0,0,0,0,0,False,0,0,0,0,0,0,0,0,"(0.0, 6.0, 1468.7)","(0.2, 0.0, 0.0, 1.0)"
0,934047.4,0,0,0,0,0,0,0,0,0,"(0.0, 0.0)","(0.0, 0.0)","(0.0, 0.0)","(0.0, 0.0, 0.0)","(0.0, 0.0, 0.0)","(0.0, 0.0, 0.0)","(0.0, 0.0, 0.0)","(0.0, 0.0, 0.0)","(0.0, 0.0, 0.0)",0,0,0,0,0,0,False,0,0,0,0,0,0,0,0,"(0.0, 6.0, 1469.0)","(0.2, 0.0, 0.0, 1.0)"
0,934072.7,0,0,0,0,0,0,0,0,0,"(0.0, 0.0)","(0.0, 0.0)","(0.0, 0.0)","(0.0, 0.0, 0.0)","(0.0, 0.0, 0.0)","(0.0, 0.0, 0.0)","(0.0, 0.0, 0.0)","(0.0, 0.0, 0.0)","(0.0, 0.0, 0.0)",0,0,0,0,0,0,False,0,0,0,0,0,0,0,0,"(0.0, 6.0, 1469.4)","(0.2, 0.0, 0.0, 1.0)"
0,934091.6,0,0,0,0,0,0,0,0,0,"(0.0, 0.0)","(0.0, 0.0)","(0.0, 0.0)","(0.0, 0.0, 0.0)","(0.0, 0.0, 0.0)","(0.0, 0.0, 0.0)","(0.0, 0.0, 0.0)","(0.0, 0.0, 0.0)","(0.0, 0.0, 0.0)",0,0,0,0,0,0,False,0,0,0,0,0,0,0,0,"(0.0, 6.0, 1469.8)","(0.2, 0.0, 0.0, 1.0)"
0,934109.4,0,0,0,0,0,0,0,0,0,"(0.0, 0.0)","(0.0, 0.0)","(0.0, 0.0)","(0.0, 0.0, 0.0)","(0.0, 0.0, 0.0)","(0.0, 0.0, 0.0)","(0.0, 0.0, 0.0)","(0.0, 0.0, 0.0)","(0.0, 0.0, 0.0)",0,0,0,0,0,0,False,0,0,0,0,0,0,0,0,"(0.0, 6.0, 1470.2)","(0.2, 0.0, 0.0, 1.0)"
0,934127.5,0,0,0,0,0,0,0,0,0,"(0.0, 0.0)","(0.0, 0.0)","(0.0, 0.0)","(0.0, 0.0, 0.0)","(0.0, 0.0, 0.0)","(0.0, 0.0, 0.0)","(0.0, 0.0, 0.0)","(0.0, 0.0, 0.0)","(0.0, 0.0, 0.0)",0,0,0,0,0,0,False,0,0,0,0,0,0,0,0,"(0.0, 6.0, 1470.6)","(0.2, 0.0, 0.0, 1.0)"
0,934147.3,0,0,0,0,0,0,0,0,0,"(0.0, 0.0)","(0.0, 0.0)","(0.0, 0.0)","(0.0, 0.0, 0.0)","(0.0, 0.0, 0.0)","(0.0, 0.0, 0.0)","(0.0, 0.0, 0.0)","(0.0, 0.0, 0.0)","(0.0, 0.0, 0.0)",0,0,0,0,0,0,False,0,0,0,0,0,0,0,0,"(0.0, 6.0, 1471.0)","(0.2, 0.0, 0.0, 1.0)"
0,934167.4,0,0,0,0,0,0,0,0,0,"(0.0, 0.0)","(0.0, 0.0)","(0.0, 0.0)","(0.0, 0.0, 0.0)","(0.0, 0.0, 0.0)","(0.0, 0.0, 0.0)","(0.0, 0.0, 0.0)","(0.0, 0.0, 0.0)","(0.0, 0.0, 0.0)",0,0,0,0,0,0,False,0,0,0,0,0,0,0,0,"(0.0, 6.0, 1471.3)","(0.2, 0.0, 0.0, 1.0)"
0,934187.7,0,0,0,0,0,0,0,0,0,"(0.0, 0.0)","(0.0, 0.0)","(0.0, 0.0)","(0.0, 0.0, 0.0)","(0.0, 0.0, 0.0)","(0.0, 0.0, 0.0)","(0.0, 0.0, 0.0)","(0.0, 0.0, 0.0)","(0.0, 0.0, 0.0)",0,0,0,0,0,0,False,0,0,0,0,0,0,0,0,"(0.0, 6.0, 1471.7)","(0.2, 0.0, 0.0, 1.0)"
0,934212.1,0,0,0,0,0,0,0,0,0,"(0.0, 0.0)","(0.0, 0.0)","(0.0, 0.0)","(0.0, 0.0, 0.0)","(0.0, 0.0, 0.0)","(0.0, 0.0, 0.0)","(0.0, 0.0, 0.0)","(0.0, 0.0, 0.0)","(0.0, 0.0, 0.0)",0,0,0,0,0,0,False,0,0,0,0,0,0,0,0,"(0.0, 6.0, 1472.1)","(0.2, 0.0, 0.0, 1.0)"
0,934232.4,0,0,0,0,0,0,0,0,0,"(0.0, 0.0)","(0.0, 0.0)","(0.0, 0.0)","(0.0, 0.0, 0.0)","(0.0, 0.0, 0.0)","(0.0, 0.0, 0.0)","(0.0, 0.0, 0.0)","(0.0, 0.0, 0.0)","(0.0, 0.0, 0.0)",0,0,0,0,0,0,False,0,0,0,0,0,0,0,0,"(0.0, 6.0, 1472.5)","(0.2, 0.0, 0.0, 1.0)"
0,934254.8,0,0,0,0,0,0,0,0,0,"(0.0, 0.0)","(0.0, 0.0)","(0.0, 0.0)","(0.0, 0.0, 0.0)","(0.0, 0.0, 0.0)","(0.0, 0.0, 0.0)","(0.0, 0.0, 0.0)","(0.0, 0.0, 0.0)","(0.0, 0.0, 0.0)",0,0,0,0,0,0,False,0,0,0,0,0,0,0,0,"(0.0, 6.0, 1472.9)","(0.2, 0.0, 0.0, 1.0)"
0,934278.1,0,0,0,0,0,0,0,0,0,"(0.0, 0.0)","(0.0, 0.0)","(0.0, 0.0)","(0.0, 0.0, 0.0)","(0.0, 0.0, 0.0)","(0.0, 0.0, 0.0)","(0.0, 0.0, 0.0)","(0.0, 0.0, 0.0)","(0.0, 0.0, 0.0)",0,0,0,0,0,0,False,0,0,0,0,0,0,0,0,"(0.0, 6.0, 1473.3)","(0.2, 0.0, 0.0, 1.0)"
0,934304.3,0,0,0,0,0,0,0,0,0,"(0.0, 0.0)","(0.0, 0.0)","(0.0, 0.0)","(0.0, 0.0, 0.0)","(0.0, 0.0, 0.0)","(0.0, 0.0, 0.0)","(0.0, 0.0, 0.0)","(0.0, 0.0, 0.0)","(0.0, 0.0, 0.0)",0,0,0,0,0,0,False,0,0,0,0,0,0,0,0,"(0.0, 6.0, 1473.7)","(0.2, 0.0, 0.0, 1.0)"
0,934323.1,0,0,0,0,0,0,0,0,0,"(0.0, 0.0)","(0.0, 0.0)","(0.0, 0.0)","(0.0, 0.0, 0.0)","(0.0, 0.0, 0.0)","(0.0, 0.0, 0.0)","(0.0, 0.0, 0.0)","(0.0, 0.0, 0.0)","(0.0, 0.0, 0.0)",0,0,0,0,0,0,False,0,0,0,0,0,0,0,0,"(0.0, 6.0, 1474.1)","(0.2, 0.0, 0.0, 1.0)"
0,934344.3,0,0,0,0,0,0,0,0,0,"(0.0, 0.0)","(0.0, 0.0)","(0.0, 0.0)","(0.0, 0.0, 0.0)","(0.0, 0.0, 0.0)","(0.0, 0.0, 0.0)","(0.0, 0.0, 0.0)","(0.0, 0.0, 0.0)","(0.0, 0.0, 0.0)",0,0,0,0,0,0,False,0,0,0,0,0,0,0,0,"(0.0, 6.0, 1474.5)","(0.2, 0.0, 0.0, 1.0)"
0,934367,0,0,0,0,0,0,0,0,0,"(0.0, 0.0)","(0.0, 0.0)","(0.0, 0.0)","(0.0, 0.0, 0.0)","(0.0, 0.0, 0.0)","(0.0, 0.0, 0.0)","(0.0, 0.0, 0.0)","(0.0, 0.0, 0.0)","(0.0, 0.0, 0.0)",0,0,0,0,0,0,False,0,0,0,0,0,0,0,0,"(0.0, 6.0, 1474.9)","(0.2, 0.0, 0.0, 1.0)"
0,934388.5,0,0,0,0,0,0,0,0,0,"(0.0, 0.0)","(0.0, 0.0)","(0.0, 0.0)","(0.0, 0.0, 0.0)","(0.0, 0.0, 0.0)","(0.0, 0.0, 0.0)","(0.0, 0.0, 0.0)","(0.0, 0.0, 0.0)","(0.0, 0.0, 0.0)",0,0,0,0,0,0,False,0,0,0,0,0,0,0,0,"(0.0, 6.0, 1475.3)","(0.2, 0.0, 0.0, 1.0)"
0,934410.7,0,0,0,0,0,0,0,0,0,"(0.0, 0.0)","(0.0, 0.0)","(0.0, 0.0)","(0.0, 0.0, 0.0)","(0.0, 0.0, 0.0)","(0.0, 0.0, 0.0)","(0.0, 0.0, 0.0)","(0.0, 0.0, 0.0)","(0.0, 0.0, 0.0)",0,0,0,0,0,0,False,0,0,0,0,0,0,0,0,"(0.0, 6.0, 1475.7)","(0.2, 0.0, 0.0, 1.0)"
0,934434.5,0,0,0,0,0,0,0,0,0,"(0.0, 0.0)","(0.0, 0.0)","(0.0, 0.0)","(0.0, 0.0, 0.0)","(0.0, 0.0, 0.0)","(0.0, 0.0, 0.0)","(0.0, 0.0, 0.0)","(0.0, 0.0, 0.0)","(0.0, 0.0, 0.0)",0,0,0,0,0,0,False,0,0,0,0,0,0,0,0,"(0.0, 6.0, 1476.1)","(0.2, 0.0, 0.0, 1.0)"
0,934455.1,0,0,0,0,0,0,0,0,0,"(0.0, 0.0)","(0.0, 0.0)","(0.0, 0.0)","(0.0, 0.0, 0.0)","(0.0, 0.0, 0.0)","(0.0, 0.0, 0.0)","(0.0, 0.0, 0.0)","(0.0, 0.0, 0.0)","(0.0, 0.0, 0.0)",0,0,0,0,0,0,False,0,0,0,0,0,0,0,0,"(0.0, 6.0, 1476.5)","(0.2, 0.0, 0.0, 1.0)"
0,934479.6,0,0,0,0,0,0,0,0,0,"(0.0, 0.0)","(0.0, 0.0)","(0.0, 0.0)","(0.0, 0.0, 0.0)","(0.0, 0.0, 0.0)","(0.0, 0.0, 0.0)","(0.0, 0.0, 0.0)","(0.0, 0.0, 0.0)","(0.0, 0.0, 0.0)",0,0,0,0,0,0,False,0,0,0,0,0,0,0,0,"(0.0, 6.0, 1476.9)","(0.2, 0.0, 0.0, 1.0)"
0,934501.3,0,0,0,0,0,0,0,0,0,"(0.0, 0.0)","(0.0, 0.0)","(0.0, 0.0)","(0.0, 0.0, 0.0)","(0.0, 0.0, 0.0)","(0.0, 0.0, 0.0)","(0.0, 0.0, 0.0)","(0.0, 0.0, 0.0)","(0.0, 0.0, 0.0)",0,0,0,0,0,0,False,0,0,0,0,0,0,0,0,"(0.0, 6.0, 1477.4)","(0.2, 0.0, 0.0, 1.0)"
0,934521.7,0,0,0,0,0,0,0,0,0,"(0.0, 0.0)","(0.0, 0.0)","(0.0, 0.0)","(0.0, 0.0, 0.0)","(0.0, 0.0, 0.0)","(0.0, 0.0, 0.0)","(0.0, 0.0, 0.0)","(0.0, 0.0, 0.0)","(0.0, 0.0, 0.0)",0,0,0,0,0,0,False,0,0,0,0,0,0,0,0,"(0.0, 6.0, 1477.8)","(0.2, 0.0, 0.0, 1.0)"
0,934544.9,0,0,0,0,0,0,0,0,0,"(0.0, 0.0)","(0.0, 0.0)","(0.0, 0.0)","(0.0, 0.0, 0.0)","(0.0, 0.0, 0.0)","(0.0, 0.0, 0.0)","(0.0, 0.0, 0.0)","(0.0, 0.0, 0.0)","(0.0, 0.0, 0.0)",0,0,0,0,0,0,False,0,0,0,0,0,0,0,0,"(0.0, 6.0, 1478.2)","(0.2, 0.0, 0.0, 1.0)"
0,934567.1,0,0,0,0,0,0,0,0,0,"(0.0, 0.0)","(0.0, 0.0)","(0.0, 0.0)","(0.0, 0.0, 0.0)","(0.0, 0.0, 0.0)","(0.0, 0.0, 0.0)","(0.0, 0.0, 0.0)","(0.0, 0.0, 0.0)","(0.0, 0.0, 0.0)",0,0,0,0,0,0,False,0,0,0,0,0,0,0,0,"(0.0, 6.0, 1478.6)","(0.2, 0.0, 0.0, 1.0)"
0,934588.4,0,0,0,0,0,0,0,0,0,"(0.0, 0.0)","(0.0, 0.0)","(0.0, 0.0)","(0.0, 0.0, 0.0)","(0.0, 0.0, 0.0)","(0.0, 0.0, 0.0)","(0.0, 0.0, 0.0)","(0.0, 0.0, 0.0)","(0.0, 0.0, 0.0)",0,0,0,0,0,0,False,0,0,0,0,0,0,0,0,"(0.0, 6.0, 1479.0)","(0.2, 0.0, 0.0, 1.0)"
0,934610.4,0,0,0,0,0,0,0,0,0,"(0.0, 0.0)","(0.0, 0.0)","(0.0, 0.0)","(0.0, 0.0, 0.0)","(0.0, 0.0, 0.0)","(0.0, 0.0, 0.0)","(0.0, 0.0, 0.0)","(0.0, 0.0, 0.0)","(0.0, 0.0, 0.0)",0,0,0,0,0,0,False,0,0,0,0,0,0,0,0,"(0.0, 6.0, 1479.4)","(0.2, 0.0, 0.0, 1.0)"
0,934638.3,0,0,0,0,0,0,0,0,0,"(0.0, 0.0)","(0.0, 0.0)","(0.0, 0.0)","(0.0, 0.0, 0.0)","(0.0, 0.0, 0.0)","(0.0, 0.0, 0.0)","(0.0, 0.0, 0.0)","(0.0, 0.0, 0.0)","(0.0, 0.0, 0.0)",0,0,0,0,0,0,False,0,0,0,0,0,0,0,0,"(0.0, 6.0, 1479.9)","(0.2, 0.0, 0.0, 1.0)"
0,934668.3,0,0,0,0,0,0,0,0,0,"(0.0, 0.0)","(0.0, 0.0)","(0.0, 0.0)","(0.0, 0.0, 0.0)","(0.0, 0.0, 0.0)","(0.0, 0.0, 0.0)","(0.0, 0.0, 0.0)","(0.0, 0.0, 0.0)","(0.0, 0.0, 0.0)",0,0,0,0,0,0,False,0,0,0,0,0,0,0,0,"(0.0, 6.0, 1480.3)","(0.2, 0.0, 0.0, 1.0)"
0,934687.6,0,0,0,0,0,0,0,0,0,"(0.0, 0.0)","(0.0, 0.0)","(0.0, 0.0)","(0.0, 0.0, 0.0)","(0.0, 0.0, 0.0)","(0.0, 0.0, 0.0)","(0.0, 0.0, 0.0)","(0.0, 0.0, 0.0)","(0.0, 0.0, 0.0)",0,0,0,0,0,0,False,0,0,0,0,0,0,0,0,"(0.0, 6.0, 1480.7)","(0.2, 0.0, 0.0, 1.0)"
0,934706.2,0,0,0,0,0,0,0,0,0,"(0.0, 0.0)","(0.0, 0.0)","(0.0, 0.0)","(0.0, 0.0, 0.0)","(0.0, 0.0, 0.0)","(0.0, 0.0, 0.0)","(0.0, 0.0, 0.0)","(0.0, 0.0, 0.0)","(0.0, 0.0, 0.0)",0,0,0,0,0,0,False,0,0,0,0,0,0,0,0,"(0.0, 6.0, 1481.2)","(0.2, 0.0, 0.0, 1.0)"
0,934727.1,0,0,0,0,0,0,0,0,0,"(0.0, 0.0)","(0.0, 0.0)","(0.0, 0.0)","(0.0, 0.0, 0.0)","(0.0, 0.0, 0.0)","(0.0, 0.0, 0.0)","(0.0, 0.0, 0.0)","(0.0, 0.0, 0.0)","(0.0, 0.0, 0.0)",0,0,0,0,0,0,False,0,0,0,0,0,0,0,0,"(0.0, 6.0, 1481.6)","(0.2, 0.0, 0.0, 1.0)"
0,934747.6,0,0,0,0,0,0,0,0,0,"(0.0, 0.0)","(0.0, 0.0)","(0.0, 0.0)","(0.0, 0.0, 0.0)","(0.0, 0.0, 0.0)","(0.0, 0.0, 0.0)","(0.0, 0.0, 0.0)","(0.0, 0.0, 0.0)","(0.0, 0.0, 0.0)",0,0,0,0,0,0,False,0,0,0,0,0,0,0,0,"(0.0, 6.0, 1482.0)","(0.2, 0.0, 0.0, 1.0)"
0,934768.3,0,0,0,0,0,0,0,0,0,"(0.0, 0.0)","(0.0, 0.0)","(0.0, 0.0)","(0.0, 0.0, 0.0)","(0.0, 0.0, 0.0)","(0.0, 0.0, 0.0)","(0.0, 0.0, 0.0)","(0.0, 0.0, 0.0)","(0.0, 0.0, 0.0)",0,0,0,0,0,0,False,0,0,0,0,0,0,0,0,"(0.0, 6.0, 1482.4)","(0.2, 0.0, 0.0, 1.0)"
0,934792.5,0,0,0,0,0,0,0,0,0,"(0.0, 0.0)","(0.0, 0.0)","(0.0, 0.0)","(0.0, 0.0, 0.0)","(0.0, 0.0, 0.0)","(0.0, 0.0, 0.0)","(0.0, 0.0, 0.0)","(0.0, 0.0, 0.0)","(0.0, 0.0, 0.0)",0,0,0,0,0,0,False,0,0,0,0,0,0,0,0,"(0.0, 6.0, 1482.8)","(0.2, 0.0, 0.0, 1.0)"
0,934817.3,0,0,0,0,0,0,0,0,0,"(0.0, 0.0)","(0.0, 0.0)","(0.0, 0.0)","(0.0, 0.0, 0.0)","(0.0, 0.0, 0.0)","(0.0, 0.0, 0.0)","(0.0, 0.0, 0.0)","(0.0, 0.0, 0.0)","(0.0, 0.0, 0.0)",0,0,0,0,0,0,False,0,0,0,0,0,0,0,0,"(0.0, 6.0, 1483.3)","(0.2, 0.0, 0.0, 1.0)"
0,934837.5,0,0,0,0,0,0,0,0,0,"(0.0, 0.0)","(0.0, 0.0)","(0.0, 0.0)","(0.0, 0.0, 0.0)","(0.0, 0.0, 0.0)","(0.0, 0.0, 0.0)","(0.0, 0.0, 0.0)","(0.0, 0.0, 0.0)","(0.0, 0.0, 0.0)",0,0,0,0,0,0,False,0,0,0,0,0,0,0,0,"(0.0, 6.0, 1483.7)","(0.2, 0.0, 0.0, 1.0)"
0,934857.6,0,0,0,0,0,0,0,0,0,"(0.0, 0.0)","(0.0, 0.0)","(0.0, 0.0)","(0.0, 0.0, 0.0)","(0.0, 0.0, 0.0)","(0.0, 0.0, 0.0)","(0.0, 0.0, 0.0)","(0.0, 0.0, 0.0)","(0.0, 0.0, 0.0)",0,0,0,0,0,0,False,0,0,0,0,0,0,0,0,"(0.0, 6.0, 1484.1)","(0.2, 0.0, 0.0, 1.0)"
0,934877.3,0,0,0,0,0,0,0,0,0,"(0.0, 0.0)","(0.0, 0.0)","(0.0, 0.0)","(0.0, 0.0, 0.0)","(0.0, 0.0, 0.0)","(0.0, 0.0, 0.0)","(0.0, 0.0, 0.0)","(0.0, 0.0, 0.0)","(0.0, 0.0, 0.0)",0,0,0,0,0,0,False,0,0,0,0,0,0,0,0,"(0.0, 6.0, 1484.5)","(0.2, 0.0, 0.0, 1.0)"
0,934898.9,0,0,0,0,0,0,0,0,0,"(0.0, 0.0)","(0.0, 0.0)","(0.0, 0.0)","(0.0, 0.0, 0.0)","(0.0, 0.0, 0.0)","(0.0, 0.0, 0.0)","(0.0, 0.0, 0.0)","(0.0, 0.0, 0.0)","(0.0, 0.0, 0.0)",0,0,0,0,0,0,False,0,0,0,0,0,0,0,0,"(0.0, 6.0, 1484.9)","(0.2, 0.0, 0.0, 1.0)"
0,934920.4,0,0,0,0,0,0,0,0,0,"(0.0, 0.0)","(0.0, 0.0)","(0.0, 0.0)","(0.0, 0.0, 0.0)","(0.0, 0.0, 0.0)","(0.0, 0.0, 0.0)","(0.0, 0.0, 0.0)","(0.0, 0.0, 0.0)","(0.0, 0.0, 0.0)",0,0,0,0,0,0,False,0,0,0,0,0,0,0,0,"(0.0, 6.0, 1485.3)","(0.2, 0.0, 0.0, 1.0)"
0,934938.6,0,0,0,0,0,0,0,0,0,"(0.0, 0.0)","(0.0, 0.0)","(0.0, 0.0)","(0.0, 0.0, 0.0)","(0.0, 0.0, 0.0)","(0.0, 0.0, 0.0)","(0.0, 0.0, 0.0)","(0.0, 0.0, 0.0)","(0.0, 0.0, 0.0)",0,0,0,0,0,0,False,0,0,0,0,0,0,0,0,"(0.0, 6.0, 1485.7)","(0.2, 0.0, 0.0, 1.0)"
0,934958.6,0,0,0,0,0,0,0,0,0,"(0.0, 0.0)","(0.0, 0.0)","(0.0, 0.0)","(0.0, 0.0, 0.0)","(0.0, 0.0, 0.0)","(0.0, 0.0, 0.0)","(0.0, 0.0, 0.0)","(0.0, 0.0, 0.0)","(0.0, 0.0, 0.0)",0,0,0,0,0,0,False,0,0,0,0,0,0,0,0,"(0.0, 6.0, 1486.1)","(0.2, 0.0, 0.0, 1.0)"
0,934976.4,0,0,0,0,0,0,0,0,0,"(0.0, 0.0)","(0.0, 0.0)","(0.0, 0.0)","(0.0, 0.0, 0.0)","(0.0, 0.0, 0.0)","(0.0, 0.0, 0.0)","(0.0, 0.0, 0.0)","(0.0, 0.0, 0.0)","(0.0, 0.0, 0.0)",0,0,0,0,0,0,False,0,0,0,0,0,0,0,0,"(0.0, 6.0, 1486.5)","(0.2, 0.0, 0.0, 1.0)"
0,934996.8,0,0,0,0,0,0,0,0,0,"(0.0, 0.0)","(0.0, 0.0)","(0.0, 0.0)","(0.0, 0.0, 0.0)","(0.0, 0.0, 0.0)","(0.0, 0.0, 0.0)","(0.0, 0.0, 0.0)","(0.0, 0.0, 0.0)","(0.0, 0.0, 0.0)",0,0,0,0,0,0,False,0,0,0,0,0,0,0,0,"(0.0, 6.0, 1486.9)","(0.2, 0.0, 0.0, 1.0)"
0,935016.7,0,0,0,0,0,0,0,0,0,"(0.0, 0.0)","(0.0, 0.0)","(0.0, 0.0)","(0.0, 0.0, 0.0)","(0.0, 0.0, 0.0)","(0.0, 0.0, 0.0)","(0.0, 0.0, 0.0)","(0.0, 0.0, 0.0)","(0.0, 0.0, 0.0)",0,0,0,0,0,0,False,0,0,0,0,0,0,0,0,"(0.0, 6.0, 1487.3)","(0.2, 0.0, 0.0, 1.0)"
0,935036.6,0,0,0,0,0,0,0,0,0,"(0.0, 0.0)","(0.0, 0.0)","(0.0, 0.0)","(0.0, 0.0, 0.0)","(0.0, 0.0, 0.0)","(0.0, 0.0, 0.0)","(0.0, 0.0, 0.0)","(0.0, 0.0, 0.0)","(0.0, 0.0, 0.0)",0,0,0,0,0,0,False,0,0,0,0,0,0,0,0,"(0.0, 6.0, 1487.7)","(0.2, 0.0, 0.0, 1.0)"
0,935056.3,0,0,0,0,0,0,0,0,0,"(0.0, 0.0)","(0.0, 0.0)","(0.0, 0.0)","(0.0, 0.0, 0.0)","(0.0, 0.0, 0.0)","(0.0, 0.0, 0.0)","(0.0, 0.0, 0.0)","(0.0, 0.0, 0.0)","(0.0, 0.0, 0.0)",0,0,0,0,0,0,False,0,0,0,0,0,0,0,0,"(0.0, 6.0, 1488.1)","(0.2, 0.0, 0.0, 1.0)"
0,935074.2,0,0,0,0,0,0,0,0,0,"(0.0, 0.0)","(0.0, 0.0)","(0.0, 0.0)","(0.0, 0.0, 0.0)","(0.0, 0.0, 0.0)","(0.0, 0.0, 0.0)","(0.0, 0.0, 0.0)","(0.0, 0.0, 0.0)","(0.0, 0.0, 0.0)",0,0,0,0,0,0,False,0,0,0,0,0,0,0,0,"(0.0, 6.0, 1488.5)","(0.2, 0.0, 0.0, 1.0)"
0,935092.8,0,0,0,0,0,0,0,0,0,"(0.0, 0.0)","(0.0, 0.0)","(0.0, 0.0)","(0.0, 0.0, 0.0)","(0.0, 0.0, 0.0)","(0.0, 0.0, 0.0)","(0.0, 0.0, 0.0)","(0.0, 0.0, 0.0)","(0.0, 0.0, 0.0)",0,0,0,0,0,0,False,0,0,0,0,0,0,0,0,"(0.0, 6.0, 1488.9)","(0.2, 0.0, 0.0, 1.0)"
0,935113.1,0,0,0,0,0,0,0,0,0,"(0.0, 0.0)","(0.0, 0.0)","(0.0, 0.0)","(0.0, 0.0, 0.0)","(0.0, 0.0, 0.0)","(0.0, 0.0, 0.0)","(0.0, 0.0, 0.0)","(0.0, 0.0, 0.0)","(0.0, 0.0, 0.0)",0,0,0,0,0,0,False,0,0,0,0,0,0,0,0,"(0.0, 6.0, 1489.3)","(0.2, 0.0, 0.0, 1.0)"
0,935133.8,0,0,0,0,0,0,0,0,0,"(0.0, 0.0)","(0.0, 0.0)","(0.0, 0.0)","(0.0, 0.0, 0.0)","(0.0, 0.0, 0.0)","(0.0, 0.0, 0.0)","(0.0, 0.0, 0.0)","(0.0, 0.0, 0.0)","(0.0, 0.0, 0.0)",0,0,0,0,0,0,False,0,0,0,0,0,0,0,0,"(0.0, 6.0, 1489.7)","(0.2, 0.0, 0.0, 1.0)"
0,935152.8,0,0,0,0,0,0,0,0,0,"(0.0, 0.0)","(0.0, 0.0)","(0.0, 0.0)","(0.0, 0.0, 0.0)","(0.0, 0.0, 0.0)","(0.0, 0.0, 0.0)","(0.0, 0.0, 0.0)","(0.0, 0.0, 0.0)","(0.0, 0.0, 0.0)",0,0,0,0,0,0,False,0,0,0,0,0,0,0,0,"(0.0, 6.0, 1490.0)","(0.2, 0.0, 0.0, 1.0)"
0,935171.3,0,0,0,0,0,0,0,0,0,"(0.0, 0.0)","(0.0, 0.0)","(0.0, 0.0)","(0.0, 0.0, 0.0)","(0.0, 0.0, 0.0)","(0.0, 0.0, 0.0)","(0.0, 0.0, 0.0)","(0.0, 0.0, 0.0)","(0.0, 0.0, 0.0)",0,0,0,0,0,0,False,0,0,0,0,0,0,0,0,"(0.0, 6.0, 1490.4)","(0.2, 0.0, 0.0, 1.0)"
0,935189.9,0,0,0,0,0,0,0,0,0,"(0.0, 0.0)","(0.0, 0.0)","(0.0, 0.0)","(0.0, 0.0, 0.0)","(0.0, 0.0, 0.0)","(0.0, 0.0, 0.0)","(0.0, 0.0, 0.0)","(0.0, 0.0, 0.0)","(0.0, 0.0, 0.0)",0,0,0,0,0,0,False,0,0,0,0,0,0,0,0,"(0.0, 6.0, 1490.8)","(0.2, 0.0, 0.0, 1.0)"
0,935208.1,0,0,0,0,0,0,0,0,0,"(0.0, 0.0)","(0.0, 0.0)","(0.0, 0.0)","(0.0, 0.0, 0.0)","(0.0, 0.0, 0.0)","(0.0, 0.0, 0.0)","(0.0, 0.0, 0.0)","(0.0, 0.0, 0.0)","(0.0, 0.0, 0.0)",0,0,0,0,0,0,False,0,0,0,0,0,0,0,0,"(0.0, 6.0, 1491.2)","(0.2, 0.0, 0.0, 1.0)"
0,935231.2,0,0,0,0,0,0,0,0,0,"(0.0, 0.0)","(0.0, 0.0)","(0.0, 0.0)","(0.0, 0.0, 0.0)","(0.0, 0.0, 0.0)","(0.0, 0.0, 0.0)","(0.0, 0.0, 0.0)","(0.0, 0.0, 0.0)","(0.0, 0.0, 0.0)",0,0,0,0,0,0,False,0,0,0,0,0,0,0,0,"(0.0, 6.0, 1491.5)","(0.2, 0.0, 0.0, 1.0)"
0,935249.7,0,0,0,0,0,0,0,0,0,"(0.0, 0.0)","(0.0, 0.0)","(0.0, 0.0)","(0.0, 0.0, 0.0)","(0.0, 0.0, 0.0)","(0.0, 0.0, 0.0)","(0.0, 0.0, 0.0)","(0.0, 0.0, 0.0)","(0.0, 0.0, 0.0)",0,0,0,0,0,0,False,0,0,0,0,0,0,0,0,"(0.0, 6.0, 1491.9)","(0.2, 0.0, 0.0, 1.0)"
0,935270.9,0,0,0,0,0,0,0,0,0,"(0.0, 0.0)","(0.0, 0.0)","(0.0, 0.0)","(0.0, 0.0, 0.0)","(0.0, 0.0, 0.0)","(0.0, 0.0, 0.0)","(0.0, 0.0, 0.0)","(0.0, 0.0, 0.0)","(0.0, 0.0, 0.0)",0,0,0,0,0,0,False,0,0,0,0,0,0,0,0,"(0.0, 6.0, 1492.3)","(0.2, 0.0, 0.0, 1.0)"
0,935289.6,0,0,0,0,0,0,0,0,0,"(0.0, 0.0)","(0.0, 0.0)","(0.0, 0.0)","(0.0, 0.0, 0.0)","(0.0, 0.0, 0.0)","(0.0, 0.0, 0.0)","(0.0, 0.0, 0.0)","(0.0, 0.0, 0.0)","(0.0, 0.0, 0.0)",0,0,0,0,0,0,False,0,0,0,0,0,0,0,0,"(0.0, 6.0, 1492.7)","(0.2, 0.0, 0.0, 1.0)"
0,935310.2,0,0,0,0,0,0,0,0,0,"(0.0, 0.0)","(0.0, 0.0)","(0.0, 0.0)","(0.0, 0.0, 0.0)","(0.0, 0.0, 0.0)","(0.0, 0.0, 0.0)","(0.0, 0.0, 0.0)","(0.0, 0.0, 0.0)","(0.0, 0.0, 0.0)",0,0,0,0,0,0,False,0,0,0,0,0,0,0,0,"(0.0, 6.0, 1493.1)","(0.2, 0.0, 0.0, 1.0)"
0,935333,0,0,0,0,0,0,0,0,0,"(0.0, 0.0)","(0.0, 0.0)","(0.0, 0.0)","(0.0, 0.0, 0.0)","(0.0, 0.0, 0.0)","(0.0, 0.0, 0.0)","(0.0, 0.0, 0.0)","(0.0, 0.0, 0.0)","(0.0, 0.0, 0.0)",0,0,0,0,0,0,False,0,0,0,0,0,0,0,0,"(0.0, 6.0, 1493.4)","(0.2, 0.0, 0.0, 1.0)"
0,935354.1,0,0,0,0,0,0,0,0,0,"(0.0, 0.0)","(0.0, 0.0)","(0.0, 0.0)","(0.0, 0.0, 0.0)","(0.0, 0.0, 0.0)","(0.0, 0.0, 0.0)","(0.0, 0.0, 0.0)","(0.0, 0.0, 0.0)","(0.0, 0.0, 0.0)",0,0,0,0,0,0,False,0,0,0,0,0,0,0,0,"(0.0, 6.0, 1493.8)","(0.2, 0.0, 0.0, 1.0)"
0,935376.7,0,0,0,0,0,0,0,0,0,"(0.0, 0.0)","(0.0, 0.0)","(0.0, 0.0)","(0.0, 0.0, 0.0)","(0.0, 0.0, 0.0)","(0.0, 0.0, 0.0)","(0.0, 0.0, 0.0)","(0.0, 0.0, 0.0)","(0.0, 0.0, 0.0)",0,0,0,0,0,0,False,0,0,0,0,0,0,0,0,"(0.0, 6.0, 1494.2)","(0.2, 0.0, 0.0, 1.0)"
0,935401.4,0,0,0,0,0,0,0,0,0,"(0.0, 0.0)","(0.0, 0.0)","(0.0, 0.0)","(0.0, 0.0, 0.0)","(0.0, 0.0, 0.0)","(0.0, 0.0, 0.0)","(0.0, 0.0, 0.0)","(0.0, 0.0, 0.0)","(0.0, 0.0, 0.0)",0,0,0,0,0,0,False,0,0,0,0,0,0,0,0,"(0.0, 6.0, 1494.6)","(0.2, 0.0, 0.0, 1.0)"
0,935420.7,0,0,0,0,0,0,0,0,0,"(0.0, 0.0)","(0.0, 0.0)","(0.0, 0.0)","(0.0, 0.0, 0.0)","(0.0, 0.0, 0.0)","(0.0, 0.0, 0.0)","(0.0, 0.0, 0.0)","(0.0, 0.0, 0.0)","(0.0, 0.0, 0.0)",0,0,0,0,0,0,False,0,0,0,0,0,0,0,0,"(0.0, 6.0, 1495.0)","(0.2, 0.0, 0.0, 1.0)"
0,935443.3,0,0,0,0,0,0,0,0,0,"(0.0, 0.0)","(0.0, 0.0)","(0.0, 0.0)","(0.0, 0.0, 0.0)","(0.0, 0.0, 0.0)","(0.0, 0.0, 0.0)","(0.0, 0.0, 0.0)","(0.0, 0.0, 0.0)","(0.0, 0.0, 0.0)",0,0,0,0,0,0,False,0,0,0,0,0,0,0,0,"(0.0, 6.0, 1495.4)","(0.2, 0.0, 0.0, 1.0)"
0,935466.3,0,0,0,0,0,0,0,0,0,"(0.0, 0.0)","(0.0, 0.0)","(0.0, 0.0)","(0.0, 0.0, 0.0)","(0.0, 0.0, 0.0)","(0.0, 0.0, 0.0)","(0.0, 0.0, 0.0)","(0.0, 0.0, 0.0)","(0.0, 0.0, 0.0)",0,0,0,0,0,0,False,0,0,0,0,0,0,0,0,"(0.0, 6.0, 1495.8)","(0.2, 0.0, 0.0, 1.0)"
0,935487.9,0,0,0,0,0,0,0,0,0,"(0.0, 0.0)","(0.0, 0.0)","(0.0, 0.0)","(0.0, 0.0, 0.0)","(0.0, 0.0, 0.0)","(0.0, 0.0, 0.0)","(0.0, 0.0, 0.0)","(0.0, 0.0, 0.0)","(0.0, 0.0, 0.0)",0,0,0,0,0,0,False,0,0,0,0,0,0,0,0,"(0.0, 6.0, 1496.2)","(0.2, 0.0, 0.0, 1.0)"
0,935510.2,0,0,0,0,0,0,0,0,0,"(0.0, 0.0)","(0.0, 0.0)","(0.0, 0.0)","(0.0, 0.0, 0.0)","(0.0, 0.0, 0.0)","(0.0, 0.0, 0.0)","(0.0, 0.0, 0.0)","(0.0, 0.0, 0.0)","(0.0, 0.0, 0.0)",0,0,0,0,0,0,False,0,0,0,0,0,0,0,0,"(0.0, 6.0, 1496.6)","(0.2, 0.0, 0.0, 1.0)"
0,935539.3,0,0,0,0,0,0,0,0,0,"(0.0, 0.0)","(0.0, 0.0)","(0.0, 0.0)","(0.0, 0.0, 0.0)","(0.0, 0.0, 0.0)","(0.0, 0.0, 0.0)","(0.0, 0.0, 0.0)","(0.0, 0.0, 0.0)","(0.0, 0.0, 0.0)",0,0,0,0,0,0,False,0,0,0,0,0,0,0,0,"(0.0, 6.0, 1497.0)","(0.2, 0.0, 0.0, 1.0)"
0,935558.6,0,0,0,0,0,0,0,0,0,"(0.0, 0.0)","(0.0, 0.0)","(0.0, 0.0)","(0.0, 0.0, 0.0)","(0.0, 0.0, 0.0)","(0.0, 0.0, 0.0)","(0.0, 0.0, 0.0)","(0.0, 0.0, 0.0)","(0.0, 0.0, 0.0)",0,0,0,0,0,0,False,0,0,0,0,0,0,0,0,"(0.0, 6.0, 1497.4)","(0.2, 0.0, 0.0, 1.0)"
0,935577.2,0,0,0,0,0,0,0,0,0,"(0.0, 0.0)","(0.0, 0.0)","(0.0, 0.0)","(0.0, 0.0, 0.0)","(0.0, 0.0, 0.0)","(0.0, 0.0, 0.0)","(0.0, 0.0, 0.0)","(0.0, 0.0, 0.0)","(0.0, 0.0, 0.0)",0,0,0,0,0,0,False,0,0,0,0,0,0,0,0,"(0.0, 6.0, 1497.9)","(0.2, 0.0, 0.0, 1.0)"
0,935599.5,0,0,0,0,0,0,0,0,0,"(0.0, 0.0)","(0.0, 0.0)","(0.0, 0.0)","(0.0, 0.0, 0.0)","(0.0, 0.0, 0.0)","(0.0, 0.0, 0.0)","(0.0, 0.0, 0.0)","(0.0, 0.0, 0.0)","(0.0, 0.0, 0.0)",0,0,0,0,0,0,False,0,0,0,0,0,0,0,0,"(0.0, 6.0, 1498.3)","(0.2, 0.0, 0.0, 1.0)"
0,935621.1,0,0,0,0,0,0,0,0,0,"(0.0, 0.0)","(0.0, 0.0)","(0.0, 0.0)","(0.0, 0.0, 0.0)","(0.0, 0.0, 0.0)","(0.0, 0.0, 0.0)","(0.0, 0.0, 0.0)","(0.0, 0.0, 0.0)","(0.0, 0.0, 0.0)",0,0,0,0,0,0,False,0,0,0,0,0,0,0,0,"(0.0, 6.0, 1498.7)","(0.2, 0.0, 0.0, 1.0)"
0,935643.8,0,0,0,0,0,0,0,0,0,"(0.0, 0.0)","(0.0, 0.0)","(0.0, 0.0)","(0.0, 0.0, 0.0)","(0.0, 0.0, 0.0)","(0.0, 0.0, 0.0)","(0.0, 0.0, 0.0)","(0.0, 0.0, 0.0)","(0.0, 0.0, 0.0)",0,0,0,0,0,0,False,0,0,0,0,0,0,0,0,"(0.0, 6.0, 1499.1)","(0.2, 0.0, 0.0, 1.0)"
0,935666.7,0,0,0,0,0,0,0,0,0,"(0.0, 0.0)","(0.0, 0.0)","(0.0, 0.0)","(0.0, 0.0, 0.0)","(0.0, 0.0, 0.0)","(0.0, 0.0, 0.0)","(0.0, 0.0, 0.0)","(0.0, 0.0, 0.0)","(0.0, 0.0, 0.0)",0,0,0,0,0,0,False,0,0,0,0,0,0,0,0,"(0.0, 6.0, 1499.5)","(0.2, 0.0, 0.0, 1.0)"
0,935690.9,0,0,0,0,0,0,0,0,0,"(0.0, 0.0)","(0.0, 0.0)","(0.0, 0.0)","(0.0, 0.0, 0.0)","(0.0, 0.0, 0.0)","(0.0, 0.0, 0.0)","(0.0, 0.0, 0.0)","(0.0, 0.0, 0.0)","(0.0, 0.0, 0.0)",0,0,0,0,0,0,False,0,0,0,0,0,0,0,0,"(0.0, 6.0, 1499.9)","(0.2, 0.0, 0.0, 1.0)"
0,935710.1,0,0,0,0,0,0,0,0,0,"(0.0, 0.0)","(0.0, 0.0)","(0.0, 0.0)","(0.0, 0.0, 0.0)","(0.0, 0.0, 0.0)","(0.0, 0.0, 0.0)","(0.0, 0.0, 0.0)","(0.0, 0.0, 0.0)","(0.0, 0.0, 0.0)",0,0,0,0,0,0,False,0,0,0,0,0,0,0,0,"(0.0, 6.0, 1500.3)","(0.2, 0.0, 0.0, 1.0)"
0,935729.6,0,0,0,0,0,0,0,0,0,"(0.0, 0.0)","(0.0, 0.0)","(0.0, 0.0)","(0.0, 0.0, 0.0)","(0.0, 0.0, 0.0)","(0.0, 0.0, 0.0)","(0.0, 0.0, 0.0)","(0.0, 0.0, 0.0)","(0.0, 0.0, 0.0)",0,0,0,0,0,0,False,0,0,0,0,0,0,0,0,"(0.0, 6.0, 1500.7)","(0.2, 0.0, 0.0, 1.0)"
0,935750.1,0,0,0,0,0,0,0,0,0,"(0.0, 0.0)","(0.0, 0.0)","(0.0, 0.0)","(0.0, 0.0, 0.0)","(0.0, 0.0, 0.0)","(0.0, 0.0, 0.0)","(0.0, 0.0, 0.0)","(0.0, 0.0, 0.0)","(0.0, 0.0, 0.0)",0,0,0,0,0,0,False,0,0,0,0,0,0,0,0,"(0.0, 6.0, 1501.1)","(0.2, 0.0, 0.0, 1.0)"
0,935769,0,0,0,0,0,0,0,0,0,"(0.0, 0.0)","(0.0, 0.0)","(0.0, 0.0)","(0.0, 0.0, 0.0)","(0.0, 0.0, 0.0)","(0.0, 0.0, 0.0)","(0.0, 0.0, 0.0)","(0.0, 0.0, 0.0)","(0.0, 0.0, 0.0)",0,0,0,0,0,0,False,0,0,0,0,0,0,0,0,"(0.0, 6.0, 1501.6)","(0.2, 0.0, 0.0, 1.0)"
0,935787.9,0,0,0,0,0,0,0,0,0,"(0.0, 0.0)","(0.0, 0.0)","(0.0, 0.0)","(0.0, 0.0, 0.0)","(0.0, 0.0, 0.0)","(0.0, 0.0, 0.0)","(0.0, 0.0, 0.0)","(0.0, 0.0, 0.0)","(0.0, 0.0, 0.0)",0,0,0,0,0,0,False,0,0,0,0,0,0,0,0,"(0.0, 6.0, 1502.0)","(0.2, 0.0, 0.0, 1.0)"
0,935806.9,0,0,0,0,0,0,0,0,0,"(0.0, 0.0)","(0.0, 0.0)","(0.0, 0.0)","(0.0, 0.0, 0.0)","(0.0, 0.0, 0.0)","(0.0, 0.0, 0.0)","(0.0, 0.0, 0.0)","(0.0, 0.0, 0.0)","(0.0, 0.0, 0.0)",0,0,0,0,0,0,False,0,0,0,0,0,0,0,0,"(0.0, 6.0, 1502.3)","(0.2, 0.0, 0.0, 1.0)"
0,935825.7,0,0,0,0,0,0,0,0,0,"(0.0, 0.0)","(0.0, 0.0)","(0.0, 0.0)","(0.0, 0.0, 0.0)","(0.0, 0.0, 0.0)","(0.0, 0.0, 0.0)","(0.0, 0.0, 0.0)","(0.0, 0.0, 0.0)","(0.0, 0.0, 0.0)",0,0,0,0,0,0,False,0,0,0,0,0,0,0,0,"(0.0, 6.0, 1502.7)","(0.2, 0.0, 0.0, 1.0)"
0,935844.9,0,0,0,0,0,0,0,0,0,"(0.0, 0.0)","(0.0, 0.0)","(0.0, 0.0)","(0.0, 0.0, 0.0)","(0.0, 0.0, 0.0)","(0.0, 0.0, 0.0)","(0.0, 0.0, 0.0)","(0.0, 0.0, 0.0)","(0.0, 0.0, 0.0)",0,0,0,0,0,0,False,0,0,0,0,0,0,0,0,"(0.0, 6.0, 1503.1)","(0.2, 0.0, 0.0, 1.0)"
0,935871.3,0,0,0,0,0,0,0,0,0,"(0.0, 0.0)","(0.0, 0.0)","(0.0, 0.0)","(0.0, 0.0, 0.0)","(0.0, 0.0, 0.0)","(0.0, 0.0, 0.0)","(0.0, 0.0, 0.0)","(0.0, 0.0, 0.0)","(0.0, 0.0, 0.0)",0,0,0,0,0,0,False,0,0,0,0,0,0,0,0,"(0.0, 6.0, 1503.5)","(0.2, 0.0, 0.0, 1.0)"
0,935890.9,0,0,0,0,0,0,0,0,0,"(0.0, 0.0)","(0.0, 0.0)","(0.0, 0.0)","(0.0, 0.0, 0.0)","(0.0, 0.0, 0.0)","(0.0, 0.0, 0.0)","(0.0, 0.0, 0.0)","(0.0, 0.0, 0.0)","(0.0, 0.0, 0.0)",0,0,0,0,0,0,False,0,0,0,0,0,0,0,0,"(0.0, 6.0, 1503.9)","(0.2, 0.0, 0.0, 1.0)"
0,935908.7,0,0,0,0,0,0,0,0,0,"(0.0, 0.0)","(0.0, 0.0)","(0.0, 0.0)","(0.0, 0.0, 0.0)","(0.0, 0.0, 0.0)","(0.0, 0.0, 0.0)","(0.0, 0.0, 0.0)","(0.0, 0.0, 0.0)","(0.0, 0.0, 0.0)",0,0,0,0,0,0,False,0,0,0,0,0,0,0,0,"(0.0, 6.0, 1504.3)","(0.2, 0.0, 0.0, 1.0)"
0,935927.4,0,0,0,0,0,0,0,0,0,"(0.0, 0.0)","(0.0, 0.0)","(0.0, 0.0)","(0.0, 0.0, 0.0)","(0.0, 0.0, 0.0)","(0.0, 0.0, 0.0)","(0.0, 0.0, 0.0)","(0.0, 0.0, 0.0)","(0.0, 0.0, 0.0)",0,0,0,0,0,0,False,0,0,0,0,0,0,0,0,"(0.0, 6.0, 1504.7)","(0.2, 0.0, 0.0, 1.0)"
0,935947.3,0,0,0,0,0,0,0,0,0,"(0.0, 0.0)","(0.0, 0.0)","(0.0, 0.0)","(0.0, 0.0, 0.0)","(0.0, 0.0, 0.0)","(0.0, 0.0, 0.0)","(0.0, 0.0, 0.0)","(0.0, 0.0, 0.0)","(0.0, 0.0, 0.0)",0,0,0,0,0,0,False,0,0,0,0,0,0,0,0,"(0.0, 6.0, 1505.1)","(0.2, 0.0, 0.0, 1.0)"
0,935967.3,0,0,0,0,0,0,0,0,0,"(0.0, 0.0)","(0.0, 0.0)","(0.0, 0.0)","(0.0, 0.0, 0.0)","(0.0, 0.0, 0.0)","(0.0, 0.0, 0.0)","(0.0, 0.0, 0.0)","(0.0, 0.0, 0.0)","(0.0, 0.0, 0.0)",0,0,0,0,0,0,False,0,0,0,0,0,0,0,0,"(0.0, 6.0, 1505.5)","(0.2, 0.0, 0.0, 1.0)"
0,935986.3,0,0,0,0,0,0,0,0,0,"(0.0, 0.0)","(0.0, 0.0)","(0.0, 0.0)","(0.0, 0.0, 0.0)","(0.0, 0.0, 0.0)","(0.0, 0.0, 0.0)","(0.0, 0.0, 0.0)","(0.0, 0.0, 0.0)","(0.0, 0.0, 0.0)",0,0,0,0,0,0,False,0,0,0,0,0,0,0,0,"(0.0, 6.0, 1505.9)","(0.2, 0.0, 0.0, 1.0)"
0,936008.6,0,0,0,0,0,0,0,0,0,"(0.0, 0.0)","(0.0, 0.0)","(0.0, 0.0)","(0.0, 0.0, 0.0)","(0.0, 0.0, 0.0)","(0.0, 0.0, 0.0)","(0.0, 0.0, 0.0)","(0.0, 0.0, 0.0)","(0.0, 0.0, 0.0)",0,0,0,0,0,0,False,0,0,0,0,0,0,0,0,"(0.0, 6.0, 1506.2)","(0.2, 0.0, 0.0, 1.0)"
0,936026.7,0,0,0,0,0,0,0,0,0,"(0.0, 0.0)","(0.0, 0.0)","(0.0, 0.0)","(0.0, 0.0, 0.0)","(0.0, 0.0, 0.0)","(0.0, 0.0, 0.0)","(0.0, 0.0, 0.0)","(0.0, 0.0, 0.0)","(0.0, 0.0, 0.0)",0,0,0,0,0,0,False,0,0,0,0,0,0,0,0,"(0.0, 6.0, 1506.6)","(0.2, 0.0, 0.0, 1.0)"
0,936049.9,0,0,0,0,0,0,0,0,0,"(0.0, 0.0)","(0.0, 0.0)","(0.0, 0.0)","(0.0, 0.0, 0.0)","(0.0, 0.0, 0.0)","(0.0, 0.0, 0.0)","(0.0, 0.0, 0.0)","(0.0, 0.0, 0.0)","(0.0, 0.0, 0.0)",0,0,0,0,0,0,False,0,0,0,0,0,0,0,0,"(0.0, 6.0, 1507.0)","(0.2, 0.0, 0.0, 1.0)"
0,936068.6,0,0,0,0,0,0,0,0,0,"(0.0, 0.0)","(0.0, 0.0)","(0.0, 0.0)","(0.0, 0.0, 0.0)","(0.0, 0.0, 0.0)","(0.0, 0.0, 0.0)","(0.0, 0.0, 0.0)","(0.0, 0.0, 0.0)","(0.0, 0.0, 0.0)",0,0,0,0,0,0,False,0,0,0,0,0,0,0,0,"(0.0, 6.0, 1507.4)","(0.2, 0.0, 0.0, 1.0)"
0,936087.3,0,0,0,0,0,0,0,0,0,"(0.0, 0.0)","(0.0, 0.0)","(0.0, 0.0)","(0.0, 0.0, 0.0)","(0.0, 0.0, 0.0)","(0.0, 0.0, 0.0)","(0.0, 0.0, 0.0)","(0.0, 0.0, 0.0)","(0.0, 0.0, 0.0)",0,0,0,0,0,0,False,0,0,0,0,0,0,0,0,"(0.0, 6.0, 1507.8)","(0.2, 0.0, 0.0, 1.0)"
0,936105.5,0,0,0,0,0,0,0,0,0,"(0.0, 0.0)","(0.0, 0.0)","(0.0, 0.0)","(0.0, 0.0, 0.0)","(0.0, 0.0, 0.0)","(0.0, 0.0, 0.0)","(0.0, 0.0, 0.0)","(0.0, 0.0, 0.0)","(0.0, 0.0, 0.0)",0,0,0,0,0,0,False,0,0,0,0,0,0,0,0,"(0.0, 6.0, 1508.2)","(0.2, 0.0, 0.0, 1.0)"
0,936124.8,0,0,0,0,0,0,0,0,0,"(0.0, 0.0)","(0.0, 0.0)","(0.0, 0.0)","(0.0, 0.0, 0.0)","(0.0, 0.0, 0.0)","(0.0, 0.0, 0.0)","(0.0, 0.0, 0.0)","(0.0, 0.0, 0.0)","(0.0, 0.0, 0.0)",0,0,0,0,0,0,False,0,0,0,0,0,0,0,0,"(0.0, 6.0, 1508.5)","(0.2, 0.0, 0.0, 1.0)"
0,936149.4,0,0,0,0,0,0,0,0,0,"(0.0, 0.0)","(0.0, 0.0)","(0.0, 0.0)","(0.0, 0.0, 0.0)","(0.0, 0.0, 0.0)","(0.0, 0.0, 0.0)","(0.0, 0.0, 0.0)","(0.0, 0.0, 0.0)","(0.0, 0.0, 0.0)",0,0,0,0,0,0,False,0,0,0,0,0,0,0,0,"(0.0, 6.0, 1508.9)","(0.2, 0.0, 0.0, 1.0)"
0,936169.6,0,0,0,0,0,0,0,0,0,"(0.0, 0.0)","(0.0, 0.0)","(0.0, 0.0)","(0.0, 0.0, 0.0)","(0.0, 0.0, 0.0)","(0.0, 0.0, 0.0)","(0.0, 0.0, 0.0)","(0.0, 0.0, 0.0)","(0.0, 0.0, 0.0)",0,0,0,0,0,0,False,0,0,0,0,0,0,0,0,"(0.0, 6.0, 1509.3)","(0.2, 0.0, 0.0, 1.0)"
0,936188.5,0,0,0,0,0,0,0,0,0,"(0.0, 0.0)","(0.0, 0.0)","(0.0, 0.0)","(0.0, 0.0, 0.0)","(0.0, 0.0, 0.0)","(0.0, 0.0, 0.0)","(0.0, 0.0, 0.0)","(0.0, 0.0, 0.0)","(0.0, 0.0, 0.0)",0,0,0,0,0,0,False,0,0,0,0,0,0,0,0,"(0.0, 6.0, 1509.7)","(0.2, 0.0, 0.0, 1.0)"
0,936206.4,0,0,0,0,0,0,0,0,0,"(0.0, 0.0)","(0.0, 0.0)","(0.0, 0.0)","(0.0, 0.0, 0.0)","(0.0, 0.0, 0.0)","(0.0, 0.0, 0.0)","(0.0, 0.0, 0.0)","(0.0, 0.0, 0.0)","(0.0, 0.0, 0.0)",0,0,0,0,0,0,False,0,0,0,0,0,0,0,0,"(0.0, 6.0, 1510.1)","(0.2, 0.0, 0.0, 1.0)"
0,936226.2,0,0,0,0,0,0,0,0,0,"(0.0, 0.0)","(0.0, 0.0)","(0.0, 0.0)","(0.0, 0.0, 0.0)","(0.0, 0.0, 0.0)","(0.0, 0.0, 0.0)","(0.0, 0.0, 0.0)","(0.0, 0.0, 0.0)","(0.0, 0.0, 0.0)",0,0,0,0,0,0,False,0,0,0,0,0,0,0,0,"(0.0, 6.0, 1510.5)","(0.2, 0.0, 0.0, 1.0)"
0,936246.4,0,0,0,0,0,0,0,0,0,"(0.0, 0.0)","(0.0, 0.0)","(0.0, 0.0)","(0.0, 0.0, 0.0)","(0.0, 0.0, 0.0)","(0.0, 0.0, 0.0)","(0.0, 0.0, 0.0)","(0.0, 0.0, 0.0)","(0.0, 0.0, 0.0)",0,0,0,0,0,0,False,0,0,0,0,0,0,0,0,"(0.0, 6.0, 1510.8)","(0.2, 0.0, 0.0, 1.0)"
0,936266.3,0,0,0,0,0,0,0,0,0,"(0.0, 0.0)","(0.0, 0.0)","(0.0, 0.0)","(0.0, 0.0, 0.0)","(0.0, 0.0, 0.0)","(0.0, 0.0, 0.0)","(0.0, 0.0, 0.0)","(0.0, 0.0, 0.0)","(0.0, 0.0, 0.0)",0,0,0,0,0,0,False,0,0,0,0,0,0,0,0,"(0.0, 6.0, 1511.2)","(0.2, 0.0, 0.0, 1.0)"
0,936287.2,0,0,0,0,0,0,0,0,0,"(0.0, 0.0)","(0.0, 0.0)","(0.0, 0.0)","(0.0, 0.0, 0.0)","(0.0, 0.0, 0.0)","(0.0, 0.0, 0.0)","(0.0, 0.0, 0.0)","(0.0, 0.0, 0.0)","(0.0, 0.0, 0.0)",0,0,0,0,0,0,False,0,0,0,0,0,0,0,0,"(0.0, 6.0, 1511.6)","(0.2, 0.0, 0.0, 1.0)"
0,936312.2,0,0,0,0,0,0,0,0,0,"(0.0, 0.0)","(0.0, 0.0)","(0.0, 0.0)","(0.0, 0.0, 0.0)","(0.0, 0.0, 0.0)","(0.0, 0.0, 0.0)","(0.0, 0.0, 0.0)","(0.0, 0.0, 0.0)","(0.0, 0.0, 0.0)",0,0,0,0,0,0,False,0,0,0,0,0,0,0,0,"(0.0, 6.0, 1512.0)","(0.2, 0.0, 0.0, 1.0)"
0,936332.8,0,0,0,0,0,0,0,0,0,"(0.0, 0.0)","(0.0, 0.0)","(0.0, 0.0)","(0.0, 0.0, 0.0)","(0.0, 0.0, 0.0)","(0.0, 0.0, 0.0)","(0.0, 0.0, 0.0)","(0.0, 0.0, 0.0)","(0.0, 0.0, 0.0)",0,0,0,0,0,0,False,0,0,0,0,0,0,0,0,"(0.0, 6.0, 1512.4)","(0.2, 0.0, 0.0, 1.0)"
0,936353.8,0,0,0,0,0,0,0,0,0,"(0.0, 0.0)","(0.0, 0.0)","(0.0, 0.0)","(0.0, 0.0, 0.0)","(0.0, 0.0, 0.0)","(0.0, 0.0, 0.0)","(0.0, 0.0, 0.0)","(0.0, 0.0, 0.0)","(0.0, 0.0, 0.0)",0,0,0,0,0,0,False,0,0,0,0,0,0,0,0,"(0.0, 6.0, 1512.8)","(0.2, 0.0, 0.0, 1.0)"
0,936376.2,0,0,0,0,0,0,0,0,0,"(0.0, 0.0)","(0.0, 0.0)","(0.0, 0.0)","(0.0, 0.0, 0.0)","(0.0, 0.0, 0.0)","(0.0, 0.0, 0.0)","(0.0, 0.0, 0.0)","(0.0, 0.0, 0.0)","(0.0, 0.0, 0.0)",0,0,0,0,0,0,False,0,0,0,0,0,0,0,0,"(0.0, 6.0, 1513.2)","(0.2, 0.0, 0.0, 1.0)"
0,936399.8,0,0,0,0,0,0,0,0,0,"(0.0, 0.0)","(0.0, 0.0)","(0.0, 0.0)","(0.0, 0.0, 0.0)","(0.0, 0.0, 0.0)","(0.0, 0.0, 0.0)","(0.0, 0.0, 0.0)","(0.0, 0.0, 0.0)","(0.0, 0.0, 0.0)",0,0,0,0,0,0,False,0,0,0,0,0,0,0,0,"(0.0, 6.0, 1513.6)","(0.2, 0.0, 0.0, 1.0)"
0,936422.9,0,0,0,0,0,0,0,0,0,"(0.0, 0.0)","(0.0, 0.0)","(0.0, 0.0)","(0.0, 0.0, 0.0)","(0.0, 0.0, 0.0)","(0.0, 0.0, 0.0)","(0.0, 0.0, 0.0)","(0.0, 0.0, 0.0)","(0.0, 0.0, 0.0)",0,0,0,0,0,0,False,0,0,0,0,0,0,0,0,"(0.0, 6.0, 1514.0)","(0.2, 0.0, 0.0, 1.0)"
0,936443.6,0,0,0,0,0,0,0,0,0,"(0.0, 0.0)","(0.0, 0.0)","(0.0, 0.0)","(0.0, 0.0, 0.0)","(0.0, 0.0, 0.0)","(0.0, 0.0, 0.0)","(0.0, 0.0, 0.0)","(0.0, 0.0, 0.0)","(0.0, 0.0, 0.0)",0,0,0,0,0,0,False,0,0,0,0,0,0,0,0,"(0.0, 6.0, 1514.4)","(0.2, 0.0, 0.0, 1.0)"
0,936468.4,0,0,0,0,0,0,0,0,0,"(0.0, 0.0)","(0.0, 0.0)","(0.0, 0.0)","(0.0, 0.0, 0.0)","(0.0, 0.0, 0.0)","(0.0, 0.0, 0.0)","(0.0, 0.0, 0.0)","(0.0, 0.0, 0.0)","(0.0, 0.0, 0.0)",0,0,0,0,0,0,False,0,0,0,0,0,0,0,0,"(0.0, 6.0, 1514.8)","(0.2, 0.0, 0.0, 1.0)"
0,936489,0,0,0,0,0,0,0,0,0,"(0.0, 0.0)","(0.0, 0.0)","(0.0, 0.0)","(0.0, 0.0, 0.0)","(0.0, 0.0, 0.0)","(0.0, 0.0, 0.0)","(0.0, 0.0, 0.0)","(0.0, 0.0, 0.0)","(0.0, 0.0, 0.0)",0,0,0,0,0,0,False,0,0,0,0,0,0,0,0,"(0.0, 6.0, 1515.2)","(0.2, 0.0, 0.0, 1.0)"
0,936509.6,0,0,0,0,0,0,0,0,0,"(0.0, 0.0)","(0.0, 0.0)","(0.0, 0.0)","(0.0, 0.0, 0.0)","(0.0, 0.0, 0.0)","(0.0, 0.0, 0.0)","(0.0, 0.0, 0.0)","(0.0, 0.0, 0.0)","(0.0, 0.0, 0.0)",0,0,0,0,0,0,False,0,0,0,0,0,0,0,0,"(0.0, 6.0, 1515.6)","(0.2, 0.0, 0.0, 1.0)"
0,936532.6,0,0,0,0,0,0,0,0,0,"(0.0, 0.0)","(0.0, 0.0)","(0.0, 0.0)","(0.0, 0.0, 0.0)","(0.0, 0.0, 0.0)","(0.0, 0.0, 0.0)","(0.0, 0.0, 0.0)","(0.0, 0.0, 0.0)","(0.0, 0.0, 0.0)",0,0,0,0,0,0,False,0,0,0,0,0,0,0,0,"(0.0, 6.0, 1516.0)","(0.2, 0.0, 0.0, 1.0)"
0,936553.9,0,0,0,0,0,0,0,0,0,"(0.0, 0.0)","(0.0, 0.0)","(0.0, 0.0)","(0.0, 0.0, 0.0)","(0.0, 0.0, 0.0)","(0.0, 0.0, 0.0)","(0.0, 0.0, 0.0)","(0.0, 0.0, 0.0)","(0.0, 0.0, 0.0)",0,0,0,0,0,0,False,0,0,0,0,0,0,0,0,"(0.0, 6.0, 1516.4)","(0.2, 0.0, 0.0, 1.0)"
0,936583.6,0,0,0,0,0,0,0,0,0,"(0.0, 0.0)","(0.0, 0.0)","(0.0, 0.0)","(0.0, 0.0, 0.0)","(0.0, 0.0, 0.0)","(0.0, 0.0, 0.0)","(0.0, 0.0, 0.0)","(0.0, 0.0, 0.0)","(0.0, 0.0, 0.0)",0,0,0,0,0,0,False,0,0,0,0,0,0,0,0,"(0.0, 6.0, 1516.8)","(0.2, 0.0, 0.0, 1.0)"
0,936603.8,0,0,0,0,0,0,0,0,0,"(0.0, 0.0)","(0.0, 0.0)","(0.0, 0.0)","(0.0, 0.0, 0.0)","(0.0, 0.0, 0.0)","(0.0, 0.0, 0.0)","(0.0, 0.0, 0.0)","(0.0, 0.0, 0.0)","(0.0, 0.0, 0.0)",0,0,0,0,0,0,False,0,0,0,0,0,0,0,0,"(0.0, 6.0, 1517.3)","(0.2, 0.0, 0.0, 1.0)"
0,936629.6,0,0,0,0,0,0,0,0,0,"(0.0, 0.0)","(0.0, 0.0)","(0.0, 0.0)","(0.0, 0.0, 0.0)","(0.0, 0.0, 0.0)","(0.0, 0.0, 0.0)","(0.0, 0.0, 0.0)","(0.0, 0.0, 0.0)","(0.0, 0.0, 0.0)",0,0,0,0,0,0,False,0,0,0,0,0,0,0,0,"(0.0, 6.0, 1517.7)","(0.2, 0.0, 0.0, 1.0)"
0,936649.4,0,0,0,0,0,0,0,0,0,"(0.0, 0.0)","(0.0, 0.0)","(0.0, 0.0)","(0.0, 0.0, 0.0)","(0.0, 0.0, 0.0)","(0.0, 0.0, 0.0)","(0.0, 0.0, 0.0)","(0.0, 0.0, 0.0)","(0.0, 0.0, 0.0)",0,0,0,0,0,0,False,0,0,0,0,0,0,0,0,"(0.0, 6.0, 1518.1)","(0.2, 0.0, 0.0, 1.0)"
0,936669.7,0,0,0,0,0,0,0,0,0,"(0.0, 0.0)","(0.0, 0.0)","(0.0, 0.0)","(0.0, 0.0, 0.0)","(0.0, 0.0, 0.0)","(0.0, 0.0, 0.0)","(0.0, 0.0, 0.0)","(0.0, 0.0, 0.0)","(0.0, 0.0, 0.0)",0,0,0,0,0,0,False,0,0,0,0,0,0,0,0,"(0.0, 6.0, 1518.5)","(0.2, 0.0, 0.0, 1.0)"
0,936690.1,0,0,0,0,0,0,0,0,0,"(0.0, 0.0)","(0.0, 0.0)","(0.0, 0.0)","(0.0, 0.0, 0.0)","(0.0, 0.0, 0.0)","(0.0, 0.0, 0.0)","(0.0, 0.0, 0.0)","(0.0, 0.0, 0.0)","(0.0, 0.0, 0.0)",0,0,0,0,0,0,False,0,0,0,0,0,0,0,0,"(0.0, 6.0, 1518.9)","(0.2, 0.0, 0.0, 1.0)"
0,936715.8,0,0,0,0,0,0,0,0,0,"(0.0, 0.0)","(0.0, 0.0)","(0.0, 0.0)","(0.0, 0.0, 0.0)","(0.0, 0.0, 0.0)","(0.0, 0.0, 0.0)","(0.0, 0.0, 0.0)","(0.0, 0.0, 0.0)","(0.0, 0.0, 0.0)",0,0,0,0,0,0,False,0,0,0,0,0,0,0,0,"(0.0, 6.0, 1519.4)","(0.2, 0.0, 0.0, 1.0)"
0,936736.3,0,0,0,0,0,0,0,0,0,"(0.0, 0.0)","(0.0, 0.0)","(0.0, 0.0)","(0.0, 0.0, 0.0)","(0.0, 0.0, 0.0)","(0.0, 0.0, 0.0)","(0.0, 0.0, 0.0)","(0.0, 0.0, 0.0)","(0.0, 0.0, 0.0)",0,0,0,0,0,0,False,0,0,0,0,0,0,0,0,"(0.0, 6.0, 1519.8)","(0.2, 0.0, 0.0, 1.0)"
0,936754.1,0,0,0,0,0,0,0,0,0,"(0.0, 0.0)","(0.0, 0.0)","(0.0, 0.0)","(0.0, 0.0, 0.0)","(0.0, 0.0, 0.0)","(0.0, 0.0, 0.0)","(0.0, 0.0, 0.0)","(0.0, 0.0, 0.0)","(0.0, 0.0, 0.0)",0,0,0,0,0,0,False,0,0,0,0,0,0,0,0,"(0.0, 6.0, 1520.2)","(0.2, 0.0, 0.0, 1.0)"
0,936772.6,0,0,0,0,0,0,0,0,0,"(0.0, 0.0)","(0.0, 0.0)","(0.0, 0.0)","(0.0, 0.0, 0.0)","(0.0, 0.0, 0.0)","(0.0, 0.0, 0.0)","(0.0, 0.0, 0.0)","(0.0, 0.0, 0.0)","(0.0, 0.0, 0.0)",0,0,0,0,0,0,False,0,0,0,0,0,0,0,0,"(0.0, 6.0, 1520.6)","(0.2, 0.0, 0.0, 1.0)"
0,936792.1,0,0,0,0,0,0,0,0,0,"(0.0, 0.0)","(0.0, 0.0)","(0.0, 0.0)","(0.0, 0.0, 0.0)","(0.0, 0.0, 0.0)","(0.0, 0.0, 0.0)","(0.0, 0.0, 0.0)","(0.0, 0.0, 0.0)","(0.0, 0.0, 0.0)",0,0,0,0,0,0,False,0,0,0,0,0,0,0,0,"(0.0, 6.0, 1521.0)","(0.2, 0.0, 0.0, 1.0)"
0,936812.2,0,0,0,0,0,0,0,0,0,"(0.0, 0.0)","(0.0, 0.0)","(0.0, 0.0)","(0.0, 0.0, 0.0)","(0.0, 0.0, 0.0)","(0.0, 0.0, 0.0)","(0.0, 0.0, 0.0)","(0.0, 0.0, 0.0)","(0.0, 0.0, 0.0)",0,0,0,0,0,0,False,0,0,0,0,0,0,0,0,"(0.0, 6.0, 1521.4)","(0.2, 0.0, 0.0, 1.0)"
0,936832.3,0,0,0,0,0,0,0,0,0,"(0.0, 0.0)","(0.0, 0.0)","(0.0, 0.0)","(0.0, 0.0, 0.0)","(0.0, 0.0, 0.0)","(0.0, 0.0, 0.0)","(0.0, 0.0, 0.0)","(0.0, 0.0, 0.0)","(0.0, 0.0, 0.0)",0,0,0,0,0,0,False,0,0,0,0,0,0,0,0,"(0.0, 6.0, 1521.8)","(0.2, 0.0, 0.0, 1.0)"
0,936851.6,0,0,0,0,0,0,0,0,0,"(0.0, 0.0)","(0.0, 0.0)","(0.0, 0.0)","(0.0, 0.0, 0.0)","(0.0, 0.0, 0.0)","(0.0, 0.0, 0.0)","(0.0, 0.0, 0.0)","(0.0, 0.0, 0.0)","(0.0, 0.0, 0.0)",0,0,0,0,0,0,False,0,0,0,0,0,0,0,0,"(0.0, 6.0, 1522.2)","(0.2, 0.0, 0.0, 1.0)"
0,936870.6,0,0,0,0,0,0,0,0,0,"(0.0, 0.0)","(0.0, 0.0)","(0.0, 0.0)","(0.0, 0.0, 0.0)","(0.0, 0.0, 0.0)","(0.0, 0.0, 0.0)","(0.0, 0.0, 0.0)","(0.0, 0.0, 0.0)","(0.0, 0.0, 0.0)",0,0,0,0,0,0,False,0,0,0,0,0,0,0,0,"(0.0, 6.0, 1522.6)","(0.2, 0.0, 0.0, 1.0)"
0,936890.3,0,0,0,0,0,0,0,0,0,"(0.0, 0.0)","(0.0, 0.0)","(0.0, 0.0)","(0.0, 0.0, 0.0)","(0.0, 0.0, 0.0)","(0.0, 0.0, 0.0)","(0.0, 0.0, 0.0)","(0.0, 0.0, 0.0)","(0.0, 0.0, 0.0)",0,0,0,0,0,0,False,0,0,0,0,0,0,0,0,"(0.0, 6.0, 1523.0)","(0.2, 0.0, 0.0, 1.0)"
0,936908.6,0,0,0,0,0,0,0,0,0,"(0.0, 0.0)","(0.0, 0.0)","(0.0, 0.0)","(0.0, 0.0, 0.0)","(0.0, 0.0, 0.0)","(0.0, 0.0, 0.0)","(0.0, 0.0, 0.0)","(0.0, 0.0, 0.0)","(0.0, 0.0, 0.0)",0,0,0,0,0,0,False,0,0,0,0,0,0,0,0,"(0.0, 6.0, 1523.4)","(0.2, 0.0, 0.0, 1.0)"
0,936933.4,0,0,0,0,0,0,0,0,0,"(0.0, 0.0)","(0.0, 0.0)","(0.0, 0.0)","(0.0, 0.0, 0.0)","(0.0, 0.0, 0.0)","(0.0, 0.0, 0.0)","(0.0, 0.0, 0.0)","(0.0, 0.0, 0.0)","(0.0, 0.0, 0.0)",0,0,0,0,0,0,False,0,0,0,0,0,0,0,0,"(0.0, 6.0, 1523.8)","(0.2, 0.0, 0.0, 1.0)"
0,936953.5,0,0,0,0,0,0,0,0,0,"(0.0, 0.0)","(0.0, 0.0)","(0.0, 0.0)","(0.0, 0.0, 0.0)","(0.0, 0.0, 0.0)","(0.0, 0.0, 0.0)","(0.0, 0.0, 0.0)","(0.0, 0.0, 0.0)","(0.0, 0.0, 0.0)",0,0,0,0,0,0,False,0,0,0,0,0,0,0,0,"(0.0, 6.0, 1524.1)","(0.2, 0.0, 0.0, 1.0)"
0,936972.3,0,0,0,0,0,0,0,0,0,"(0.0, 0.0)","(0.0, 0.0)","(0.0, 0.0)","(0.0, 0.0, 0.0)","(0.0, 0.0, 0.0)","(0.0, 0.0, 0.0)","(0.0, 0.0, 0.0)","(0.0, 0.0, 0.0)","(0.0, 0.0, 0.0)",0,0,0,0,0,0,False,0,0,0,0,0,0,0,0,"(0.0, 6.0, 1524.5)","(0.2, 0.0, 0.0, 1.0)"
0,936992.1,0,0,0,0,0,0,0,0,0,"(0.0, 0.0)","(0.0, 0.0)","(0.0, 0.0)","(0.0, 0.0, 0.0)","(0.0, 0.0, 0.0)","(0.0, 0.0, 0.0)","(0.0, 0.0, 0.0)","(0.0, 0.0, 0.0)","(0.0, 0.0, 0.0)",0,0,0,0,0,0,False,0,0,0,0,0,0,0,0,"(0.0, 6.0, 1524.9)","(0.2, 0.0, 0.0, 1.0)"
0,937012.4,0,0,0,0,0,0,0,0,0,"(0.0, 0.0)","(0.0, 0.0)","(0.0, 0.0)","(0.0, 0.0, 0.0)","(0.0, 0.0, 0.0)","(0.0, 0.0, 0.0)","(0.0, 0.0, 0.0)","(0.0, 0.0, 0.0)","(0.0, 0.0, 0.0)",0,0,0,0,0,0,False,0,0,0,0,0,0,0,0,"(0.0, 6.0, 1525.3)","(0.2, 0.0, 0.0, 1.0)"
0,937037.3,0,0,0,0,0,0,0,0,0,"(0.0, 0.0)","(0.0, 0.0)","(0.0, 0.0)","(0.0, 0.0, 0.0)","(0.0, 0.0, 0.0)","(0.0, 0.0, 0.0)","(0.0, 0.0, 0.0)","(0.0, 0.0, 0.0)","(0.0, 0.0, 0.0)",0,0,0,0,0,0,False,0,0,0,0,0,0,0,0,"(0.0, 6.0, 1525.7)","(0.2, 0.0, 0.0, 1.0)"
0,937057.9,0,0,0,0,0,0,0,0,0,"(0.0, 0.0)","(0.0, 0.0)","(0.0, 0.0)","(0.0, 0.0, 0.0)","(0.0, 0.0, 0.0)","(0.0, 0.0, 0.0)","(0.0, 0.0, 0.0)","(0.0, 0.0, 0.0)","(0.0, 0.0, 0.0)",0,0,0,0,0,0,False,0,0,0,0,0,0,0,0,"(0.0, 6.0, 1526.1)","(0.2, 0.0, 0.0, 1.0)"
0,937079.6,0,0,0,0,0,0,0,0,0,"(0.0, 0.0)","(0.0, 0.0)","(0.0, 0.0)","(0.0, 0.0, 0.0)","(0.0, 0.0, 0.0)","(0.0, 0.0, 0.0)","(0.0, 0.0, 0.0)","(0.0, 0.0, 0.0)","(0.0, 0.0, 0.0)",0,0,0,0,0,0,False,0,0,0,0,0,0,0,0,"(0.0, 6.0, 1526.5)","(0.2, 0.0, 0.0, 1.0)"
0,937102.3,0,0,0,0,0,0,0,0,0,"(0.0, 0.0)","(0.0, 0.0)","(0.0, 0.0)","(0.0, 0.0, 0.0)","(0.0, 0.0, 0.0)","(0.0, 0.0, 0.0)","(0.0, 0.0, 0.0)","(0.0, 0.0, 0.0)","(0.0, 0.0, 0.0)",0,0,0,0,0,0,False,0,0,0,0,0,0,0,0,"(0.0, 6.0, 1526.9)","(0.2, 0.0, 0.0, 1.0)"
0,937123.1,0,0,0,0,0,0,0,0,0,"(0.0, 0.0)","(0.0, 0.0)","(0.0, 0.0)","(0.0, 0.0, 0.0)","(0.0, 0.0, 0.0)","(0.0, 0.0, 0.0)","(0.0, 0.0, 0.0)","(0.0, 0.0, 0.0)","(0.0, 0.0, 0.0)",0,0,0,0,0,0,False,0,0,0,0,0,0,0,0,"(0.0, 6.0, 1527.3)","(0.2, 0.0, 0.0, 1.0)"
0,937144.3,0,0,0,0,0,0,0,0,0,"(0.0, 0.0)","(0.0, 0.0)","(0.0, 0.0)","(0.0, 0.0, 0.0)","(0.0, 0.0, 0.0)","(0.0, 0.0, 0.0)","(0.0, 0.0, 0.0)","(0.0, 0.0, 0.0)","(0.0, 0.0, 0.0)",0,0,0,0,0,0,False,0,0,0,0,0,0,0,0,"(0.0, 6.0, 1527.7)","(0.2, 0.0, 0.0, 1.0)"
0,937166.4,0,0,0,0,0,0,0,0,0,"(0.0, 0.0)","(0.0, 0.0)","(0.0, 0.0)","(0.0, 0.0, 0.0)","(0.0, 0.0, 0.0)","(0.0, 0.0, 0.0)","(0.0, 0.0, 0.0)","(0.0, 0.0, 0.0)","(0.0, 0.0, 0.0)",0,0,0,0,0,0,False,0,0,0,0,0,0,0,0,"(0.0, 6.0, 1528.1)","(0.2, 0.0, 0.0, 1.0)"
0,937187.8,0,0,0,0,0,0,0,0,0,"(0.0, 0.0)","(0.0, 0.0)","(0.0, 0.0)","(0.0, 0.0, 0.0)","(0.0, 0.0, 0.0)","(0.0, 0.0, 0.0)","(0.0, 0.0, 0.0)","(0.0, 0.0, 0.0)","(0.0, 0.0, 0.0)",0,0,0,0,0,0,False,0,0,0,0,0,0,0,0,"(0.0, 6.0, 1528.5)","(0.2, 0.0, 0.0, 1.0)"
0,937214.9,0,0,0,0,0,0,0,0,0,"(0.0, 0.0)","(0.0, 0.0)","(0.0, 0.0)","(0.0, 0.0, 0.0)","(0.0, 0.0, 0.0)","(0.0, 0.0, 0.0)","(0.0, 0.0, 0.0)","(0.0, 0.0, 0.0)","(0.0, 0.0, 0.0)",0,0,0,0,0,0,False,0,0,0,0,0,0,0,0,"(0.0, 6.0, 1528.9)","(0.2, 0.0, 0.0, 1.0)"
0,937238.7,0,0,0,0,0,0,0,0,0,"(0.0, 0.0)","(0.0, 0.0)","(0.0, 0.0)","(0.0, 0.0, 0.0)","(0.0, 0.0, 0.0)","(0.0, 0.0, 0.0)","(0.0, 0.0, 0.0)","(0.0, 0.0, 0.0)","(0.0, 0.0, 0.0)",0,0,0,0,0,0,False,0,0,0,0,0,0,0,0,"(0.0, 6.0, 1529.3)","(0.2, 0.0, 0.0, 1.0)"
0,937261,0,0,0,0,0,0,0,0,0,"(0.0, 0.0)","(0.0, 0.0)","(0.0, 0.0)","(0.0, 0.0, 0.0)","(0.0, 0.0, 0.0)","(0.0, 0.0, 0.0)","(0.0, 0.0, 0.0)","(0.0, 0.0, 0.0)","(0.0, 0.0, 0.0)",0,0,0,0,0,0,False,0,0,0,0,0,0,0,0,"(0.0, 6.0, 1529.8)","(0.2, 0.0, 0.0, 1.0)"
0,937285.1,0,0,0,0,0,0,0,0,0,"(0.0, 0.0)","(0.0, 0.0)","(0.0, 0.0)","(0.0, 0.0, 0.0)","(0.0, 0.0, 0.0)","(0.0, 0.0, 0.0)","(0.0, 0.0, 0.0)","(0.0, 0.0, 0.0)","(0.0, 0.0, 0.0)",0,0,0,0,0,0,False,0,0,0,0,0,0,0,0,"(0.0, 6.0, 1530.2)","(0.2, 0.0, 0.0, 1.0)"
0,937306.6,0,0,0,0,0,0,0,0,0,"(0.0, 0.0)","(0.0, 0.0)","(0.0, 0.0)","(0.0, 0.0, 0.0)","(0.0, 0.0, 0.0)","(0.0, 0.0, 0.0)","(0.0, 0.0, 0.0)","(0.0, 0.0, 0.0)","(0.0, 0.0, 0.0)",0,0,0,0,0,0,False,0,0,0,0,0,0,0,0,"(0.0, 6.0, 1530.6)","(0.2, 0.0, 0.0, 1.0)"
0,937328.4,0,0,0,0,0,0,0,0,0,"(0.0, 0.0)","(0.0, 0.0)","(0.0, 0.0)","(0.0, 0.0, 0.0)","(0.0, 0.0, 0.0)","(0.0, 0.0, 0.0)","(0.0, 0.0, 0.0)","(0.0, 0.0, 0.0)","(0.0, 0.0, 0.0)",0,0,0,0,0,0,False,0,0,0,0,0,0,0,0,"(0.0, 6.0, 1531.0)","(0.2, 0.0, 0.0, 1.0)"
0,937351.1,0,0,0,0,0,0,0,0,0,"(0.0, 0.0)","(0.0, 0.0)","(0.0, 0.0)","(0.0, 0.0, 0.0)","(0.0, 0.0, 0.0)","(0.0, 0.0, 0.0)","(0.0, 0.0, 0.0)","(0.0, 0.0, 0.0)","(0.0, 0.0, 0.0)",0,0,0,0,0,0,False,0,0,0,0,0,0,0,0,"(0.0, 6.0, 1531.4)","(0.2, 0.0, 0.0, 1.0)"
0,937372.9,0,0,0,0,0,0,0,0,0,"(0.0, 0.0)","(0.0, 0.0)","(0.0, 0.0)","(0.0, 0.0, 0.0)","(0.0, 0.0, 0.0)","(0.0, 0.0, 0.0)","(0.0, 0.0, 0.0)","(0.0, 0.0, 0.0)","(0.0, 0.0, 0.0)",0,0,0,0,0,0,False,0,0,0,0,0,0,0,0,"(0.0, 6.0, 1531.9)","(0.2, 0.0, 0.0, 1.0)"
0,937395,0,0,0,0,0,0,0,0,0,"(0.0, 0.0)","(0.0, 0.0)","(0.0, 0.0)","(0.0, 0.0, 0.0)","(0.0, 0.0, 0.0)","(0.0, 0.0, 0.0)","(0.0, 0.0, 0.0)","(0.0, 0.0, 0.0)","(0.0, 0.0, 0.0)",0,0,0,0,0,0,False,0,0,0,0,0,0,0,0,"(0.0, 6.0, 1532.3)","(0.2, 0.0, 0.0, 1.0)"
0,937415.4,0,0,0,0,0,0,0,0,0,"(0.0, 0.0)","(0.0, 0.0)","(0.0, 0.0)","(0.0, 0.0, 0.0)","(0.0, 0.0, 0.0)","(0.0, 0.0, 0.0)","(0.0, 0.0, 0.0)","(0.0, 0.0, 0.0)","(0.0, 0.0, 0.0)",0,0,0,0,0,0,False,0,0,0,0,0,0,0,0,"(0.0, 6.0, 1532.7)","(0.2, 0.0, 0.0, 1.0)"
0,937435.6,0,0,0,0,0,0,0,0,0,"(0.0, 0.0)","(0.0, 0.0)","(0.0, 0.0)","(0.0, 0.0, 0.0)","(0.0, 0.0, 0.0)","(0.0, 0.0, 0.0)","(0.0, 0.0, 0.0)","(0.0, 0.0, 0.0)","(0.0, 0.0, 0.0)",0,0,0,0,0,0,False,0,0,0,0,0,0,0,0,"(0.0, 6.0, 1533.1)","(0.2, 0.0, 0.0, 1.0)"
0,937460.3,0,0,0,0,0,0,0,0,0,"(0.0, 0.0)","(0.0, 0.0)","(0.0, 0.0)","(0.0, 0.0, 0.0)","(0.0, 0.0, 0.0)","(0.0, 0.0, 0.0)","(0.0, 0.0, 0.0)","(0.0, 0.0, 0.0)","(0.0, 0.0, 0.0)",0,0,0,0,0,0,False,0,0,0,0,0,0,0,0,"(0.0, 6.0, 1533.5)","(0.2, 0.0, 0.0, 1.0)"
0,937481.1,0,0,0,0,0,0,0,0,0,"(0.0, 0.0)","(0.0, 0.0)","(0.0, 0.0)","(0.0, 0.0, 0.0)","(0.0, 0.0, 0.0)","(0.0, 0.0, 0.0)","(0.0, 0.0, 0.0)","(0.0, 0.0, 0.0)","(0.0, 0.0, 0.0)",0,0,0,0,0,0,False,0,0,0,0,0,0,0,0,"(0.0, 6.0, 1534.0)","(0.2, 0.0, 0.0, 1.0)"
0,937501.8,0,0,0,0,0,0,0,0,0,"(0.0, 0.0)","(0.0, 0.0)","(0.0, 0.0)","(0.0, 0.0, 0.0)","(0.0, 0.0, 0.0)","(0.0, 0.0, 0.0)","(0.0, 0.0, 0.0)","(0.0, 0.0, 0.0)","(0.0, 0.0, 0.0)",0,0,0,0,0,0,False,0,0,0,0,0,0,0,0,"(0.0, 6.0, 1534.4)","(0.2, 0.0, 0.0, 1.0)"
0,937522.5,0,0,0,0,0,0,0,0,0,"(0.0, 0.0)","(0.0, 0.0)","(0.0, 0.0)","(0.0, 0.0, 0.0)","(0.0, 0.0, 0.0)","(0.0, 0.0, 0.0)","(0.0, 0.0, 0.0)","(0.0, 0.0, 0.0)","(0.0, 0.0, 0.0)",0,0,0,0,0,0,False,0,0,0,0,0,0,0,0,"(0.0, 6.0, 1534.8)","(0.2, 0.0, 0.0, 1.0)"
0,937542.3,0,0,0,0,0,0,0,0,0,"(0.0, 0.0)","(0.0, 0.0)","(0.0, 0.0)","(0.0, 0.0, 0.0)","(0.0, 0.0, 0.0)","(0.0, 0.0, 0.0)","(0.0, 0.0, 0.0)","(0.0, 0.0, 0.0)","(0.0, 0.0, 0.0)",0,0,0,0,0,0,False,0,0,0,0,0,0,0,0,"(0.0, 6.0, 1535.2)","(0.2, 0.0, 0.0, 1.0)"
0,937565.8,0,0,0,0,0,0,0,0,0,"(0.0, 0.0)","(0.0, 0.0)","(0.0, 0.0)","(0.0, 0.0, 0.0)","(0.0, 0.0, 0.0)","(0.0, 0.0, 0.0)","(0.0, 0.0, 0.0)","(0.0, 0.0, 0.0)","(0.0, 0.0, 0.0)",0,0,0,0,0,0,False,0,0,0,0,0,0,0,0,"(0.0, 6.0, 1535.6)","(0.2, 0.0, 0.0, 1.0)"
0,937587.1,0,0,0,0,0,0,0,0,0,"(0.0, 0.0)","(0.0, 0.0)","(0.0, 0.0)","(0.0, 0.0, 0.0)","(0.0, 0.0, 0.0)","(0.0, 0.0, 0.0)","(0.0, 0.0, 0.0)","(0.0, 0.0, 0.0)","(0.0, 0.0, 0.0)",0,0,0,0,0,0,False,0,0,0,0,0,0,0,0,"(0.0, 6.0, 1536.0)","(0.2, 0.0, 0.0, 1.0)"
0,937608.8,0,0,0,0,0,0,0,0,0,"(0.0, 0.0)","(0.0, 0.0)","(0.0, 0.0)","(0.0, 0.0, 0.0)","(0.0, 0.0, 0.0)","(0.0, 0.0, 0.0)","(0.0, 0.0, 0.0)","(0.0, 0.0, 0.0)","(0.0, 0.0, 0.0)",0,0,0,0,0,0,False,0,0,0,0,0,0,0,0,"(0.0, 6.0, 1536.4)","(0.2, 0.0, 0.0, 1.0)"
0,937632,0,0,0,0,0,0,0,0,0,"(0.0, 0.0)","(0.0, 0.0)","(0.0, 0.0)","(0.0, 0.0, 0.0)","(0.0, 0.0, 0.0)","(0.0, 0.0, 0.0)","(0.0, 0.0, 0.0)","(0.0, 0.0, 0.0)","(0.0, 0.0, 0.0)",0,0,0,0,0,0,False,0,0,0,0,0,0,0,0,"(0.0, 6.0, 1536.8)","(0.2, 0.0, 0.0, 1.0)"
0,937651.9,0,0,0,0,0,0,0,0,0,"(0.0, 0.0)","(0.0, 0.0)","(0.0, 0.0)","(0.0, 0.0, 0.0)","(0.0, 0.0, 0.0)","(0.0, 0.0, 0.0)","(0.0, 0.0, 0.0)","(0.0, 0.0, 0.0)","(0.0, 0.0, 0.0)",0,0,0,0,0,0,False,0,0,0,0,0,0,0,0,"(0.0, 6.0, 1537.2)","(0.2, 0.0, 0.0, 1.0)"
0,937681,0,0,0,0,0,0,0,0,0,"(0.0, 0.0)","(0.0, 0.0)","(0.0, 0.0)","(0.0, 0.0, 0.0)","(0.0, 0.0, 0.0)","(0.0, 0.0, 0.0)","(0.0, 0.0, 0.0)","(0.0, 0.0, 0.0)","(0.0, 0.0, 0.0)",0,0,0,0,0,0,False,0,0,0,0,0,0,0,0,"(0.0, 6.0, 1537.7)","(0.2, 0.0, 0.0, 1.0)"
0,937703,0,0,0,0,0,0,0,0,0,"(0.0, 0.0)","(0.0, 0.0)","(0.0, 0.0)","(0.0, 0.0, 0.0)","(0.0, 0.0, 0.0)","(0.0, 0.0, 0.0)","(0.0, 0.0, 0.0)","(0.0, 0.0, 0.0)","(0.0, 0.0, 0.0)",0,0,0,0,0,0,False,0,0,0,0,0,0,0,0,"(0.0, 6.0, 1538.1)","(0.2, 0.0, 0.0, 1.0)"
0,937723.4,0,0,0,0,0,0,0,0,0,"(0.0, 0.0)","(0.0, 0.0)","(0.0, 0.0)","(0.0, 0.0, 0.0)","(0.0, 0.0, 0.0)","(0.0, 0.0, 0.0)","(0.0, 0.0, 0.0)","(0.0, 0.0, 0.0)","(0.0, 0.0, 0.0)",0,0,0,0,0,0,False,0,0,0,0,0,0,0,0,"(0.0, 6.0, 1538.5)","(0.2, 0.0, 0.0, 1.0)"
0,937744,0,0,0,0,0,0,0,0,0,"(0.0, 0.0)","(0.0, 0.0)","(0.0, 0.0)","(0.0, 0.0, 0.0)","(0.0, 0.0, 0.0)","(0.0, 0.0, 0.0)","(0.0, 0.0, 0.0)","(0.0, 0.0, 0.0)","(0.0, 0.0, 0.0)",0,0,0,0,0,0,False,0,0,0,0,0,0,0,0,"(0.0, 6.0, 1538.9)","(0.2, 0.0, 0.0, 1.0)"
0,937765.4,0,0,0,0,0,0,0,0,0,"(0.0, 0.0)","(0.0, 0.0)","(0.0, 0.0)","(0.0, 0.0, 0.0)","(0.0, 0.0, 0.0)","(0.0, 0.0, 0.0)","(0.0, 0.0, 0.0)","(0.0, 0.0, 0.0)","(0.0, 0.0, 0.0)",0,0,0,0,0,0,False,0,0,0,0,0,0,0,0,"(0.0, 6.0, 1539.4)","(0.2, 0.0, 0.0, 1.0)"
0,937791.3,0,0,0,0,0,0,0,0,0,"(0.0, 0.0)","(0.0, 0.0)","(0.0, 0.0)","(0.0, 0.0, 0.0)","(0.0, 0.0, 0.0)","(0.0, 0.0, 0.0)","(0.0, 0.0, 0.0)","(0.0, 0.0, 0.0)","(0.0, 0.0, 0.0)",0,0,0,0,0,0,False,0,0,0,0,0,0,0,0,"(0.0, 6.0, 1539.8)","(0.2, 0.0, 0.0, 1.0)"
0,937810.3,0,0,0,0,0,0,0,0,0,"(0.0, 0.0)","(0.0, 0.0)","(0.0, 0.0)","(0.0, 0.0, 0.0)","(0.0, 0.0, 0.0)","(0.0, 0.0, 0.0)","(0.0, 0.0, 0.0)","(0.0, 0.0, 0.0)","(0.0, 0.0, 0.0)",0,0,0,0,0,0,False,0,0,0,0,0,0,0,0,"(0.0, 6.0, 1540.2)","(0.2, 0.0, 0.0, 1.0)"
0,937835.2,0,0,0,0,0,0,0,0,0,"(0.0, 0.0)","(0.0, 0.0)","(0.0, 0.0)","(0.0, 0.0, 0.0)","(0.0, 0.0, 0.0)","(0.0, 0.0, 0.0)","(0.0, 0.0, 0.0)","(0.0, 0.0, 0.0)","(0.0, 0.0, 0.0)",0,0,0,0,0,0,False,0,0,0,0,0,0,0,0,"(0.0, 6.0, 1540.6)","(0.2, 0.0, 0.0, 1.0)"
0,937855.6,0,0,0,0,0,0,0,0,0,"(0.0, 0.0)","(0.0, 0.0)","(0.0, 0.0)","(0.0, 0.0, 0.0)","(0.0, 0.0, 0.0)","(0.0, 0.0, 0.0)","(0.0, 0.0, 0.0)","(0.0, 0.0, 0.0)","(0.0, 0.0, 0.0)",0,0,0,0,0,0,False,0,0,0,0,0,0,0,0,"(0.0, 6.0, 1541.0)","(0.2, 0.0, 0.0, 1.0)"
0,937875,0,0,0,0,0,0,0,0,0,"(0.0, 0.0)","(0.0, 0.0)","(0.0, 0.0)","(0.0, 0.0, 0.0)","(0.0, 0.0, 0.0)","(0.0, 0.0, 0.0)","(0.0, 0.0, 0.0)","(0.0, 0.0, 0.0)","(0.0, 0.0, 0.0)",0,0,0,0,0,0,False,0,0,0,0,0,0,0,0,"(0.0, 6.0, 1541.5)","(0.2, 0.0, 0.0, 1.0)"
0,937897.4,0,0,0,0,0,0,0,0,0,"(0.0, 0.0)","(0.0, 0.0)","(0.0, 0.0)","(0.0, 0.0, 0.0)","(0.0, 0.0, 0.0)","(0.0, 0.0, 0.0)","(0.0, 0.0, 0.0)","(0.0, 0.0, 0.0)","(0.0, 0.0, 0.0)",0,0,0,0,0,0,False,0,0,0,0,0,0,0,0,"(0.0, 6.0, 1541.9)","(0.2, 0.0, 0.0, 1.0)"
0,937917.8,0,0,0,0,0,0,0,0,0,"(0.0, 0.0)","(0.0, 0.0)","(0.0, 0.0)","(0.0, 0.0, 0.0)","(0.0, 0.0, 0.0)","(0.0, 0.0, 0.0)","(0.0, 0.0, 0.0)","(0.0, 0.0, 0.0)","(0.0, 0.0, 0.0)",0,0,0,0,0,0,False,0,0,0,0,0,0,0,0,"(0.0, 6.0, 1542.3)","(0.2, 0.0, 0.0, 1.0)"
0,937936.9,0,0,0,0,0,0,0,0,0,"(0.0, 0.0)","(0.0, 0.0)","(0.0, 0.0)","(0.0, 0.0, 0.0)","(0.0, 0.0, 0.0)","(0.0, 0.0, 0.0)","(0.0, 0.0, 0.0)","(0.0, 0.0, 0.0)","(0.0, 0.0, 0.0)",0,0,0,0,0,0,False,0,0,0,0,0,0,0,0,"(0.0, 6.0, 1542.7)","(0.2, 0.0, 0.0, 1.0)"
0,937957,0,0,0,0,0,0,0,0,0,"(0.0, 0.0)","(0.0, 0.0)","(0.0, 0.0)","(0.0, 0.0, 0.0)","(0.0, 0.0, 0.0)","(0.0, 0.0, 0.0)","(0.0, 0.0, 0.0)","(0.0, 0.0, 0.0)","(0.0, 0.0, 0.0)",0,0,0,0,0,0,False,0,0,0,0,0,0,0,0,"(0.0, 6.0, 1543.1)","(0.2, 0.0, 0.0, 1.0)"
0,937985.8,0,0,0,0,0,0,0,0,0,"(0.0, 0.0)","(0.0, 0.0)","(0.0, 0.0)","(0.0, 0.0, 0.0)","(0.0, 0.0, 0.0)","(0.0, 0.0, 0.0)","(0.0, 0.0, 0.0)","(0.0, 0.0, 0.0)","(0.0, 0.0, 0.0)",0,0,0,0,0,0,False,0,0,0,0,0,0,0,0,"(0.0, 6.0, 1543.5)","(0.2, 0.0, 0.0, 1.0)"
0,938006.1,0,0,0,0,0,0,0,0,0,"(0.0, 0.0)","(0.0, 0.0)","(0.0, 0.0)","(0.0, 0.0, 0.0)","(0.0, 0.0, 0.0)","(0.0, 0.0, 0.0)","(0.0, 0.0, 0.0)","(0.0, 0.0, 0.0)","(0.0, 0.0, 0.0)",0,0,0,0,0,0,False,0,0,0,0,0,0,0,0,"(0.0, 6.0, 1543.9)","(0.2, 0.0, 0.0, 1.0)"
0,938029.6,0,0,0,0,0,0,0,0,0,"(0.0, 0.0)","(0.0, 0.0)","(0.0, 0.0)","(0.0, 0.0, 0.0)","(0.0, 0.0, 0.0)","(0.0, 0.0, 0.0)","(0.0, 0.0, 0.0)","(0.0, 0.0, 0.0)","(0.0, 0.0, 0.0)",0,0,0,0,0,0,False,0,0,0,0,0,0,0,0,"(0.0, 6.0, 1544.4)","(0.2, 0.0, 0.0, 1.0)"
0,938050.3,0,0,0,0,0,0,0,0,0,"(0.0, 0.0)","(0.0, 0.0)","(0.0, 0.0)","(0.0, 0.0, 0.0)","(0.0, 0.0, 0.0)","(0.0, 0.0, 0.0)","(0.0, 0.0, 0.0)","(0.0, 0.0, 0.0)","(0.0, 0.0, 0.0)",0,0,0,0,0,0,False,0,0,0,0,0,0,0,0,"(0.0, 6.0, 1544.8)","(0.2, 0.0, 0.0, 1.0)"
0,938070.1,0,0,0,0,0,0,0,0,0,"(0.0, 0.0)","(0.0, 0.0)","(0.0, 0.0)","(0.0, 0.0, 0.0)","(0.0, 0.0, 0.0)","(0.0, 0.0, 0.0)","(0.0, 0.0, 0.0)","(0.0, 0.0, 0.0)","(0.0, 0.0, 0.0)",0,0,0,0,0,0,False,0,0,0,0,0,0,0,0,"(0.0, 6.0, 1545.2)","(0.2, 0.0, 0.0, 1.0)"
0,938089.6,0,0,0,0,0,0,0,0,0,"(0.0, 0.0)","(0.0, 0.0)","(0.0, 0.0)","(0.0, 0.0, 0.0)","(0.0, 0.0, 0.0)","(0.0, 0.0, 0.0)","(0.0, 0.0, 0.0)","(0.0, 0.0, 0.0)","(0.0, 0.0, 0.0)",0,0,0,0,0,0,False,0,0,0,0,0,0,0,0,"(0.0, 6.0, 1545.6)","(0.2, 0.0, 0.0, 1.0)"
0,938107.6,0,0,0,0,0,0,0,0,0,"(0.0, 0.0)","(0.0, 0.0)","(0.0, 0.0)","(0.0, 0.0, 0.0)","(0.0, 0.0, 0.0)","(0.0, 0.0, 0.0)","(0.0, 0.0, 0.0)","(0.0, 0.0, 0.0)","(0.0, 0.0, 0.0)",0,0,0,0,0,0,False,0,0,0,0,0,0,0,0,"(0.0, 6.0, 1546.0)","(0.2, 0.0, 0.0, 1.0)"
0,938131,0,0,0,0,0,0,0,0,0,"(0.0, 0.0)","(0.0, 0.0)","(0.0, 0.0)","(0.0, 0.0, 0.0)","(0.0, 0.0, 0.0)","(0.0, 0.0, 0.0)","(0.0, 0.0, 0.0)","(0.0, 0.0, 0.0)","(0.0, 0.0, 0.0)",0,0,0,0,0,0,False,0,0,0,0,0,0,0,0,"(0.0, 6.0, 1546.4)","(0.2, 0.0, 0.0, 1.0)"
0,938152.9,0,0,0,0,0,0,0,0,0,"(0.0, 0.0)","(0.0, 0.0)","(0.0, 0.0)","(0.0, 0.0, 0.0)","(0.0, 0.0, 0.0)","(0.0, 0.0, 0.0)","(0.0, 0.0, 0.0)","(0.0, 0.0, 0.0)","(0.0, 0.0, 0.0)",0,0,0,0,0,0,False,0,0,0,0,0,0,0,0,"(0.0, 6.0, 1546.8)","(0.2, 0.0, 0.0, 1.0)"
0,938175.2,0,0,0,0,0,0,0,0,0,"(0.0, 0.0)","(0.0, 0.0)","(0.0, 0.0)","(0.0, 0.0, 0.0)","(0.0, 0.0, 0.0)","(0.0, 0.0, 0.0)","(0.0, 0.0, 0.0)","(0.0, 0.0, 0.0)","(0.0, 0.0, 0.0)",0,0,0,0,0,0,False,0,0,0,0,0,0,0,0,"(0.0, 6.0, 1547.2)","(0.2, 0.0, 0.0, 1.0)"
0,938198.4,0,0,0,0,0,0,0,0,0,"(0.0, 0.0)","(0.0, 0.0)","(0.0, 0.0)","(0.0, 0.0, 0.0)","(0.0, 0.0, 0.0)","(0.0, 0.0, 0.0)","(0.0, 0.0, 0.0)","(0.0, 0.0, 0.0)","(0.0, 0.0, 0.0)",0,0,0,0,0,0,False,0,0,0,0,0,0,0,0,"(0.0, 6.0, 1547.6)","(0.2, 0.0, 0.0, 1.0)"
0,938220.1,0,0,0,0,0,0,0,0,0,"(0.0, 0.0)","(0.0, 0.0)","(0.0, 0.0)","(0.0, 0.0, 0.0)","(0.0, 0.0, 0.0)","(0.0, 0.0, 0.0)","(0.0, 0.0, 0.0)","(0.0, 0.0, 0.0)","(0.0, 0.0, 0.0)",0,0,0,0,0,0,False,0,0,0,0,0,0,0,0,"(0.0, 6.0, 1548.0)","(0.2, 0.0, 0.0, 1.0)"
0,938242.2,0,0,0,0,0,0,0,0,0,"(0.0, 0.0)","(0.0, 0.0)","(0.0, 0.0)","(0.0, 0.0, 0.0)","(0.0, 0.0, 0.0)","(0.0, 0.0, 0.0)","(0.0, 0.0, 0.0)","(0.0, 0.0, 0.0)","(0.0, 0.0, 0.0)",0,0,0,0,0,0,False,0,0,0,0,0,0,0,0,"(0.0, 6.0, 1548.4)","(0.2, 0.0, 0.0, 1.0)"
0,938265.5,0,0,0,0,0,0,0,0,0,"(0.0, 0.0)","(0.0, 0.0)","(0.0, 0.0)","(0.0, 0.0, 0.0)","(0.0, 0.0, 0.0)","(0.0, 0.0, 0.0)","(0.0, 0.0, 0.0)","(0.0, 0.0, 0.0)","(0.0, 0.0, 0.0)",0,0,0,0,0,0,False,0,0,0,0,0,0,0,0,"(0.0, 6.0, 1548.9)","(0.2, 0.0, 0.0, 1.0)"
0,938288.9,0,0,0,0,0,0,0,0,0,"(0.0, 0.0)","(0.0, 0.0)","(0.0, 0.0)","(0.0, 0.0, 0.0)","(0.0, 0.0, 0.0)","(0.0, 0.0, 0.0)","(0.0, 0.0, 0.0)","(0.0, 0.0, 0.0)","(0.0, 0.0, 0.0)",0,0,0,0,0,0,False,0,0,0,0,0,0,0,0,"(0.0, 6.0, 1549.3)","(0.2, 0.0, 0.0, 1.0)"
0,938308.6,0,0,0,0,0,0,0,0,0,"(0.0, 0.0)","(0.0, 0.0)","(0.0, 0.0)","(0.0, 0.0, 0.0)","(0.0, 0.0, 0.0)","(0.0, 0.0, 0.0)","(0.0, 0.0, 0.0)","(0.0, 0.0, 0.0)","(0.0, 0.0, 0.0)",0,0,0,0,0,0,False,0,0,0,0,0,0,0,0,"(0.0, 6.0, 1549.7)","(0.2, 0.0, 0.0, 1.0)"
0,938332.5,0,0,0,0,0,0,0,0,0,"(0.0, 0.0)","(0.0, 0.0)","(0.0, 0.0)","(0.0, 0.0, 0.0)","(0.0, 0.0, 0.0)","(0.0, 0.0, 0.0)","(0.0, 0.0, 0.0)","(0.0, 0.0, 0.0)","(0.0, 0.0, 0.0)",0,0,0,0,0,0,False,0,0,0,0,0,0,0,0,"(0.0, 6.0, 1550.1)","(0.2, 0.0, 0.0, 1.0)"
0,938353.1,0,0,0,0,0,0,0,0,0,"(0.0, 0.0)","(0.0, 0.0)","(0.0, 0.0)","(0.0, 0.0, 0.0)","(0.0, 0.0, 0.0)","(0.0, 0.0, 0.0)","(0.0, 0.0, 0.0)","(0.0, 0.0, 0.0)","(0.0, 0.0, 0.0)",0,0,0,0,0,0,False,0,0,0,0,0,0,0,0,"(0.0, 6.0, 1550.5)","(0.2, 0.0, 0.0, 1.0)"
0,938375.6,0,0,0,0,0,0,0,0,0,"(0.0, 0.0)","(0.0, 0.0)","(0.0, 0.0)","(0.0, 0.0, 0.0)","(0.0, 0.0, 0.0)","(0.0, 0.0, 0.0)","(0.0, 0.0, 0.0)","(0.0, 0.0, 0.0)","(0.0, 0.0, 0.0)",0,0,0,0,0,0,False,0,0,0,0,0,0,0,0,"(0.0, 6.0, 1550.9)","(0.2, 0.0, 0.0, 1.0)"
0,938398.7,0,0,0,0,0,0,0,0,0,"(0.0, 0.0)","(0.0, 0.0)","(0.0, 0.0)","(0.0, 0.0, 0.0)","(0.0, 0.0, 0.0)","(0.0, 0.0, 0.0)","(0.0, 0.0, 0.0)","(0.0, 0.0, 0.0)","(0.0, 0.0, 0.0)",0,0,0,0,0,0,False,0,0,0,0,0,0,0,0,"(0.0, 6.0, 1551.4)","(0.2, 0.0, 0.0, 1.0)"
0,938419.9,0,0,0,0,0,0,0,0,0,"(0.0, 0.0)","(0.0, 0.0)","(0.0, 0.0)","(0.0, 0.0, 0.0)","(0.0, 0.0, 0.0)","(0.0, 0.0, 0.0)","(0.0, 0.0, 0.0)","(0.0, 0.0, 0.0)","(0.0, 0.0, 0.0)",0,0,0,0,0,0,False,0,0,0,0,0,0,0,0,"(0.0, 6.0, 1551.8)","(0.2, 0.0, 0.0, 1.0)"
0,938442,0,0,0,0,0,0,0,0,0,"(0.0, 0.0)","(0.0, 0.0)","(0.0, 0.0)","(0.0, 0.0, 0.0)","(0.0, 0.0, 0.0)","(0.0, 0.0, 0.0)","(0.0, 0.0, 0.0)","(0.0, 0.0, 0.0)","(0.0, 0.0, 0.0)",0,0,0,0,0,0,False,0,0,0,0,0,0,0,0,"(0.0, 6.0, 1552.2)","(0.2, 0.0, 0.0, 1.0)"
0,938465.2,0,0,0,0,0,0,0,0,0,"(0.0, 0.0)","(0.0, 0.0)","(0.0, 0.0)","(0.0, 0.0, 0.0)","(0.0, 0.0, 0.0)","(0.0, 0.0, 0.0)","(0.0, 0.0, 0.0)","(0.0, 0.0, 0.0)","(0.0, 0.0, 0.0)",0,0,0,0,0,0,False,0,0,0,0,0,0,0,0,"(0.0, 6.0, 1552.6)","(0.2, 0.0, 0.0, 1.0)"
0,938486.9,0,0,0,0,0,0,0,0,0,"(0.0, 0.0)","(0.0, 0.0)","(0.0, 0.0)","(0.0, 0.0, 0.0)","(0.0, 0.0, 0.0)","(0.0, 0.0, 0.0)","(0.0, 0.0, 0.0)","(0.0, 0.0, 0.0)","(0.0, 0.0, 0.0)",0,0,0,0,0,0,False,0,0,0,0,0,0,0,0,"(0.0, 6.0, 1553.0)","(0.2, 0.0, 0.0, 1.0)"
0,938508.8,0,0,0,0,0,0,0,0,0,"(0.0, 0.0)","(0.0, 0.0)","(0.0, 0.0)","(0.0, 0.0, 0.0)","(0.0, 0.0, 0.0)","(0.0, 0.0, 0.0)","(0.0, 0.0, 0.0)","(0.0, 0.0, 0.0)","(0.0, 0.0, 0.0)",0,0,0,0,0,0,False,0,0,0,0,0,0,0,0,"(0.0, 6.0, 1553.5)","(0.2, 0.0, 0.0, 1.0)"
0,938531.7,0,0,0,0,0,0,0,0,0,"(0.0, 0.0)","(0.0, 0.0)","(0.0, 0.0)","(0.0, 0.0, 0.0)","(0.0, 0.0, 0.0)","(0.0, 0.0, 0.0)","(0.0, 0.0, 0.0)","(0.0, 0.0, 0.0)","(0.0, 0.0, 0.0)",0,0,0,0,0,0,False,0,0,0,0,0,0,0,0,"(0.0, 6.0, 1553.9)","(0.2, 0.0, 0.0, 1.0)"
0,938553.3,0,0,0,0,0,0,0,0,0,"(0.0, 0.0)","(0.0, 0.0)","(0.0, 0.0)","(0.0, 0.0, 0.0)","(0.0, 0.0, 0.0)","(0.0, 0.0, 0.0)","(0.0, 0.0, 0.0)","(0.0, 0.0, 0.0)","(0.0, 0.0, 0.0)",0,0,0,0,0,0,False,0,0,0,0,0,0,0,0,"(0.0, 6.0, 1554.3)","(0.2, 0.0, 0.0, 1.0)"
0,938575.4,0,0,0,0,0,0,0,0,0,"(0.0, 0.0)","(0.0, 0.0)","(0.0, 0.0)","(0.0, 0.0, 0.0)","(0.0, 0.0, 0.0)","(0.0, 0.0, 0.0)","(0.0, 0.0, 0.0)","(0.0, 0.0, 0.0)","(0.0, 0.0, 0.0)",0,0,0,0,0,0,False,0,0,0,0,0,0,0,0,"(0.0, 6.0, 1554.7)","(0.2, 0.0, 0.0, 1.0)"
0,938601.3,0,0,0,0,0,0,0,0,0,"(0.0, 0.0)","(0.0, 0.0)","(0.0, 0.0)","(0.0, 0.0, 0.0)","(0.0, 0.0, 0.0)","(0.0, 0.0, 0.0)","(0.0, 0.0, 0.0)","(0.0, 0.0, 0.0)","(0.0, 0.0, 0.0)",0,0,0,0,0,0,False,0,0,0,0,0,0,0,0,"(0.0, 6.0, 1555.1)","(0.2, 0.0, 0.0, 1.0)"
0,938621.2,0,0,0,0,0,0,0,0,0,"(0.0, 0.0)","(0.0, 0.0)","(0.0, 0.0)","(0.0, 0.0, 0.0)","(0.0, 0.0, 0.0)","(0.0, 0.0, 0.0)","(0.0, 0.0, 0.0)","(0.0, 0.0, 0.0)","(0.0, 0.0, 0.0)",0,0,0,0,0,0,False,0,0,0,0,0,0,0,0,"(0.0, 6.0, 1555.6)","(0.2, 0.0, 0.0, 1.0)"
0,938641.9,0,0,0,0,0,0,0,0,0,"(0.0, 0.0)","(0.0, 0.0)","(0.0, 0.0)","(0.0, 0.0, 0.0)","(0.0, 0.0, 0.0)","(0.0, 0.0, 0.0)","(0.0, 0.0, 0.0)","(0.0, 0.0, 0.0)","(0.0, 0.0, 0.0)",0,0,0,0,0,0,False,0,0,0,0,0,0,0,0,"(0.0, 6.0, 1556.0)","(0.2, 0.0, 0.0, 1.0)"
0,938662.9,0,0,0,0,0,0,0,0,0,"(0.0, 0.0)","(0.0, 0.0)","(0.0, 0.0)","(0.0, 0.0, 0.0)","(0.0, 0.0, 0.0)","(0.0, 0.0, 0.0)","(0.0, 0.0, 0.0)","(0.0, 0.0, 0.0)","(0.0, 0.0, 0.0)",0,0,0,0,0,0,False,0,0,0,0,0,0,0,0,"(0.0, 6.0, 1556.4)","(0.2, 0.0, 0.0, 1.0)"
0,938690.4,0,0,0,0,0,0,0,0,0,"(0.0, 0.0)","(0.0, 0.0)","(0.0, 0.0)","(0.0, 0.0, 0.0)","(0.0, 0.0, 0.0)","(0.0, 0.0, 0.0)","(0.0, 0.0, 0.0)","(0.0, 0.0, 0.0)","(0.0, 0.0, 0.0)",0,0,0,0,0,0,False,0,0,0,0,0,0,0,0,"(0.0, 6.0, 1556.8)","(0.2, 0.0, 0.0, 1.0)"
0,938709.4,0,0,0,0,0,0,0,0,0,"(0.0, 0.0)","(0.0, 0.0)","(0.0, 0.0)","(0.0, 0.0, 0.0)","(0.0, 0.0, 0.0)","(0.0, 0.0, 0.0)","(0.0, 0.0, 0.0)","(0.0, 0.0, 0.0)","(0.0, 0.0, 0.0)",0,0,0,0,0,0,False,0,0,0,0,0,0,0,0,"(0.0, 6.0, 1557.3)","(0.2, 0.0, 0.0, 1.0)"
0,938729.1,0,0,0,0,0,0,0,0,0,"(0.0, 0.0)","(0.0, 0.0)","(0.0, 0.0)","(0.0, 0.0, 0.0)","(0.0, 0.0, 0.0)","(0.0, 0.0, 0.0)","(0.0, 0.0, 0.0)","(0.0, 0.0, 0.0)","(0.0, 0.0, 0.0)",0,0,0,0,0,0,False,0,0,0,0,0,0,0,0,"(0.0, 6.0, 1557.7)","(0.2, 0.0, 0.0, 1.0)"
0,938750.3,0,0,0,0,0,0,0,0,0,"(0.0, 0.0)","(0.0, 0.0)","(0.0, 0.0)","(0.0, 0.0, 0.0)","(0.0, 0.0, 0.0)","(0.0, 0.0, 0.0)","(0.0, 0.0, 0.0)","(0.0, 0.0, 0.0)","(0.0, 0.0, 0.0)",0,0,0,0,0,0,False,0,0,0,0,0,0,0,0,"(0.0, 6.0, 1558.1)","(0.2, 0.0, 0.0, 1.0)"
0,938771.3,0,0,0,0,0,0,0,0,0,"(0.0, 0.0)","(0.0, 0.0)","(0.0, 0.0)","(0.0, 0.0, 0.0)","(0.0, 0.0, 0.0)","(0.0, 0.0, 0.0)","(0.0, 0.0, 0.0)","(0.0, 0.0, 0.0)","(0.0, 0.0, 0.0)",0,0,0,0,0,0,False,0,0,0,0,0,0,0,0,"(0.0, 6.0, 1558.5)","(0.2, 0.0, 0.0, 1.0)"
0,938791.3,0,0,0,0,0,0,0,0,0,"(0.0, 0.0)","(0.0, 0.0)","(0.0, 0.0)","(0.0, 0.0, 0.0)","(0.0, 0.0, 0.0)","(0.0, 0.0, 0.0)","(0.0, 0.0, 0.0)","(0.0, 0.0, 0.0)","(0.0, 0.0, 0.0)",0,0,0,0,0,0,False,0,0,0,0,0,0,0,0,"(0.0, 6.0, 1558.9)","(0.2, 0.0, 0.0, 1.0)"
0,938809.9,0,0,0,0,0,0,0,0,0,"(0.0, 0.0)","(0.0, 0.0)","(0.0, 0.0)","(0.0, 0.0, 0.0)","(0.0, 0.0, 0.0)","(0.0, 0.0, 0.0)","(0.0, 0.0, 0.0)","(0.0, 0.0, 0.0)","(0.0, 0.0, 0.0)",0,0,0,0,0,0,False,0,0,0,0,0,0,0,0,"(0.0, 6.0, 1559.3)","(0.2, 0.0, 0.0, 1.0)"
0,938832.3,0,0,0,0,0,0,0,0,0,"(0.0, 0.0)","(0.0, 0.0)","(0.0, 0.0)","(0.0, 0.0, 0.0)","(0.0, 0.0, 0.0)","(0.0, 0.0, 0.0)","(0.0, 0.0, 0.0)","(0.0, 0.0, 0.0)","(0.0, 0.0, 0.0)",0,0,0,0,0,0,False,0,0,0,0,0,0,0,0,"(0.0, 6.0, 1559.7)","(0.2, 0.0, 0.0, 1.0)"
0,938855.1,0,0,0,0,0,0,0,0,0,"(0.0, 0.0)","(0.0, 0.0)","(0.0, 0.0)","(0.0, 0.0, 0.0)","(0.0, 0.0, 0.0)","(0.0, 0.0, 0.0)","(0.0, 0.0, 0.0)","(0.0, 0.0, 0.0)","(0.0, 0.0, 0.0)",0,0,0,0,0,0,False,0,0,0,0,0,0,0,0,"(0.0, 6.0, 1560.1)","(0.2, 0.0, 0.0, 1.0)"
0,938873.4,0,0,0,0,0,0,0,0,0,"(0.0, 0.0)","(0.0, 0.0)","(0.0, 0.0)","(0.0, 0.0, 0.0)","(0.0, 0.0, 0.0)","(0.0, 0.0, 0.0)","(0.0, 0.0, 0.0)","(0.0, 0.0, 0.0)","(0.0, 0.0, 0.0)",0,0,0,0,0,0,False,0,0,0,0,0,0,0,0,"(0.0, 6.0, 1560.5)","(0.2, 0.0, 0.0, 1.0)"
0,938896.9,0,0,0,0,0,0,0,0,0,"(0.0, 0.0)","(0.0, 0.0)","(0.0, 0.0)","(0.0, 0.0, 0.0)","(0.0, 0.0, 0.0)","(0.0, 0.0, 0.0)","(0.0, 0.0, 0.0)","(0.0, 0.0, 0.0)","(0.0, 0.0, 0.0)",0,0,0,0,0,0,False,0,0,0,0,0,0,0,0,"(0.0, 6.0, 1560.9)","(0.2, 0.0, 0.0, 1.0)"
0,938917.7,0,0,0,0,0,0,0,0,0,"(0.0, 0.0)","(0.0, 0.0)","(0.0, 0.0)","(0.0, 0.0, 0.0)","(0.0, 0.0, 0.0)","(0.0, 0.0, 0.0)","(0.0, 0.0, 0.0)","(0.0, 0.0, 0.0)","(0.0, 0.0, 0.0)",0,0,0,0,0,0,False,0,0,0,0,0,0,0,0,"(0.0, 6.0, 1561.3)","(0.2, 0.0, 0.0, 1.0)"
0,938937.3,0,0,0,0,0,0,0,0,0,"(0.0, 0.0)","(0.0, 0.0)","(0.0, 0.0)","(0.0, 0.0, 0.0)","(0.0, 0.0, 0.0)","(0.0, 0.0, 0.0)","(0.0, 0.0, 0.0)","(0.0, 0.0, 0.0)","(0.0, 0.0, 0.0)",0,0,0,0,0,0,False,0,0,0,0,0,0,0,0,"(0.0, 6.0, 1561.7)","(0.2, 0.0, 0.0, 1.0)"
0,938956.9,0,0,0,0,0,0,0,0,0,"(0.0, 0.0)","(0.0, 0.0)","(0.0, 0.0)","(0.0, 0.0, 0.0)","(0.0, 0.0, 0.0)","(0.0, 0.0, 0.0)","(0.0, 0.0, 0.0)","(0.0, 0.0, 0.0)","(0.0, 0.0, 0.0)",0,0,0,0,0,0,False,0,0,0,0,0,0,0,0,"(0.0, 6.0, 1562.1)","(0.2, 0.0, 0.0, 1.0)"
0,938976.9,0,0,0,0,0,0,0,0,0,"(0.0, 0.0)","(0.0, 0.0)","(0.0, 0.0)","(0.0, 0.0, 0.0)","(0.0, 0.0, 0.0)","(0.0, 0.0, 0.0)","(0.0, 0.0, 0.0)","(0.0, 0.0, 0.0)","(0.0, 0.0, 0.0)",0,0,0,0,0,0,False,0,0,0,0,0,0,0,0,"(0.0, 6.0, 1562.5)","(0.2, 0.0, 0.0, 1.0)"
0,938999.1,0,0,0,0,0,0,0,0,0,"(0.0, 0.0)","(0.0, 0.0)","(0.0, 0.0)","(0.0, 0.0, 0.0)","(0.0, 0.0, 0.0)","(0.0, 0.0, 0.0)","(0.0, 0.0, 0.0)","(0.0, 0.0, 0.0)","(0.0, 0.0, 0.0)",0,0,0,0,0,0,False,0,0,0,0,0,0,0,0,"(0.0, 6.0, 1562.9)","(0.2, 0.0, 0.0, 1.0)"
0,939023.7,0,0,0,0,0,0,0,0,0,"(0.0, 0.0)","(0.0, 0.0)","(0.0, 0.0)","(0.0, 0.0, 0.0)","(0.0, 0.0, 0.0)","(0.0, 0.0, 0.0)","(0.0, 0.0, 0.0)","(0.0, 0.0, 0.0)","(0.0, 0.0, 0.0)",0,0,0,0,0,0,False,0,0,0,0,0,0,0,0,"(0.0, 6.0, 1563.4)","(0.2, 0.0, 0.0, 1.0)"
0,939043.2,0,0,0,0,0,0,0,0,0,"(0.0, 0.0)","(0.0, 0.0)","(0.0, 0.0)","(0.0, 0.0, 0.0)","(0.0, 0.0, 0.0)","(0.0, 0.0, 0.0)","(0.0, 0.0, 0.0)","(0.0, 0.0, 0.0)","(0.0, 0.0, 0.0)",0,0,0,0,0,0,False,0,0,0,0,0,0,0,0,"(0.0, 6.0, 1563.8)","(0.2, 0.0, 0.0, 1.0)"
0,939061.9,0,0,0,0,0,0,0,0,0,"(0.0, 0.0)","(0.0, 0.0)","(0.0, 0.0)","(0.0, 0.0, 0.0)","(0.0, 0.0, 0.0)","(0.0, 0.0, 0.0)","(0.0, 0.0, 0.0)","(0.0, 0.0, 0.0)","(0.0, 0.0, 0.0)",0,0,0,0,0,0,False,0,0,0,0,0,0,0,0,"(0.0, 6.0, 1564.2)","(0.2, 0.0, 0.0, 1.0)"
0,939085.2,0,0,0,0,0,0,0,0,0,"(0.0, 0.0)","(0.0, 0.0)","(0.0, 0.0)","(0.0, 0.0, 0.0)","(0.0, 0.0, 0.0)","(0.0, 0.0, 0.0)","(0.0, 0.0, 0.0)","(0.0, 0.0, 0.0)","(0.0, 0.0, 0.0)",0,0,0,0,0,0,False,0,0,0,0,0,0,0,0,"(0.0, 6.0, 1564.6)","(0.2, 0.0, 0.0, 1.0)"
0,939103.7,0,0,0,0,0,0,0,0,0,"(0.0, 0.0)","(0.0, 0.0)","(0.0, 0.0)","(0.0, 0.0, 0.0)","(0.0, 0.0, 0.0)","(0.0, 0.0, 0.0)","(0.0, 0.0, 0.0)","(0.0, 0.0, 0.0)","(0.0, 0.0, 0.0)",0,0,0,0,0,0,False,0,0,0,0,0,0,0,0,"(0.0, 6.0, 1565.0)","(0.2, 0.0, 0.0, 1.0)"
0,939123.5,0,0,0,0,0,0,0,0,0,"(0.0, 0.0)","(0.0, 0.0)","(0.0, 0.0)","(0.0, 0.0, 0.0)","(0.0, 0.0, 0.0)","(0.0, 0.0, 0.0)","(0.0, 0.0, 0.0)","(0.0, 0.0, 0.0)","(0.0, 0.0, 0.0)",0,0,0,0,0,0,False,0,0,0,0,0,0,0,0,"(0.0, 6.0, 1565.3)","(0.2, 0.0, 0.0, 1.0)"
0,939143.4,0,0,0,0,0,0,0,0,0,"(0.0, 0.0)","(0.0, 0.0)","(0.0, 0.0)","(0.0, 0.0, 0.0)","(0.0, 0.0, 0.0)","(0.0, 0.0, 0.0)","(0.0, 0.0, 0.0)","(0.0, 0.0, 0.0)","(0.0, 0.0, 0.0)",0,0,0,0,0,0,False,0,0,0,0,0,0,0,0,"(0.0, 6.0, 1565.7)","(0.2, 0.0, 0.0, 1.0)"
0,939168.1,0,0,0,0,0,0,0,0,0,"(0.0, 0.0)","(0.0, 0.0)","(0.0, 0.0)","(0.0, 0.0, 0.0)","(0.0, 0.0, 0.0)","(0.0, 0.0, 0.0)","(0.0, 0.0, 0.0)","(0.0, 0.0, 0.0)","(0.0, 0.0, 0.0)",0,0,0,0,0,0,False,0,0,0,0,0,0,0,0,"(0.0, 6.0, 1566.1)","(0.2, 0.0, 0.0, 1.0)"
0,939186.6,0,0,0,0,0,0,0,0,0,"(0.0, 0.0)","(0.0, 0.0)","(0.0, 0.0)","(0.0, 0.0, 0.0)","(0.0, 0.0, 0.0)","(0.0, 0.0, 0.0)","(0.0, 0.0, 0.0)","(0.0, 0.0, 0.0)","(0.0, 0.0, 0.0)",0,0,0,0,0,0,False,0,0,0,0,0,0,0,0,"(0.0, 6.0, 1566.5)","(0.2, 0.0, 0.0, 1.0)"
0,939205.5,0,0,0,0,0,0,0,0,0,"(0.0, 0.0)","(0.0, 0.0)","(0.0, 0.0)","(0.0, 0.0, 0.0)","(0.0, 0.0, 0.0)","(0.0, 0.0, 0.0)","(0.0, 0.0, 0.0)","(0.0, 0.0, 0.0)","(0.0, 0.0, 0.0)",0,0,0,0,0,0,False,0,0,0,0,0,0,0,0,"(0.0, 6.0, 1566.9)","(0.2, 0.0, 0.0, 1.0)"
0,939225.4,0,0,0,0,0,0,0,0,0,"(0.0, 0.0)","(0.0, 0.0)","(0.0, 0.0)","(0.0, 0.0, 0.0)","(0.0, 0.0, 0.0)","(0.0, 0.0, 0.0)","(0.0, 0.0, 0.0)","(0.0, 0.0, 0.0)","(0.0, 0.0, 0.0)",0,0,0,0,0,0,False,0,0,0,0,0,0,0,0,"(0.0, 6.0, 1567.3)","(0.2, 0.0, 0.0, 1.0)"
0,939249.2,0,0,0,0,0,0,0,0,0,"(0.0, 0.0)","(0.0, 0.0)","(0.0, 0.0)","(0.0, 0.0, 0.0)","(0.0, 0.0, 0.0)","(0.0, 0.0, 0.0)","(0.0, 0.0, 0.0)","(0.0, 0.0, 0.0)","(0.0, 0.0, 0.0)",0,0,0,0,0,0,False,0,0,0,0,0,0,0,0,"(0.0, 6.0, 1567.7)","(0.2, 0.0, 0.0, 1.0)"
0,939269.8,0,0,0,0,0,0,0,0,0,"(0.0, 0.0)","(0.0, 0.0)","(0.0, 0.0)","(0.0, 0.0, 0.0)","(0.0, 0.0, 0.0)","(0.0, 0.0, 0.0)","(0.0, 0.0, 0.0)","(0.0, 0.0, 0.0)","(0.0, 0.0, 0.0)",0,0,0,0,0,0,False,0,0,0,0,0,0,0,0,"(0.0, 6.0, 1568.1)","(0.2, 0.0, 0.0, 1.0)"
0,939289.1,0,0,0,0,0,0,0,0,0,"(0.0, 0.0)","(0.0, 0.0)","(0.0, 0.0)","(0.0, 0.0, 0.0)","(0.0, 0.0, 0.0)","(0.0, 0.0, 0.0)","(0.0, 0.0, 0.0)","(0.0, 0.0, 0.0)","(0.0, 0.0, 0.0)",0,0,0,0,0,0,False,0,0,0,0,0,0,0,0,"(0.0, 6.0, 1568.5)","(0.2, 0.0, 0.0, 1.0)"
0,939309.1,0,0,0,0,0,0,0,0,0,"(0.0, 0.0)","(0.0, 0.0)","(0.0, 0.0)","(0.0, 0.0, 0.0)","(0.0, 0.0, 0.0)","(0.0, 0.0, 0.0)","(0.0, 0.0, 0.0)","(0.0, 0.0, 0.0)","(0.0, 0.0, 0.0)",0,0,0,0,0,0,False,0,0,0,0,0,0,0,0,"(0.0, 6.0, 1568.9)","(0.2, 0.0, 0.0, 1.0)"
0,939333.6,0,0,0,0,0,0,0,0,0,"(0.0, 0.0)","(0.0, 0.0)","(0.0, 0.0)","(0.0, 0.0, 0.0)","(0.0, 0.0, 0.0)","(0.0, 0.0, 0.0)","(0.0, 0.0, 0.0)","(0.0, 0.0, 0.0)","(0.0, 0.0, 0.0)",0,0,0,0,0,0,False,0,0,0,0,0,0,0,0,"(0.0, 6.0, 1569.3)","(0.2, 0.0, 0.0, 1.0)"
0,939355.4,0,0,0,0,0,0,0,0,0,"(0.0, 0.0)","(0.0, 0.0)","(0.0, 0.0)","(0.0, 0.0, 0.0)","(0.0, 0.0, 0.0)","(0.0, 0.0, 0.0)","(0.0, 0.0, 0.0)","(0.0, 0.0, 0.0)","(0.0, 0.0, 0.0)",0,0,0,0,0,0,False,0,0,0,0,0,0,0,0,"(0.0, 6.0, 1569.7)","(0.2, 0.0, 0.0, 1.0)"
0,939374.7,0,0,0,0,0,0,0,0,0,"(0.0, 0.0)","(0.0, 0.0)","(0.0, 0.0)","(0.0, 0.0, 0.0)","(0.0, 0.0, 0.0)","(0.0, 0.0, 0.0)","(0.0, 0.0, 0.0)","(0.0, 0.0, 0.0)","(0.0, 0.0, 0.0)",0,0,0,0,0,0,False,0,0,0,0,0,0,0,0,"(0.0, 6.0, 1570.1)","(0.2, 0.0, 0.0, 1.0)"
0,939398.1,0,0,0,0,0,0,0,0,0,"(0.0, 0.0)","(0.0, 0.0)","(0.0, 0.0)","(0.0, 0.0, 0.0)","(0.0, 0.0, 0.0)","(0.0, 0.0, 0.0)","(0.0, 0.0, 0.0)","(0.0, 0.0, 0.0)","(0.0, 0.0, 0.0)",0,0,0,0,0,0,False,0,0,0,0,0,0,0,0,"(0.0, 6.0, 1570.5)","(0.2, 0.0, 0.0, 1.0)"
0,939419.3,0,0,0,0,0,0,0,0,0,"(0.0, 0.0)","(0.0, 0.0)","(0.0, 0.0)","(0.0, 0.0, 0.0)","(0.0, 0.0, 0.0)","(0.0, 0.0, 0.0)","(0.0, 0.0, 0.0)","(0.0, 0.0, 0.0)","(0.0, 0.0, 0.0)",0,0,0,0,0,0,False,0,0,0,0,0,0,0,0,"(0.0, 6.0, 1570.9)","(0.2, 0.0, 0.0, 1.0)"
0,939441.8,0,0,0,0,0,0,0,0,0,"(0.0, 0.0)","(0.0, 0.0)","(0.0, 0.0)","(0.0, 0.0, 0.0)","(0.0, 0.0, 0.0)","(0.0, 0.0, 0.0)","(0.0, 0.0, 0.0)","(0.0, 0.0, 0.0)","(0.0, 0.0, 0.0)",0,0,0,0,0,0,False,0,0,0,0,0,0,0,0,"(0.0, 6.0, 1571.3)","(0.2, 0.0, 0.0, 1.0)"
0,939464.4,0,0,0,0,0,0,0,0,0,"(0.0, 0.0)","(0.0, 0.0)","(0.0, 0.0)","(0.0, 0.0, 0.0)","(0.0, 0.0, 0.0)","(0.0, 0.0, 0.0)","(0.0, 0.0, 0.0)","(0.0, 0.0, 0.0)","(0.0, 0.0, 0.0)",0,0,0,0,0,0,False,0,0,0,0,0,0,0,0,"(0.0, 6.0, 1571.7)","(0.2, 0.0, 0.0, 1.0)"
0,939489.8,0,0,0,0,0,0,0,0,0,"(0.0, 0.0)","(0.0, 0.0)","(0.0, 0.0)","(0.0, 0.0, 0.0)","(0.0, 0.0, 0.0)","(0.0, 0.0, 0.0)","(0.0, 0.0, 0.0)","(0.0, 0.0, 0.0)","(0.0, 0.0, 0.0)",0,0,0,0,0,0,False,0,0,0,0,0,0,0,0,"(0.0, 6.0, 1572.1)","(0.2, 0.0, 0.0, 1.0)"
0,939509.7,0,0,0,0,0,0,0,0,0,"(0.0, 0.0)","(0.0, 0.0)","(0.0, 0.0)","(0.0, 0.0, 0.0)","(0.0, 0.0, 0.0)","(0.0, 0.0, 0.0)","(0.0, 0.0, 0.0)","(0.0, 0.0, 0.0)","(0.0, 0.0, 0.0)",0,0,0,0,0,0,False,0,0,0,0,0,0,0,0,"(0.0, 6.0, 1572.5)","(0.2, 0.0, 0.0, 1.0)"
0,939531.1,0,0,0,0,0,0,0,0,0,"(0.0, 0.0)","(0.0, 0.0)","(0.0, 0.0)","(0.0, 0.0, 0.0)","(0.0, 0.0, 0.0)","(0.0, 0.0, 0.0)","(0.0, 0.0, 0.0)","(0.0, 0.0, 0.0)","(0.0, 0.0, 0.0)",0,0,0,0,0,0,False,0,0,0,0,0,0,0,0,"(0.0, 6.0, 1573.0)","(0.2, 0.0, 0.0, 1.0)"
0,939553.4,0,0,0,0,0,0,0,0,0,"(0.0, 0.0)","(0.0, 0.0)","(0.0, 0.0)","(0.0, 0.0, 0.0)","(0.0, 0.0, 0.0)","(0.0, 0.0, 0.0)","(0.0, 0.0, 0.0)","(0.0, 0.0, 0.0)","(0.0, 0.0, 0.0)",0,0,0,0,0,0,False,0,0,0,0,0,0,0,0,"(0.0, 6.0, 1573.4)","(0.2, 0.0, 0.0, 1.0)"
0,939575.2,0,0,0,0,0,0,0,0,0,"(0.0, 0.0)","(0.0, 0.0)","(0.0, 0.0)","(0.0, 0.0, 0.0)","(0.0, 0.0, 0.0)","(0.0, 0.0, 0.0)","(0.0, 0.0, 0.0)","(0.0, 0.0, 0.0)","(0.0, 0.0, 0.0)",0,0,0,0,0,0,False,0,0,0,0,0,0,0,0,"(0.0, 6.0, 1573.8)","(0.2, 0.0, 0.0, 1.0)"
0,939597.9,0,0,0,0,0,0,0,0,0,"(0.0, 0.0)","(0.0, 0.0)","(0.0, 0.0)","(0.0, 0.0, 0.0)","(0.0, 0.0, 0.0)","(0.0, 0.0, 0.0)","(0.0, 0.0, 0.0)","(0.0, 0.0, 0.0)","(0.0, 0.0, 0.0)",0,0,0,0,0,0,False,0,0,0,0,0,0,0,0,"(0.0, 6.0, 1574.2)","(0.2, 0.0, 0.0, 1.0)"
0,939620,0,0,0,0,0,0,0,0,0,"(0.0, 0.0)","(0.0, 0.0)","(0.0, 0.0)","(0.0, 0.0, 0.0)","(0.0, 0.0, 0.0)","(0.0, 0.0, 0.0)","(0.0, 0.0, 0.0)","(0.0, 0.0, 0.0)","(0.0, 0.0, 0.0)",0,0,0,0,0,0,False,0,0,0,0,0,0,0,0,"(0.0, 6.0, 1574.6)","(0.2, 0.0, 0.0, 1.0)"
0,939641.5,0,0,0,0,0,0,0,0,0,"(0.0, 0.0)","(0.0, 0.0)","(0.0, 0.0)","(0.0, 0.0, 0.0)","(0.0, 0.0, 0.0)","(0.0, 0.0, 0.0)","(0.0, 0.0, 0.0)","(0.0, 0.0, 0.0)","(0.0, 0.0, 0.0)",0,0,0,0,0,0,False,0,0,0,0,0,0,0,0,"(0.0, 6.0, 1575.0)","(0.2, 0.0, 0.0, 1.0)"
0,939667.4,0,0,0,0,0,0,0,0,0,"(0.0, 0.0)","(0.0, 0.0)","(0.0, 0.0)","(0.0, 0.0, 0.0)","(0.0, 0.0, 0.0)","(0.0, 0.0, 0.0)","(0.0, 0.0, 0.0)","(0.0, 0.0, 0.0)","(0.0, 0.0, 0.0)",0,0,0,0,0,0,False,0,0,0,0,0,0,0,0,"(0.0, 6.0, 1575.4)","(0.2, 0.0, 0.0, 1.0)"
0,939687.5,0,0,0,0,0,0,0,0,0,"(0.0, 0.0)","(0.0, 0.0)","(0.0, 0.0)","(0.0, 0.0, 0.0)","(0.0, 0.0, 0.0)","(0.0, 0.0, 0.0)","(0.0, 0.0, 0.0)","(0.0, 0.0, 0.0)","(0.0, 0.0, 0.0)",0,0,0,0,0,0,False,0,0,0,0,0,0,0,0,"(0.0, 6.0, 1575.9)","(0.2, 0.0, 0.0, 1.0)"
0,939707.9,0,0,0,0,0,0,0,0,0,"(0.0, 0.0)","(0.0, 0.0)","(0.0, 0.0)","(0.0, 0.0, 0.0)","(0.0, 0.0, 0.0)","(0.0, 0.0, 0.0)","(0.0, 0.0, 0.0)","(0.0, 0.0, 0.0)","(0.0, 0.0, 0.0)",0,0,0,0,0,0,False,0,0,0,0,0,0,0,0,"(0.0, 6.0, 1576.3)","(0.2, 0.0, 0.0, 1.0)"
0,939734.6,0,0,0,0,0,0,0,0,0,"(0.0, 0.0)","(0.0, 0.0)","(0.0, 0.0)","(0.0, 0.0, 0.0)","(0.0, 0.0, 0.0)","(0.0, 0.0, 0.0)","(0.0, 0.0, 0.0)","(0.0, 0.0, 0.0)","(0.0, 0.0, 0.0)",0,0,0,0,0,0,False,0,0,0,0,0,0,0,0,"(0.0, 6.0, 1576.7)","(0.2, 0.0, 0.0, 1.0)"
0,939754.5,0,0,0,0,0,0,0,0,0,"(0.0, 0.0)","(0.0, 0.0)","(0.0, 0.0)","(0.0, 0.0, 0.0)","(0.0, 0.0, 0.0)","(0.0, 0.0, 0.0)","(0.0, 0.0, 0.0)","(0.0, 0.0, 0.0)","(0.0, 0.0, 0.0)",0,0,0,0,0,0,False,0,0,0,0,0,0,0,0,"(0.0, 6.0, 1577.1)","(0.2, 0.0, 0.0, 1.0)"
0,939772.6,0,0,0,0,0,0,0,0,0,"(0.0, 0.0)","(0.0, 0.0)","(0.0, 0.0)","(0.0, 0.0, 0.0)","(0.0, 0.0, 0.0)","(0.0, 0.0, 0.0)","(0.0, 0.0, 0.0)","(0.0, 0.0, 0.0)","(0.0, 0.0, 0.0)",0,0,0,0,0,0,False,0,0,0,0,0,0,0,0,"(0.0, 6.0, 1577.5)","(0.2, 0.0, 0.0, 1.0)"
0,939792.2,0,0,0,0,0,0,0,0,0,"(0.0, 0.0)","(0.0, 0.0)","(0.0, 0.0)","(0.0, 0.0, 0.0)","(0.0, 0.0, 0.0)","(0.0, 0.0, 0.0)","(0.0, 0.0, 0.0)","(0.0, 0.0, 0.0)","(0.0, 0.0, 0.0)",0,0,0,0,0,0,False,0,0,0,0,0,0,0,0,"(0.0, 6.0, 1577.9)","(0.2, 0.0, 0.0, 1.0)"
0,939812.3,0,0,0,0,0,0,0,0,0,"(0.0, 0.0)","(0.0, 0.0)","(0.0, 0.0)","(0.0, 0.0, 0.0)","(0.0, 0.0, 0.0)","(0.0, 0.0, 0.0)","(0.0, 0.0, 0.0)","(0.0, 0.0, 0.0)","(0.0, 0.0, 0.0)",0,0,0,0,0,0,False,0,0,0,0,0,0,0,0,"(0.0, 6.0, 1578.3)","(0.2, 0.0, 0.0, 1.0)"
0,939833.3,0,0,0,0,0,0,0,0,0,"(0.0, 0.0)","(0.0, 0.0)","(0.0, 0.0)","(0.0, 0.0, 0.0)","(0.0, 0.0, 0.0)","(0.0, 0.0, 0.0)","(0.0, 0.0, 0.0)","(0.0, 0.0, 0.0)","(0.0, 0.0, 0.0)",0,0,0,0,0,0,False,0,0,0,0,0,0,0,0,"(0.0, 6.0, 1578.8)","(0.2, 0.0, 0.0, 1.0)"
0,939857.9,0,0,0,0,0,0,0,0,0,"(0.0, 0.0)","(0.0, 0.0)","(0.0, 0.0)","(0.0, 0.0, 0.0)","(0.0, 0.0, 0.0)","(0.0, 0.0, 0.0)","(0.0, 0.0, 0.0)","(0.0, 0.0, 0.0)","(0.0, 0.0, 0.0)",0,0,0,0,0,0,False,0,0,0,0,0,0,0,0,"(0.0, 6.0, 1579.2)","(0.2, 0.0, 0.0, 1.0)"
0,939876.8,0,0,0,0,0,0,0,0,0,"(0.0, 0.0)","(0.0, 0.0)","(0.0, 0.0)","(0.0, 0.0, 0.0)","(0.0, 0.0, 0.0)","(0.0, 0.0, 0.0)","(0.0, 0.0, 0.0)","(0.0, 0.0, 0.0)","(0.0, 0.0, 0.0)",0,0,0,0,0,0,False,0,0,0,0,0,0,0,0,"(0.0, 6.0, 1579.6)","(0.2, 0.0, 0.0, 1.0)"
0,939897.1,0,0,0,0,0,0,0,0,0,"(0.0, 0.0)","(0.0, 0.0)","(0.0, 0.0)","(0.0, 0.0, 0.0)","(0.0, 0.0, 0.0)","(0.0, 0.0, 0.0)","(0.0, 0.0, 0.0)","(0.0, 0.0, 0.0)","(0.0, 0.0, 0.0)",0,0,0,0,0,0,False,0,0,0,0,0,0,0,0,"(0.0, 6.0, 1580.0)","(0.2, 0.0, 0.0, 1.0)"
0,939918,0,0,0,0,0,0,0,0,0,"(0.0, 0.0)","(0.0, 0.0)","(0.0, 0.0)","(0.0, 0.0, 0.0)","(0.0, 0.0, 0.0)","(0.0, 0.0, 0.0)","(0.0, 0.0, 0.0)","(0.0, 0.0, 0.0)","(0.0, 0.0, 0.0)",0,0,0,0,0,0,False,0,0,0,0,0,0,0,0,"(0.0, 6.0, 1580.4)","(0.2, 0.0, 0.0, 1.0)"
0,939936.4,0,0,0,0,0,0,0,0,0,"(0.0, 0.0)","(0.0, 0.0)","(0.0, 0.0)","(0.0, 0.0, 0.0)","(0.0, 0.0, 0.0)","(0.0, 0.0, 0.0)","(0.0, 0.0, 0.0)","(0.0, 0.0, 0.0)","(0.0, 0.0, 0.0)",0,0,0,0,0,0,False,0,0,0,0,0,0,0,0,"(0.0, 6.0, 1580.8)","(0.2, 0.0, 0.0, 1.0)"
0,939956.5,0,0,0,0,0,0,0,0,0,"(0.0, 0.0)","(0.0, 0.0)","(0.0, 0.0)","(0.0, 0.0, 0.0)","(0.0, 0.0, 0.0)","(0.0, 0.0, 0.0)","(0.0, 0.0, 0.0)","(0.0, 0.0, 0.0)","(0.0, 0.0, 0.0)",0,0,0,0,0,0,False,0,0,0,0,0,0,0,0,"(0.0, 6.0, 1581.2)","(0.2, 0.0, 0.0, 1.0)"
0,939984.1,0,0,0,0,0,0,0,0,0,"(0.0, 0.0)","(0.0, 0.0)","(0.0, 0.0)","(0.0, 0.0, 0.0)","(0.0, 0.0, 0.0)","(0.0, 0.0, 0.0)","(0.0, 0.0, 0.0)","(0.0, 0.0, 0.0)","(0.0, 0.0, 0.0)",0,0,0,0,0,0,False,0,0,0,0,0,0,0,0,"(0.0, 6.0, 1581.6)","(0.2, 0.0, 0.0, 1.0)"
0,940003.7,0,0,0,0,0,0,0,0,0,"(0.0, 0.0)","(0.0, 0.0)","(0.0, 0.0)","(0.0, 0.0, 0.0)","(0.0, 0.0, 0.0)","(0.0, 0.0, 0.0)","(0.0, 0.0, 0.0)","(0.0, 0.0, 0.0)","(0.0, 0.0, 0.0)",0,0,0,0,0,0,False,0,0,0,0,0,0,0,0,"(0.0, 6.0, 1582.0)","(0.2, 0.0, 0.0, 1.0)"
0,940022.8,0,0,0,0,0,0,0,0,0,"(0.0, 0.0)","(0.0, 0.0)","(0.0, 0.0)","(0.0, 0.0, 0.0)","(0.0, 0.0, 0.0)","(0.0, 0.0, 0.0)","(0.0, 0.0, 0.0)","(0.0, 0.0, 0.0)","(0.0, 0.0, 0.0)",0,0,0,0,0,0,False,0,0,0,0,0,0,0,0,"(0.0, 6.0, 1582.4)","(0.2, 0.0, 0.0, 1.0)"
0,940041.9,0,0,0,0,0,0,0,0,0,"(0.0, 0.0)","(0.0, 0.0)","(0.0, 0.0)","(0.0, 0.0, 0.0)","(0.0, 0.0, 0.0)","(0.0, 0.0, 0.0)","(0.0, 0.0, 0.0)","(0.0, 0.0, 0.0)","(0.0, 0.0, 0.0)",0,0,0,0,0,0,False,0,0,0,0,0,0,0,0,"(0.0, 6.0, 1582.8)","(0.2, 0.0, 0.0, 1.0)"
0,940062.2,0,0,0,0,0,0,0,0,0,"(0.0, 0.0)","(0.0, 0.0)","(0.0, 0.0)","(0.0, 0.0, 0.0)","(0.0, 0.0, 0.0)","(0.0, 0.0, 0.0)","(0.0, 0.0, 0.0)","(0.0, 0.0, 0.0)","(0.0, 0.0, 0.0)",0,0,0,0,0,0,False,0,0,0,0,0,0,0,0,"(0.0, 6.0, 1583.2)","(0.2, 0.0, 0.0, 1.0)"
0,940089.2,0,0,0,0,0,0,0,0,0,"(0.0, 0.0)","(0.0, 0.0)","(0.0, 0.0)","(0.0, 0.0, 0.0)","(0.0, 0.0, 0.0)","(0.0, 0.0, 0.0)","(0.0, 0.0, 0.0)","(0.0, 0.0, 0.0)","(0.0, 0.0, 0.0)",0,0,0,0,0,0,False,0,0,0,0,0,0,0,0,"(0.0, 6.0, 1583.6)","(0.2, 0.0, 0.0, 1.0)"
0,940108.2,0,0,0,0,0,0,0,0,0,"(0.0, 0.0)","(0.0, 0.0)","(0.0, 0.0)","(0.0, 0.0, 0.0)","(0.0, 0.0, 0.0)","(0.0, 0.0, 0.0)","(0.0, 0.0, 0.0)","(0.0, 0.0, 0.0)","(0.0, 0.0, 0.0)",0,0,0,0,0,0,False,0,0,0,0,0,0,0,0,"(0.0, 6.0, 1584.0)","(0.2, 0.0, 0.0, 1.0)"
0,940130.3,0,0,0,0,0,0,0,0,0,"(0.0, 0.0)","(0.0, 0.0)","(0.0, 0.0)","(0.0, 0.0, 0.0)","(0.0, 0.0, 0.0)","(0.0, 0.0, 0.0)","(0.0, 0.0, 0.0)","(0.0, 0.0, 0.0)","(0.0, 0.0, 0.0)",0,0,0,0,0,0,False,0,0,0,0,0,0,0,0,"(0.0, 6.0, 1584.4)","(0.2, 0.0, 0.0, 1.0)"
0,940152.8,0,0,0,0,0,0,0,0,0,"(0.0, 0.0)","(0.0, 0.0)","(0.0, 0.0)","(0.0, 0.0, 0.0)","(0.0, 0.0, 0.0)","(0.0, 0.0, 0.0)","(0.0, 0.0, 0.0)","(0.0, 0.0, 0.0)","(0.0, 0.0, 0.0)",0,0,0,0,0,0,False,0,0,0,0,0,0,0,0,"(0.0, 6.0, 1584.8)","(0.2, 0.0, 0.0, 1.0)"
0,940177.3,0,0,0,0,0,0,0,0,0,"(0.0, 0.0)","(0.0, 0.0)","(0.0, 0.0)","(0.0, 0.0, 0.0)","(0.0, 0.0, 0.0)","(0.0, 0.0, 0.0)","(0.0, 0.0, 0.0)","(0.0, 0.0, 0.0)","(0.0, 0.0, 0.0)",0,0,0,0,0,0,False,0,0,0,0,0,0,0,0,"(0.0, 6.0, 1585.2)","(0.2, 0.0, 0.0, 1.0)"
0,940197.1,0,0,0,0,0,0,0,0,0,"(0.0, 0.0)","(0.0, 0.0)","(0.0, 0.0)","(0.0, 0.0, 0.0)","(0.0, 0.0, 0.0)","(0.0, 0.0, 0.0)","(0.0, 0.0, 0.0)","(0.0, 0.0, 0.0)","(0.0, 0.0, 0.0)",0,0,0,0,0,0,False,0,0,0,0,0,0,0,0,"(0.0, 6.0, 1585.6)","(0.2, 0.0, 0.0, 1.0)"
0,940219,0,0,0,0,0,0,0,0,0,"(0.0, 0.0)","(0.0, 0.0)","(0.0, 0.0)","(0.0, 0.0, 0.0)","(0.0, 0.0, 0.0)","(0.0, 0.0, 0.0)","(0.0, 0.0, 0.0)","(0.0, 0.0, 0.0)","(0.0, 0.0, 0.0)",0,0,0,0,0,0,False,0,0,0,0,0,0,0,0,"(0.0, 6.0, 1586.0)","(0.2, 0.0, 0.0, 1.0)"
0,940241,0,0,0,0,0,0,0,0,0,"(0.0, 0.0)","(0.0, 0.0)","(0.0, 0.0)","(0.0, 0.0, 0.0)","(0.0, 0.0, 0.0)","(0.0, 0.0, 0.0)","(0.0, 0.0, 0.0)","(0.0, 0.0, 0.0)","(0.0, 0.0, 0.0)",0,0,0,0,0,0,False,0,0,0,0,0,0,0,0,"(0.0, 6.0, 1586.4)","(0.2, 0.0, 0.0, 1.0)"
0,940264.1,0,0,0,0,0,0,0,0,0,"(0.0, 0.0)","(0.0, 0.0)","(0.0, 0.0)","(0.0, 0.0, 0.0)","(0.0, 0.0, 0.0)","(0.0, 0.0, 0.0)","(0.0, 0.0, 0.0)","(0.0, 0.0, 0.0)","(0.0, 0.0, 0.0)",0,0,0,0,0,0,False,0,0,0,0,0,0,0,0,"(0.0, 6.0, 1586.9)","(0.2, 0.0, 0.0, 1.0)"
0,940286,0,0,0,0,0,0,0,0,0,"(0.0, 0.0)","(0.0, 0.0)","(0.0, 0.0)","(0.0, 0.0, 0.0)","(0.0, 0.0, 0.0)","(0.0, 0.0, 0.0)","(0.0, 0.0, 0.0)","(0.0, 0.0, 0.0)","(0.0, 0.0, 0.0)",0,0,0,0,0,0,False,0,0,0,0,0,0,0,0,"(0.0, 6.0, 1587.3)","(0.2, 0.0, 0.0, 1.0)"
0,940308.3,0,0,0,0,0,0,0,0,0,"(0.0, 0.0)","(0.0, 0.0)","(0.0, 0.0)","(0.0, 0.0, 0.0)","(0.0, 0.0, 0.0)","(0.0, 0.0, 0.0)","(0.0, 0.0, 0.0)","(0.0, 0.0, 0.0)","(0.0, 0.0, 0.0)",0,0,0,0,0,0,False,0,0,0,0,0,0,0,0,"(0.0, 6.0, 1587.7)","(0.2, 0.0, 0.0, 1.0)"
0,940334.1,0,0,0,0,0,0,0,0,0,"(0.0, 0.0)","(0.0, 0.0)","(0.0, 0.0)","(0.0, 0.0, 0.0)","(0.0, 0.0, 0.0)","(0.0, 0.0, 0.0)","(0.0, 0.0, 0.0)","(0.0, 0.0, 0.0)","(0.0, 0.0, 0.0)",0,0,0,0,0,0,False,0,0,0,0,0,0,0,0,"(0.0, 6.0, 1588.1)","(0.2, 0.0, 0.0, 1.0)"
0,940356,0,0,0,0,0,0,0,0,0,"(0.0, 0.0)","(0.0, 0.0)","(0.0, 0.0)","(0.0, 0.0, 0.0)","(0.0, 0.0, 0.0)","(0.0, 0.0, 0.0)","(0.0, 0.0, 0.0)","(0.0, 0.0, 0.0)","(0.0, 0.0, 0.0)",0,0,0,0,0,0,False,0,0,0,0,0,0,0,0,"(0.0, 6.0, 1588.5)","(0.2, 0.0, 0.0, 1.0)"
0,940375.6,0,0,0,0,0,0,0,0,0,"(0.0, 0.0)","(0.0, 0.0)","(0.0, 0.0)","(0.0, 0.0, 0.0)","(0.0, 0.0, 0.0)","(0.0, 0.0, 0.0)","(0.0, 0.0, 0.0)","(0.0, 0.0, 0.0)","(0.0, 0.0, 0.0)",0,0,0,0,0,0,False,0,0,0,0,0,0,0,0,"(0.0, 6.0, 1588.9)","(0.2, 0.0, 0.0, 1.0)"
0,940397.1,0,0,0,0,0,0,0,0,0,"(0.0, 0.0)","(0.0, 0.0)","(0.0, 0.0)","(0.0, 0.0, 0.0)","(0.0, 0.0, 0.0)","(0.0, 0.0, 0.0)","(0.0, 0.0, 0.0)","(0.0, 0.0, 0.0)","(0.0, 0.0, 0.0)",0,0,0,0,0,0,False,0,0,0,0,0,0,0,0,"(0.0, 6.0, 1589.4)","(0.2, 0.0, 0.0, 1.0)"
0,940419.4,0,0,0,0,0,0,0,0,0,"(0.0, 0.0)","(0.0, 0.0)","(0.0, 0.0)","(0.0, 0.0, 0.0)","(0.0, 0.0, 0.0)","(0.0, 0.0, 0.0)","(0.0, 0.0, 0.0)","(0.0, 0.0, 0.0)","(0.0, 0.0, 0.0)",0,0,0,0,0,0,False,0,0,0,0,0,0,0,0,"(0.0, 6.0, 1589.8)","(0.2, 0.0, 0.0, 1.0)"
0,940441.3,0,0,0,0,0,0,0,0,0,"(0.0, 0.0)","(0.0, 0.0)","(0.0, 0.0)","(0.0, 0.0, 0.0)","(0.0, 0.0, 0.0)","(0.0, 0.0, 0.0)","(0.0, 0.0, 0.0)","(0.0, 0.0, 0.0)","(0.0, 0.0, 0.0)",0,0,0,0,0,0,False,0,0,0,0,0,0,0,0,"(0.0, 6.0, 1590.2)","(0.2, 0.0, 0.0, 1.0)"
0,940463.9,0,0,0,0,0,0,0,0,0,"(0.0, 0.0)","(0.0, 0.0)","(0.0, 0.0)","(0.0, 0.0, 0.0)","(0.0, 0.0, 0.0)","(0.0, 0.0, 0.0)","(0.0, 0.0, 0.0)","(0.0, 0.0, 0.0)","(0.0, 0.0, 0.0)",0,0,0,0,0,0,False,0,0,0,0,0,0,0,0,"(0.0, 6.0, 1590.6)","(0.2, 0.0, 0.0, 1.0)"
0,940485.7,0,0,0,0,0,0,0,0,0,"(0.0, 0.0)","(0.0, 0.0)","(0.0, 0.0)","(0.0, 0.0, 0.0)","(0.0, 0.0, 0.0)","(0.0, 0.0, 0.0)","(0.0, 0.0, 0.0)","(0.0, 0.0, 0.0)","(0.0, 0.0, 0.0)",0,0,0,0,0,0,False,0,0,0,0,0,0,0,0,"(0.0, 6.0, 1591.0)","(0.2, 0.0, 0.0, 1.0)"
0,940508,0,0,0,0,0,0,0,0,0,"(0.0, 0.0)","(0.0, 0.0)","(0.0, 0.0)","(0.0, 0.0, 0.0)","(0.0, 0.0, 0.0)","(0.0, 0.0, 0.0)","(0.0, 0.0, 0.0)","(0.0, 0.0, 0.0)","(0.0, 0.0, 0.0)",0,0,0,0,0,0,False,0,0,0,0,0,0,0,0,"(0.0, 6.0, 1591.5)","(0.2, 0.0, 0.0, 1.0)"
0,940530.9,0,0,0,0,0,0,0,0,0,"(0.0, 0.0)","(0.0, 0.0)","(0.0, 0.0)","(0.0, 0.0, 0.0)","(0.0, 0.0, 0.0)","(0.0, 0.0, 0.0)","(0.0, 0.0, 0.0)","(0.0, 0.0, 0.0)","(0.0, 0.0, 0.0)",0,0,0,0,0,0,False,0,0,0,0,0,0,0,0,"(0.0, 6.0, 1591.9)","(0.2, 0.0, 0.0, 1.0)"
0,940552.1,0,0,0,0,0,0,0,0,0,"(0.0, 0.0)","(0.0, 0.0)","(0.0, 0.0)","(0.0, 0.0, 0.0)","(0.0, 0.0, 0.0)","(0.0, 0.0, 0.0)","(0.0, 0.0, 0.0)","(0.0, 0.0, 0.0)","(0.0, 0.0, 0.0)",0,0,0,0,0,0,False,0,0,0,0,0,0,0,0,"(0.0, 6.0, 1592.3)","(0.2, 0.0, 0.0, 1.0)"
0,940574.4,0,0,0,0,0,0,0,0,0,"(0.0, 0.0)","(0.0, 0.0)","(0.0, 0.0)","(0.0, 0.0, 0.0)","(0.0, 0.0, 0.0)","(0.0, 0.0, 0.0)","(0.0, 0.0, 0.0)","(0.0, 0.0, 0.0)","(0.0, 0.0, 0.0)",0,0,0,0,0,0,False,0,0,0,0,0,0,0,0,"(0.0, 6.0, 1592.7)","(0.2, 0.0, 0.0, 1.0)"
0,940601.2,0,0,0,0,0,0,0,0,0,"(0.0, 0.0)","(0.0, 0.0)","(0.0, 0.0)","(0.0, 0.0, 0.0)","(0.0, 0.0, 0.0)","(0.0, 0.0, 0.0)","(0.0, 0.0, 0.0)","(0.0, 0.0, 0.0)","(0.0, 0.0, 0.0)",0,0,0,0,0,0,False,0,0,0,0,0,0,0,0,"(0.0, 6.0, 1593.1)","(0.2, 0.0, 0.0, 1.0)"
0,940621.1,0,0,0,0,0,0,0,0,0,"(0.0, 0.0)","(0.0, 0.0)","(0.0, 0.0)","(0.0, 0.0, 0.0)","(0.0, 0.0, 0.0)","(0.0, 0.0, 0.0)","(0.0, 0.0, 0.0)","(0.0, 0.0, 0.0)","(0.0, 0.0, 0.0)",0,0,0,0,0,0,False,0,0,0,0,0,0,0,0,"(0.0, 6.0, 1593.6)","(0.2, 0.0, 0.0, 1.0)"
0,940642.1,0,0,0,0,0,0,0,0,0,"(0.0, 0.0)","(0.0, 0.0)","(0.0, 0.0)","(0.0, 0.0, 0.0)","(0.0, 0.0, 0.0)","(0.0, 0.0, 0.0)","(0.0, 0.0, 0.0)","(0.0, 0.0, 0.0)","(0.0, 0.0, 0.0)",0,0,0,0,0,0,False,0,0,0,0,0,0,0,0,"(0.0, 6.0, 1594.0)","(0.2, 0.0, 0.0, 1.0)"
0,940661.3,0,0,0,0,0,0,0,0,0,"(0.0, 0.0)","(0.0, 0.0)","(0.0, 0.0)","(0.0, 0.0, 0.0)","(0.0, 0.0, 0.0)","(0.0, 0.0, 0.0)","(0.0, 0.0, 0.0)","(0.0, 0.0, 0.0)","(0.0, 0.0, 0.0)",0,0,0,0,0,0,False,0,0,0,0,0,0,0,0,"(0.0, 6.0, 1594.4)","(0.2, 0.0, 0.0, 1.0)"
0,940681.1,0,0,0,0,0,0,0,0,0,"(0.0, 0.0)","(0.0, 0.0)","(0.0, 0.0)","(0.0, 0.0, 0.0)","(0.0, 0.0, 0.0)","(0.0, 0.0, 0.0)","(0.0, 0.0, 0.0)","(0.0, 0.0, 0.0)","(0.0, 0.0, 0.0)",0,0,0,0,0,0,False,0,0,0,0,0,0,0,0,"(0.0, 6.0, 1594.8)","(0.2, 0.0, 0.0, 1.0)"
0,940703.1,0,0,0,0,0,0,0,0,0,"(0.0, 0.0)","(0.0, 0.0)","(0.0, 0.0)","(0.0, 0.0, 0.0)","(0.0, 0.0, 0.0)","(0.0, 0.0, 0.0)","(0.0, 0.0, 0.0)","(0.0, 0.0, 0.0)","(0.0, 0.0, 0.0)",0,0,0,0,0,0,False,0,0,0,0,0,0,0,0,"(0.0, 6.0, 1595.2)","(0.2, 0.0, 0.0, 1.0)"
0,940723.4,0,0,0,0,0,0,0,0,0,"(0.0, 0.0)","(0.0, 0.0)","(0.0, 0.0)","(0.0, 0.0, 0.0)","(0.0, 0.0, 0.0)","(0.0, 0.0, 0.0)","(0.0, 0.0, 0.0)","(0.0, 0.0, 0.0)","(0.0, 0.0, 0.0)",0,0,0,0,0,0,False,0,0,0,0,0,0,0,0,"(0.0, 6.0, 1595.6)","(0.2, 0.0, 0.0, 1.0)"
0,940742.3,0,0,0,0,0,0,0,0,0,"(0.0, 0.0)","(0.0, 0.0)","(0.0, 0.0)","(0.0, 0.0, 0.0)","(0.0, 0.0, 0.0)","(0.0, 0.0, 0.0)","(0.0, 0.0, 0.0)","(0.0, 0.0, 0.0)","(0.0, 0.0, 0.0)",0,0,0,0,0,0,False,0,0,0,0,0,0,0,0,"(0.0, 6.0, 1596.0)","(0.2, 0.0, 0.0, 1.0)"
0,940763.3,0,0,0,0,0,0,0,0,0,"(0.0, 0.0)","(0.0, 0.0)","(0.0, 0.0)","(0.0, 0.0, 0.0)","(0.0, 0.0, 0.0)","(0.0, 0.0, 0.0)","(0.0, 0.0, 0.0)","(0.0, 0.0, 0.0)","(0.0, 0.0, 0.0)",0,0,0,0,0,0,False,0,0,0,0,0,0,0,0,"(0.0, 6.0, 1596.4)","(0.2, 0.0, 0.0, 1.0)"
0,940784.4,0,0,0,0,0,0,0,0,0,"(0.0, 0.0)","(0.0, 0.0)","(0.0, 0.0)","(0.0, 0.0, 0.0)","(0.0, 0.0, 0.0)","(0.0, 0.0, 0.0)","(0.0, 0.0, 0.0)","(0.0, 0.0, 0.0)","(0.0, 0.0, 0.0)",0,0,0,0,0,0,False,0,0,0,0,0,0,0,0,"(0.0, 6.0, 1596.8)","(0.2, 0.0, 0.0, 1.0)"
0,940803.3,0,0,0,0,0,0,0,0,0,"(0.0, 0.0)","(0.0, 0.0)","(0.0, 0.0)","(0.0, 0.0, 0.0)","(0.0, 0.0, 0.0)","(0.0, 0.0, 0.0)","(0.0, 0.0, 0.0)","(0.0, 0.0, 0.0)","(0.0, 0.0, 0.0)",0,0,0,0,0,0,False,0,0,0,0,0,0,0,0,"(0.0, 6.0, 1597.2)","(0.2, 0.0, 0.0, 1.0)"
0,940822.4,0,0,0,0,0,0,0,0,0,"(0.0, 0.0)","(0.0, 0.0)","(0.0, 0.0)","(0.0, 0.0, 0.0)","(0.0, 0.0, 0.0)","(0.0, 0.0, 0.0)","(0.0, 0.0, 0.0)","(0.0, 0.0, 0.0)","(0.0, 0.0, 0.0)",0,0,0,0,0,0,False,0,0,0,0,0,0,0,0,"(0.0, 6.0, 1597.6)","(0.2, 0.0, 0.0, 1.0)"
0,940840.1,0,0,0,0,0,0,0,0,0,"(0.0, 0.0)","(0.0, 0.0)","(0.0, 0.0)","(0.0, 0.0, 0.0)","(0.0, 0.0, 0.0)","(0.0, 0.0, 0.0)","(0.0, 0.0, 0.0)","(0.0, 0.0, 0.0)","(0.0, 0.0, 0.0)",0,0,0,0,0,0,False,0,0,0,0,0,0,0,0,"(0.0, 6.0, 1598.0)","(0.2, 0.0, 0.0, 1.0)"
0,940859.3,0,0,0,0,0,0,0,0,0,"(0.0, 0.0)","(0.0, 0.0)","(0.0, 0.0)","(0.0, 0.0, 0.0)","(0.0, 0.0, 0.0)","(0.0, 0.0, 0.0)","(0.0, 0.0, 0.0)","(0.0, 0.0, 0.0)","(0.0, 0.0, 0.0)",0,0,0,0,0,0,False,0,0,0,0,0,0,0,0,"(0.0, 6.0, 1598.4)","(0.2, 0.0, 0.0, 1.0)"
0,940879.9,0,0,0,0,0,0,0,0,0,"(0.0, 0.0)","(0.0, 0.0)","(0.0, 0.0)","(0.0, 0.0, 0.0)","(0.0, 0.0, 0.0)","(0.0, 0.0, 0.0)","(0.0, 0.0, 0.0)","(0.0, 0.0, 0.0)","(0.0, 0.0, 0.0)",0,0,0,0,0,0,False,0,0,0,0,0,0,0,0,"(0.0, 6.0, 1598.8)","(0.2, 0.0, 0.0, 1.0)"
0,940900.4,0,0,0,0,0,0,0,0,0,"(0.0, 0.0)","(0.0, 0.0)","(0.0, 0.0)","(0.0, 0.0, 0.0)","(0.0, 0.0, 0.0)","(0.0, 0.0, 0.0)","(0.0, 0.0, 0.0)","(0.0, 0.0, 0.0)","(0.0, 0.0, 0.0)",0,0,0,0,0,0,False,0,0,0,0,0,0,0,0,"(0.0, 6.0, 1599.2)","(0.2, 0.0, 0.0, 1.0)"
0,940920.1,0,0,0,0,0,0,0,0,0,"(0.0, 0.0)","(0.0, 0.0)","(0.0, 0.0)","(0.0, 0.0, 0.0)","(0.0, 0.0, 0.0)","(0.0, 0.0, 0.0)","(0.0, 0.0, 0.0)","(0.0, 0.0, 0.0)","(0.0, 0.0, 0.0)",0,0,0,0,0,0,False,0,0,0,0,0,0,0,0,"(0.0, 6.0, 1599.6)","(0.2, 0.0, 0.0, 1.0)"
0,940938.9,0,0,0,0,0,0,0,0,0,"(0.0, 0.0)","(0.0, 0.0)","(0.0, 0.0)","(0.0, 0.0, 0.0)","(0.0, 0.0, 0.0)","(0.0, 0.0, 0.0)","(0.0, 0.0, 0.0)","(0.0, 0.0, 0.0)","(0.0, 0.0, 0.0)",0,0,0,0,0,0,False,0,0,0,0,0,0,0,0,"(0.0, 6.0, 1600.0)","(0.2, 0.0, 0.0, 1.0)"
0,940958.1,0,0,0,0,0,0,0,0,0,"(0.0, 0.0)","(0.0, 0.0)","(0.0, 0.0)","(0.0, 0.0, 0.0)","(0.0, 0.0, 0.0)","(0.0, 0.0, 0.0)","(0.0, 0.0, 0.0)","(0.0, 0.0, 0.0)","(0.0, 0.0, 0.0)",0,0,0,0,0,0,False,0,0,0,0,0,0,0,0,"(0.0, 6.0, 1600.3)","(0.2, 0.0, 0.0, 1.0)"
0,940977.3,0,0,0,0,0,0,0,0,0,"(0.0, 0.0)","(0.0, 0.0)","(0.0, 0.0)","(0.0, 0.0, 0.0)","(0.0, 0.0, 0.0)","(0.0, 0.0, 0.0)","(0.0, 0.0, 0.0)","(0.0, 0.0, 0.0)","(0.0, 0.0, 0.0)",0,0,0,0,0,0,False,0,0,0,0,0,0,0,0,"(0.0, 6.0, 1600.7)","(0.2, 0.0, 0.0, 1.0)"
0,940999.6,0,0,0,0,0,0,0,0,0,"(0.0, 0.0)","(0.0, 0.0)","(0.0, 0.0)","(0.0, 0.0, 0.0)","(0.0, 0.0, 0.0)","(0.0, 0.0, 0.0)","(0.0, 0.0, 0.0)","(0.0, 0.0, 0.0)","(0.0, 0.0, 0.0)",0,0,0,0,0,0,False,0,0,0,0,0,0,0,0,"(0.0, 6.0, 1601.1)","(0.2, 0.0, 0.0, 1.0)"
0,941020.2,0,0,0,0,0,0,0,0,0,"(0.0, 0.0)","(0.0, 0.0)","(0.0, 0.0)","(0.0, 0.0, 0.0)","(0.0, 0.0, 0.0)","(0.0, 0.0, 0.0)","(0.0, 0.0, 0.0)","(0.0, 0.0, 0.0)","(0.0, 0.0, 0.0)",0,0,0,0,0,0,False,0,0,0,0,0,0,0,0,"(0.0, 6.0, 1601.5)","(0.2, 0.0, 0.0, 1.0)"
0,941039.1,0,0,0,0,0,0,0,0,0,"(0.0, 0.0)","(0.0, 0.0)","(0.0, 0.0)","(0.0, 0.0, 0.0)","(0.0, 0.0, 0.0)","(0.0, 0.0, 0.0)","(0.0, 0.0, 0.0)","(0.0, 0.0, 0.0)","(0.0, 0.0, 0.0)",0,0,0,0,0,0,False,0,0,0,0,0,0,0,0,"(0.0, 6.0, 1601.9)","(0.2, 0.0, 0.0, 1.0)"
0,941058.5,0,0,0,0,0,0,0,0,0,"(0.0, 0.0)","(0.0, 0.0)","(0.0, 0.0)","(0.0, 0.0, 0.0)","(0.0, 0.0, 0.0)","(0.0, 0.0, 0.0)","(0.0, 0.0, 0.0)","(0.0, 0.0, 0.0)","(0.0, 0.0, 0.0)",0,0,0,0,0,0,False,0,0,0,0,0,0,0,0,"(0.0, 6.0, 1602.2)","(0.2, 0.0, 0.0, 1.0)"
0,941076.8,0,0,0,0,0,0,0,0,0,"(0.0, 0.0)","(0.0, 0.0)","(0.0, 0.0)","(0.0, 0.0, 0.0)","(0.0, 0.0, 0.0)","(0.0, 0.0, 0.0)","(0.0, 0.0, 0.0)","(0.0, 0.0, 0.0)","(0.0, 0.0, 0.0)",0,0,0,0,0,0,False,0,0,0,0,0,0,0,0,"(0.0, 6.0, 1602.6)","(0.2, 0.0, 0.0, 1.0)"
0,941096.9,0,0,0,0,0,0,0,0,0,"(0.0, 0.0)","(0.0, 0.0)","(0.0, 0.0)","(0.0, 0.0, 0.0)","(0.0, 0.0, 0.0)","(0.0, 0.0, 0.0)","(0.0, 0.0, 0.0)","(0.0, 0.0, 0.0)","(0.0, 0.0, 0.0)",0,0,0,0,0,0,False,0,0,0,0,0,0,0,0,"(0.0, 6.0, 1603.0)","(0.2, 0.0, 0.0, 1.0)"
0,941115.7,0,0,0,0,0,0,0,0,0,"(0.0, 0.0)","(0.0, 0.0)","(0.0, 0.0)","(0.0, 0.0, 0.0)","(0.0, 0.0, 0.0)","(0.0, 0.0, 0.0)","(0.0, 0.0, 0.0)","(0.0, 0.0, 0.0)","(0.0, 0.0, 0.0)",0,0,0,0,0,0,False,0,0,0,0,0,0,0,0,"(0.0, 6.0, 1603.4)","(0.2, 0.0, 0.0, 1.0)"
0,941135.7,0,0,0,0,0,0,0,0,0,"(0.0, 0.0)","(0.0, 0.0)","(0.0, 0.0)","(0.0, 0.0, 0.0)","(0.0, 0.0, 0.0)","(0.0, 0.0, 0.0)","(0.0, 0.0, 0.0)","(0.0, 0.0, 0.0)","(0.0, 0.0, 0.0)",0,0,0,0,0,0,False,0,0,0,0,0,0,0,0,"(0.0, 6.0, 1603.8)","(0.2, 0.0, 0.0, 1.0)"
0,941154.4,0,0,0,0,0,0,0,0,0,"(0.0, 0.0)","(0.0, 0.0)","(0.0, 0.0)","(0.0, 0.0, 0.0)","(0.0, 0.0, 0.0)","(0.0, 0.0, 0.0)","(0.0, 0.0, 0.0)","(0.0, 0.0, 0.0)","(0.0, 0.0, 0.0)",0,0,0,0,0,0,False,0,0,0,0,0,0,0,0,"(0.0, 6.0, 1604.1)","(0.2, 0.0, 0.0, 1.0)"
0,941174.4,0,0,0,0,0,0,0,0,0,"(0.0, 0.0)","(0.0, 0.0)","(0.0, 0.0)","(0.0, 0.0, 0.0)","(0.0, 0.0, 0.0)","(0.0, 0.0, 0.0)","(0.0, 0.0, 0.0)","(0.0, 0.0, 0.0)","(0.0, 0.0, 0.0)",0,0,0,0,0,0,False,0,0,0,0,0,0,0,0,"(0.0, 6.0, 1604.5)","(0.2, 0.0, 0.0, 1.0)"
0,941197.2,0,0,0,0,0,0,0,0,0,"(0.0, 0.0)","(0.0, 0.0)","(0.0, 0.0)","(0.0, 0.0, 0.0)","(0.0, 0.0, 0.0)","(0.0, 0.0, 0.0)","(0.0, 0.0, 0.0)","(0.0, 0.0, 0.0)","(0.0, 0.0, 0.0)",0,0,0,0,0,0,False,0,0,0,0,0,0,0,0,"(0.0, 6.0, 1604.9)","(0.2, 0.0, 0.0, 1.0)"
0,941218.2,0,0,0,0,0,0,0,0,0,"(0.0, 0.0)","(0.0, 0.0)","(0.0, 0.0)","(0.0, 0.0, 0.0)","(0.0, 0.0, 0.0)","(0.0, 0.0, 0.0)","(0.0, 0.0, 0.0)","(0.0, 0.0, 0.0)","(0.0, 0.0, 0.0)",0,0,0,0,0,0,False,0,0,0,0,0,0,0,0,"(0.0, 6.0, 1605.3)","(0.2, 0.0, 0.0, 1.0)"
0,941241.8,0,0,0,0,0,0,0,0,0,"(0.0, 0.0)","(0.0, 0.0)","(0.0, 0.0)","(0.0, 0.0, 0.0)","(0.0, 0.0, 0.0)","(0.0, 0.0, 0.0)","(0.0, 0.0, 0.0)","(0.0, 0.0, 0.0)","(0.0, 0.0, 0.0)",0,0,0,0,0,0,False,0,0,0,0,0,0,0,0,"(0.0, 6.0, 1605.7)","(0.2, 0.0, 0.0, 1.0)"
0,941264,0,0,0,0,0,0,0,0,0,"(0.0, 0.0)","(0.0, 0.0)","(0.0, 0.0)","(0.0, 0.0, 0.0)","(0.0, 0.0, 0.0)","(0.0, 0.0, 0.0)","(0.0, 0.0, 0.0)","(0.0, 0.0, 0.0)","(0.0, 0.0, 0.0)",0,0,0,0,0,0,False,0,0,0,0,0,0,0,0,"(0.0, 6.0, 1606.0)","(0.2, 0.0, 0.0, 1.0)"
0,941285.4,0,0,0,0,0,0,0,0,0,"(0.0, 0.0)","(0.0, 0.0)","(0.0, 0.0)","(0.0, 0.0, 0.0)","(0.0, 0.0, 0.0)","(0.0, 0.0, 0.0)","(0.0, 0.0, 0.0)","(0.0, 0.0, 0.0)","(0.0, 0.0, 0.0)",0,0,0,0,0,0,False,0,0,0,0,0,0,0,0,"(0.0, 6.0, 1606.4)","(0.2, 0.0, 0.0, 1.0)"
0,941308.9,0,0,0,0,0,0,0,0,0,"(0.0, 0.0)","(0.0, 0.0)","(0.0, 0.0)","(0.0, 0.0, 0.0)","(0.0, 0.0, 0.0)","(0.0, 0.0, 0.0)","(0.0, 0.0, 0.0)","(0.0, 0.0, 0.0)","(0.0, 0.0, 0.0)",0,0,0,0,0,0,False,0,0,0,0,0,0,0,0,"(0.0, 6.0, 1606.8)","(0.2, 0.0, 0.0, 1.0)"
0,941334.9,0,0,0,0,0,0,0,0,0,"(0.0, 0.0)","(0.0, 0.0)","(0.0, 0.0)","(0.0, 0.0, 0.0)","(0.0, 0.0, 0.0)","(0.0, 0.0, 0.0)","(0.0, 0.0, 0.0)","(0.0, 0.0, 0.0)","(0.0, 0.0, 0.0)",0,0,0,0,0,0,False,0,0,0,0,0,0,0,0,"(0.0, 6.0, 1607.2)","(0.2, 0.0, 0.0, 1.0)"
0,941356.4,0,0,0,0,0,0,0,0,0,"(0.0, 0.0)","(0.0, 0.0)","(0.0, 0.0)","(0.0, 0.0, 0.0)","(0.0, 0.0, 0.0)","(0.0, 0.0, 0.0)","(0.0, 0.0, 0.0)","(0.0, 0.0, 0.0)","(0.0, 0.0, 0.0)",0,0,0,0,0,0,False,0,0,0,0,0,0,0,0,"(0.0, 6.0, 1607.7)","(0.2, 0.0, 0.0, 1.0)"
0,941376.2,0,0,0,0,0,0,0,0,0,"(0.0, 0.0)","(0.0, 0.0)","(0.0, 0.0)","(0.0, 0.0, 0.0)","(0.0, 0.0, 0.0)","(0.0, 0.0, 0.0)","(0.0, 0.0, 0.0)","(0.0, 0.0, 0.0)","(0.0, 0.0, 0.0)",0,0,0,0,0,0,False,0,0,0,0,0,0,0,0,"(0.0, 6.0, 1608.1)","(0.2, 0.0, 0.0, 1.0)"
0,941396.8,0,0,0,0,0,0,0,0,0,"(0.0, 0.0)","(0.0, 0.0)","(0.0, 0.0)","(0.0, 0.0, 0.0)","(0.0, 0.0, 0.0)","(0.0, 0.0, 0.0)","(0.0, 0.0, 0.0)","(0.0, 0.0, 0.0)","(0.0, 0.0, 0.0)",0,0,0,0,0,0,False,0,0,0,0,0,0,0,0,"(0.0, 6.0, 1608.5)","(0.2, 0.0, 0.0, 1.0)"
0,941422.9,0,0,0,0,0,0,0,0,0,"(0.0, 0.0)","(0.0, 0.0)","(0.0, 0.0)","(0.0, 0.0, 0.0)","(0.0, 0.0, 0.0)","(0.0, 0.0, 0.0)","(0.0, 0.0, 0.0)","(0.0, 0.0, 0.0)","(0.0, 0.0, 0.0)",0,0,0,0,0,0,False,0,0,0,0,0,0,0,0,"(0.0, 6.0, 1608.9)","(0.2, 0.0, 0.0, 1.0)"
0,941442.8,0,0,0,0,0,0,0,0,0,"(0.0, 0.0)","(0.0, 0.0)","(0.0, 0.0)","(0.0, 0.0, 0.0)","(0.0, 0.0, 0.0)","(0.0, 0.0, 0.0)","(0.0, 0.0, 0.0)","(0.0, 0.0, 0.0)","(0.0, 0.0, 0.0)",0,0,0,0,0,0,False,0,0,0,0,0,0,0,0,"(0.0, 6.0, 1609.3)","(0.2, 0.0, 0.0, 1.0)"
0,941463.5,0,0,0,0,0,0,0,0,0,"(0.0, 0.0)","(0.0, 0.0)","(0.0, 0.0)","(0.0, 0.0, 0.0)","(0.0, 0.0, 0.0)","(0.0, 0.0, 0.0)","(0.0, 0.0, 0.0)","(0.0, 0.0, 0.0)","(0.0, 0.0, 0.0)",0,0,0,0,0,0,False,0,0,0,0,0,0,0,0,"(0.0, 6.0, 1609.7)","(0.2, 0.0, 0.0, 1.0)"
0,941485.3,0,0,0,0,0,0,0,0,0,"(0.0, 0.0)","(0.0, 0.0)","(0.0, 0.0)","(0.0, 0.0, 0.0)","(0.0, 0.0, 0.0)","(0.0, 0.0, 0.0)","(0.0, 0.0, 0.0)","(0.0, 0.0, 0.0)","(0.0, 0.0, 0.0)",0,0,0,0,0,0,False,0,0,0,0,0,0,0,0,"(0.0, 6.0, 1610.1)","(0.2, 0.0, 0.0, 1.0)"
0,941507.3,0,0,0,0,0,0,0,0,0,"(0.0, 0.0)","(0.0, 0.0)","(0.0, 0.0)","(0.0, 0.0, 0.0)","(0.0, 0.0, 0.0)","(0.0, 0.0, 0.0)","(0.0, 0.0, 0.0)","(0.0, 0.0, 0.0)","(0.0, 0.0, 0.0)",0,0,0,0,0,0,False,0,0,0,0,0,0,0,0,"(0.0, 6.0, 1610.5)","(0.2, 0.0, 0.0, 1.0)"
0,941529.9,0,0,0,0,0,0,0,0,0,"(0.0, 0.0)","(0.0, 0.0)","(0.0, 0.0)","(0.0, 0.0, 0.0)","(0.0, 0.0, 0.0)","(0.0, 0.0, 0.0)","(0.0, 0.0, 0.0)","(0.0, 0.0, 0.0)","(0.0, 0.0, 0.0)",0,0,0,0,0,0,False,0,0,0,0,0,0,0,0,"(0.0, 6.0, 1610.9)","(0.2, 0.0, 0.0, 1.0)"
0,941551.7,0,0,0,0,0,0,0,0,0,"(0.0, 0.0)","(0.0, 0.0)","(0.0, 0.0)","(0.0, 0.0, 0.0)","(0.0, 0.0, 0.0)","(0.0, 0.0, 0.0)","(0.0, 0.0, 0.0)","(0.0, 0.0, 0.0)","(0.0, 0.0, 0.0)",0,0,0,0,0,0,False,0,0,0,0,0,0,0,0,"(0.0, 6.0, 1611.3)","(0.2, 0.0, 0.0, 1.0)"
0,941574.1,0,0,0,0,0,0,0,0,0,"(0.0, 0.0)","(0.0, 0.0)","(0.0, 0.0)","(0.0, 0.0, 0.0)","(0.0, 0.0, 0.0)","(0.0, 0.0, 0.0)","(0.0, 0.0, 0.0)","(0.0, 0.0, 0.0)","(0.0, 0.0, 0.0)",0,0,0,0,0,0,False,0,0,0,0,0,0,0,0,"(0.0, 6.0, 1611.8)","(0.2, 0.0, 0.0, 1.0)"
0,941594.4,0,0,0,0,0,0,0,0,0,"(0.0, 0.0)","(0.0, 0.0)","(0.0, 0.0)","(0.0, 0.0, 0.0)","(0.0, 0.0, 0.0)","(0.0, 0.0, 0.0)","(0.0, 0.0, 0.0)","(0.0, 0.0, 0.0)","(0.0, 0.0, 0.0)",0,0,0,0,0,0,False,0,0,0,0,0,0,0,0,"(0.0, 6.0, 1612.2)","(0.2, 0.0, 0.0, 1.0)"
0,941616.3,0,0,0,0,0,0,0,0,0,"(0.0, 0.0)","(0.0, 0.0)","(0.0, 0.0)","(0.0, 0.0, 0.0)","(0.0, 0.0, 0.0)","(0.0, 0.0, 0.0)","(0.0, 0.0, 0.0)","(0.0, 0.0, 0.0)","(0.0, 0.0, 0.0)",0,0,0,0,0,0,False,0,0,0,0,0,0,0,0,"(0.0, 6.0, 1612.6)","(0.2, 0.0, 0.0, 1.0)"
0,941637.4,0,0,0,0,0,0,0,0,0,"(0.0, 0.0)","(0.0, 0.0)","(0.0, 0.0)","(0.0, 0.0, 0.0)","(0.0, 0.0, 0.0)","(0.0, 0.0, 0.0)","(0.0, 0.0, 0.0)","(0.0, 0.0, 0.0)","(0.0, 0.0, 0.0)",0,0,0,0,0,0,False,0,0,0,0,0,0,0,0,"(0.0, 6.0, 1613.0)","(0.2, 0.0, 0.0, 1.0)"
0,941656.6,0,0,0,0,0,0,0,0,0,"(0.0, 0.0)","(0.0, 0.0)","(0.0, 0.0)","(0.0, 0.0, 0.0)","(0.0, 0.0, 0.0)","(0.0, 0.0, 0.0)","(0.0, 0.0, 0.0)","(0.0, 0.0, 0.0)","(0.0, 0.0, 0.0)",0,0,0,0,0,0,False,0,0,0,0,0,0,0,0,"(0.0, 6.0, 1613.4)","(0.2, 0.0, 0.0, 1.0)"
0,941676.9,0,0,0,0,0,0,0,0,0,"(0.0, 0.0)","(0.0, 0.0)","(0.0, 0.0)","(0.0, 0.0, 0.0)","(0.0, 0.0, 0.0)","(0.0, 0.0, 0.0)","(0.0, 0.0, 0.0)","(0.0, 0.0, 0.0)","(0.0, 0.0, 0.0)",0,0,0,0,0,0,False,0,0,0,0,0,0,0,0,"(0.0, 6.0, 1613.8)","(0.2, 0.0, 0.0, 1.0)"
0,941698.8,0,0,0,0,0,0,0,0,0,"(0.0, 0.0)","(0.0, 0.0)","(0.0, 0.0)","(0.0, 0.0, 0.0)","(0.0, 0.0, 0.0)","(0.0, 0.0, 0.0)","(0.0, 0.0, 0.0)","(0.0, 0.0, 0.0)","(0.0, 0.0, 0.0)",0,0,0,0,0,0,False,0,0,0,0,0,0,0,0,"(0.0, 6.0, 1614.2)","(0.2, 0.0, 0.0, 1.0)"
0,941720.1,0,0,0,0,0,0,0,0,0,"(0.0, 0.0)","(0.0, 0.0)","(0.0, 0.0)","(0.0, 0.0, 0.0)","(0.0, 0.0, 0.0)","(0.0, 0.0, 0.0)","(0.0, 0.0, 0.0)","(0.0, 0.0, 0.0)","(0.0, 0.0, 0.0)",0,0,0,0,0,0,False,0,0,0,0,0,0,0,0,"(0.0, 6.0, 1614.6)","(0.2, 0.0, 0.0, 1.0)"
0,941739.8,0,0,0,0,0,0,0,0,0,"(0.0, 0.0)","(0.0, 0.0)","(0.0, 0.0)","(0.0, 0.0, 0.0)","(0.0, 0.0, 0.0)","(0.0, 0.0, 0.0)","(0.0, 0.0, 0.0)","(0.0, 0.0, 0.0)","(0.0, 0.0, 0.0)",0,0,0,0,0,0,False,0,0,0,0,0,0,0,0,"(0.0, 6.0, 1615.0)","(0.2, 0.0, 0.0, 1.0)"
0,941760.4,0,0,0,0,0,0,0,0,0,"(0.0, 0.0)","(0.0, 0.0)","(0.0, 0.0)","(0.0, 0.0, 0.0)","(0.0, 0.0, 0.0)","(0.0, 0.0, 0.0)","(0.0, 0.0, 0.0)","(0.0, 0.0, 0.0)","(0.0, 0.0, 0.0)",0,0,0,0,0,0,False,0,0,0,0,0,0,0,0,"(0.0, 6.0, 1615.4)","(0.2, 0.0, 0.0, 1.0)"
0,941782.3,0,0,0,0,0,0,0,0,0,"(0.0, 0.0)","(0.0, 0.0)","(0.0, 0.0)","(0.0, 0.0, 0.0)","(0.0, 0.0, 0.0)","(0.0, 0.0, 0.0)","(0.0, 0.0, 0.0)","(0.0, 0.0, 0.0)","(0.0, 0.0, 0.0)",0,0,0,0,0,0,False,0,0,0,0,0,0,0,0,"(0.0, 6.0, 1615.8)","(0.2, 0.0, 0.0, 1.0)"
0,941803.7,0,0,0,0,0,0,0,0,0,"(0.0, 0.0)","(0.0, 0.0)","(0.0, 0.0)","(0.0, 0.0, 0.0)","(0.0, 0.0, 0.0)","(0.0, 0.0, 0.0)","(0.0, 0.0, 0.0)","(0.0, 0.0, 0.0)","(0.0, 0.0, 0.0)",0,0,0,0,0,0,False,0,0,0,0,0,0,0,0,"(0.0, 6.0, 1616.2)","(0.2, 0.0, 0.0, 1.0)"
0,941824.4,0,0,0,0,0,0,0,0,0,"(0.0, 0.0)","(0.0, 0.0)","(0.0, 0.0)","(0.0, 0.0, 0.0)","(0.0, 0.0, 0.0)","(0.0, 0.0, 0.0)","(0.0, 0.0, 0.0)","(0.0, 0.0, 0.0)","(0.0, 0.0, 0.0)",0,0,0,0,0,0,False,0,0,0,0,0,0,0,0,"(0.0, 6.0, 1616.6)","(0.2, 0.0, 0.0, 1.0)"
0,941851.8,0,0,0,0,0,0,0,0,0,"(0.0, 0.0)","(0.0, 0.0)","(0.0, 0.0)","(0.0, 0.0, 0.0)","(0.0, 0.0, 0.0)","(0.0, 0.0, 0.0)","(0.0, 0.0, 0.0)","(0.0, 0.0, 0.0)","(0.0, 0.0, 0.0)",0,0,0,0,0,0,False,0,0,0,0,0,0,0,0,"(0.0, 6.0, 1617.0)","(0.2, 0.0, 0.0, 1.0)"
0,941873.8,0,0,0,0,0,0,0,0,0,"(0.0, 0.0)","(0.0, 0.0)","(0.0, 0.0)","(0.0, 0.0, 0.0)","(0.0, 0.0, 0.0)","(0.0, 0.0, 0.0)","(0.0, 0.0, 0.0)","(0.0, 0.0, 0.0)","(0.0, 0.0, 0.0)",0,0,0,0,0,0,False,0,0,0,0,0,0,0,0,"(0.0, 6.0, 1617.4)","(0.2, 0.0, 0.0, 1.0)"
0,941897.9,0,0,0,0,0,0,0,0,0,"(0.0, 0.0)","(0.0, 0.0)","(0.0, 0.0)","(0.0, 0.0, 0.0)","(0.0, 0.0, 0.0)","(0.0, 0.0, 0.0)","(0.0, 0.0, 0.0)","(0.0, 0.0, 0.0)","(0.0, 0.0, 0.0)",0,0,0,0,0,0,False,0,0,0,0,0,0,0,0,"(0.0, 6.0, 1617.9)","(0.2, 0.0, 0.0, 1.0)"
0,941919.5,0,0,0,0,0,0,0,0,0,"(0.0, 0.0)","(0.0, 0.0)","(0.0, 0.0)","(0.0, 0.0, 0.0)","(0.0, 0.0, 0.0)","(0.0, 0.0, 0.0)","(0.0, 0.0, 0.0)","(0.0, 0.0, 0.0)","(0.0, 0.0, 0.0)",0,0,0,0,0,0,False,0,0,0,0,0,0,0,0,"(0.0, 6.0, 1618.3)","(0.2, 0.0, 0.0, 1.0)"
0,941938.5,0,0,0,0,0,0,0,0,0,"(0.0, 0.0)","(0.0, 0.0)","(0.0, 0.0)","(0.0, 0.0, 0.0)","(0.0, 0.0, 0.0)","(0.0, 0.0, 0.0)","(0.0, 0.0, 0.0)","(0.0, 0.0, 0.0)","(0.0, 0.0, 0.0)",0,0,0,0,0,0,False,0,0,0,0,0,0,0,0,"(0.0, 6.0, 1618.7)","(0.2, 0.0, 0.0, 1.0)"
0,941959.1,0,0,0,0,0,0,0,0,0,"(0.0, 0.0)","(0.0, 0.0)","(0.0, 0.0)","(0.0, 0.0, 0.0)","(0.0, 0.0, 0.0)","(0.0, 0.0, 0.0)","(0.0, 0.0, 0.0)","(0.0, 0.0, 0.0)","(0.0, 0.0, 0.0)",0,0,0,0,0,0,False,0,0,0,0,0,0,0,0,"(0.0, 6.0, 1619.1)","(0.2, 0.0, 0.0, 1.0)"
0,941981,0,0,0,0,0,0,0,0,0,"(0.0, 0.0)","(0.0, 0.0)","(0.0, 0.0)","(0.0, 0.0, 0.0)","(0.0, 0.0, 0.0)","(0.0, 0.0, 0.0)","(0.0, 0.0, 0.0)","(0.0, 0.0, 0.0)","(0.0, 0.0, 0.0)",0,0,0,0,0,0,False,0,0,0,0,0,0,0,0,"(0.0, 6.0, 1619.5)","(0.2, 0.0, 0.0, 1.0)"
0,942002.6,0,0,0,0,0,0,0,0,0,"(0.0, 0.0)","(0.0, 0.0)","(0.0, 0.0)","(0.0, 0.0, 0.0)","(0.0, 0.0, 0.0)","(0.0, 0.0, 0.0)","(0.0, 0.0, 0.0)","(0.0, 0.0, 0.0)","(0.0, 0.0, 0.0)",0,0,0,0,0,0,False,0,0,0,0,0,0,0,0,"(0.0, 6.0, 1619.9)","(0.2, 0.0, 0.0, 1.0)"
0,942022.4,0,0,0,0,0,0,0,0,0,"(0.0, 0.0)","(0.0, 0.0)","(0.0, 0.0)","(0.0, 0.0, 0.0)","(0.0, 0.0, 0.0)","(0.0, 0.0, 0.0)","(0.0, 0.0, 0.0)","(0.0, 0.0, 0.0)","(0.0, 0.0, 0.0)",0,0,0,0,0,0,False,0,0,0,0,0,0,0,0,"(0.0, 6.0, 1620.3)","(0.2, 0.0, 0.0, 1.0)"
0,942041.5,0,0,0,0,0,0,0,0,0,"(0.0, 0.0)","(0.0, 0.0)","(0.0, 0.0)","(0.0, 0.0, 0.0)","(0.0, 0.0, 0.0)","(0.0, 0.0, 0.0)","(0.0, 0.0, 0.0)","(0.0, 0.0, 0.0)","(0.0, 0.0, 0.0)",0,0,0,0,0,0,False,0,0,0,0,0,0,0,0,"(0.0, 6.0, 1620.7)","(0.2, 0.0, 0.0, 1.0)"
0,942063.5,0,0,0,0,0,0,0,0,0,"(0.0, 0.0)","(0.0, 0.0)","(0.0, 0.0)","(0.0, 0.0, 0.0)","(0.0, 0.0, 0.0)","(0.0, 0.0, 0.0)","(0.0, 0.0, 0.0)","(0.0, 0.0, 0.0)","(0.0, 0.0, 0.0)",0,0,0,0,0,0,False,0,0,0,0,0,0,0,0,"(0.0, 6.0, 1621.1)","(0.2, 0.0, 0.0, 1.0)"
0,942085,0,0,0,0,0,0,0,0,0,"(0.0, 0.0)","(0.0, 0.0)","(0.0, 0.0)","(0.0, 0.0, 0.0)","(0.0, 0.0, 0.0)","(0.0, 0.0, 0.0)","(0.0, 0.0, 0.0)","(0.0, 0.0, 0.0)","(0.0, 0.0, 0.0)",0,0,0,0,0,0,False,0,0,0,0,0,0,0,0,"(0.0, 6.0, 1621.5)","(0.2, 0.0, 0.0, 1.0)"
0,942108.8,0,0,0,0,0,0,0,0,0,"(0.0, 0.0)","(0.0, 0.0)","(0.0, 0.0)","(0.0, 0.0, 0.0)","(0.0, 0.0, 0.0)","(0.0, 0.0, 0.0)","(0.0, 0.0, 0.0)","(0.0, 0.0, 0.0)","(0.0, 0.0, 0.0)",0,0,0,0,0,0,False,0,0,0,0,0,0,0,0,"(0.0, 6.0, 1621.9)","(0.2, 0.0, 0.0, 1.0)"
0,942129.9,0,0,0,0,0,0,0,0,0,"(0.0, 0.0)","(0.0, 0.0)","(0.0, 0.0)","(0.0, 0.0, 0.0)","(0.0, 0.0, 0.0)","(0.0, 0.0, 0.0)","(0.0, 0.0, 0.0)","(0.0, 0.0, 0.0)","(0.0, 0.0, 0.0)",0,0,0,0,0,0,False,0,0,0,0,0,0,0,0,"(0.0, 6.0, 1622.4)","(0.2, 0.0, 0.0, 1.0)"
0,942152.3,0,0,0,0,0,0,0,0,0,"(0.0, 0.0)","(0.0, 0.0)","(0.0, 0.0)","(0.0, 0.0, 0.0)","(0.0, 0.0, 0.0)","(0.0, 0.0, 0.0)","(0.0, 0.0, 0.0)","(0.0, 0.0, 0.0)","(0.0, 0.0, 0.0)",0,0,0,0,0,0,False,0,0,0,0,0,0,0,0,"(0.0, 6.0, 1622.8)","(0.2, 0.0, 0.0, 1.0)"
0,942173.6,0,0,0,0,0,0,0,0,0,"(0.0, 0.0)","(0.0, 0.0)","(0.0, 0.0)","(0.0, 0.0, 0.0)","(0.0, 0.0, 0.0)","(0.0, 0.0, 0.0)","(0.0, 0.0, 0.0)","(0.0, 0.0, 0.0)","(0.0, 0.0, 0.0)",0,0,0,0,0,0,False,0,0,0,0,0,0,0,0,"(0.0, 6.0, 1623.2)","(0.2, 0.0, 0.0, 1.0)"
0,942201.1,0,0,0,0,0,0,0,0,0,"(0.0, 0.0)","(0.0, 0.0)","(0.0, 0.0)","(0.0, 0.0, 0.0)","(0.0, 0.0, 0.0)","(0.0, 0.0, 0.0)","(0.0, 0.0, 0.0)","(0.0, 0.0, 0.0)","(0.0, 0.0, 0.0)",0,0,0,0,0,0,False,0,0,0,0,0,0,0,0,"(0.0, 6.0, 1623.6)","(0.2, 0.0, 0.0, 1.0)"
0,942221.9,0,0,0,0,0,0,0,0,0,"(0.0, 0.0)","(0.0, 0.0)","(0.0, 0.0)","(0.0, 0.0, 0.0)","(0.0, 0.0, 0.0)","(0.0, 0.0, 0.0)","(0.0, 0.0, 0.0)","(0.0, 0.0, 0.0)","(0.0, 0.0, 0.0)",0,0,0,0,0,0,False,0,0,0,0,0,0,0,0,"(0.0, 6.0, 1624.0)","(0.2, 0.0, 0.0, 1.0)"
0,942241.9,0,0,0,0,0,0,0,0,0,"(0.0, 0.0)","(0.0, 0.0)","(0.0, 0.0)","(0.0, 0.0, 0.0)","(0.0, 0.0, 0.0)","(0.0, 0.0, 0.0)","(0.0, 0.0, 0.0)","(0.0, 0.0, 0.0)","(0.0, 0.0, 0.0)",0,0,0,0,0,0,False,0,0,0,0,0,0,0,0,"(0.0, 6.0, 1624.4)","(0.2, 0.0, 0.0, 1.0)"
0,942263.4,0,0,0,0,0,0,0,0,0,"(0.0, 0.0)","(0.0, 0.0)","(0.0, 0.0)","(0.0, 0.0, 0.0)","(0.0, 0.0, 0.0)","(0.0, 0.0, 0.0)","(0.0, 0.0, 0.0)","(0.0, 0.0, 0.0)","(0.0, 0.0, 0.0)",0,0,0,0,0,0,False,0,0,0,0,0,0,0,0,"(0.0, 6.0, 1624.8)","(0.2, 0.0, 0.0, 1.0)"
0,942285.8,0,0,0,0,0,0,0,0,0,"(0.0, 0.0)","(0.0, 0.0)","(0.0, 0.0)","(0.0, 0.0, 0.0)","(0.0, 0.0, 0.0)","(0.0, 0.0, 0.0)","(0.0, 0.0, 0.0)","(0.0, 0.0, 0.0)","(0.0, 0.0, 0.0)",0,0,0,0,0,0,False,0,0,0,0,0,0,0,0,"(0.0, 6.0, 1625.3)","(0.2, 0.0, 0.0, 1.0)"
0,942307.1,0,0,0,0,0,0,0,0,0,"(0.0, 0.0)","(0.0, 0.0)","(0.0, 0.0)","(0.0, 0.0, 0.0)","(0.0, 0.0, 0.0)","(0.0, 0.0, 0.0)","(0.0, 0.0, 0.0)","(0.0, 0.0, 0.0)","(0.0, 0.0, 0.0)",0,0,0,0,0,0,False,0,0,0,0,0,0,0,0,"(0.0, 6.0, 1625.7)","(0.2, 0.0, 0.0, 1.0)"
0,942329.9,0,0,0,0,0,0,0,0,0,"(0.0, 0.0)","(0.0, 0.0)","(0.0, 0.0)","(0.0, 0.0, 0.0)","(0.0, 0.0, 0.0)","(0.0, 0.0, 0.0)","(0.0, 0.0, 0.0)","(0.0, 0.0, 0.0)","(0.0, 0.0, 0.0)",0,0,0,0,0,0,False,0,0,0,0,0,0,0,0,"(0.0, 6.0, 1626.1)","(0.2, 0.0, 0.0, 1.0)"
0,942352.3,0,0,0,0,0,0,0,0,0,"(0.0, 0.0)","(0.0, 0.0)","(0.0, 0.0)","(0.0, 0.0, 0.0)","(0.0, 0.0, 0.0)","(0.0, 0.0, 0.0)","(0.0, 0.0, 0.0)","(0.0, 0.0, 0.0)","(0.0, 0.0, 0.0)",0,0,0,0,0,0,False,0,0,0,0,0,0,0,0,"(0.0, 6.0, 1626.5)","(0.2, 0.0, 0.0, 1.0)"
0,942376.9,0,0,0,0,0,0,0,0,0,"(0.0, 0.0)","(0.0, 0.0)","(0.0, 0.0)","(0.0, 0.0, 0.0)","(0.0, 0.0, 0.0)","(0.0, 0.0, 0.0)","(0.0, 0.0, 0.0)","(0.0, 0.0, 0.0)","(0.0, 0.0, 0.0)",0,0,0,0,0,0,False,0,0,0,0,0,0,0,0,"(0.0, 6.0, 1626.9)","(0.2, 0.0, 0.0, 1.0)"
0,942398.3,0,0,0,0,0,0,0,0,0,"(0.0, 0.0)","(0.0, 0.0)","(0.0, 0.0)","(0.0, 0.0, 0.0)","(0.0, 0.0, 0.0)","(0.0, 0.0, 0.0)","(0.0, 0.0, 0.0)","(0.0, 0.0, 0.0)","(0.0, 0.0, 0.0)",0,0,0,0,0,0,False,0,0,0,0,0,0,0,0,"(0.0, 6.0, 1627.3)","(0.2, 0.0, 0.0, 1.0)"
0,942420.3,0,0,0,0,0,0,0,0,0,"(0.0, 0.0)","(0.0, 0.0)","(0.0, 0.0)","(0.0, 0.0, 0.0)","(0.0, 0.0, 0.0)","(0.0, 0.0, 0.0)","(0.0, 0.0, 0.0)","(0.0, 0.0, 0.0)","(0.0, 0.0, 0.0)",0,0,0,0,0,0,False,0,0,0,0,0,0,0,0,"(0.0, 6.0, 1627.8)","(0.2, 0.0, 0.0, 1.0)"
0,942439.9,0,0,0,0,0,0,0,0,0,"(0.0, 0.0)","(0.0, 0.0)","(0.0, 0.0)","(0.0, 0.0, 0.0)","(0.0, 0.0, 0.0)","(0.0, 0.0, 0.0)","(0.0, 0.0, 0.0)","(0.0, 0.0, 0.0)","(0.0, 0.0, 0.0)",0,0,0,0,0,0,False,0,0,0,0,0,0,0,0,"(0.0, 6.0, 1628.2)","(0.2, 0.0, 0.0, 1.0)"
0,942463.2,0,0,0,0,0,0,0,0,0,"(0.0, 0.0)","(0.0, 0.0)","(0.0, 0.0)","(0.0, 0.0, 0.0)","(0.0, 0.0, 0.0)","(0.0, 0.0, 0.0)","(0.0, 0.0, 0.0)","(0.0, 0.0, 0.0)","(0.0, 0.0, 0.0)",0,0,0,0,0,0,False,0,0,0,0,0,0,0,0,"(0.0, 6.0, 1628.6)","(0.2, 0.0, 0.0, 1.0)"
0,942485.8,0,0,0,0,0,0,0,0,0,"(0.0, 0.0)","(0.0, 0.0)","(0.0, 0.0)","(0.0, 0.0, 0.0)","(0.0, 0.0, 0.0)","(0.0, 0.0, 0.0)","(0.0, 0.0, 0.0)","(0.0, 0.0, 0.0)","(0.0, 0.0, 0.0)",0,0,0,0,0,0,False,0,0,0,0,0,0,0,0,"(0.0, 6.0, 1629.0)","(0.2, 0.0, 0.0, 1.0)"
0,942510.4,0,0,0,0,0,0,0,0,0,"(0.0, 0.0)","(0.0, 0.0)","(0.0, 0.0)","(0.0, 0.0, 0.0)","(0.0, 0.0, 0.0)","(0.0, 0.0, 0.0)","(0.0, 0.0, 0.0)","(0.0, 0.0, 0.0)","(0.0, 0.0, 0.0)",0,0,0,0,0,0,False,0,0,0,0,0,0,0,0,"(0.0, 6.0, 1629.4)","(0.2, 0.0, 0.0, 1.0)"
0,942537.1,0,0,0,0,0,0,0,0,0,"(0.0, 0.0)","(0.0, 0.0)","(0.0, 0.0)","(0.0, 0.0, 0.0)","(0.0, 0.0, 0.0)","(0.0, 0.0, 0.0)","(0.0, 0.0, 0.0)","(0.0, 0.0, 0.0)","(0.0, 0.0, 0.0)",0,0,0,0,0,0,False,0,0,0,0,0,0,0,0,"(0.0, 6.0, 1629.9)","(0.2, 0.0, 0.0, 1.0)"
0,942558.5,0,0,0,0,0,0,0,0,0,"(0.0, 0.0)","(0.0, 0.0)","(0.0, 0.0)","(0.0, 0.0, 0.0)","(0.0, 0.0, 0.0)","(0.0, 0.0, 0.0)","(0.0, 0.0, 0.0)","(0.0, 0.0, 0.0)","(0.0, 0.0, 0.0)",0,0,0,0,0,0,False,0,0,0,0,0,0,0,0,"(0.0, 6.0, 1630.3)","(0.2, 0.0, 0.0, 1.0)"
0,942579.3,0,0,0,0,0,0,0,0,0,"(0.0, 0.0)","(0.0, 0.0)","(0.0, 0.0)","(0.0, 0.0, 0.0)","(0.0, 0.0, 0.0)","(0.0, 0.0, 0.0)","(0.0, 0.0, 0.0)","(0.0, 0.0, 0.0)","(0.0, 0.0, 0.0)",0,0,0,0,0,0,False,0,0,0,0,0,0,0,0,"(0.0, 6.0, 1630.7)","(0.2, 0.0, 0.0, 1.0)"
0,942600.6,0,0,0,0,0,0,0,0,0,"(0.0, 0.0)","(0.0, 0.0)","(0.0, 0.0)","(0.0, 0.0, 0.0)","(0.0, 0.0, 0.0)","(0.0, 0.0, 0.0)","(0.0, 0.0, 0.0)","(0.0, 0.0, 0.0)","(0.0, 0.0, 0.0)",0,0,0,0,0,0,False,0,0,0,0,0,0,0,0,"(0.0, 6.0, 1631.2)","(0.2, 0.0, 0.0, 1.0)"
0,942622.6,0,0,0,0,0,0,0,0,0,"(0.0, 0.0)","(0.0, 0.0)","(0.0, 0.0)","(0.0, 0.0, 0.0)","(0.0, 0.0, 0.0)","(0.0, 0.0, 0.0)","(0.0, 0.0, 0.0)","(0.0, 0.0, 0.0)","(0.0, 0.0, 0.0)",0,0,0,0,0,0,False,0,0,0,0,0,0,0,0,"(0.0, 6.0, 1631.6)","(0.2, 0.0, 0.0, 1.0)"
0,942643.7,0,0,0,0,0,0,0,0,0,"(0.0, 0.0)","(0.0, 0.0)","(0.0, 0.0)","(0.0, 0.0, 0.0)","(0.0, 0.0, 0.0)","(0.0, 0.0, 0.0)","(0.0, 0.0, 0.0)","(0.0, 0.0, 0.0)","(0.0, 0.0, 0.0)",0,0,0,0,0,0,False,0,0,0,0,0,0,0,0,"(0.0, 6.0, 1632.0)","(0.2, 0.0, 0.0, 1.0)"
0,942665.7,0,0,0,0,0,0,0,0,0,"(0.0, 0.0)","(0.0, 0.0)","(0.0, 0.0)","(0.0, 0.0, 0.0)","(0.0, 0.0, 0.0)","(0.0, 0.0, 0.0)","(0.0, 0.0, 0.0)","(0.0, 0.0, 0.0)","(0.0, 0.0, 0.0)",0,0,0,0,0,0,False,0,0,0,0,0,0,0,0,"(0.0, 6.0, 1632.4)","(0.2, 0.0, 0.0, 1.0)"
0,942692.1,0,0,0,0,0,0,0,0,0,"(0.0, 0.0)","(0.0, 0.0)","(0.0, 0.0)","(0.0, 0.0, 0.0)","(0.0, 0.0, 0.0)","(0.0, 0.0, 0.0)","(0.0, 0.0, 0.0)","(0.0, 0.0, 0.0)","(0.0, 0.0, 0.0)",0,0,0,0,0,0,False,0,0,0,0,0,0,0,0,"(0.0, 6.0, 1632.9)","(0.2, 0.0, 0.0, 1.0)"
0,942719.2,0,0,0,0,0,0,0,0,0,"(0.0, 0.0)","(0.0, 0.0)","(0.0, 0.0)","(0.0, 0.0, 0.0)","(0.0, 0.0, 0.0)","(0.0, 0.0, 0.0)","(0.0, 0.0, 0.0)","(0.0, 0.0, 0.0)","(0.0, 0.0, 0.0)",0,0,0,0,0,0,False,0,0,0,0,0,0,0,0,"(0.0, 6.0, 1633.3)","(0.2, 0.0, 0.0, 1.0)"
0,942739.2,0,0,0,0,0,0,0,0,0,"(0.0, 0.0)","(0.0, 0.0)","(0.0, 0.0)","(0.0, 0.0, 0.0)","(0.0, 0.0, 0.0)","(0.0, 0.0, 0.0)","(0.0, 0.0, 0.0)","(0.0, 0.0, 0.0)","(0.0, 0.0, 0.0)",0,0,0,0,0,0,False,0,0,0,0,0,0,0,0,"(0.0, 6.0, 1633.7)","(0.2, 0.0, 0.0, 1.0)"
0,942759.5,0,0,0,0,0,0,0,0,0,"(0.0, 0.0)","(0.0, 0.0)","(0.0, 0.0)","(0.0, 0.0, 0.0)","(0.0, 0.0, 0.0)","(0.0, 0.0, 0.0)","(0.0, 0.0, 0.0)","(0.0, 0.0, 0.0)","(0.0, 0.0, 0.0)",0,0,0,0,0,0,False,0,0,0,0,0,0,0,0,"(0.0, 6.0, 1634.1)","(0.2, 0.0, 0.0, 1.0)"
0,942781,0,0,0,0,0,0,0,0,0,"(0.0, 0.0)","(0.0, 0.0)","(0.0, 0.0)","(0.0, 0.0, 0.0)","(0.0, 0.0, 0.0)","(0.0, 0.0, 0.0)","(0.0, 0.0, 0.0)","(0.0, 0.0, 0.0)","(0.0, 0.0, 0.0)",0,0,0,0,0,0,False,0,0,0,0,0,0,0,0,"(0.0, 6.0, 1634.6)","(0.2, 0.0, 0.0, 1.0)"
0,942802.4,0,0,0,0,0,0,0,0,0,"(0.0, 0.0)","(0.0, 0.0)","(0.0, 0.0)","(0.0, 0.0, 0.0)","(0.0, 0.0, 0.0)","(0.0, 0.0, 0.0)","(0.0, 0.0, 0.0)","(0.0, 0.0, 0.0)","(0.0, 0.0, 0.0)",0,0,0,0,0,0,False,0,0,0,0,0,0,0,0,"(0.0, 6.0, 1635.0)","(0.2, 0.0, 0.0, 1.0)"
0,942822.9,0,0,0,0,0,0,0,0,0,"(0.0, 0.0)","(0.0, 0.0)","(0.0, 0.0)","(0.0, 0.0, 0.0)","(0.0, 0.0, 0.0)","(0.0, 0.0, 0.0)","(0.0, 0.0, 0.0)","(0.0, 0.0, 0.0)","(0.0, 0.0, 0.0)",0,0,0,0,0,0,False,0,0,0,0,0,0,0,0,"(0.0, 6.0, 1635.4)","(0.2, 0.0, 0.0, 1.0)"
0,942842.9,0,0,0,0,0,0,0,0,0,"(0.0, 0.0)","(0.0, 0.0)","(0.0, 0.0)","(0.0, 0.0, 0.0)","(0.0, 0.0, 0.0)","(0.0, 0.0, 0.0)","(0.0, 0.0, 0.0)","(0.0, 0.0, 0.0)","(0.0, 0.0, 0.0)",0,0,0,0,0,0,False,0,0,0,0,0,0,0,0,"(0.0, 6.0, 1635.8)","(0.2, 0.0, 0.0, 1.0)"
0,942865,0,0,0,0,0,0,0,0,0,"(0.0, 0.0)","(0.0, 0.0)","(0.0, 0.0)","(0.0, 0.0, 0.0)","(0.0, 0.0, 0.0)","(0.0, 0.0, 0.0)","(0.0, 0.0, 0.0)","(0.0, 0.0, 0.0)","(0.0, 0.0, 0.0)",0,0,0,0,0,0,False,0,0,0,0,0,0,0,0,"(0.0, 6.0, 1636.2)","(0.2, 0.0, 0.0, 1.0)"
0,942885.4,0,0,0,0,0,0,0,0,0,"(0.0, 0.0)","(0.0, 0.0)","(0.0, 0.0)","(0.0, 0.0, 0.0)","(0.0, 0.0, 0.0)","(0.0, 0.0, 0.0)","(0.0, 0.0, 0.0)","(0.0, 0.0, 0.0)","(0.0, 0.0, 0.0)",0,0,0,0,0,0,False,0,0,0,0,0,0,0,0,"(0.0, 6.0, 1636.7)","(0.2, 0.0, 0.0, 1.0)"
0,942904.8,0,0,0,0,0,0,0,0,0,"(0.0, 0.0)","(0.0, 0.0)","(0.0, 0.0)","(0.0, 0.0, 0.0)","(0.0, 0.0, 0.0)","(0.0, 0.0, 0.0)","(0.0, 0.0, 0.0)","(0.0, 0.0, 0.0)","(0.0, 0.0, 0.0)",0,0,0,0,0,0,False,0,0,0,0,0,0,0,0,"(0.0, 6.0, 1637.1)","(0.2, 0.0, 0.0, 1.0)"
0,942925.1,0,0,0,0,0,0,0,0,0,"(0.0, 0.0)","(0.0, 0.0)","(0.0, 0.0)","(0.0, 0.0, 0.0)","(0.0, 0.0, 0.0)","(0.0, 0.0, 0.0)","(0.0, 0.0, 0.0)","(0.0, 0.0, 0.0)","(0.0, 0.0, 0.0)",0,0,0,0,0,0,False,0,0,0,0,0,0,0,0,"(0.0, 6.0, 1637.5)","(0.2, 0.0, 0.0, 1.0)"
0,942944.5,0,0,0,0,0,0,0,0,0,"(0.0, 0.0)","(0.0, 0.0)","(0.0, 0.0)","(0.0, 0.0, 0.0)","(0.0, 0.0, 0.0)","(0.0, 0.0, 0.0)","(0.0, 0.0, 0.0)","(0.0, 0.0, 0.0)","(0.0, 0.0, 0.0)",0,0,0,0,0,0,False,0,0,0,0,0,0,0,0,"(0.0, 6.0, 1637.9)","(0.2, 0.0, 0.0, 1.0)"
0,942967.1,0,0,0,0,0,0,0,0,0,"(0.0, 0.0)","(0.0, 0.0)","(0.0, 0.0)","(0.0, 0.0, 0.0)","(0.0, 0.0, 0.0)","(0.0, 0.0, 0.0)","(0.0, 0.0, 0.0)","(0.0, 0.0, 0.0)","(0.0, 0.0, 0.0)",0,0,0,0,0,0,False,0,0,0,0,0,0,0,0,"(0.0, 6.0, 1638.3)","(0.2, 0.0, 0.0, 1.0)"
0,942986.4,0,0,0,0,0,0,0,0,0,"(0.0, 0.0)","(0.0, 0.0)","(0.0, 0.0)","(0.0, 0.0, 0.0)","(0.0, 0.0, 0.0)","(0.0, 0.0, 0.0)","(0.0, 0.0, 0.0)","(0.0, 0.0, 0.0)","(0.0, 0.0, 0.0)",0,0,0,0,0,0,False,0,0,0,0,0,0,0,0,"(0.0, 6.0, 1638.7)","(0.2, 0.0, 0.0, 1.0)"
0,943006.4,0,0,0,0,0,0,0,0,0,"(0.0, 0.0)","(0.0, 0.0)","(0.0, 0.0)","(0.0, 0.0, 0.0)","(0.0, 0.0, 0.0)","(0.0, 0.0, 0.0)","(0.0, 0.0, 0.0)","(0.0, 0.0, 0.0)","(0.0, 0.0, 0.0)",0,0,0,0,0,0,False,0,0,0,0,0,0,0,0,"(0.0, 6.0, 1639.1)","(0.2, 0.0, 0.0, 1.0)"
0,943027.6,0,0,0,0,0,0,0,0,0,"(0.0, 0.0)","(0.0, 0.0)","(0.0, 0.0)","(0.0, 0.0, 0.0)","(0.0, 0.0, 0.0)","(0.0, 0.0, 0.0)","(0.0, 0.0, 0.0)","(0.0, 0.0, 0.0)","(0.0, 0.0, 0.0)",0,0,0,0,0,0,False,0,0,0,0,0,0,0,0,"(0.0, 6.0, 1639.5)","(0.2, 0.0, 0.0, 1.0)"
0,943047.9,0,0,0,0,0,0,0,0,0,"(0.0, 0.0)","(0.0, 0.0)","(0.0, 0.0)","(0.0, 0.0, 0.0)","(0.0, 0.0, 0.0)","(0.0, 0.0, 0.0)","(0.0, 0.0, 0.0)","(0.0, 0.0, 0.0)","(0.0, 0.0, 0.0)",0,0,0,0,0,0,False,0,0,0,0,0,0,0,0,"(0.0, 6.0, 1639.9)","(0.2, 0.0, 0.0, 1.0)"
0,943069.1,0,0,0,0,0,0,0,0,0,"(0.0, 0.0)","(0.0, 0.0)","(0.0, 0.0)","(0.0, 0.0, 0.0)","(0.0, 0.0, 0.0)","(0.0, 0.0, 0.0)","(0.0, 0.0, 0.0)","(0.0, 0.0, 0.0)","(0.0, 0.0, 0.0)",0,0,0,0,0,0,False,0,0,0,0,0,0,0,0,"(0.0, 6.0, 1640.3)","(0.2, 0.0, 0.0, 1.0)"
0,943088.9,0,0,0,0,0,0,0,0,0,"(0.0, 0.0)","(0.0, 0.0)","(0.0, 0.0)","(0.0, 0.0, 0.0)","(0.0, 0.0, 0.0)","(0.0, 0.0, 0.0)","(0.0, 0.0, 0.0)","(0.0, 0.0, 0.0)","(0.0, 0.0, 0.0)",0,0,0,0,0,0,False,0,0,0,0,0,0,0,0,"(0.0, 6.0, 1640.7)","(0.2, 0.0, 0.0, 1.0)"
0,943113,0,0,0,0,0,0,0,0,0,"(0.0, 0.0)","(0.0, 0.0)","(0.0, 0.0)","(0.0, 0.0, 0.0)","(0.0, 0.0, 0.0)","(0.0, 0.0, 0.0)","(0.0, 0.0, 0.0)","(0.0, 0.0, 0.0)","(0.0, 0.0, 0.0)",0,0,0,0,0,0,False,0,0,0,0,0,0,0,0,"(0.0, 6.0, 1641.1)","(0.2, 0.0, 0.0, 1.0)"
0,943134.4,0,0,0,0,0,0,0,0,0,"(0.0, 0.0)","(0.0, 0.0)","(0.0, 0.0)","(0.0, 0.0, 0.0)","(0.0, 0.0, 0.0)","(0.0, 0.0, 0.0)","(0.0, 0.0, 0.0)","(0.0, 0.0, 0.0)","(0.0, 0.0, 0.0)",0,0,0,0,0,0,False,0,0,0,0,0,0,0,0,"(0.0, 6.0, 1641.5)","(0.2, 0.0, 0.0, 1.0)"
0,943155.3,0,0,0,0,0,0,0,0,0,"(0.0, 0.0)","(0.0, 0.0)","(0.0, 0.0)","(0.0, 0.0, 0.0)","(0.0, 0.0, 0.0)","(0.0, 0.0, 0.0)","(0.0, 0.0, 0.0)","(0.0, 0.0, 0.0)","(0.0, 0.0, 0.0)",0,0,0,0,0,0,False,0,0,0,0,0,0,0,0,"(0.0, 6.0, 1641.9)","(0.2, 0.0, 0.0, 1.0)"
0,943174.7,0,0,0,0,0,0,0,0,0,"(0.0, 0.0)","(0.0, 0.0)","(0.0, 0.0)","(0.0, 0.0, 0.0)","(0.0, 0.0, 0.0)","(0.0, 0.0, 0.0)","(0.0, 0.0, 0.0)","(0.0, 0.0, 0.0)","(0.0, 0.0, 0.0)",0,0,0,0,0,0,False,0,0,0,0,0,0,0,0,"(0.0, 6.0, 1642.3)","(0.2, 0.0, 0.0, 1.0)"
0,943195.1,0,0,0,0,0,0,0,0,0,"(0.0, 0.0)","(0.0, 0.0)","(0.0, 0.0)","(0.0, 0.0, 0.0)","(0.0, 0.0, 0.0)","(0.0, 0.0, 0.0)","(0.0, 0.0, 0.0)","(0.0, 0.0, 0.0)","(0.0, 0.0, 0.0)",0,0,0,0,0,0,False,0,0,0,0,0,0,0,0,"(0.0, 6.0, 1642.7)","(0.2, 0.0, 0.0, 1.0)"
0,943215.1,0,0,0,0,0,0,0,0,0,"(0.0, 0.0)","(0.0, 0.0)","(0.0, 0.0)","(0.0, 0.0, 0.0)","(0.0, 0.0, 0.0)","(0.0, 0.0, 0.0)","(0.0, 0.0, 0.0)","(0.0, 0.0, 0.0)","(0.0, 0.0, 0.0)",0,0,0,0,0,0,False,0,0,0,0,0,0,0,0,"(0.0, 6.0, 1643.1)","(0.2, 0.0, 0.0, 1.0)"
0,943236.6,0,0,0,0,0,0,0,0,0,"(0.0, 0.0)","(0.0, 0.0)","(0.0, 0.0)","(0.0, 0.0, 0.0)","(0.0, 0.0, 0.0)","(0.0, 0.0, 0.0)","(0.0, 0.0, 0.0)","(0.0, 0.0, 0.0)","(0.0, 0.0, 0.0)",0,0,0,0,0,0,False,0,0,0,0,0,0,0,0,"(0.0, 6.0, 1643.5)","(0.2, 0.0, 0.0, 1.0)"
0,943256.1,0,0,0,0,0,0,0,0,0,"(0.0, 0.0)","(0.0, 0.0)","(0.0, 0.0)","(0.0, 0.0, 0.0)","(0.0, 0.0, 0.0)","(0.0, 0.0, 0.0)","(0.0, 0.0, 0.0)","(0.0, 0.0, 0.0)","(0.0, 0.0, 0.0)",0,0,0,0,0,0,False,0,0,0,0,0,0,0,0,"(0.0, 6.0, 1643.9)","(0.2, 0.0, 0.0, 1.0)"
0,943277.2,0,0,0,0,0,0,0,0,0,"(0.0, 0.0)","(0.0, 0.0)","(0.0, 0.0)","(0.0, 0.0, 0.0)","(0.0, 0.0, 0.0)","(0.0, 0.0, 0.0)","(0.0, 0.0, 0.0)","(0.0, 0.0, 0.0)","(0.0, 0.0, 0.0)",0,0,0,0,0,0,False,0,0,0,0,0,0,0,0,"(0.0, 6.0, 1644.3)","(0.2, 0.0, 0.0, 1.0)"
0,943297.9,0,0,0,0,0,0,0,0,0,"(0.0, 0.0)","(0.0, 0.0)","(0.0, 0.0)","(0.0, 0.0, 0.0)","(0.0, 0.0, 0.0)","(0.0, 0.0, 0.0)","(0.0, 0.0, 0.0)","(0.0, 0.0, 0.0)","(0.0, 0.0, 0.0)",0,0,0,0,0,0,False,0,0,0,0,0,0,0,0,"(0.0, 6.0, 1644.7)","(0.2, 0.0, 0.0, 1.0)"
0,943318.8,0,0,0,0,0,0,0,0,0,"(0.0, 0.0)","(0.0, 0.0)","(0.0, 0.0)","(0.0, 0.0, 0.0)","(0.0, 0.0, 0.0)","(0.0, 0.0, 0.0)","(0.0, 0.0, 0.0)","(0.0, 0.0, 0.0)","(0.0, 0.0, 0.0)",0,0,0,0,0,0,False,0,0,0,0,0,0,0,0,"(0.0, 6.0, 1645.1)","(0.2, 0.0, 0.0, 1.0)"
0,943340.1,0,0,0,0,0,0,0,0,0,"(0.0, 0.0)","(0.0, 0.0)","(0.0, 0.0)","(0.0, 0.0, 0.0)","(0.0, 0.0, 0.0)","(0.0, 0.0, 0.0)","(0.0, 0.0, 0.0)","(0.0, 0.0, 0.0)","(0.0, 0.0, 0.0)",0,0,0,0,0,0,False,0,0,0,0,0,0,0,0,"(0.0, 6.0, 1645.5)","(0.2, 0.0, 0.0, 1.0)"
0,943364.9,0,0,0,0,0,0,0,0,0,"(0.0, 0.0)","(0.0, 0.0)","(0.0, 0.0)","(0.0, 0.0, 0.0)","(0.0, 0.0, 0.0)","(0.0, 0.0, 0.0)","(0.0, 0.0, 0.0)","(0.0, 0.0, 0.0)","(0.0, 0.0, 0.0)",0,0,0,0,0,0,False,0,0,0,0,0,0,0,0,"(0.0, 6.0, 1645.9)","(0.2, 0.0, 0.0, 1.0)"
0,943385.3,0,0,0,0,0,0,0,0,0,"(0.0, 0.0)","(0.0, 0.0)","(0.0, 0.0)","(0.0, 0.0, 0.0)","(0.0, 0.0, 0.0)","(0.0, 0.0, 0.0)","(0.0, 0.0, 0.0)","(0.0, 0.0, 0.0)","(0.0, 0.0, 0.0)",0,0,0,0,0,0,False,0,0,0,0,0,0,0,0,"(0.0, 6.0, 1646.3)","(0.2, 0.0, 0.0, 1.0)"
0,943406.8,0,0,0,0,0,0,0,0,0,"(0.0, 0.0)","(0.0, 0.0)","(0.0, 0.0)","(0.0, 0.0, 0.0)","(0.0, 0.0, 0.0)","(0.0, 0.0, 0.0)","(0.0, 0.0, 0.0)","(0.0, 0.0, 0.0)","(0.0, 0.0, 0.0)",0,0,0,0,0,0,False,0,0,0,0,0,0,0,0,"(0.0, 6.0, 1646.7)","(0.2, 0.0, 0.0, 1.0)"
0,943432.5,0,0,0,0,0,0,0,0,0,"(0.0, 0.0)","(0.0, 0.0)","(0.0, 0.0)","(0.0, 0.0, 0.0)","(0.0, 0.0, 0.0)","(0.0, 0.0, 0.0)","(0.0, 0.0, 0.0)","(0.0, 0.0, 0.0)","(0.0, 0.0, 0.0)",0,0,0,0,0,0,False,0,0,0,0,0,0,0,0,"(0.0, 6.0, 1647.1)","(0.2, 0.0, 0.0, 1.0)"
0,943452.8,0,0,0,0,0,0,0,0,0,"(0.0, 0.0)","(0.0, 0.0)","(0.0, 0.0)","(0.0, 0.0, 0.0)","(0.0, 0.0, 0.0)","(0.0, 0.0, 0.0)","(0.0, 0.0, 0.0)","(0.0, 0.0, 0.0)","(0.0, 0.0, 0.0)",0,0,0,0,0,0,False,0,0,0,0,0,0,0,0,"(0.0, 6.0, 1647.5)","(0.2, 0.0, 0.0, 1.0)"
0,943473.5,0,0,0,0,0,0,0,0,0,"(0.0, 0.0)","(0.0, 0.0)","(0.0, 0.0)","(0.0, 0.0, 0.0)","(0.0, 0.0, 0.0)","(0.0, 0.0, 0.0)","(0.0, 0.0, 0.0)","(0.0, 0.0, 0.0)","(0.0, 0.0, 0.0)",0,0,0,0,0,0,False,0,0,0,0,0,0,0,0,"(0.0, 6.0, 1647.9)","(0.2, 0.0, 0.0, 1.0)"
0,943496.5,0,0,0,0,0,0,0,0,0,"(0.0, 0.0)","(0.0, 0.0)","(0.0, 0.0)","(0.0, 0.0, 0.0)","(0.0, 0.0, 0.0)","(0.0, 0.0, 0.0)","(0.0, 0.0, 0.0)","(0.0, 0.0, 0.0)","(0.0, 0.0, 0.0)",0,0,0,0,0,0,False,0,0,0,0,0,0,0,0,"(0.0, 6.0, 1648.3)","(0.2, 0.0, 0.0, 1.0)"
0,943518.3,0,0,0,0,0,0,0,0,0,"(0.0, 0.0)","(0.0, 0.0)","(0.0, 0.0)","(0.0, 0.0, 0.0)","(0.0, 0.0, 0.0)","(0.0, 0.0, 0.0)","(0.0, 0.0, 0.0)","(0.0, 0.0, 0.0)","(0.0, 0.0, 0.0)",0,0,0,0,0,0,False,0,0,0,0,0,0,0,0,"(0.0, 6.0, 1648.7)","(0.2, 0.0, 0.0, 1.0)"
0,943539.3,0,0,0,0,0,0,0,0,0,"(0.0, 0.0)","(0.0, 0.0)","(0.0, 0.0)","(0.0, 0.0, 0.0)","(0.0, 0.0, 0.0)","(0.0, 0.0, 0.0)","(0.0, 0.0, 0.0)","(0.0, 0.0, 0.0)","(0.0, 0.0, 0.0)",0,0,0,0,0,0,False,0,0,0,0,0,0,0,0,"(0.0, 6.0, 1649.1)","(0.2, 0.0, 0.0, 1.0)"
0,943562.2,0,0,0,0,0,0,0,0,0,"(0.0, 0.0)","(0.0, 0.0)","(0.0, 0.0)","(0.0, 0.0, 0.0)","(0.0, 0.0, 0.0)","(0.0, 0.0, 0.0)","(0.0, 0.0, 0.0)","(0.0, 0.0, 0.0)","(0.0, 0.0, 0.0)",0,0,0,0,0,0,False,0,0,0,0,0,0,0,0,"(0.0, 6.0, 1649.5)","(0.2, 0.0, 0.0, 1.0)"
0,943586.7,0,0,0,0,0,0,0,0,0,"(0.0, 0.0)","(0.0, 0.0)","(0.0, 0.0)","(0.0, 0.0, 0.0)","(0.0, 0.0, 0.0)","(0.0, 0.0, 0.0)","(0.0, 0.0, 0.0)","(0.0, 0.0, 0.0)","(0.0, 0.0, 0.0)",0,0,0,0,0,0,False,0,0,0,0,0,0,0,0,"(0.0, 6.0, 1650.0)","(0.2, 0.0, 0.0, 1.0)"
0,943606.1,0,0,0,0,0,0,0,0,0,"(0.0, 0.0)","(0.0, 0.0)","(0.0, 0.0)","(0.0, 0.0, 0.0)","(0.0, 0.0, 0.0)","(0.0, 0.0, 0.0)","(0.0, 0.0, 0.0)","(0.0, 0.0, 0.0)","(0.0, 0.0, 0.0)",0,0,0,0,0,0,False,0,0,0,0,0,0,0,0,"(0.0, 6.0, 1650.4)","(0.2, 0.0, 0.0, 1.0)"
0,943626.1,0,0,0,0,0,0,0,0,0,"(0.0, 0.0)","(0.0, 0.0)","(0.0, 0.0)","(0.0, 0.0, 0.0)","(0.0, 0.0, 0.0)","(0.0, 0.0, 0.0)","(0.0, 0.0, 0.0)","(0.0, 0.0, 0.0)","(0.0, 0.0, 0.0)",0,0,0,0,0,0,False,0,0,0,0,0,0,0,0,"(0.0, 6.0, 1650.8)","(0.2, 0.0, 0.0, 1.0)"
0,943647.4,0,0,0,0,0,0,0,0,0,"(0.0, 0.0)","(0.0, 0.0)","(0.0, 0.0)","(0.0, 0.0, 0.0)","(0.0, 0.0, 0.0)","(0.0, 0.0, 0.0)","(0.0, 0.0, 0.0)","(0.0, 0.0, 0.0)","(0.0, 0.0, 0.0)",0,0,0,0,0,0,False,0,0,0,0,0,0,0,0,"(0.0, 6.0, 1651.2)","(0.2, 0.0, 0.0, 1.0)"
0,943668.9,0,0,0,0,0,0,0,0,0,"(0.0, 0.0)","(0.0, 0.0)","(0.0, 0.0)","(0.0, 0.0, 0.0)","(0.0, 0.0, 0.0)","(0.0, 0.0, 0.0)","(0.0, 0.0, 0.0)","(0.0, 0.0, 0.0)","(0.0, 0.0, 0.0)",0,0,0,0,0,0,False,0,0,0,0,0,0,0,0,"(0.0, 6.0, 1651.6)","(0.2, 0.0, 0.0, 1.0)"
0,943689.5,0,0,0,0,0,0,0,0,0,"(0.0, 0.0)","(0.0, 0.0)","(0.0, 0.0)","(0.0, 0.0, 0.0)","(0.0, 0.0, 0.0)","(0.0, 0.0, 0.0)","(0.0, 0.0, 0.0)","(0.0, 0.0, 0.0)","(0.0, 0.0, 0.0)",0,0,0,0,0,0,False,0,0,0,0,0,0,0,0,"(0.0, 6.0, 1652.0)","(0.2, 0.0, 0.0, 1.0)"
0,943712.9,0,0,0,0,0,0,0,0,0,"(0.0, 0.0)","(0.0, 0.0)","(0.0, 0.0)","(0.0, 0.0, 0.0)","(0.0, 0.0, 0.0)","(0.0, 0.0, 0.0)","(0.0, 0.0, 0.0)","(0.0, 0.0, 0.0)","(0.0, 0.0, 0.0)",0,0,0,0,0,0,False,0,0,0,0,0,0,0,0,"(0.0, 6.0, 1652.4)","(0.2, 0.0, 0.0, 1.0)"
0,943738.9,0,0,0,0,0,0,0,0,0,"(0.0, 0.0)","(0.0, 0.0)","(0.0, 0.0)","(0.0, 0.0, 0.0)","(0.0, 0.0, 0.0)","(0.0, 0.0, 0.0)","(0.0, 0.0, 0.0)","(0.0, 0.0, 0.0)","(0.0, 0.0, 0.0)",0,0,0,0,0,0,False,0,0,0,0,0,0,0,0,"(0.0, 6.0, 1652.8)","(0.2, 0.0, 0.0, 1.0)"
0,943758.7,0,0,0,0,0,0,0,0,0,"(0.0, 0.0)","(0.0, 0.0)","(0.0, 0.0)","(0.0, 0.0, 0.0)","(0.0, 0.0, 0.0)","(0.0, 0.0, 0.0)","(0.0, 0.0, 0.0)","(0.0, 0.0, 0.0)","(0.0, 0.0, 0.0)",0,0,0,0,0,0,False,0,0,0,0,0,0,0,0,"(0.0, 6.0, 1653.2)","(0.2, 0.0, 0.0, 1.0)"
0,943779.1,0,0,0,0,0,0,0,0,0,"(0.0, 0.0)","(0.0, 0.0)","(0.0, 0.0)","(0.0, 0.0, 0.0)","(0.0, 0.0, 0.0)","(0.0, 0.0, 0.0)","(0.0, 0.0, 0.0)","(0.0, 0.0, 0.0)","(0.0, 0.0, 0.0)",0,0,0,0,0,0,False,0,0,0,0,0,0,0,0,"(0.0, 6.0, 1653.7)","(0.2, 0.0, 0.0, 1.0)"
0,943801.6,0,0,0,0,0,0,0,0,0,"(0.0, 0.0)","(0.0, 0.0)","(0.0, 0.0)","(0.0, 0.0, 0.0)","(0.0, 0.0, 0.0)","(0.0, 0.0, 0.0)","(0.0, 0.0, 0.0)","(0.0, 0.0, 0.0)","(0.0, 0.0, 0.0)",0,0,0,0,0,0,False,0,0,0,0,0,0,0,0,"(0.0, 6.0, 1654.1)","(0.2, 0.0, 0.0, 1.0)"
0,943821.8,0,0,0,0,0,0,0,0,0,"(0.0, 0.0)","(0.0, 0.0)","(0.0, 0.0)","(0.0, 0.0, 0.0)","(0.0, 0.0, 0.0)","(0.0, 0.0, 0.0)","(0.0, 0.0, 0.0)","(0.0, 0.0, 0.0)","(0.0, 0.0, 0.0)",0,0,0,0,0,0,False,0,0,0,0,0,0,0,0,"(0.0, 6.0, 1654.5)","(0.2, 0.0, 0.0, 1.0)"
0,943841.4,0,0,0,0,0,0,0,0,0,"(0.0, 0.0)","(0.0, 0.0)","(0.0, 0.0)","(0.0, 0.0, 0.0)","(0.0, 0.0, 0.0)","(0.0, 0.0, 0.0)","(0.0, 0.0, 0.0)","(0.0, 0.0, 0.0)","(0.0, 0.0, 0.0)",0,0,0,0,0,0,False,0,0,0,0,0,0,0,0,"(0.0, 6.0, 1654.9)","(0.2, 0.0, 0.0, 1.0)"
0,943861.9,0,0,0,0,0,0,0,0,0,"(0.0, 0.0)","(0.0, 0.0)","(0.0, 0.0)","(0.0, 0.0, 0.0)","(0.0, 0.0, 0.0)","(0.0, 0.0, 0.0)","(0.0, 0.0, 0.0)","(0.0, 0.0, 0.0)","(0.0, 0.0, 0.0)",0,0,0,0,0,0,False,0,0,0,0,0,0,0,0,"(0.0, 6.0, 1655.3)","(0.2, 0.0, 0.0, 1.0)"
0,943883.9,0,0,0,0,0,0,0,0,0,"(0.0, 0.0)","(0.0, 0.0)","(0.0, 0.0)","(0.0, 0.0, 0.0)","(0.0, 0.0, 0.0)","(0.0, 0.0, 0.0)","(0.0, 0.0, 0.0)","(0.0, 0.0, 0.0)","(0.0, 0.0, 0.0)",0,0,0,0,0,0,False,0,0,0,0,0,0,0,0,"(0.0, 6.0, 1655.7)","(0.2, 0.0, 0.0, 1.0)"
0,943903.5,0,0,0,0,0,0,0,0,0,"(0.0, 0.0)","(0.0, 0.0)","(0.0, 0.0)","(0.0, 0.0, 0.0)","(0.0, 0.0, 0.0)","(0.0, 0.0, 0.0)","(0.0, 0.0, 0.0)","(0.0, 0.0, 0.0)","(0.0, 0.0, 0.0)",0,0,0,0,0,0,False,0,0,0,0,0,0,0,0,"(0.0, 6.0, 1656.1)","(0.2, 0.0, 0.0, 1.0)"
0,943923.4,0,0,0,0,0,0,0,0,0,"(0.0, 0.0)","(0.0, 0.0)","(0.0, 0.0)","(0.0, 0.0, 0.0)","(0.0, 0.0, 0.0)","(0.0, 0.0, 0.0)","(0.0, 0.0, 0.0)","(0.0, 0.0, 0.0)","(0.0, 0.0, 0.0)",0,0,0,0,0,0,False,0,0,0,0,0,0,0,0,"(0.0, 6.0, 1656.5)","(0.2, 0.0, 0.0, 1.0)"
0,943947.8,0,0,0,0,0,0,0,0,0,"(0.0, 0.0)","(0.0, 0.0)","(0.0, 0.0)","(0.0, 0.0, 0.0)","(0.0, 0.0, 0.0)","(0.0, 0.0, 0.0)","(0.0, 0.0, 0.0)","(0.0, 0.0, 0.0)","(0.0, 0.0, 0.0)",0,0,0,0,0,0,False,0,0,0,0,0,0,0,0,"(0.0, 6.0, 1656.9)","(0.2, 0.0, 0.0, 1.0)"
0,943969.3,0,0,0,0,0,0,0,0,0,"(0.0, 0.0)","(0.0, 0.0)","(0.0, 0.0)","(0.0, 0.0, 0.0)","(0.0, 0.0, 0.0)","(0.0, 0.0, 0.0)","(0.0, 0.0, 0.0)","(0.0, 0.0, 0.0)","(0.0, 0.0, 0.0)",0,0,0,0,0,0,False,0,0,0,0,0,0,0,0,"(0.0, 6.0, 1657.3)","(0.2, 0.0, 0.0, 1.0)"
0,943990.3,0,0,0,0,0,0,0,0,0,"(0.0, 0.0)","(0.0, 0.0)","(0.0, 0.0)","(0.0, 0.0, 0.0)","(0.0, 0.0, 0.0)","(0.0, 0.0, 0.0)","(0.0, 0.0, 0.0)","(0.0, 0.0, 0.0)","(0.0, 0.0, 0.0)",0,0,0,0,0,0,False,0,0,0,0,0,0,0,0,"(0.0, 6.0, 1657.7)","(0.2, 0.0, 0.0, 1.0)"
0,944010.8,0,0,0,0,0,0,0,0,0,"(0.0, 0.0)","(0.0, 0.0)","(0.0, 0.0)","(0.0, 0.0, 0.0)","(0.0, 0.0, 0.0)","(0.0, 0.0, 0.0)","(0.0, 0.0, 0.0)","(0.0, 0.0, 0.0)","(0.0, 0.0, 0.0)",0,0,0,0,0,0,False,0,0,0,0,0,0,0,0,"(0.0, 6.0, 1658.1)","(0.2, 0.0, 0.0, 1.0)"
0,944031.5,0,0,0,0,0,0,0,0,0,"(0.0, 0.0)","(0.0, 0.0)","(0.0, 0.0)","(0.0, 0.0, 0.0)","(0.0, 0.0, 0.0)","(0.0, 0.0, 0.0)","(0.0, 0.0, 0.0)","(0.0, 0.0, 0.0)","(0.0, 0.0, 0.0)",0,0,0,0,0,0,False,0,0,0,0,0,0,0,0,"(0.0, 6.0, 1658.5)","(0.2, 0.0, 0.0, 1.0)"
0,944052.3,0,0,0,0,0,0,0,0,0,"(0.0, 0.0)","(0.0, 0.0)","(0.0, 0.0)","(0.0, 0.0, 0.0)","(0.0, 0.0, 0.0)","(0.0, 0.0, 0.0)","(0.0, 0.0, 0.0)","(0.0, 0.0, 0.0)","(0.0, 0.0, 0.0)",0,0,0,0,0,0,False,0,0,0,0,0,0,0,0,"(0.0, 6.0, 1658.9)","(0.2, 0.0, 0.0, 1.0)"
0,944072.6,0,0,0,0,0,0,0,0,0,"(0.0, 0.0)","(0.0, 0.0)","(0.0, 0.0)","(0.0, 0.0, 0.0)","(0.0, 0.0, 0.0)","(0.0, 0.0, 0.0)","(0.0, 0.0, 0.0)","(0.0, 0.0, 0.0)","(0.0, 0.0, 0.0)",0,0,0,0,0,0,False,0,0,0,0,0,0,0,0,"(0.0, 6.0, 1659.3)","(0.2, 0.0, 0.0, 1.0)"
0,944094.9,0,0,0,0,0,0,0,0,0,"(0.0, 0.0)","(0.0, 0.0)","(0.0, 0.0)","(0.0, 0.0, 0.0)","(0.0, 0.0, 0.0)","(0.0, 0.0, 0.0)","(0.0, 0.0, 0.0)","(0.0, 0.0, 0.0)","(0.0, 0.0, 0.0)",0,0,0,0,0,0,False,0,0,0,0,0,0,0,0,"(0.0, 6.0, 1659.7)","(0.2, 0.0, 0.0, 1.0)"
0,944118.1,0,0,0,0,0,0,0,0,0,"(0.0, 0.0)","(0.0, 0.0)","(0.0, 0.0)","(0.0, 0.0, 0.0)","(0.0, 0.0, 0.0)","(0.0, 0.0, 0.0)","(0.0, 0.0, 0.0)","(0.0, 0.0, 0.0)","(0.0, 0.0, 0.0)",0,0,0,0,0,0,False,0,0,0,0,0,0,0,0,"(0.0, 6.0, 1660.1)","(0.2, 0.0, 0.0, 1.0)"
0,944139.4,0,0,0,0,0,0,0,0,0,"(0.0, 0.0)","(0.0, 0.0)","(0.0, 0.0)","(0.0, 0.0, 0.0)","(0.0, 0.0, 0.0)","(0.0, 0.0, 0.0)","(0.0, 0.0, 0.0)","(0.0, 0.0, 0.0)","(0.0, 0.0, 0.0)",0,0,0,0,0,0,False,0,0,0,0,0,0,0,0,"(0.0, 6.0, 1660.6)","(0.2, 0.0, 0.0, 1.0)"
0,944162.2,0,0,0,0,0,0,0,0,0,"(0.0, 0.0)","(0.0, 0.0)","(0.0, 0.0)","(0.0, 0.0, 0.0)","(0.0, 0.0, 0.0)","(0.0, 0.0, 0.0)","(0.0, 0.0, 0.0)","(0.0, 0.0, 0.0)","(0.0, 0.0, 0.0)",0,0,0,0,0,0,False,0,0,0,0,0,0,0,0,"(0.0, 6.0, 1661.0)","(0.2, 0.0, 0.0, 1.0)"
0,944184.5,0,0,0,0,0,0,0,0,0,"(0.0, 0.0)","(0.0, 0.0)","(0.0, 0.0)","(0.0, 0.0, 0.0)","(0.0, 0.0, 0.0)","(0.0, 0.0, 0.0)","(0.0, 0.0, 0.0)","(0.0, 0.0, 0.0)","(0.0, 0.0, 0.0)",0,0,0,0,0,0,False,0,0,0,0,0,0,0,0,"(0.0, 6.0, 1661.4)","(0.2, 0.0, 0.0, 1.0)"
0,944206,0,0,0,0,0,0,0,0,0,"(0.0, 0.0)","(0.0, 0.0)","(0.0, 0.0)","(0.0, 0.0, 0.0)","(0.0, 0.0, 0.0)","(0.0, 0.0, 0.0)","(0.0, 0.0, 0.0)","(0.0, 0.0, 0.0)","(0.0, 0.0, 0.0)",0,0,0,0,0,0,False,0,0,0,0,0,0,0,0,"(0.0, 6.0, 1661.8)","(0.2, 0.0, 0.0, 1.0)"
0,944229.3,0,0,0,0,0,0,0,0,0,"(0.0, 0.0)","(0.0, 0.0)","(0.0, 0.0)","(0.0, 0.0, 0.0)","(0.0, 0.0, 0.0)","(0.0, 0.0, 0.0)","(0.0, 0.0, 0.0)","(0.0, 0.0, 0.0)","(0.0, 0.0, 0.0)",0,0,0,0,0,0,False,0,0,0,0,0,0,0,0,"(0.0, 6.0, 1662.2)","(0.2, 0.0, 0.0, 1.0)"
0,944251.5,0,0,0,0,0,0,0,0,0,"(0.0, 0.0)","(0.0, 0.0)","(0.0, 0.0)","(0.0, 0.0, 0.0)","(0.0, 0.0, 0.0)","(0.0, 0.0, 0.0)","(0.0, 0.0, 0.0)","(0.0, 0.0, 0.0)","(0.0, 0.0, 0.0)",0,0,0,0,0,0,False,0,0,0,0,0,0,0,0,"(0.0, 6.0, 1662.6)","(0.2, 0.0, 0.0, 1.0)"
0,944272.8,0,0,0,0,0,0,0,0,0,"(0.0, 0.0)","(0.0, 0.0)","(0.0, 0.0)","(0.0, 0.0, 0.0)","(0.0, 0.0, 0.0)","(0.0, 0.0, 0.0)","(0.0, 0.0, 0.0)","(0.0, 0.0, 0.0)","(0.0, 0.0, 0.0)",0,0,0,0,0,0,False,0,0,0,0,0,0,0,0,"(0.0, 6.0, 1663.0)","(0.2, 0.0, 0.0, 1.0)"
0,944299.9,0,0,0,0,0,0,0,0,0,"(0.0, 0.0)","(0.0, 0.0)","(0.0, 0.0)","(0.0, 0.0, 0.0)","(0.0, 0.0, 0.0)","(0.0, 0.0, 0.0)","(0.0, 0.0, 0.0)","(0.0, 0.0, 0.0)","(0.0, 0.0, 0.0)",0,0,0,0,0,0,False,0,0,0,0,0,0,0,0,"(0.0, 6.0, 1663.4)","(0.2, 0.0, 0.0, 1.0)"
0,944333.8,0,0,0,0,0,0,0,0,0,"(0.0, 0.0)","(0.0, 0.0)","(0.0, 0.0)","(0.0, 0.0, 0.0)","(0.0, 0.0, 0.0)","(0.0, 0.0, 0.0)","(0.0, 0.0, 0.0)","(0.0, 0.0, 0.0)","(0.0, 0.0, 0.0)",0,0,0,0,0,0,False,0,0,0,0,0,0,0,0,"(0.0, 6.0, 1663.9)","(0.2, 0.0, 0.0, 1.0)"
0,944354.3,0,0,0,0,0,0,0,0,0,"(0.0, 0.0)","(0.0, 0.0)","(0.0, 0.0)","(0.0, 0.0, 0.0)","(0.0, 0.0, 0.0)","(0.0, 0.0, 0.0)","(0.0, 0.0, 0.0)","(0.0, 0.0, 0.0)","(0.0, 0.0, 0.0)",0,0,0,0,0,0,False,0,0,0,0,0,0,0,0,"(0.0, 6.0, 1664.3)","(0.2, 0.0, 0.0, 1.0)"
0,944374.3,0,0,0,0,0,0,0,0,0,"(0.0, 0.0)","(0.0, 0.0)","(0.0, 0.0)","(0.0, 0.0, 0.0)","(0.0, 0.0, 0.0)","(0.0, 0.0, 0.0)","(0.0, 0.0, 0.0)","(0.0, 0.0, 0.0)","(0.0, 0.0, 0.0)",0,0,0,0,0,0,False,0,0,0,0,0,0,0,0,"(0.0, 6.0, 1664.8)","(0.2, 0.0, 0.0, 1.0)"
0,944396.4,0,0,0,0,0,0,0,0,0,"(0.0, 0.0)","(0.0, 0.0)","(0.0, 0.0)","(0.0, 0.0, 0.0)","(0.0, 0.0, 0.0)","(0.0, 0.0, 0.0)","(0.0, 0.0, 0.0)","(0.0, 0.0, 0.0)","(0.0, 0.0, 0.0)",0,0,0,0,0,0,False,0,0,0,0,0,0,0,0,"(0.0, 6.0, 1665.2)","(0.2, 0.0, 0.0, 1.0)"
0,944415.8,0,0,0,0,0,0,0,0,0,"(0.0, 0.0)","(0.0, 0.0)","(0.0, 0.0)","(0.0, 0.0, 0.0)","(0.0, 0.0, 0.0)","(0.0, 0.0, 0.0)","(0.0, 0.0, 0.0)","(0.0, 0.0, 0.0)","(0.0, 0.0, 0.0)",0,0,0,0,0,0,False,0,0,0,0,0,0,0,0,"(0.0, 6.0, 1665.6)","(0.2, 0.0, 0.0, 1.0)"
0,944436.3,0,0,0,0,0,0,0,0,0,"(0.0, 0.0)","(0.0, 0.0)","(0.0, 0.0)","(0.0, 0.0, 0.0)","(0.0, 0.0, 0.0)","(0.0, 0.0, 0.0)","(0.0, 0.0, 0.0)","(0.0, 0.0, 0.0)","(0.0, 0.0, 0.0)",0,0,0,0,0,0,False,0,0,0,0,0,0,0,0,"(0.0, 6.0, 1666.0)","(0.2, 0.0, 0.0, 1.0)"
0,944457.1,0,0,0,0,0,0,0,0,0,"(0.0, 0.0)","(0.0, 0.0)","(0.0, 0.0)","(0.0, 0.0, 0.0)","(0.0, 0.0, 0.0)","(0.0, 0.0, 0.0)","(0.0, 0.0, 0.0)","(0.0, 0.0, 0.0)","(0.0, 0.0, 0.0)",0,0,0,0,0,0,False,0,0,0,0,0,0,0,0,"(0.0, 6.0, 1666.5)","(0.2, 0.0, 0.0, 1.0)"
0,944477.5,0,0,0,0,0,0,0,0,0,"(0.0, 0.0)","(0.0, 0.0)","(0.0, 0.0)","(0.0, 0.0, 0.0)","(0.0, 0.0, 0.0)","(0.0, 0.0, 0.0)","(0.0, 0.0, 0.0)","(0.0, 0.0, 0.0)","(0.0, 0.0, 0.0)",0,0,0,0,0,0,False,0,0,0,0,0,0,0,0,"(0.0, 6.0, 1666.9)","(0.2, 0.0, 0.0, 1.0)"
0,944503.6,0,0,0,0,0,0,0,0,0,"(0.0, 0.0)","(0.0, 0.0)","(0.0, 0.0)","(0.0, 0.0, 0.0)","(0.0, 0.0, 0.0)","(0.0, 0.0, 0.0)","(0.0, 0.0, 0.0)","(0.0, 0.0, 0.0)","(0.0, 0.0, 0.0)",0,0,0,0,0,0,False,0,0,0,0,0,0,0,0,"(0.0, 6.0, 1667.3)","(0.2, 0.0, 0.0, 1.0)"
0,944522.6,0,0,0,0,0,0,0,0,0,"(0.0, 0.0)","(0.0, 0.0)","(0.0, 0.0)","(0.0, 0.0, 0.0)","(0.0, 0.0, 0.0)","(0.0, 0.0, 0.0)","(0.0, 0.0, 0.0)","(0.0, 0.0, 0.0)","(0.0, 0.0, 0.0)",0,0,0,0,0,0,False,0,0,0,0,0,0,0,0,"(0.0, 6.0, 1667.7)","(0.2, 0.0, 0.0, 1.0)"
0,944544.8,0,0,0,0,0,0,0,0,0,"(0.0, 0.0)","(0.0, 0.0)","(0.0, 0.0)","(0.0, 0.0, 0.0)","(0.0, 0.0, 0.0)","(0.0, 0.0, 0.0)","(0.0, 0.0, 0.0)","(0.0, 0.0, 0.0)","(0.0, 0.0, 0.0)",0,0,0,0,0,0,False,0,0,0,0,0,0,0,0,"(0.0, 6.0, 1668.1)","(0.2, 0.0, 0.0, 1.0)"
0,944565.2,0,0,0,0,0,0,0,0,0,"(0.0, 0.0)","(0.0, 0.0)","(0.0, 0.0)","(0.0, 0.0, 0.0)","(0.0, 0.0, 0.0)","(0.0, 0.0, 0.0)","(0.0, 0.0, 0.0)","(0.0, 0.0, 0.0)","(0.0, 0.0, 0.0)",0,0,0,0,0,0,False,0,0,0,0,0,0,0,0,"(0.0, 6.0, 1668.6)","(0.2, 0.0, 0.0, 1.0)"
0,944586.6,0,0,0,0,0,0,0,0,0,"(0.0, 0.0)","(0.0, 0.0)","(0.0, 0.0)","(0.0, 0.0, 0.0)","(0.0, 0.0, 0.0)","(0.0, 0.0, 0.0)","(0.0, 0.0, 0.0)","(0.0, 0.0, 0.0)","(0.0, 0.0, 0.0)",0,0,0,0,0,0,False,0,0,0,0,0,0,0,0,"(0.0, 6.0, 1669.0)","(0.2, 0.0, 0.0, 1.0)"
0,944606.5,0,0,0,0,0,0,0,0,0,"(0.0, 0.0)","(0.0, 0.0)","(0.0, 0.0)","(0.0, 0.0, 0.0)","(0.0, 0.0, 0.0)","(0.0, 0.0, 0.0)","(0.0, 0.0, 0.0)","(0.0, 0.0, 0.0)","(0.0, 0.0, 0.0)",0,0,0,0,0,0,False,0,0,0,0,0,0,0,0,"(0.0, 6.0, 1669.4)","(0.2, 0.0, 0.0, 1.0)"
0,944639.8,0,0,0,0,0,0,0,0,0,"(0.0, 0.0)","(0.0, 0.0)","(0.0, 0.0)","(0.0, 0.0, 0.0)","(0.0, 0.0, 0.0)","(0.0, 0.0, 0.0)","(0.0, 0.0, 0.0)","(0.0, 0.0, 0.0)","(0.0, 0.0, 0.0)",0,0,0,0,0,0,False,0,0,0,0,0,0,0,0,"(0.0, 6.0, 1669.8)","(0.2, 0.0, 0.0, 1.0)"
0,944682.9,0,0,0,0,0,0,0,0,0,"(0.0, 0.0)","(0.0, 0.0)","(0.0, 0.0)","(0.0, 0.0, 0.0)","(0.0, 0.0, 0.0)","(0.0, 0.0, 0.0)","(0.0, 0.0, 0.0)","(0.0, 0.0, 0.0)","(0.0, 0.0, 0.0)",0,0,0,0,0,0,False,0,0,0,0,0,0,0,0,"(0.0, 6.0, 1670.3)","(0.2, 0.0, 0.0, 1.0)"
0,944702.8,0,0,0,0,0,0,0,0,0,"(0.0, 0.0)","(0.0, 0.0)","(0.0, 0.0)","(0.0, 0.0, 0.0)","(0.0, 0.0, 0.0)","(0.0, 0.0, 0.0)","(0.0, 0.0, 0.0)","(0.0, 0.0, 0.0)","(0.0, 0.0, 0.0)",0,0,0,0,0,0,False,0,0,0,0,0,0,0,0,"(0.0, 6.0, 1670.8)","(0.2, 0.0, 0.0, 1.0)"
0,944721,0,0,0,0,0,0,0,0,0,"(0.0, 0.0)","(0.0, 0.0)","(0.0, 0.0)","(0.0, 0.0, 0.0)","(0.0, 0.0, 0.0)","(0.0, 0.0, 0.0)","(0.0, 0.0, 0.0)","(0.0, 0.0, 0.0)","(0.0, 0.0, 0.0)",0,0,0,0,0,0,False,0,0,0,0,0,0,0,0,"(0.0, 6.0, 1671.2)","(0.2, 0.0, 0.0, 1.0)"
0,944741.7,0,0,0,0,0,0,0,0,0,"(0.0, 0.0)","(0.0, 0.0)","(0.0, 0.0)","(0.0, 0.0, 0.0)","(0.0, 0.0, 0.0)","(0.0, 0.0, 0.0)","(0.0, 0.0, 0.0)","(0.0, 0.0, 0.0)","(0.0, 0.0, 0.0)",0,0,0,0,0,0,False,0,0,0,0,0,0,0,0,"(0.0, 6.0, 1671.7)","(0.2, 0.0, 0.0, 1.0)"
0,944759.9,0,0,0,0,0,0,0,0,0,"(0.0, 0.0)","(0.0, 0.0)","(0.0, 0.0)","(0.0, 0.0, 0.0)","(0.0, 0.0, 0.0)","(0.0, 0.0, 0.0)","(0.0, 0.0, 0.0)","(0.0, 0.0, 0.0)","(0.0, 0.0, 0.0)",0,0,0,0,0,0,False,0,0,0,0,0,0,0,0,"(0.0, 6.0, 1672.1)","(0.2, 0.0, 0.0, 1.0)"
0,944780.9,0,0,0,0,0,0,0,0,0,"(0.0, 0.0)","(0.0, 0.0)","(0.0, 0.0)","(0.0, 0.0, 0.0)","(0.0, 0.0, 0.0)","(0.0, 0.0, 0.0)","(0.0, 0.0, 0.0)","(0.0, 0.0, 0.0)","(0.0, 0.0, 0.0)",0,0,0,0,0,0,False,0,0,0,0,0,0,0,0,"(0.0, 6.0, 1672.5)","(0.2, 0.0, 0.0, 1.0)"
0,944801.6,0,0,0,0,0,0,0,0,0,"(0.0, 0.0)","(0.0, 0.0)","(0.0, 0.0)","(0.0, 0.0, 0.0)","(0.0, 0.0, 0.0)","(0.0, 0.0, 0.0)","(0.0, 0.0, 0.0)","(0.0, 0.0, 0.0)","(0.0, 0.0, 0.0)",0,0,0,0,0,0,False,0,0,0,0,0,0,0,0,"(0.0, 6.0, 1672.9)","(0.2, 0.0, 0.0, 1.0)"
0,944821.6,0,0,0,0,0,0,0,0,0,"(0.0, 0.0)","(0.0, 0.0)","(0.0, 0.0)","(0.0, 0.0, 0.0)","(0.0, 0.0, 0.0)","(0.0, 0.0, 0.0)","(0.0, 0.0, 0.0)","(0.0, 0.0, 0.0)","(0.0, 0.0, 0.0)",0,0,0,0,0,0,False,0,0,0,0,0,0,0,0,"(0.0, 6.0, 1673.4)","(0.2, 0.0, 0.0, 1.0)"
0,944839.8,0,0,0,0,0,0,0,0,0,"(0.0, 0.0)","(0.0, 0.0)","(0.0, 0.0)","(0.0, 0.0, 0.0)","(0.0, 0.0, 0.0)","(0.0, 0.0, 0.0)","(0.0, 0.0, 0.0)","(0.0, 0.0, 0.0)","(0.0, 0.0, 0.0)",0,0,0,0,0,0,False,0,0,0,0,0,0,0,0,"(0.0, 6.0, 1673.8)","(0.2, 0.0, 0.0, 1.0)"
0,944860.7,0,0,0,0,0,0,0,0,0,"(0.0, 0.0)","(0.0, 0.0)","(0.0, 0.0)","(0.0, 0.0, 0.0)","(0.0, 0.0, 0.0)","(0.0, 0.0, 0.0)","(0.0, 0.0, 0.0)","(0.0, 0.0, 0.0)","(0.0, 0.0, 0.0)",0,0,0,0,0,0,False,0,0,0,0,0,0,0,0,"(0.0, 6.0, 1674.2)","(0.2, 0.0, 0.0, 1.0)"
0,944885.8,0,0,0,0,0,0,0,0,0,"(0.0, 0.0)","(0.0, 0.0)","(0.0, 0.0)","(0.0, 0.0, 0.0)","(0.0, 0.0, 0.0)","(0.0, 0.0, 0.0)","(0.0, 0.0, 0.0)","(0.0, 0.0, 0.0)","(0.0, 0.0, 0.0)",0,0,0,0,0,0,False,0,0,0,0,0,0,0,0,"(0.0, 6.0, 1674.6)","(0.2, 0.0, 0.0, 1.0)"
0,944908.4,0,0,0,0,0,0,0,0,0,"(0.0, 0.0)","(0.0, 0.0)","(0.0, 0.0)","(0.0, 0.0, 0.0)","(0.0, 0.0, 0.0)","(0.0, 0.0, 0.0)","(0.0, 0.0, 0.0)","(0.0, 0.0, 0.0)","(0.0, 0.0, 0.0)",0,0,0,0,0,0,False,0,0,0,0,0,0,0,0,"(0.0, 6.0, 1675.0)","(0.2, 0.0, 0.0, 1.0)"
0,944930.3,0,0,0,0,0,0,0,0,0,"(0.0, 0.0)","(0.0, 0.0)","(0.0, 0.0)","(0.0, 0.0, 0.0)","(0.0, 0.0, 0.0)","(0.0, 0.0, 0.0)","(0.0, 0.0, 0.0)","(0.0, 0.0, 0.0)","(0.0, 0.0, 0.0)",0,0,0,0,0,0,False,0,0,0,0,0,0,0,0,"(0.0, 6.0, 1675.5)","(0.2, 0.0, 0.0, 1.0)"
0,944955.8,0,0,0,0,0,0,0,0,0,"(0.0, 0.0)","(0.0, 0.0)","(0.0, 0.0)","(0.0, 0.0, 0.0)","(0.0, 0.0, 0.0)","(0.0, 0.0, 0.0)","(0.0, 0.0, 0.0)","(0.0, 0.0, 0.0)","(0.0, 0.0, 0.0)",0,0,0,0,0,0,False,0,0,0,0,0,0,0,0,"(0.0, 6.0, 1675.9)","(0.2, 0.0, 0.0, 1.0)"
0,944974.8,0,0,0,0,0,0,0,0,0,"(0.0, 0.0)","(0.0, 0.0)","(0.0, 0.0)","(0.0, 0.0, 0.0)","(0.0, 0.0, 0.0)","(0.0, 0.0, 0.0)","(0.0, 0.0, 0.0)","(0.0, 0.0, 0.0)","(0.0, 0.0, 0.0)",0,0,0,0,0,0,False,0,0,0,0,0,0,0,0,"(0.0, 6.0, 1676.3)","(0.2, 0.0, 0.0, 1.0)"
0,945000,0,0,0,0,0,0,0,0,0,"(0.0, 0.0)","(0.0, 0.0)","(0.0, 0.0)","(0.0, 0.0, 0.0)","(0.0, 0.0, 0.0)","(0.0, 0.0, 0.0)","(0.0, 0.0, 0.0)","(0.0, 0.0, 0.0)","(0.0, 0.0, 0.0)",0,0,0,0,0,0,False,0,0,0,0,0,0,0,0,"(0.0, 6.0, 1676.7)","(0.2, 0.0, 0.0, 1.0)"
0,945020.8,0,0,0,0,0,0,0,0,0,"(0.0, 0.0)","(0.0, 0.0)","(0.0, 0.0)","(0.0, 0.0, 0.0)","(0.0, 0.0, 0.0)","(0.0, 0.0, 0.0)","(0.0, 0.0, 0.0)","(0.0, 0.0, 0.0)","(0.0, 0.0, 0.0)",0,0,0,0,0,0,False,0,0,0,0,0,0,0,0,"(0.0, 6.0, 1677.2)","(0.2, 0.0, 0.0, 1.0)"
0,945040.8,0,0,0,0,0,0,0,0,0,"(0.0, 0.0)","(0.0, 0.0)","(0.0, 0.0)","(0.0, 0.0, 0.0)","(0.0, 0.0, 0.0)","(0.0, 0.0, 0.0)","(0.0, 0.0, 0.0)","(0.0, 0.0, 0.0)","(0.0, 0.0, 0.0)",0,0,0,0,0,0,False,0,0,0,0,0,0,0,0,"(0.0, 6.0, 1677.6)","(0.2, 0.0, 0.0, 1.0)"
0,945060.9,0,0,0,0,0,0,0,0,0,"(0.0, 0.0)","(0.0, 0.0)","(0.0, 0.0)","(0.0, 0.0, 0.0)","(0.0, 0.0, 0.0)","(0.0, 0.0, 0.0)","(0.0, 0.0, 0.0)","(0.0, 0.0, 0.0)","(0.0, 0.0, 0.0)",0,0,0,0,0,0,False,0,0,0,0,0,0,0,0,"(0.0, 6.0, 1678.0)","(0.2, 0.0, 0.0, 1.0)"
0,945082.9,0,0,0,0,0,0,0,0,0,"(0.0, 0.0)","(0.0, 0.0)","(0.0, 0.0)","(0.0, 0.0, 0.0)","(0.0, 0.0, 0.0)","(0.0, 0.0, 0.0)","(0.0, 0.0, 0.0)","(0.0, 0.0, 0.0)","(0.0, 0.0, 0.0)",0,0,0,0,0,0,False,0,0,0,0,0,0,0,0,"(0.0, 6.0, 1678.4)","(0.2, 0.0, 0.0, 1.0)"
0,945106.9,0,0,0,0,0,0,0,0,0,"(0.0, 0.0)","(0.0, 0.0)","(0.0, 0.0)","(0.0, 0.0, 0.0)","(0.0, 0.0, 0.0)","(0.0, 0.0, 0.0)","(0.0, 0.0, 0.0)","(0.0, 0.0, 0.0)","(0.0, 0.0, 0.0)",0,0,0,0,0,0,False,0,0,0,0,0,0,0,0,"(0.0, 6.0, 1678.8)","(0.2, 0.0, 0.0, 1.0)"
0,945126.8,0,0,0,0,0,0,0,0,0,"(0.0, 0.0)","(0.0, 0.0)","(0.0, 0.0)","(0.0, 0.0, 0.0)","(0.0, 0.0, 0.0)","(0.0, 0.0, 0.0)","(0.0, 0.0, 0.0)","(0.0, 0.0, 0.0)","(0.0, 0.0, 0.0)",0,0,0,0,0,0,False,0,0,0,0,0,0,0,0,"(0.0, 6.0, 1679.2)","(0.2, 0.0, 0.0, 1.0)"
0,945146.6,0,0,0,0,0,0,0,0,0,"(0.0, 0.0)","(0.0, 0.0)","(0.0, 0.0)","(0.0, 0.0, 0.0)","(0.0, 0.0, 0.0)","(0.0, 0.0, 0.0)","(0.0, 0.0, 0.0)","(0.0, 0.0, 0.0)","(0.0, 0.0, 0.0)",0,0,0,0,0,0,False,0,0,0,0,0,0,0,0,"(0.0, 6.0, 1679.6)","(0.2, 0.0, 0.0, 1.0)"
0,945167.3,0,0,0,0,0,0,0,0,0,"(0.0, 0.0)","(0.0, 0.0)","(0.0, 0.0)","(0.0, 0.0, 0.0)","(0.0, 0.0, 0.0)","(0.0, 0.0, 0.0)","(0.0, 0.0, 0.0)","(0.0, 0.0, 0.0)","(0.0, 0.0, 0.0)",0,0,0,0,0,0,False,0,0,0,0,0,0,0,0,"(0.0, 6.0, 1680.1)","(0.2, 0.0, 0.0, 1.0)"
0,945187.3,0,0,0,0,0,0,0,0,0,"(0.0, 0.0)","(0.0, 0.0)","(0.0, 0.0)","(0.0, 0.0, 0.0)","(0.0, 0.0, 0.0)","(0.0, 0.0, 0.0)","(0.0, 0.0, 0.0)","(0.0, 0.0, 0.0)","(0.0, 0.0, 0.0)",0,0,0,0,0,0,False,0,0,0,0,0,0,0,0,"(0.0, 6.0, 1680.5)","(0.2, 0.0, 0.0, 1.0)"
0,945206.5,0,0,0,0,0,0,0,0,0,"(0.0, 0.0)","(0.0, 0.0)","(0.0, 0.0)","(0.0, 0.0, 0.0)","(0.0, 0.0, 0.0)","(0.0, 0.0, 0.0)","(0.0, 0.0, 0.0)","(0.0, 0.0, 0.0)","(0.0, 0.0, 0.0)",0,0,0,0,0,0,False,0,0,0,0,0,0,0,0,"(0.0, 6.0, 1680.9)","(0.2, 0.0, 0.0, 1.0)"
0,945228.2,0,0,0,0,0,0,0,0,0,"(0.0, 0.0)","(0.0, 0.0)","(0.0, 0.0)","(0.0, 0.0, 0.0)","(0.0, 0.0, 0.0)","(0.0, 0.0, 0.0)","(0.0, 0.0, 0.0)","(0.0, 0.0, 0.0)","(0.0, 0.0, 0.0)",0,0,0,0,0,0,False,0,0,0,0,0,0,0,0,"(0.0, 6.0, 1681.3)","(0.2, 0.0, 0.0, 1.0)"
0,945250.9,0,0,0,0,0,0,0,0,0,"(0.0, 0.0)","(0.0, 0.0)","(0.0, 0.0)","(0.0, 0.0, 0.0)","(0.0, 0.0, 0.0)","(0.0, 0.0, 0.0)","(0.0, 0.0, 0.0)","(0.0, 0.0, 0.0)","(0.0, 0.0, 0.0)",0,0,0,0,0,0,False,0,0,0,0,0,0,0,0,"(0.0, 6.0, 1681.7)","(0.2, 0.0, 0.0, 1.0)"
0,945272.4,0,0,0,0,0,0,0,0,0,"(0.0, 0.0)","(0.0, 0.0)","(0.0, 0.0)","(0.0, 0.0, 0.0)","(0.0, 0.0, 0.0)","(0.0, 0.0, 0.0)","(0.0, 0.0, 0.0)","(0.0, 0.0, 0.0)","(0.0, 0.0, 0.0)",0,0,0,0,0,0,False,0,0,0,0,0,0,0,0,"(0.0, 6.0, 1682.1)","(0.2, 0.0, 0.0, 1.0)"
0,945294.6,0,0,0,0,0,0,0,0,0,"(0.0, 0.0)","(0.0, 0.0)","(0.0, 0.0)","(0.0, 0.0, 0.0)","(0.0, 0.0, 0.0)","(0.0, 0.0, 0.0)","(0.0, 0.0, 0.0)","(0.0, 0.0, 0.0)","(0.0, 0.0, 0.0)",0,0,0,0,0,0,False,0,0,0,0,0,0,0,0,"(0.0, 6.0, 1682.5)","(0.2, 0.0, 0.0, 1.0)"
0,945317.9,0,0,0,0,0,0,0,0,0,"(0.0, 0.0)","(0.0, 0.0)","(0.0, 0.0)","(0.0, 0.0, 0.0)","(0.0, 0.0, 0.0)","(0.0, 0.0, 0.0)","(0.0, 0.0, 0.0)","(0.0, 0.0, 0.0)","(0.0, 0.0, 0.0)",0,0,0,0,0,0,False,0,0,0,0,0,0,0,0,"(0.0, 6.0, 1682.9)","(0.2, 0.0, 0.0, 1.0)"
0,945344.7,0,0,0,0,0,0,0,0,0,"(0.0, 0.0)","(0.0, 0.0)","(0.0, 0.0)","(0.0, 0.0, 0.0)","(0.0, 0.0, 0.0)","(0.0, 0.0, 0.0)","(0.0, 0.0, 0.0)","(0.0, 0.0, 0.0)","(0.0, 0.0, 0.0)",0,0,0,0,0,0,False,0,0,0,0,0,0,0,0,"(0.0, 6.0, 1683.3)","(0.2, 0.0, 0.0, 1.0)"
0,945366.2,0,0,0,0,0,0,0,0,0,"(0.0, 0.0)","(0.0, 0.0)","(0.0, 0.0)","(0.0, 0.0, 0.0)","(0.0, 0.0, 0.0)","(0.0, 0.0, 0.0)","(0.0, 0.0, 0.0)","(0.0, 0.0, 0.0)","(0.0, 0.0, 0.0)",0,0,0,0,0,0,False,0,0,0,0,0,0,0,0,"(0.0, 6.0, 1683.7)","(0.2, 0.0, 0.0, 1.0)"
0,945387.3,0,0,0,0,0,0,0,0,0,"(0.0, 0.0)","(0.0, 0.0)","(0.0, 0.0)","(0.0, 0.0, 0.0)","(0.0, 0.0, 0.0)","(0.0, 0.0, 0.0)","(0.0, 0.0, 0.0)","(0.0, 0.0, 0.0)","(0.0, 0.0, 0.0)",0,0,0,0,0,0,False,0,0,0,0,0,0,0,0,"(0.0, 6.0, 1684.2)","(0.2, 0.0, 0.0, 1.0)"
0,945413,0,0,0,0,0,0,0,0,0,"(0.0, 0.0)","(0.0, 0.0)","(0.0, 0.0)","(0.0, 0.0, 0.0)","(0.0, 0.0, 0.0)","(0.0, 0.0, 0.0)","(0.0, 0.0, 0.0)","(0.0, 0.0, 0.0)","(0.0, 0.0, 0.0)",0,0,0,0,0,0,False,0,0,0,0,0,0,0,0,"(0.0, 6.0, 1684.6)","(0.2, 0.0, 0.0, 1.0)"
0,945433.9,0,0,0,0,0,0,0,0,0,"(0.0, 0.0)","(0.0, 0.0)","(0.0, 0.0)","(0.0, 0.0, 0.0)","(0.0, 0.0, 0.0)","(0.0, 0.0, 0.0)","(0.0, 0.0, 0.0)","(0.0, 0.0, 0.0)","(0.0, 0.0, 0.0)",0,0,0,0,0,0,False,0,0,0,0,0,0,0,0,"(0.0, 6.0, 1685.0)","(0.2, 0.0, 0.0, 1.0)"
0,945459.8,0,0,0,0,0,0,0,0,0,"(0.0, 0.0)","(0.0, 0.0)","(0.0, 0.0)","(0.0, 0.0, 0.0)","(0.0, 0.0, 0.0)","(0.0, 0.0, 0.0)","(0.0, 0.0, 0.0)","(0.0, 0.0, 0.0)","(0.0, 0.0, 0.0)",0,0,0,0,0,0,False,0,0,0,0,0,0,0,0,"(0.0, 6.0, 1685.4)","(0.2, 0.0, 0.0, 1.0)"
0,945484.1,0,0,0,0,0,0,0,0,0,"(0.0, 0.0)","(0.0, 0.0)","(0.0, 0.0)","(0.0, 0.0, 0.0)","(0.0, 0.0, 0.0)","(0.0, 0.0, 0.0)","(0.0, 0.0, 0.0)","(0.0, 0.0, 0.0)","(0.0, 0.0, 0.0)",0,0,0,0,0,0,False,0,0,0,0,0,0,0,0,"(0.0, 6.0, 1685.9)","(0.2, 0.0, 0.0, 1.0)"
0,945505.3,0,0,0,0,0,0,0,0,0,"(0.0, 0.0)","(0.0, 0.0)","(0.0, 0.0)","(0.0, 0.0, 0.0)","(0.0, 0.0, 0.0)","(0.0, 0.0, 0.0)","(0.0, 0.0, 0.0)","(0.0, 0.0, 0.0)","(0.0, 0.0, 0.0)",0,0,0,0,0,0,False,0,0,0,0,0,0,0,0,"(0.0, 6.0, 1686.3)","(0.2, 0.0, 0.0, 1.0)"
0,945529.6,0,0,0,0,0,0,0,0,0,"(0.0, 0.0)","(0.0, 0.0)","(0.0, 0.0)","(0.0, 0.0, 0.0)","(0.0, 0.0, 0.0)","(0.0, 0.0, 0.0)","(0.0, 0.0, 0.0)","(0.0, 0.0, 0.0)","(0.0, 0.0, 0.0)",0,0,0,0,0,0,False,0,0,0,0,0,0,0,0,"(0.0, 6.0, 1686.7)","(0.2, 0.0, 0.0, 1.0)"
0,945549.7,0,0,0,0,0,0,0,0,0,"(0.0, 0.0)","(0.0, 0.0)","(0.0, 0.0)","(0.0, 0.0, 0.0)","(0.0, 0.0, 0.0)","(0.0, 0.0, 0.0)","(0.0, 0.0, 0.0)","(0.0, 0.0, 0.0)","(0.0, 0.0, 0.0)",0,0,0,0,0,0,False,0,0,0,0,0,0,0,0,"(0.0, 6.0, 1687.2)","(0.2, 0.0, 0.0, 1.0)"
0,945570.9,0,0,0,0,0,0,0,0,0,"(0.0, 0.0)","(0.0, 0.0)","(0.0, 0.0)","(0.0, 0.0, 0.0)","(0.0, 0.0, 0.0)","(0.0, 0.0, 0.0)","(0.0, 0.0, 0.0)","(0.0, 0.0, 0.0)","(0.0, 0.0, 0.0)",0,0,0,0,0,0,False,0,0,0,0,0,0,0,0,"(0.0, 6.0, 1687.6)","(0.2, 0.0, 0.0, 1.0)"
0,945591.3,0,0,0,0,0,0,0,0,0,"(0.0, 0.0)","(0.0, 0.0)","(0.0, 0.0)","(0.0, 0.0, 0.0)","(0.0, 0.0, 0.0)","(0.0, 0.0, 0.0)","(0.0, 0.0, 0.0)","(0.0, 0.0, 0.0)","(0.0, 0.0, 0.0)",0,0,0,0,0,0,False,0,0,0,0,0,0,0,0,"(0.0, 6.0, 1688.0)","(0.2, 0.0, 0.0, 1.0)"
0,945612.1,0,0,0,0,0,0,0,0,0,"(0.0, 0.0)","(0.0, 0.0)","(0.0, 0.0)","(0.0, 0.0, 0.0)","(0.0, 0.0, 0.0)","(0.0, 0.0, 0.0)","(0.0, 0.0, 0.0)","(0.0, 0.0, 0.0)","(0.0, 0.0, 0.0)",0,0,0,0,0,0,False,0,0,0,0,0,0,0,0,"(0.0, 6.0, 1688.4)","(0.2, 0.0, 0.0, 1.0)"
0,945633.2,0,0,0,0,0,0,0,0,0,"(0.0, 0.0)","(0.0, 0.0)","(0.0, 0.0)","(0.0, 0.0, 0.0)","(0.0, 0.0, 0.0)","(0.0, 0.0, 0.0)","(0.0, 0.0, 0.0)","(0.0, 0.0, 0.0)","(0.0, 0.0, 0.0)",0,0,0,0,0,0,False,0,0,0,0,0,0,0,0,"(0.0, 6.0, 1688.8)","(0.2, 0.0, 0.0, 1.0)"
0,945657.3,0,0,0,0,0,0,0,0,0,"(0.0, 0.0)","(0.0, 0.0)","(0.0, 0.0)","(0.0, 0.0, 0.0)","(0.0, 0.0, 0.0)","(0.0, 0.0, 0.0)","(0.0, 0.0, 0.0)","(0.0, 0.0, 0.0)","(0.0, 0.0, 0.0)",0,0,0,0,0,0,False,0,0,0,0,0,0,0,0,"(0.0, 6.0, 1689.3)","(0.2, 0.0, 0.0, 1.0)"
0,945678.3,0,0,0,0,0,0,0,0,0,"(0.0, 0.0)","(0.0, 0.0)","(0.0, 0.0)","(0.0, 0.0, 0.0)","(0.0, 0.0, 0.0)","(0.0, 0.0, 0.0)","(0.0, 0.0, 0.0)","(0.0, 0.0, 0.0)","(0.0, 0.0, 0.0)",0,0,0,0,0,0,False,0,0,0,0,0,0,0,0,"(0.0, 6.0, 1689.7)","(0.2, 0.0, 0.0, 1.0)"
0,945699.5,0,0,0,0,0,0,0,0,0,"(0.0, 0.0)","(0.0, 0.0)","(0.0, 0.0)","(0.0, 0.0, 0.0)","(0.0, 0.0, 0.0)","(0.0, 0.0, 0.0)","(0.0, 0.0, 0.0)","(0.0, 0.0, 0.0)","(0.0, 0.0, 0.0)",0,0,0,0,0,0,False,0,0,0,0,0,0,0,0,"(0.0, 6.0, 1690.1)","(0.2, 0.0, 0.0, 1.0)"
0,945721.4,0,0,0,0,0,0,0,0,0,"(0.0, 0.0)","(0.0, 0.0)","(0.0, 0.0)","(0.0, 0.0, 0.0)","(0.0, 0.0, 0.0)","(0.0, 0.0, 0.0)","(0.0, 0.0, 0.0)","(0.0, 0.0, 0.0)","(0.0, 0.0, 0.0)",0,0,0,0,0,0,False,0,0,0,0,0,0,0,0,"(0.0, 6.0, 1690.5)","(0.2, 0.0, 0.0, 1.0)"
0,945740.3,0,0,0,0,0,0,0,0,0,"(0.0, 0.0)","(0.0, 0.0)","(0.0, 0.0)","(0.0, 0.0, 0.0)","(0.0, 0.0, 0.0)","(0.0, 0.0, 0.0)","(0.0, 0.0, 0.0)","(0.0, 0.0, 0.0)","(0.0, 0.0, 0.0)",0,0,0,0,0,0,False,0,0,0,0,0,0,0,0,"(0.0, 6.0, 1690.9)","(0.2, 0.0, 0.0, 1.0)"
0,945759.8,0,0,0,0,0,0,0,0,0,"(0.0, 0.0)","(0.0, 0.0)","(0.0, 0.0)","(0.0, 0.0, 0.0)","(0.0, 0.0, 0.0)","(0.0, 0.0, 0.0)","(0.0, 0.0, 0.0)","(0.0, 0.0, 0.0)","(0.0, 0.0, 0.0)",0,0,0,0,0,0,False,0,0,0,0,0,0,0,0,"(0.0, 6.0, 1691.3)","(0.2, 0.0, 0.0, 1.0)"
0,945779.7,0,0,0,0,0,0,0,0,0,"(0.0, 0.0)","(0.0, 0.0)","(0.0, 0.0)","(0.0, 0.0, 0.0)","(0.0, 0.0, 0.0)","(0.0, 0.0, 0.0)","(0.0, 0.0, 0.0)","(0.0, 0.0, 0.0)","(0.0, 0.0, 0.0)",0,0,0,0,0,0,False,0,0,0,0,0,0,0,0,"(0.0, 6.0, 1691.7)","(0.2, 0.0, 0.0, 1.0)"
0,945801.4,0,0,0,0,0,0,0,0,0,"(0.0, 0.0)","(0.0, 0.0)","(0.0, 0.0)","(0.0, 0.0, 0.0)","(0.0, 0.0, 0.0)","(0.0, 0.0, 0.0)","(0.0, 0.0, 0.0)","(0.0, 0.0, 0.0)","(0.0, 0.0, 0.0)",0,0,0,0,0,0,False,0,0,0,0,0,0,0,0,"(0.0, 6.0, 1692.1)","(0.2, 0.0, 0.0, 1.0)"
0,945825.6,0,0,0,0,0,0,0,0,0,"(0.0, 0.0)","(0.0, 0.0)","(0.0, 0.0)","(0.0, 0.0, 0.0)","(0.0, 0.0, 0.0)","(0.0, 0.0, 0.0)","(0.0, 0.0, 0.0)","(0.0, 0.0, 0.0)","(0.0, 0.0, 0.0)",0,0,0,0,0,0,False,0,0,0,0,0,0,0,0,"(0.0, 6.0, 1692.6)","(0.2, 0.0, 0.0, 1.0)"
0,945845.5,0,0,0,0,0,0,0,0,0,"(0.0, 0.0)","(0.0, 0.0)","(0.0, 0.0)","(0.0, 0.0, 0.0)","(0.0, 0.0, 0.0)","(0.0, 0.0, 0.0)","(0.0, 0.0, 0.0)","(0.0, 0.0, 0.0)","(0.0, 0.0, 0.0)",0,0,0,0,0,0,False,0,0,0,0,0,0,0,0,"(0.0, 6.0, 1693.0)","(0.2, 0.0, 0.0, 1.0)"
0,945870.6,0,0,0,0,0,0,0,0,0,"(0.0, 0.0)","(0.0, 0.0)","(0.0, 0.0)","(0.0, 0.0, 0.0)","(0.0, 0.0, 0.0)","(0.0, 0.0, 0.0)","(0.0, 0.0, 0.0)","(0.0, 0.0, 0.0)","(0.0, 0.0, 0.0)",0,0,0,0,0,0,False,0,0,0,0,0,0,0,0,"(0.0, 6.0, 1693.4)","(0.2, 0.0, 0.0, 1.0)"
0,945889.4,0,0,0,0,0,0,0,0,0,"(0.0, 0.0)","(0.0, 0.0)","(0.0, 0.0)","(0.0, 0.0, 0.0)","(0.0, 0.0, 0.0)","(0.0, 0.0, 0.0)","(0.0, 0.0, 0.0)","(0.0, 0.0, 0.0)","(0.0, 0.0, 0.0)",0,0,0,0,0,0,False,0,0,0,0,0,0,0,0,"(0.0, 6.0, 1693.8)","(0.2, 0.0, 0.0, 1.0)"
0,945908.8,0,0,0,0,0,0,0,0,0,"(0.0, 0.0)","(0.0, 0.0)","(0.0, 0.0)","(0.0, 0.0, 0.0)","(0.0, 0.0, 0.0)","(0.0, 0.0, 0.0)","(0.0, 0.0, 0.0)","(0.0, 0.0, 0.0)","(0.0, 0.0, 0.0)",0,0,0,0,0,0,False,0,0,0,0,0,0,0,0,"(0.0, 6.0, 1694.2)","(0.2, 0.0, 0.0, 1.0)"
0,945928.4,0,0,0,0,0,0,0,0,0,"(0.0, 0.0)","(0.0, 0.0)","(0.0, 0.0)","(0.0, 0.0, 0.0)","(0.0, 0.0, 0.0)","(0.0, 0.0, 0.0)","(0.0, 0.0, 0.0)","(0.0, 0.0, 0.0)","(0.0, 0.0, 0.0)",0,0,0,0,0,0,False,0,0,0,0,0,0,0,0,"(0.0, 6.0, 1694.6)","(0.2, 0.0, 0.0, 1.0)"
0,945949,0,0,0,0,0,0,0,0,0,"(0.0, 0.0)","(0.0, 0.0)","(0.0, 0.0)","(0.0, 0.0, 0.0)","(0.0, 0.0, 0.0)","(0.0, 0.0, 0.0)","(0.0, 0.0, 0.0)","(0.0, 0.0, 0.0)","(0.0, 0.0, 0.0)",0,0,0,0,0,0,False,0,0,0,0,0,0,0,0,"(0.0, 6.0, 1695.0)","(0.2, 0.0, 0.0, 1.0)"
0,945969.6,0,0,0,0,0,0,0,0,0,"(0.0, 0.0)","(0.0, 0.0)","(0.0, 0.0)","(0.0, 0.0, 0.0)","(0.0, 0.0, 0.0)","(0.0, 0.0, 0.0)","(0.0, 0.0, 0.0)","(0.0, 0.0, 0.0)","(0.0, 0.0, 0.0)",0,0,0,0,0,0,False,0,0,0,0,0,0,0,0,"(0.0, 6.0, 1695.4)","(0.2, 0.0, 0.0, 1.0)"
0,945989.1,0,0,0,0,0,0,0,0,0,"(0.0, 0.0)","(0.0, 0.0)","(0.0, 0.0)","(0.0, 0.0, 0.0)","(0.0, 0.0, 0.0)","(0.0, 0.0, 0.0)","(0.0, 0.0, 0.0)","(0.0, 0.0, 0.0)","(0.0, 0.0, 0.0)",0,0,0,0,0,0,False,0,0,0,0,0,0,0,0,"(0.0, 6.0, 1695.8)","(0.2, 0.0, 0.0, 1.0)"
0,946010.5,0,0,0,0,0,0,0,0,0,"(0.0, 0.0)","(0.0, 0.0)","(0.0, 0.0)","(0.0, 0.0, 0.0)","(0.0, 0.0, 0.0)","(0.0, 0.0, 0.0)","(0.0, 0.0, 0.0)","(0.0, 0.0, 0.0)","(0.0, 0.0, 0.0)",0,0,0,0,0,0,False,0,0,0,0,0,0,0,0,"(0.0, 6.0, 1696.2)","(0.2, 0.0, 0.0, 1.0)"
0,946030,0,0,0,0,0,0,0,0,0,"(0.0, 0.0)","(0.0, 0.0)","(0.0, 0.0)","(0.0, 0.0, 0.0)","(0.0, 0.0, 0.0)","(0.0, 0.0, 0.0)","(0.0, 0.0, 0.0)","(0.0, 0.0, 0.0)","(0.0, 0.0, 0.0)",0,0,0,0,0,0,False,0,0,0,0,0,0,0,0,"(0.0, 6.0, 1696.6)","(0.2, 0.0, 0.0, 1.0)"
0,946050,0,0,0,0,0,0,0,0,0,"(0.0, 0.0)","(0.0, 0.0)","(0.0, 0.0)","(0.0, 0.0, 0.0)","(0.0, 0.0, 0.0)","(0.0, 0.0, 0.0)","(0.0, 0.0, 0.0)","(0.0, 0.0, 0.0)","(0.0, 0.0, 0.0)",0,0,0,0,0,0,False,0,0,0,0,0,0,0,0,"(0.0, 6.0, 1697.0)","(0.2, 0.0, 0.0, 1.0)"
0,946071.6,0,0,0,0,0,0,0,0,0,"(0.0, 0.0)","(0.0, 0.0)","(0.0, 0.0)","(0.0, 0.0, 0.0)","(0.0, 0.0, 0.0)","(0.0, 0.0, 0.0)","(0.0, 0.0, 0.0)","(0.0, 0.0, 0.0)","(0.0, 0.0, 0.0)",0,0,0,0,0,0,False,0,0,0,0,0,0,0,0,"(0.0, 6.0, 1697.4)","(0.2, 0.0, 0.0, 1.0)"
0,946094.4,0,0,0,0,0,0,0,0,0,"(0.0, 0.0)","(0.0, 0.0)","(0.0, 0.0)","(0.0, 0.0, 0.0)","(0.0, 0.0, 0.0)","(0.0, 0.0, 0.0)","(0.0, 0.0, 0.0)","(0.0, 0.0, 0.0)","(0.0, 0.0, 0.0)",0,0,0,0,0,0,False,0,0,0,0,0,0,0,0,"(0.0, 6.0, 1697.8)","(0.2, 0.0, 0.0, 1.0)"
0,946116.9,0,0,0,0,0,0,0,0,0,"(0.0, 0.0)","(0.0, 0.0)","(0.0, 0.0)","(0.0, 0.0, 0.0)","(0.0, 0.0, 0.0)","(0.0, 0.0, 0.0)","(0.0, 0.0, 0.0)","(0.0, 0.0, 0.0)","(0.0, 0.0, 0.0)",0,0,0,0,0,0,False,0,0,0,0,0,0,0,0,"(0.0, 6.0, 1698.2)","(0.2, 0.0, 0.0, 1.0)"
0,946138.1,0,0,0,0,0,0,0,0,0,"(0.0, 0.0)","(0.0, 0.0)","(0.0, 0.0)","(0.0, 0.0, 0.0)","(0.0, 0.0, 0.0)","(0.0, 0.0, 0.0)","(0.0, 0.0, 0.0)","(0.0, 0.0, 0.0)","(0.0, 0.0, 0.0)",0,0,0,0,0,0,False,0,0,0,0,0,0,0,0,"(0.0, 6.0, 1698.6)","(0.2, 0.0, 0.0, 1.0)"
0,946161.1,0,0,0,0,0,0,0,0,0,"(0.0, 0.0)","(0.0, 0.0)","(0.0, 0.0)","(0.0, 0.0, 0.0)","(0.0, 0.0, 0.0)","(0.0, 0.0, 0.0)","(0.0, 0.0, 0.0)","(0.0, 0.0, 0.0)","(0.0, 0.0, 0.0)",0,0,0,0,0,0,False,0,0,0,0,0,0,0,0,"(0.0, 6.0, 1699.0)","(0.2, 0.0, 0.0, 1.0)"
0,946184,0,0,0,0,0,0,0,0,0,"(0.0, 0.0)","(0.0, 0.0)","(0.0, 0.0)","(0.0, 0.0, 0.0)","(0.0, 0.0, 0.0)","(0.0, 0.0, 0.0)","(0.0, 0.0, 0.0)","(0.0, 0.0, 0.0)","(0.0, 0.0, 0.0)",0,0,0,0,0,0,False,0,0,0,0,0,0,0,0,"(0.0, 6.0, 1699.4)","(0.2, 0.0, 0.0, 1.0)"
0,946205.1,0,0,0,0,0,0,0,0,0,"(0.0, 0.0)","(0.0, 0.0)","(0.0, 0.0)","(0.0, 0.0, 0.0)","(0.0, 0.0, 0.0)","(0.0, 0.0, 0.0)","(0.0, 0.0, 0.0)","(0.0, 0.0, 0.0)","(0.0, 0.0, 0.0)",0,0,0,0,0,0,False,0,0,0,0,0,0,0,0,"(0.0, 6.0, 1699.8)","(0.2, 0.0, 0.0, 1.0)"
0,946227.9,0,0,0,0,0,0,0,0,0,"(0.0, 0.0)","(0.0, 0.0)","(0.0, 0.0)","(0.0, 0.0, 0.0)","(0.0, 0.0, 0.0)","(0.0, 0.0, 0.0)","(0.0, 0.0, 0.0)","(0.0, 0.0, 0.0)","(0.0, 0.0, 0.0)",0,0,0,0,0,0,False,0,0,0,0,0,0,0,0,"(0.0, 6.0, 1700.2)","(0.2, 0.0, 0.0, 1.0)"
0,946250.7,0,0,0,0,0,0,0,0,0,"(0.0, 0.0)","(0.0, 0.0)","(0.0, 0.0)","(0.0, 0.0, 0.0)","(0.0, 0.0, 0.0)","(0.0, 0.0, 0.0)","(0.0, 0.0, 0.0)","(0.0, 0.0, 0.0)","(0.0, 0.0, 0.0)",0,0,0,0,0,0,False,0,0,0,0,0,0,0,0,"(0.0, 6.0, 1700.6)","(0.2, 0.0, 0.0, 1.0)"
0,946271.5,0,0,0,0,0,0,0,0,0,"(0.0, 0.0)","(0.0, 0.0)","(0.0, 0.0)","(0.0, 0.0, 0.0)","(0.0, 0.0, 0.0)","(0.0, 0.0, 0.0)","(0.0, 0.0, 0.0)","(0.0, 0.0, 0.0)","(0.0, 0.0, 0.0)",0,0,0,0,0,0,False,0,0,0,0,0,0,0,0,"(0.0, 6.0, 1701.0)","(0.2, 0.0, 0.0, 1.0)"
0,946294.9,0,0,0,0,0,0,0,0,0,"(0.0, 0.0)","(0.0, 0.0)","(0.0, 0.0)","(0.0, 0.0, 0.0)","(0.0, 0.0, 0.0)","(0.0, 0.0, 0.0)","(0.0, 0.0, 0.0)","(0.0, 0.0, 0.0)","(0.0, 0.0, 0.0)",0,0,0,0,0,0,False,0,0,0,0,0,0,0,0,"(0.0, 6.0, 1701.4)","(0.2, 0.0, 0.0, 1.0)"
0,946318.1,0,0,0,0,0,0,0,0,0,"(0.0, 0.0)","(0.0, 0.0)","(0.0, 0.0)","(0.0, 0.0, 0.0)","(0.0, 0.0, 0.0)","(0.0, 0.0, 0.0)","(0.0, 0.0, 0.0)","(0.0, 0.0, 0.0)","(0.0, 0.0, 0.0)",0,0,0,0,0,0,False,0,0,0,0,0,0,0,0,"(0.0, 6.0, 1701.9)","(0.2, 0.0, 0.0, 1.0)"
0,946338.8,0,0,0,0,0,0,0,0,0,"(0.0, 0.0)","(0.0, 0.0)","(0.0, 0.0)","(0.0, 0.0, 0.0)","(0.0, 0.0, 0.0)","(0.0, 0.0, 0.0)","(0.0, 0.0, 0.0)","(0.0, 0.0, 0.0)","(0.0, 0.0, 0.0)",0,0,0,0,0,0,False,0,0,0,0,0,0,0,0,"(0.0, 6.0, 1702.3)","(0.2, 0.0, 0.0, 1.0)"
0,946360.8,0,0,0,0,0,0,0,0,0,"(0.0, 0.0)","(0.0, 0.0)","(0.0, 0.0)","(0.0, 0.0, 0.0)","(0.0, 0.0, 0.0)","(0.0, 0.0, 0.0)","(0.0, 0.0, 0.0)","(0.0, 0.0, 0.0)","(0.0, 0.0, 0.0)",0,0,0,0,0,0,False,0,0,0,0,0,0,0,0,"(0.0, 6.0, 1702.7)","(0.2, 0.0, 0.0, 1.0)"
0,946384.2,0,0,0,0,0,0,0,0,0,"(0.0, 0.0)","(0.0, 0.0)","(0.0, 0.0)","(0.0, 0.0, 0.0)","(0.0, 0.0, 0.0)","(0.0, 0.0, 0.0)","(0.0, 0.0, 0.0)","(0.0, 0.0, 0.0)","(0.0, 0.0, 0.0)",0,0,0,0,0,0,False,0,0,0,0,0,0,0,0,"(0.0, 6.0, 1703.1)","(0.2, 0.0, 0.0, 1.0)"
0,946406.6,0,0,0,0,0,0,0,0,0,"(0.0, 0.0)","(0.0, 0.0)","(0.0, 0.0)","(0.0, 0.0, 0.0)","(0.0, 0.0, 0.0)","(0.0, 0.0, 0.0)","(0.0, 0.0, 0.0)","(0.0, 0.0, 0.0)","(0.0, 0.0, 0.0)",0,0,0,0,0,0,False,0,0,0,0,0,0,0,0,"(0.0, 6.0, 1703.5)","(0.2, 0.0, 0.0, 1.0)"
0,946427.7,0,0,0,0,0,0,0,0,0,"(0.0, 0.0)","(0.0, 0.0)","(0.0, 0.0)","(0.0, 0.0, 0.0)","(0.0, 0.0, 0.0)","(0.0, 0.0, 0.0)","(0.0, 0.0, 0.0)","(0.0, 0.0, 0.0)","(0.0, 0.0, 0.0)",0,0,0,0,0,0,False,0,0,0,0,0,0,0,0,"(0.0, 6.0, 1703.9)","(0.2, 0.0, 0.0, 1.0)"
0,946450.8,0,0,0,0,0,0,0,0,0,"(0.0, 0.0)","(0.0, 0.0)","(0.0, 0.0)","(0.0, 0.0, 0.0)","(0.0, 0.0, 0.0)","(0.0, 0.0, 0.0)","(0.0, 0.0, 0.0)","(0.0, 0.0, 0.0)","(0.0, 0.0, 0.0)",0,0,0,0,0,0,False,0,0,0,0,0,0,0,0,"(0.0, 6.0, 1704.4)","(0.2, 0.0, 0.0, 1.0)"
0,946472.7,0,0,0,0,0,0,0,0,0,"(0.0, 0.0)","(0.0, 0.0)","(0.0, 0.0)","(0.0, 0.0, 0.0)","(0.0, 0.0, 0.0)","(0.0, 0.0, 0.0)","(0.0, 0.0, 0.0)","(0.0, 0.0, 0.0)","(0.0, 0.0, 0.0)",0,0,0,0,0,0,False,0,0,0,0,0,0,0,0,"(0.0, 6.0, 1704.8)","(0.2, 0.0, 0.0, 1.0)"
0,946493.9,0,0,0,0,0,0,0,0,0,"(0.0, 0.0)","(0.0, 0.0)","(0.0, 0.0)","(0.0, 0.0, 0.0)","(0.0, 0.0, 0.0)","(0.0, 0.0, 0.0)","(0.0, 0.0, 0.0)","(0.0, 0.0, 0.0)","(0.0, 0.0, 0.0)",0,0,0,0,0,0,False,0,0,0,0,0,0,0,0,"(0.0, 6.0, 1705.2)","(0.2, 0.0, 0.0, 1.0)"
0,946517.4,0,0,0,0,0,0,0,0,0,"(0.0, 0.0)","(0.0, 0.0)","(0.0, 0.0)","(0.0, 0.0, 0.0)","(0.0, 0.0, 0.0)","(0.0, 0.0, 0.0)","(0.0, 0.0, 0.0)","(0.0, 0.0, 0.0)","(0.0, 0.0, 0.0)",0,0,0,0,0,0,False,0,0,0,0,0,0,0,0,"(0.0, 6.0, 1705.6)","(0.2, 0.0, 0.0, 1.0)"
0,946538.2,0,0,0,0,0,0,0,0,0,"(0.0, 0.0)","(0.0, 0.0)","(0.0, 0.0)","(0.0, 0.0, 0.0)","(0.0, 0.0, 0.0)","(0.0, 0.0, 0.0)","(0.0, 0.0, 0.0)","(0.0, 0.0, 0.0)","(0.0, 0.0, 0.0)",0,0,0,0,0,0,False,0,0,0,0,0,0,0,0,"(0.0, 6.0, 1706.0)","(0.2, 0.0, 0.0, 1.0)"
0,946561.4,0,0,0,0,0,0,0,0,0,"(0.0, 0.0)","(0.0, 0.0)","(0.0, 0.0)","(0.0, 0.0, 0.0)","(0.0, 0.0, 0.0)","(0.0, 0.0, 0.0)","(0.0, 0.0, 0.0)","(0.0, 0.0, 0.0)","(0.0, 0.0, 0.0)",0,0,0,0,0,0,False,0,0,0,0,0,0,0,0,"(0.0, 6.0, 1706.5)","(0.2, 0.0, 0.0, 1.0)"
0,946587.4,0,0,0,0,0,0,0,0,0,"(0.0, 0.0)","(0.0, 0.0)","(0.0, 0.0)","(0.0, 0.0, 0.0)","(0.0, 0.0, 0.0)","(0.0, 0.0, 0.0)","(0.0, 0.0, 0.0)","(0.0, 0.0, 0.0)","(0.0, 0.0, 0.0)",0,0,0,0,0,0,False,0,0,0,0,0,0,0,0,"(0.0, 6.0, 1706.9)","(0.2, 0.0, 0.0, 1.0)"
0,946608.2,0,0,0,0,0,0,0,0,0,"(0.0, 0.0)","(0.0, 0.0)","(0.0, 0.0)","(0.0, 0.0, 0.0)","(0.0, 0.0, 0.0)","(0.0, 0.0, 0.0)","(0.0, 0.0, 0.0)","(0.0, 0.0, 0.0)","(0.0, 0.0, 0.0)",0,0,0,0,0,0,False,0,0,0,0,0,0,0,0,"(0.0, 6.0, 1707.3)","(0.2, 0.0, 0.0, 1.0)"
0,946630.4,0,0,0,0,0,0,0,0,0,"(0.0, 0.0)","(0.0, 0.0)","(0.0, 0.0)","(0.0, 0.0, 0.0)","(0.0, 0.0, 0.0)","(0.0, 0.0, 0.0)","(0.0, 0.0, 0.0)","(0.0, 0.0, 0.0)","(0.0, 0.0, 0.0)",0,0,0,0,0,0,False,0,0,0,0,0,0,0,0,"(0.0, 6.0, 1707.7)","(0.2, 0.0, 0.0, 1.0)"
0,946652.4,0,0,0,0,0,0,0,0,0,"(0.0, 0.0)","(0.0, 0.0)","(0.0, 0.0)","(0.0, 0.0, 0.0)","(0.0, 0.0, 0.0)","(0.0, 0.0, 0.0)","(0.0, 0.0, 0.0)","(0.0, 0.0, 0.0)","(0.0, 0.0, 0.0)",0,0,0,0,0,0,False,0,0,0,0,0,0,0,0,"(0.0, 6.0, 1708.1)","(0.2, 0.0, 0.0, 1.0)"
0,946677.3,0,0,0,0,0,0,0,0,0,"(0.0, 0.0)","(0.0, 0.0)","(0.0, 0.0)","(0.0, 0.0, 0.0)","(0.0, 0.0, 0.0)","(0.0, 0.0, 0.0)","(0.0, 0.0, 0.0)","(0.0, 0.0, 0.0)","(0.0, 0.0, 0.0)",0,0,0,0,0,0,False,0,0,0,0,0,0,0,0,"(0.0, 6.0, 1708.6)","(0.2, 0.0, 0.0, 1.0)"
0,946698.3,0,0,0,0,0,0,0,0,0,"(0.0, 0.0)","(0.0, 0.0)","(0.0, 0.0)","(0.0, 0.0, 0.0)","(0.0, 0.0, 0.0)","(0.0, 0.0, 0.0)","(0.0, 0.0, 0.0)","(0.0, 0.0, 0.0)","(0.0, 0.0, 0.0)",0,0,0,0,0,0,False,0,0,0,0,0,0,0,0,"(0.0, 6.0, 1709.0)","(0.2, 0.0, 0.0, 1.0)"
0,946722.7,0,0,0,0,0,0,0,0,0,"(0.0, 0.0)","(0.0, 0.0)","(0.0, 0.0)","(0.0, 0.0, 0.0)","(0.0, 0.0, 0.0)","(0.0, 0.0, 0.0)","(0.0, 0.0, 0.0)","(0.0, 0.0, 0.0)","(0.0, 0.0, 0.0)",0,0,0,0,0,0,False,0,0,0,0,0,0,0,0,"(0.0, 6.0, 1709.4)","(0.2, 0.0, 0.0, 1.0)"
0,946743.4,0,0,0,0,0,0,0,0,0,"(0.0, 0.0)","(0.0, 0.0)","(0.0, 0.0)","(0.0, 0.0, 0.0)","(0.0, 0.0, 0.0)","(0.0, 0.0, 0.0)","(0.0, 0.0, 0.0)","(0.0, 0.0, 0.0)","(0.0, 0.0, 0.0)",0,0,0,0,0,0,False,0,0,0,0,0,0,0,0,"(0.0, 6.0, 1709.9)","(0.2, 0.0, 0.0, 1.0)"
0,946763.3,0,0,0,0,0,0,0,0,0,"(0.0, 0.0)","(0.0, 0.0)","(0.0, 0.0)","(0.0, 0.0, 0.0)","(0.0, 0.0, 0.0)","(0.0, 0.0, 0.0)","(0.0, 0.0, 0.0)","(0.0, 0.0, 0.0)","(0.0, 0.0, 0.0)",0,0,0,0,0,0,False,0,0,0,0,0,0,0,0,"(0.0, 6.0, 1710.3)","(0.2, 0.0, 0.0, 1.0)"
0,946784.1,0,0,0,0,0,0,0,0,0,"(0.0, 0.0)","(0.0, 0.0)","(0.0, 0.0)","(0.0, 0.0, 0.0)","(0.0, 0.0, 0.0)","(0.0, 0.0, 0.0)","(0.0, 0.0, 0.0)","(0.0, 0.0, 0.0)","(0.0, 0.0, 0.0)",0,0,0,0,0,0,False,0,0,0,0,0,0,0,0,"(0.0, 6.0, 1710.7)","(0.2, 0.0, 0.0, 1.0)"
0,946804.9,0,0,0,0,0,0,0,0,0,"(0.0, 0.0)","(0.0, 0.0)","(0.0, 0.0)","(0.0, 0.0, 0.0)","(0.0, 0.0, 0.0)","(0.0, 0.0, 0.0)","(0.0, 0.0, 0.0)","(0.0, 0.0, 0.0)","(0.0, 0.0, 0.0)",0,0,0,0,0,0,False,0,0,0,0,0,0,0,0,"(0.0, 6.0, 1711.1)","(0.2, 0.0, 0.0, 1.0)"
0,946828.5,0,0,0,0,0,0,0,0,0,"(0.0, 0.0)","(0.0, 0.0)","(0.0, 0.0)","(0.0, 0.0, 0.0)","(0.0, 0.0, 0.0)","(0.0, 0.0, 0.0)","(0.0, 0.0, 0.0)","(0.0, 0.0, 0.0)","(0.0, 0.0, 0.0)",0,0,0,0,0,0,False,0,0,0,0,0,0,0,0,"(0.0, 6.0, 1711.5)","(0.2, 0.0, 0.0, 1.0)"
0,946850.3,0,0,0,0,0,0,0,0,0,"(0.0, 0.0)","(0.0, 0.0)","(0.0, 0.0)","(0.0, 0.0, 0.0)","(0.0, 0.0, 0.0)","(0.0, 0.0, 0.0)","(0.0, 0.0, 0.0)","(0.0, 0.0, 0.0)","(0.0, 0.0, 0.0)",0,0,0,0,0,0,False,0,0,0,0,0,0,0,0,"(0.0, 6.0, 1712.0)","(0.2, 0.0, 0.0, 1.0)"
0,946871.4,0,0,0,0,0,0,0,0,0,"(0.0, 0.0)","(0.0, 0.0)","(0.0, 0.0)","(0.0, 0.0, 0.0)","(0.0, 0.0, 0.0)","(0.0, 0.0, 0.0)","(0.0, 0.0, 0.0)","(0.0, 0.0, 0.0)","(0.0, 0.0, 0.0)",0,0,0,0,0,0,False,0,0,0,0,0,0,0,0,"(0.0, 6.0, 1712.4)","(0.2, 0.0, 0.0, 1.0)"
0,946890.4,0,0,0,0,0,0,0,0,0,"(0.0, 0.0)","(0.0, 0.0)","(0.0, 0.0)","(0.0, 0.0, 0.0)","(0.0, 0.0, 0.0)","(0.0, 0.0, 0.0)","(0.0, 0.0, 0.0)","(0.0, 0.0, 0.0)","(0.0, 0.0, 0.0)",0,0,0,0,0,0,False,0,0,0,0,0,0,0,0,"(0.0, 6.0, 1712.8)","(0.2, 0.0, 0.0, 1.0)"
0,946910.1,0,0,0,0,0,0,0,0,0,"(0.0, 0.0)","(0.0, 0.0)","(0.0, 0.0)","(0.0, 0.0, 0.0)","(0.0, 0.0, 0.0)","(0.0, 0.0, 0.0)","(0.0, 0.0, 0.0)","(0.0, 0.0, 0.0)","(0.0, 0.0, 0.0)",0,0,0,0,0,0,False,0,0,0,0,0,0,0,0,"(0.0, 6.0, 1713.2)","(0.2, 0.0, 0.0, 1.0)"
0,946930.3,0,0,0,0,0,0,0,0,0,"(0.0, 0.0)","(0.0, 0.0)","(0.0, 0.0)","(0.0, 0.0, 0.0)","(0.0, 0.0, 0.0)","(0.0, 0.0, 0.0)","(0.0, 0.0, 0.0)","(0.0, 0.0, 0.0)","(0.0, 0.0, 0.0)",0,0,0,0,0,0,False,0,0,0,0,0,0,0,0,"(0.0, 6.0, 1713.6)","(0.2, 0.0, 0.0, 1.0)"
0,946950.2,0,0,0,0,0,0,0,0,0,"(0.0, 0.0)","(0.0, 0.0)","(0.0, 0.0)","(0.0, 0.0, 0.0)","(0.0, 0.0, 0.0)","(0.0, 0.0, 0.0)","(0.0, 0.0, 0.0)","(0.0, 0.0, 0.0)","(0.0, 0.0, 0.0)",0,0,0,0,0,0,False,0,0,0,0,0,0,0,0,"(0.0, 6.0, 1714.0)","(0.2, 0.0, 0.0, 1.0)"
0,946969.7,0,0,0,0,0,0,0,0,0,"(0.0, 0.0)","(0.0, 0.0)","(0.0, 0.0)","(0.0, 0.0, 0.0)","(0.0, 0.0, 0.0)","(0.0, 0.0, 0.0)","(0.0, 0.0, 0.0)","(0.0, 0.0, 0.0)","(0.0, 0.0, 0.0)",0,0,0,0,0,0,False,0,0,0,0,0,0,0,0,"(0.0, 6.0, 1714.4)","(0.2, 0.0, 0.0, 1.0)"
0,946987.9,0,0,0,0,0,0,0,0,0,"(0.0, 0.0)","(0.0, 0.0)","(0.0, 0.0)","(0.0, 0.0, 0.0)","(0.0, 0.0, 0.0)","(0.0, 0.0, 0.0)","(0.0, 0.0, 0.0)","(0.0, 0.0, 0.0)","(0.0, 0.0, 0.0)",0,0,0,0,0,0,False,0,0,0,0,0,0,0,0,"(0.0, 6.0, 1714.8)","(0.2, 0.0, 0.0, 1.0)"
0,947006.4,0,0,0,0,0,0,0,0,0,"(0.0, 0.0)","(0.0, 0.0)","(0.0, 0.0)","(0.0, 0.0, 0.0)","(0.0, 0.0, 0.0)","(0.0, 0.0, 0.0)","(0.0, 0.0, 0.0)","(0.0, 0.0, 0.0)","(0.0, 0.0, 0.0)",0,0,0,0,0,0,False,0,0,0,0,0,0,0,0,"(0.0, 6.0, 1715.2)","(0.2, 0.0, 0.0, 1.0)"
0,947026.1,0,0,0,0,0,0,0,0,0,"(0.0, 0.0)","(0.0, 0.0)","(0.0, 0.0)","(0.0, 0.0, 0.0)","(0.0, 0.0, 0.0)","(0.0, 0.0, 0.0)","(0.0, 0.0, 0.0)","(0.0, 0.0, 0.0)","(0.0, 0.0, 0.0)",0,0,0,0,0,0,False,0,0,0,0,0,0,0,0,"(0.0, 6.0, 1715.6)","(0.2, 0.0, 0.0, 1.0)"
0,947046.5,0,0,0,0,0,0,0,0,0,"(0.0, 0.0)","(0.0, 0.0)","(0.0, 0.0)","(0.0, 0.0, 0.0)","(0.0, 0.0, 0.0)","(0.0, 0.0, 0.0)","(0.0, 0.0, 0.0)","(0.0, 0.0, 0.0)","(0.0, 0.0, 0.0)",0,0,0,0,0,0,False,0,0,0,0,0,0,0,0,"(0.0, 6.0, 1716.0)","(0.2, 0.0, 0.0, 1.0)"
0,947064.5,0,0,0,0,0,0,0,0,0,"(0.0, 0.0)","(0.0, 0.0)","(0.0, 0.0)","(0.0, 0.0, 0.0)","(0.0, 0.0, 0.0)","(0.0, 0.0, 0.0)","(0.0, 0.0, 0.0)","(0.0, 0.0, 0.0)","(0.0, 0.0, 0.0)",0,0,0,0,0,0,False,0,0,0,0,0,0,0,0,"(0.0, 6.0, 1716.3)","(0.2, 0.0, 0.0, 1.0)"
0,947083.6,0,0,0,0,0,0,0,0,0,"(0.0, 0.0)","(0.0, 0.0)","(0.0, 0.0)","(0.0, 0.0, 0.0)","(0.0, 0.0, 0.0)","(0.0, 0.0, 0.0)","(0.0, 0.0, 0.0)","(0.0, 0.0, 0.0)","(0.0, 0.0, 0.0)",0,0,0,0,0,0,False,0,0,0,0,0,0,0,0,"(0.0, 6.0, 1716.7)","(0.2, 0.0, 0.0, 1.0)"
0,947113.1,0,0,0,0,0,0,0,0,0,"(0.0, 0.0)","(0.0, 0.0)","(0.0, 0.0)","(0.0, 0.0, 0.0)","(0.0, 0.0, 0.0)","(0.0, 0.0, 0.0)","(0.0, 0.0, 0.0)","(0.0, 0.0, 0.0)","(0.0, 0.0, 0.0)",0,0,0,0,0,0,False,0,0,0,0,0,0,0,0,"(0.0, 6.0, 1717.1)","(0.2, 0.0, 0.0, 1.0)"
0,947138.8,0,0,0,0,0,0,0,0,0,"(0.0, 0.0)","(0.0, 0.0)","(0.0, 0.0)","(0.0, 0.0, 0.0)","(0.0, 0.0, 0.0)","(0.0, 0.0, 0.0)","(0.0, 0.0, 0.0)","(0.0, 0.0, 0.0)","(0.0, 0.0, 0.0)",0,0,0,0,0,0,False,0,0,0,0,0,0,0,0,"(0.0, 6.0, 1717.5)","(0.2, 0.0, 0.0, 1.0)"
0,947160.8,0,0,0,0,0,0,0,0,0,"(0.0, 0.0)","(0.0, 0.0)","(0.0, 0.0)","(0.0, 0.0, 0.0)","(0.0, 0.0, 0.0)","(0.0, 0.0, 0.0)","(0.0, 0.0, 0.0)","(0.0, 0.0, 0.0)","(0.0, 0.0, 0.0)",0,0,0,0,0,0,False,0,0,0,0,0,0,0,0,"(0.0, 6.0, 1717.9)","(0.2, 0.0, 0.0, 1.0)"
0,947182.4,0,0,0,0,0,0,0,0,0,"(0.0, 0.0)","(0.0, 0.0)","(0.0, 0.0)","(0.0, 0.0, 0.0)","(0.0, 0.0, 0.0)","(0.0, 0.0, 0.0)","(0.0, 0.0, 0.0)","(0.0, 0.0, 0.0)","(0.0, 0.0, 0.0)",0,0,0,0,0,0,False,0,0,0,0,0,0,0,0,"(0.0, 6.0, 1718.3)","(0.2, 0.0, 0.0, 1.0)"
0,947204.9,0,0,0,0,0,0,0,0,0,"(0.0, 0.0)","(0.0, 0.0)","(0.0, 0.0)","(0.0, 0.0, 0.0)","(0.0, 0.0, 0.0)","(0.0, 0.0, 0.0)","(0.0, 0.0, 0.0)","(0.0, 0.0, 0.0)","(0.0, 0.0, 0.0)",0,0,0,0,0,0,False,0,0,0,0,0,0,0,0,"(0.0, 6.0, 1718.8)","(0.2, 0.0, 0.0, 1.0)"
0,947227.7,0,0,0,0,0,0,0,0,0,"(0.0, 0.0)","(0.0, 0.0)","(0.0, 0.0)","(0.0, 0.0, 0.0)","(0.0, 0.0, 0.0)","(0.0, 0.0, 0.0)","(0.0, 0.0, 0.0)","(0.0, 0.0, 0.0)","(0.0, 0.0, 0.0)",0,0,0,0,0,0,False,0,0,0,0,0,0,0,0,"(0.0, 6.0, 1719.2)","(0.2, 0.0, 0.0, 1.0)"
0,947250.4,0,0,0,0,0,0,0,0,0,"(0.0, 0.0)","(0.0, 0.0)","(0.0, 0.0)","(0.0, 0.0, 0.0)","(0.0, 0.0, 0.0)","(0.0, 0.0, 0.0)","(0.0, 0.0, 0.0)","(0.0, 0.0, 0.0)","(0.0, 0.0, 0.0)",0,0,0,0,0,0,False,0,0,0,0,0,0,0,0,"(0.0, 6.0, 1719.6)","(0.2, 0.0, 0.0, 1.0)"
0,947272.1,0,0,0,0,0,0,0,0,0,"(0.0, 0.0)","(0.0, 0.0)","(0.0, 0.0)","(0.0, 0.0, 0.0)","(0.0, 0.0, 0.0)","(0.0, 0.0, 0.0)","(0.0, 0.0, 0.0)","(0.0, 0.0, 0.0)","(0.0, 0.0, 0.0)",0,0,0,0,0,0,False,0,0,0,0,0,0,0,0,"(0.0, 6.0, 1720.0)","(0.2, 0.0, 0.0, 1.0)"
0,947293.8,0,0,0,0,0,0,0,0,0,"(0.0, 0.0)","(0.0, 0.0)","(0.0, 0.0)","(0.0, 0.0, 0.0)","(0.0, 0.0, 0.0)","(0.0, 0.0, 0.0)","(0.0, 0.0, 0.0)","(0.0, 0.0, 0.0)","(0.0, 0.0, 0.0)",0,0,0,0,0,0,False,0,0,0,0,0,0,0,0,"(0.0, 6.0, 1720.4)","(0.2, 0.0, 0.0, 1.0)"
0,947319.3,0,0,0,0,0,0,0,0,0,"(0.0, 0.0)","(0.0, 0.0)","(0.0, 0.0)","(0.0, 0.0, 0.0)","(0.0, 0.0, 0.0)","(0.0, 0.0, 0.0)","(0.0, 0.0, 0.0)","(0.0, 0.0, 0.0)","(0.0, 0.0, 0.0)",0,0,0,0,0,0,False,0,0,0,0,0,0,0,0,"(0.0, 6.0, 1720.8)","(0.2, 0.0, 0.0, 1.0)"
0,947346.4,0,0,0,0,0,0,0,0,0,"(0.0, 0.0)","(0.0, 0.0)","(0.0, 0.0)","(0.0, 0.0, 0.0)","(0.0, 0.0, 0.0)","(0.0, 0.0, 0.0)","(0.0, 0.0, 0.0)","(0.0, 0.0, 0.0)","(0.0, 0.0, 0.0)",0,0,0,0,0,0,False,0,0,0,0,0,0,0,0,"(0.0, 6.0, 1721.3)","(0.2, 0.0, 0.0, 1.0)"
0,947369.1,0,0,0,0,0,0,0,0,0,"(0.0, 0.0)","(0.0, 0.0)","(0.0, 0.0)","(0.0, 0.0, 0.0)","(0.0, 0.0, 0.0)","(0.0, 0.0, 0.0)","(0.0, 0.0, 0.0)","(0.0, 0.0, 0.0)","(0.0, 0.0, 0.0)",0,0,0,0,0,0,False,0,0,0,0,0,0,0,0,"(0.0, 6.0, 1721.7)","(0.2, 0.0, 0.0, 1.0)"
0,947390.1,0,0,0,0,0,0,0,0,0,"(0.0, 0.0)","(0.0, 0.0)","(0.0, 0.0)","(0.0, 0.0, 0.0)","(0.0, 0.0, 0.0)","(0.0, 0.0, 0.0)","(0.0, 0.0, 0.0)","(0.0, 0.0, 0.0)","(0.0, 0.0, 0.0)",0,0,0,0,0,0,False,0,0,0,0,0,0,0,0,"(0.0, 6.0, 1722.1)","(0.2, 0.0, 0.0, 1.0)"
0,947412.9,0,0,0,0,0,0,0,0,0,"(0.0, 0.0)","(0.0, 0.0)","(0.0, 0.0)","(0.0, 0.0, 0.0)","(0.0, 0.0, 0.0)","(0.0, 0.0, 0.0)","(0.0, 0.0, 0.0)","(0.0, 0.0, 0.0)","(0.0, 0.0, 0.0)",0,0,0,0,0,0,False,0,0,0,0,0,0,0,0,"(0.0, 6.0, 1722.6)","(0.2, 0.0, 0.0, 1.0)"
0,947434.6,0,0,0,0,0,0,0,0,0,"(0.0, 0.0)","(0.0, 0.0)","(0.0, 0.0)","(0.0, 0.0, 0.0)","(0.0, 0.0, 0.0)","(0.0, 0.0, 0.0)","(0.0, 0.0, 0.0)","(0.0, 0.0, 0.0)","(0.0, 0.0, 0.0)",0,0,0,0,0,0,False,0,0,0,0,0,0,0,0,"(0.0, 6.0, 1723.0)","(0.2, 0.0, 0.0, 1.0)"
0,947461.1,0,0,0,0,0,0,0,0,0,"(0.0, 0.0)","(0.0, 0.0)","(0.0, 0.0)","(0.0, 0.0, 0.0)","(0.0, 0.0, 0.0)","(0.0, 0.0, 0.0)","(0.0, 0.0, 0.0)","(0.0, 0.0, 0.0)","(0.0, 0.0, 0.0)",0,0,0,0,0,0,False,0,0,0,0,0,0,0,0,"(0.0, 6.0, 1723.4)","(0.2, 0.0, 0.0, 1.0)"
0,947485.9,0,0,0,0,0,0,0,0,0,"(0.0, 0.0)","(0.0, 0.0)","(0.0, 0.0)","(0.0, 0.0, 0.0)","(0.0, 0.0, 0.0)","(0.0, 0.0, 0.0)","(0.0, 0.0, 0.0)","(0.0, 0.0, 0.0)","(0.0, 0.0, 0.0)",0,0,0,0,0,0,False,0,0,0,0,0,0,0,0,"(0.0, 6.0, 1723.9)","(0.2, 0.0, 0.0, 1.0)"
0,947507.4,0,0,0,0,0,0,0,0,0,"(0.0, 0.0)","(0.0, 0.0)","(0.0, 0.0)","(0.0, 0.0, 0.0)","(0.0, 0.0, 0.0)","(0.0, 0.0, 0.0)","(0.0, 0.0, 0.0)","(0.0, 0.0, 0.0)","(0.0, 0.0, 0.0)",0,0,0,0,0,0,False,0,0,0,0,0,0,0,0,"(0.0, 6.0, 1724.3)","(0.2, 0.0, 0.0, 1.0)"
0,947529.9,0,0,0,0,0,0,0,0,0,"(0.0, 0.0)","(0.0, 0.0)","(0.0, 0.0)","(0.0, 0.0, 0.0)","(0.0, 0.0, 0.0)","(0.0, 0.0, 0.0)","(0.0, 0.0, 0.0)","(0.0, 0.0, 0.0)","(0.0, 0.0, 0.0)",0,0,0,0,0,0,False,0,0,0,0,0,0,0,0,"(0.0, 6.0, 1724.7)","(0.2, 0.0, 0.0, 1.0)"
0,947552.1,0,0,0,0,0,0,0,0,0,"(0.0, 0.0)","(0.0, 0.0)","(0.0, 0.0)","(0.0, 0.0, 0.0)","(0.0, 0.0, 0.0)","(0.0, 0.0, 0.0)","(0.0, 0.0, 0.0)","(0.0, 0.0, 0.0)","(0.0, 0.0, 0.0)",0,0,0,0,0,0,False,0,0,0,0,0,0,0,0,"(0.0, 6.0, 1725.2)","(0.2, 0.0, 0.0, 1.0)"
0,947571.4,0,0,0,0,0,0,0,0,0,"(0.0, 0.0)","(0.0, 0.0)","(0.0, 0.0)","(0.0, 0.0, 0.0)","(0.0, 0.0, 0.0)","(0.0, 0.0, 0.0)","(0.0, 0.0, 0.0)","(0.0, 0.0, 0.0)","(0.0, 0.0, 0.0)",0,0,0,0,0,0,False,0,0,0,0,0,0,0,0,"(0.0, 6.0, 1725.6)","(0.2, 0.0, 0.0, 1.0)"
0,947591.9,0,0,0,0,0,0,0,0,0,"(0.0, 0.0)","(0.0, 0.0)","(0.0, 0.0)","(0.0, 0.0, 0.0)","(0.0, 0.0, 0.0)","(0.0, 0.0, 0.0)","(0.0, 0.0, 0.0)","(0.0, 0.0, 0.0)","(0.0, 0.0, 0.0)",0,0,0,0,0,0,False,0,0,0,0,0,0,0,0,"(0.0, 6.0, 1726.0)","(0.2, 0.0, 0.0, 1.0)"
0,947613.8,0,0,0,0,0,0,0,0,0,"(0.0, 0.0)","(0.0, 0.0)","(0.0, 0.0)","(0.0, 0.0, 0.0)","(0.0, 0.0, 0.0)","(0.0, 0.0, 0.0)","(0.0, 0.0, 0.0)","(0.0, 0.0, 0.0)","(0.0, 0.0, 0.0)",0,0,0,0,0,0,False,0,0,0,0,0,0,0,0,"(0.0, 6.0, 1726.4)","(0.2, 0.0, 0.0, 1.0)"
0,947634.1,0,0,0,0,0,0,0,0,0,"(0.0, 0.0)","(0.0, 0.0)","(0.0, 0.0)","(0.0, 0.0, 0.0)","(0.0, 0.0, 0.0)","(0.0, 0.0, 0.0)","(0.0, 0.0, 0.0)","(0.0, 0.0, 0.0)","(0.0, 0.0, 0.0)",0,0,0,0,0,0,False,0,0,0,0,0,0,0,0,"(0.0, 6.0, 1726.8)","(0.2, 0.0, 0.0, 1.0)"
0,947654.8,0,0,0,0,0,0,0,0,0,"(0.0, 0.0)","(0.0, 0.0)","(0.0, 0.0)","(0.0, 0.0, 0.0)","(0.0, 0.0, 0.0)","(0.0, 0.0, 0.0)","(0.0, 0.0, 0.0)","(0.0, 0.0, 0.0)","(0.0, 0.0, 0.0)",0,0,0,0,0,0,False,0,0,0,0,0,0,0,0,"(0.0, 6.0, 1727.3)","(0.2, 0.0, 0.0, 1.0)"
0,947677.3,0,0,0,0,0,0,0,0,0,"(0.0, 0.0)","(0.0, 0.0)","(0.0, 0.0)","(0.0, 0.0, 0.0)","(0.0, 0.0, 0.0)","(0.0, 0.0, 0.0)","(0.0, 0.0, 0.0)","(0.0, 0.0, 0.0)","(0.0, 0.0, 0.0)",0,0,0,0,0,0,False,0,0,0,0,0,0,0,0,"(0.0, 6.0, 1727.7)","(0.2, 0.0, 0.0, 1.0)"
0,947697.9,0,0,0,0,0,0,0,0,0,"(0.0, 0.0)","(0.0, 0.0)","(0.0, 0.0)","(0.0, 0.0, 0.0)","(0.0, 0.0, 0.0)","(0.0, 0.0, 0.0)","(0.0, 0.0, 0.0)","(0.0, 0.0, 0.0)","(0.0, 0.0, 0.0)",0,0,0,0,0,0,False,0,0,0,0,0,0,0,0,"(0.0, 6.0, 1728.1)","(0.2, 0.0, 0.0, 1.0)"
0,947720.6,0,0,0,0,0,0,0,0,0,"(0.0, 0.0)","(0.0, 0.0)","(0.0, 0.0)","(0.0, 0.0, 0.0)","(0.0, 0.0, 0.0)","(0.0, 0.0, 0.0)","(0.0, 0.0, 0.0)","(0.0, 0.0, 0.0)","(0.0, 0.0, 0.0)",0,0,0,0,0,0,False,0,0,0,0,0,0,0,0,"(0.0, 6.0, 1728.5)","(0.2, 0.0, 0.0, 1.0)"
0,947741.6,0,0,0,0,0,0,0,0,0,"(0.0, 0.0)","(0.0, 0.0)","(0.0, 0.0)","(0.0, 0.0, 0.0)","(0.0, 0.0, 0.0)","(0.0, 0.0, 0.0)","(0.0, 0.0, 0.0)","(0.0, 0.0, 0.0)","(0.0, 0.0, 0.0)",0,0,0,0,0,0,False,0,0,0,0,0,0,0,0,"(0.0, 6.0, 1728.9)","(0.2, 0.0, 0.0, 1.0)"
0,947760.1,0,0,0,0,0,0,0,0,0,"(0.0, 0.0)","(0.0, 0.0)","(0.0, 0.0)","(0.0, 0.0, 0.0)","(0.0, 0.0, 0.0)","(0.0, 0.0, 0.0)","(0.0, 0.0, 0.0)","(0.0, 0.0, 0.0)","(0.0, 0.0, 0.0)",0,0,0,0,0,0,False,0,0,0,0,0,0,0,0,"(0.0, 6.0, 1729.3)","(0.2, 0.0, 0.0, 1.0)"
0,947783.1,0,0,0,0,0,0,0,0,0,"(0.0, 0.0)","(0.0, 0.0)","(0.0, 0.0)","(0.0, 0.0, 0.0)","(0.0, 0.0, 0.0)","(0.0, 0.0, 0.0)","(0.0, 0.0, 0.0)","(0.0, 0.0, 0.0)","(0.0, 0.0, 0.0)",0,0,0,0,0,0,False,0,0,0,0,0,0,0,0,"(0.0, 6.0, 1729.7)","(0.2, 0.0, 0.0, 1.0)"
0,947810.6,0,0,0,0,0,0,0,0,0,"(0.0, 0.0)","(0.0, 0.0)","(0.0, 0.0)","(0.0, 0.0, 0.0)","(0.0, 0.0, 0.0)","(0.0, 0.0, 0.0)","(0.0, 0.0, 0.0)","(0.0, 0.0, 0.0)","(0.0, 0.0, 0.0)",0,0,0,0,0,0,False,0,0,0,0,0,0,0,0,"(0.0, 6.0, 1730.2)","(0.2, 0.0, 0.0, 1.0)"
0,947833.6,0,0,0,0,0,0,0,0,0,"(0.0, 0.0)","(0.0, 0.0)","(0.0, 0.0)","(0.0, 0.0, 0.0)","(0.0, 0.0, 0.0)","(0.0, 0.0, 0.0)","(0.0, 0.0, 0.0)","(0.0, 0.0, 0.0)","(0.0, 0.0, 0.0)",0,0,0,0,0,0,False,0,0,0,0,0,0,0,0,"(0.0, 6.0, 1730.6)","(0.2, 0.0, 0.0, 1.0)"
0,947854.9,0,0,0,0,0,0,0,0,0,"(0.0, 0.0)","(0.0, 0.0)","(0.0, 0.0)","(0.0, 0.0, 0.0)","(0.0, 0.0, 0.0)","(0.0, 0.0, 0.0)","(0.0, 0.0, 0.0)","(0.0, 0.0, 0.0)","(0.0, 0.0, 0.0)",0,0,0,0,0,0,False,0,0,0,0,0,0,0,0,"(0.0, 6.0, 1731.0)","(0.2, 0.0, 0.0, 1.0)"
0,947877.4,0,0,0,0,0,0,0,0,0,"(0.0, 0.0)","(0.0, 0.0)","(0.0, 0.0)","(0.0, 0.0, 0.0)","(0.0, 0.0, 0.0)","(0.0, 0.0, 0.0)","(0.0, 0.0, 0.0)","(0.0, 0.0, 0.0)","(0.0, 0.0, 0.0)",0,0,0,0,0,0,False,0,0,0,0,0,0,0,0,"(0.0, 6.0, 1731.4)","(0.2, 0.0, 0.0, 1.0)"
0,947898.6,0,0,0,0,0,0,0,0,0,"(0.0, 0.0)","(0.0, 0.0)","(0.0, 0.0)","(0.0, 0.0, 0.0)","(0.0, 0.0, 0.0)","(0.0, 0.0, 0.0)","(0.0, 0.0, 0.0)","(0.0, 0.0, 0.0)","(0.0, 0.0, 0.0)",0,0,0,0,0,0,False,0,0,0,0,0,0,0,0,"(0.0, 6.0, 1731.9)","(0.2, 0.0, 0.0, 1.0)"
0,947922.7,0,0,0,0,0,0,0,0,0,"(0.0, 0.0)","(0.0, 0.0)","(0.0, 0.0)","(0.0, 0.0, 0.0)","(0.0, 0.0, 0.0)","(0.0, 0.0, 0.0)","(0.0, 0.0, 0.0)","(0.0, 0.0, 0.0)","(0.0, 0.0, 0.0)",0,0,0,0,0,0,False,0,0,0,0,0,0,0,0,"(0.0, 6.0, 1732.3)","(0.2, 0.0, 0.0, 1.0)"
0,947948.6,0,0,0,0,0,0,0,0,0,"(0.0, 0.0)","(0.0, 0.0)","(0.0, 0.0)","(0.0, 0.0, 0.0)","(0.0, 0.0, 0.0)","(0.0, 0.0, 0.0)","(0.0, 0.0, 0.0)","(0.0, 0.0, 0.0)","(0.0, 0.0, 0.0)",0,0,0,0,0,0,False,0,0,0,0,0,0,0,0,"(0.0, 6.0, 1732.7)","(0.2, 0.0, 0.0, 1.0)"
0,947973.6,0,0,0,0,0,0,0,0,0,"(0.0, 0.0)","(0.0, 0.0)","(0.0, 0.0)","(0.0, 0.0, 0.0)","(0.0, 0.0, 0.0)","(0.0, 0.0, 0.0)","(0.0, 0.0, 0.0)","(0.0, 0.0, 0.0)","(0.0, 0.0, 0.0)",0,0,0,0,0,0,False,0,0,0,0,0,0,0,0,"(0.0, 6.0, 1733.1)","(0.2, 0.0, 0.0, 1.0)"
0,948002.6,0,0,0,0,0,0,0,0,0,"(0.0, 0.0)","(0.0, 0.0)","(0.0, 0.0)","(0.0, 0.0, 0.0)","(0.0, 0.0, 0.0)","(0.0, 0.0, 0.0)","(0.0, 0.0, 0.0)","(0.0, 0.0, 0.0)","(0.0, 0.0, 0.0)",0,0,0,0,0,0,False,0,0,0,0,0,0,0,0,"(0.0, 6.0, 1733.6)","(0.2, 0.0, 0.0, 1.0)"
0,948023.3,0,0,0,0,0,0,0,0,0,"(0.0, 0.0)","(0.0, 0.0)","(0.0, 0.0)","(0.0, 0.0, 0.0)","(0.0, 0.0, 0.0)","(0.0, 0.0, 0.0)","(0.0, 0.0, 0.0)","(0.0, 0.0, 0.0)","(0.0, 0.0, 0.0)",0,0,0,0,0,0,False,0,0,0,0,0,0,0,0,"(0.0, 6.0, 1734.0)","(0.2, 0.0, 0.0, 1.0)"
0,948044.4,0,0,0,0,0,0,0,0,0,"(0.0, 0.0)","(0.0, 0.0)","(0.0, 0.0)","(0.0, 0.0, 0.0)","(0.0, 0.0, 0.0)","(0.0, 0.0, 0.0)","(0.0, 0.0, 0.0)","(0.0, 0.0, 0.0)","(0.0, 0.0, 0.0)",0,0,0,0,0,0,False,0,0,0,0,0,0,0,0,"(0.0, 6.0, 1734.5)","(0.2, 0.0, 0.0, 1.0)"
0,948070.9,0,0,0,0,0,0,0,0,0,"(0.0, 0.0)","(0.0, 0.0)","(0.0, 0.0)","(0.0, 0.0, 0.0)","(0.0, 0.0, 0.0)","(0.0, 0.0, 0.0)","(0.0, 0.0, 0.0)","(0.0, 0.0, 0.0)","(0.0, 0.0, 0.0)",0,0,0,0,0,0,False,0,0,0,0,0,0,0,0,"(0.0, 6.0, 1734.9)","(0.2, 0.0, 0.0, 1.0)"
0,948090.8,0,0,0,0,0,0,0,0,0,"(0.0, 0.0)","(0.0, 0.0)","(0.0, 0.0)","(0.0, 0.0, 0.0)","(0.0, 0.0, 0.0)","(0.0, 0.0, 0.0)","(0.0, 0.0, 0.0)","(0.0, 0.0, 0.0)","(0.0, 0.0, 0.0)",0,0,0,0,0,0,False,0,0,0,0,0,0,0,0,"(0.0, 6.0, 1735.4)","(0.2, 0.0, 0.0, 1.0)"
0,948114.3,0,0,0,0,0,0,0,0,0,"(0.0, 0.0)","(0.0, 0.0)","(0.0, 0.0)","(0.0, 0.0, 0.0)","(0.0, 0.0, 0.0)","(0.0, 0.0, 0.0)","(0.0, 0.0, 0.0)","(0.0, 0.0, 0.0)","(0.0, 0.0, 0.0)",0,0,0,0,0,0,False,0,0,0,0,0,0,0,0,"(0.0, 6.0, 1735.8)","(0.2, 0.0, 0.0, 1.0)"
0,948133.6,0,0,0,0,0,0,0,0,0,"(0.0, 0.0)","(0.0, 0.0)","(0.0, 0.0)","(0.0, 0.0, 0.0)","(0.0, 0.0, 0.0)","(0.0, 0.0, 0.0)","(0.0, 0.0, 0.0)","(0.0, 0.0, 0.0)","(0.0, 0.0, 0.0)",0,0,0,0,0,0,False,0,0,0,0,0,0,0,0,"(0.0, 6.0, 1736.2)","(0.2, 0.0, 0.0, 1.0)"
0,948154.1,0,0,0,0,0,0,0,0,0,"(0.0, 0.0)","(0.0, 0.0)","(0.0, 0.0)","(0.0, 0.0, 0.0)","(0.0, 0.0, 0.0)","(0.0, 0.0, 0.0)","(0.0, 0.0, 0.0)","(0.0, 0.0, 0.0)","(0.0, 0.0, 0.0)",0,0,0,0,0,0,False,0,0,0,0,0,0,0,0,"(0.0, 6.0, 1736.6)","(0.2, 0.0, 0.0, 1.0)"
0,948176.4,0,0,0,0,0,0,0,0,0,"(0.0, 0.0)","(0.0, 0.0)","(0.0, 0.0)","(0.0, 0.0, 0.0)","(0.0, 0.0, 0.0)","(0.0, 0.0, 0.0)","(0.0, 0.0, 0.0)","(0.0, 0.0, 0.0)","(0.0, 0.0, 0.0)",0,0,0,0,0,0,False,0,0,0,0,0,0,0,0,"(0.0, 6.0, 1737.1)","(0.2, 0.0, 0.0, 1.0)"
0,948196.9,0,0,0,0,0,0,0,0,0,"(0.0, 0.0)","(0.0, 0.0)","(0.0, 0.0)","(0.0, 0.0, 0.0)","(0.0, 0.0, 0.0)","(0.0, 0.0, 0.0)","(0.0, 0.0, 0.0)","(0.0, 0.0, 0.0)","(0.0, 0.0, 0.0)",0,0,0,0,0,0,False,0,0,0,0,0,0,0,0,"(0.0, 6.0, 1737.5)","(0.2, 0.0, 0.0, 1.0)"
0,948218.1,0,0,0,0,0,0,0,0,0,"(0.0, 0.0)","(0.0, 0.0)","(0.0, 0.0)","(0.0, 0.0, 0.0)","(0.0, 0.0, 0.0)","(0.0, 0.0, 0.0)","(0.0, 0.0, 0.0)","(0.0, 0.0, 0.0)","(0.0, 0.0, 0.0)",0,0,0,0,0,0,False,0,0,0,0,0,0,0,0,"(0.0, 6.0, 1737.9)","(0.2, 0.0, 0.0, 1.0)"
0,948239.2,0,0,0,0,0,0,0,0,0,"(0.0, 0.0)","(0.0, 0.0)","(0.0, 0.0)","(0.0, 0.0, 0.0)","(0.0, 0.0, 0.0)","(0.0, 0.0, 0.0)","(0.0, 0.0, 0.0)","(0.0, 0.0, 0.0)","(0.0, 0.0, 0.0)",0,0,0,0,0,0,False,0,0,0,0,0,0,0,0,"(0.0, 6.0, 1738.3)","(0.2, 0.0, 0.0, 1.0)"
0,948265.9,0,0,0,0,0,0,0,0,0,"(0.0, 0.0)","(0.0, 0.0)","(0.0, 0.0)","(0.0, 0.0, 0.0)","(0.0, 0.0, 0.0)","(0.0, 0.0, 0.0)","(0.0, 0.0, 0.0)","(0.0, 0.0, 0.0)","(0.0, 0.0, 0.0)",0,0,0,0,0,0,False,0,0,0,0,0,0,0,0,"(0.0, 6.0, 1738.8)","(0.2, 0.0, 0.0, 1.0)"
0,948286.8,0,0,0,0,0,0,0,0,0,"(0.0, 0.0)","(0.0, 0.0)","(0.0, 0.0)","(0.0, 0.0, 0.0)","(0.0, 0.0, 0.0)","(0.0, 0.0, 0.0)","(0.0, 0.0, 0.0)","(0.0, 0.0, 0.0)","(0.0, 0.0, 0.0)",0,0,0,0,0,0,False,0,0,0,0,0,0,0,0,"(0.0, 6.0, 1739.2)","(0.2, 0.0, 0.0, 1.0)"
0,948306.4,0,0,0,0,0,0,0,0,0,"(0.0, 0.0)","(0.0, 0.0)","(0.0, 0.0)","(0.0, 0.0, 0.0)","(0.0, 0.0, 0.0)","(0.0, 0.0, 0.0)","(0.0, 0.0, 0.0)","(0.0, 0.0, 0.0)","(0.0, 0.0, 0.0)",0,0,0,0,0,0,False,0,0,0,0,0,0,0,0,"(0.0, 6.0, 1739.6)","(0.2, 0.0, 0.0, 1.0)"
0,948327,0,0,0,0,0,0,0,0,0,"(0.0, 0.0)","(0.0, 0.0)","(0.0, 0.0)","(0.0, 0.0, 0.0)","(0.0, 0.0, 0.0)","(0.0, 0.0, 0.0)","(0.0, 0.0, 0.0)","(0.0, 0.0, 0.0)","(0.0, 0.0, 0.0)",0,0,0,0,0,0,False,0,0,0,0,0,0,0,0,"(0.0, 6.0, 1740.0)","(0.2, 0.0, 0.0, 1.0)"
0,948349.5,0,0,0,0,0,0,0,0,0,"(0.0, 0.0)","(0.0, 0.0)","(0.0, 0.0)","(0.0, 0.0, 0.0)","(0.0, 0.0, 0.0)","(0.0, 0.0, 0.0)","(0.0, 0.0, 0.0)","(0.0, 0.0, 0.0)","(0.0, 0.0, 0.0)",0,0,0,0,0,0,False,0,0,0,0,0,0,0,0,"(0.0, 6.0, 1740.4)","(0.2, 0.0, 0.0, 1.0)"
0,948370.8,0,0,0,0,0,0,0,0,0,"(0.0, 0.0)","(0.0, 0.0)","(0.0, 0.0)","(0.0, 0.0, 0.0)","(0.0, 0.0, 0.0)","(0.0, 0.0, 0.0)","(0.0, 0.0, 0.0)","(0.0, 0.0, 0.0)","(0.0, 0.0, 0.0)",0,0,0,0,0,0,False,0,0,0,0,0,0,0,0,"(0.0, 6.0, 1740.9)","(0.2, 0.0, 0.0, 1.0)"
0,948393,0,0,0,0,0,0,0,0,0,"(0.0, 0.0)","(0.0, 0.0)","(0.0, 0.0)","(0.0, 0.0, 0.0)","(0.0, 0.0, 0.0)","(0.0, 0.0, 0.0)","(0.0, 0.0, 0.0)","(0.0, 0.0, 0.0)","(0.0, 0.0, 0.0)",0,0,0,0,0,0,False,0,0,0,0,0,0,0,0,"(0.0, 6.0, 1741.3)","(0.2, 0.0, 0.0, 1.0)"
0,948417.9,0,0,0,0,0,0,0,0,0,"(0.0, 0.0)","(0.0, 0.0)","(0.0, 0.0)","(0.0, 0.0, 0.0)","(0.0, 0.0, 0.0)","(0.0, 0.0, 0.0)","(0.0, 0.0, 0.0)","(0.0, 0.0, 0.0)","(0.0, 0.0, 0.0)",0,0,0,0,0,0,False,0,0,0,0,0,0,0,0,"(0.0, 6.0, 1741.7)","(0.2, 0.0, 0.0, 1.0)"
0,948443.5,0,0,0,0,0,0,0,0,0,"(0.0, 0.0)","(0.0, 0.0)","(0.0, 0.0)","(0.0, 0.0, 0.0)","(0.0, 0.0, 0.0)","(0.0, 0.0, 0.0)","(0.0, 0.0, 0.0)","(0.0, 0.0, 0.0)","(0.0, 0.0, 0.0)",0,0,0,0,0,0,False,0,0,0,0,0,0,0,0,"(0.0, 6.0, 1742.1)","(0.2, 0.0, 0.0, 1.0)"
0,948463.6,0,0,0,0,0,0,0,0,0,"(0.0, 0.0)","(0.0, 0.0)","(0.0, 0.0)","(0.0, 0.0, 0.0)","(0.0, 0.0, 0.0)","(0.0, 0.0, 0.0)","(0.0, 0.0, 0.0)","(0.0, 0.0, 0.0)","(0.0, 0.0, 0.0)",0,0,0,0,0,0,False,0,0,0,0,0,0,0,0,"(0.0, 6.0, 1742.6)","(0.2, 0.0, 0.0, 1.0)"
0,948484.4,0,0,0,0,0,0,0,0,0,"(0.0, 0.0)","(0.0, 0.0)","(0.0, 0.0)","(0.0, 0.0, 0.0)","(0.0, 0.0, 0.0)","(0.0, 0.0, 0.0)","(0.0, 0.0, 0.0)","(0.0, 0.0, 0.0)","(0.0, 0.0, 0.0)",0,0,0,0,0,0,False,0,0,0,0,0,0,0,0,"(0.0, 6.0, 1743.0)","(0.2, 0.0, 0.0, 1.0)"
0,948516.8,0,0,0,0,0,0,0,0,0,"(0.0, 0.0)","(0.0, 0.0)","(0.0, 0.0)","(0.0, 0.0, 0.0)","(0.0, 0.0, 0.0)","(0.0, 0.0, 0.0)","(0.0, 0.0, 0.0)","(0.0, 0.0, 0.0)","(0.0, 0.0, 0.0)",0,0,0,0,0,0,False,0,0,0,0,0,0,0,0,"(0.0, 6.0, 1743.4)","(0.2, 0.0, 0.0, 1.0)"
0,948538.1,0,0,0,0,0,0,0,0,0,"(0.0, 0.0)","(0.0, 0.0)","(0.0, 0.0)","(0.0, 0.0, 0.0)","(0.0, 0.0, 0.0)","(0.0, 0.0, 0.0)","(0.0, 0.0, 0.0)","(0.0, 0.0, 0.0)","(0.0, 0.0, 0.0)",0,0,0,0,0,0,False,0,0,0,0,0,0,0,0,"(0.0, 6.0, 1743.9)","(0.2, 0.0, 0.0, 1.0)"
0,948558.2,0,0,0,0,0,0,0,0,0,"(0.0, 0.0)","(0.0, 0.0)","(0.0, 0.0)","(0.0, 0.0, 0.0)","(0.0, 0.0, 0.0)","(0.0, 0.0, 0.0)","(0.0, 0.0, 0.0)","(0.0, 0.0, 0.0)","(0.0, 0.0, 0.0)",0,0,0,0,0,0,False,0,0,0,0,0,0,0,0,"(0.0, 6.0, 1744.3)","(0.2, 0.0, 0.0, 1.0)"
0,948579,0,0,0,0,0,0,0,0,0,"(0.0, 0.0)","(0.0, 0.0)","(0.0, 0.0)","(0.0, 0.0, 0.0)","(0.0, 0.0, 0.0)","(0.0, 0.0, 0.0)","(0.0, 0.0, 0.0)","(0.0, 0.0, 0.0)","(0.0, 0.0, 0.0)",0,0,0,0,0,0,False,0,0,0,0,0,0,0,0,"(0.0, 6.0, 1744.7)","(0.2, 0.0, 0.0, 1.0)"
0,948597.9,0,0,0,0,0,0,0,0,0,"(0.0, 0.0)","(0.0, 0.0)","(0.0, 0.0)","(0.0, 0.0, 0.0)","(0.0, 0.0, 0.0)","(0.0, 0.0, 0.0)","(0.0, 0.0, 0.0)","(0.0, 0.0, 0.0)","(0.0, 0.0, 0.0)",0,0,0,0,0,0,False,0,0,0,0,0,0,0,0,"(0.0, 6.0, 1745.1)","(0.2, 0.0, 0.0, 1.0)"
0,948618.4,0,0,0,0,0,0,0,0,0,"(0.0, 0.0)","(0.0, 0.0)","(0.0, 0.0)","(0.0, 0.0, 0.0)","(0.0, 0.0, 0.0)","(0.0, 0.0, 0.0)","(0.0, 0.0, 0.0)","(0.0, 0.0, 0.0)","(0.0, 0.0, 0.0)",0,0,0,0,0,0,False,0,0,0,0,0,0,0,0,"(0.0, 6.0, 1745.6)","(0.2, 0.0, 0.0, 1.0)"
0,948638.9,0,0,0,0,0,0,0,0,0,"(0.0, 0.0)","(0.0, 0.0)","(0.0, 0.0)","(0.0, 0.0, 0.0)","(0.0, 0.0, 0.0)","(0.0, 0.0, 0.0)","(0.0, 0.0, 0.0)","(0.0, 0.0, 0.0)","(0.0, 0.0, 0.0)",0,0,0,0,0,0,False,0,0,0,0,0,0,0,0,"(0.0, 6.0, 1746.0)","(0.2, 0.0, 0.0, 1.0)"
0,948659.3,0,0,0,0,0,0,0,0,0,"(0.0, 0.0)","(0.0, 0.0)","(0.0, 0.0)","(0.0, 0.0, 0.0)","(0.0, 0.0, 0.0)","(0.0, 0.0, 0.0)","(0.0, 0.0, 0.0)","(0.0, 0.0, 0.0)","(0.0, 0.0, 0.0)",0,0,0,0,0,0,False,0,0,0,0,0,0,0,0,"(0.0, 6.0, 1746.4)","(0.2, 0.0, 0.0, 1.0)"
0,948686.1,0,0,0,0,0,0,0,0,0,"(0.0, 0.0)","(0.0, 0.0)","(0.0, 0.0)","(0.0, 0.0, 0.0)","(0.0, 0.0, 0.0)","(0.0, 0.0, 0.0)","(0.0, 0.0, 0.0)","(0.0, 0.0, 0.0)","(0.0, 0.0, 0.0)",0,0,0,0,0,0,False,0,0,0,0,0,0,0,0,"(0.0, 6.0, 1746.8)","(0.2, 0.0, 0.0, 1.0)"
0,948710.6,0,0,0,0,0,0,0,0,0,"(0.0, 0.0)","(0.0, 0.0)","(0.0, 0.0)","(0.0, 0.0, 0.0)","(0.0, 0.0, 0.0)","(0.0, 0.0, 0.0)","(0.0, 0.0, 0.0)","(0.0, 0.0, 0.0)","(0.0, 0.0, 0.0)",0,0,0,0,0,0,False,0,0,0,0,0,0,0,0,"(0.0, 6.0, 1747.2)","(0.2, 0.0, 0.0, 1.0)"
0,948733.2,0,0,0,0,0,0,0,0,0,"(0.0, 0.0)","(0.0, 0.0)","(0.0, 0.0)","(0.0, 0.0, 0.0)","(0.0, 0.0, 0.0)","(0.0, 0.0, 0.0)","(0.0, 0.0, 0.0)","(0.0, 0.0, 0.0)","(0.0, 0.0, 0.0)",0,0,0,0,0,0,False,0,0,0,0,0,0,0,0,"(0.0, 6.0, 1747.7)","(0.2, 0.0, 0.0, 1.0)"
0,948753.7,0,0,0,0,0,0,0,0,0,"(0.0, 0.0)","(0.0, 0.0)","(0.0, 0.0)","(0.0, 0.0, 0.0)","(0.0, 0.0, 0.0)","(0.0, 0.0, 0.0)","(0.0, 0.0, 0.0)","(0.0, 0.0, 0.0)","(0.0, 0.0, 0.0)",0,0,0,0,0,0,False,0,0,0,0,0,0,0,0,"(0.0, 6.0, 1748.1)","(0.2, 0.0, 0.0, 1.0)"
0,948774.9,0,0,0,0,0,0,0,0,0,"(0.0, 0.0)","(0.0, 0.0)","(0.0, 0.0)","(0.0, 0.0, 0.0)","(0.0, 0.0, 0.0)","(0.0, 0.0, 0.0)","(0.0, 0.0, 0.0)","(0.0, 0.0, 0.0)","(0.0, 0.0, 0.0)",0,0,0,0,0,0,False,0,0,0,0,0,0,0,0,"(0.0, 6.0, 1748.5)","(0.2, 0.0, 0.0, 1.0)"
0,948795.4,0,0,0,0,0,0,0,0,0,"(0.0, 0.0)","(0.0, 0.0)","(0.0, 0.0)","(0.0, 0.0, 0.0)","(0.0, 0.0, 0.0)","(0.0, 0.0, 0.0)","(0.0, 0.0, 0.0)","(0.0, 0.0, 0.0)","(0.0, 0.0, 0.0)",0,0,0,0,0,0,False,0,0,0,0,0,0,0,0,"(0.0, 6.0, 1748.9)","(0.2, 0.0, 0.0, 1.0)"
0,948821.7,0,0,0,0,0,0,0,0,0,"(0.0, 0.0)","(0.0, 0.0)","(0.0, 0.0)","(0.0, 0.0, 0.0)","(0.0, 0.0, 0.0)","(0.0, 0.0, 0.0)","(0.0, 0.0, 0.0)","(0.0, 0.0, 0.0)","(0.0, 0.0, 0.0)",0,0,0,0,0,0,False,0,0,0,0,0,0,0,0,"(0.0, 6.0, 1749.3)","(0.2, 0.0, 0.0, 1.0)"
0,948841.1,0,0,0,0,0,0,0,0,0,"(0.0, 0.0)","(0.0, 0.0)","(0.0, 0.0)","(0.0, 0.0, 0.0)","(0.0, 0.0, 0.0)","(0.0, 0.0, 0.0)","(0.0, 0.0, 0.0)","(0.0, 0.0, 0.0)","(0.0, 0.0, 0.0)",0,0,0,0,0,0,False,0,0,0,0,0,0,0,0,"(0.0, 6.0, 1749.8)","(0.2, 0.0, 0.0, 1.0)"
0,948861,0,0,0,0,0,0,0,0,0,"(0.0, 0.0)","(0.0, 0.0)","(0.0, 0.0)","(0.0, 0.0, 0.0)","(0.0, 0.0, 0.0)","(0.0, 0.0, 0.0)","(0.0, 0.0, 0.0)","(0.0, 0.0, 0.0)","(0.0, 0.0, 0.0)",0,0,0,0,0,0,False,0,0,0,0,0,0,0,0,"(0.0, 6.0, 1750.2)","(0.2, 0.0, 0.0, 1.0)"
0,948881.8,0,0,0,0,0,0,0,0,0,"(0.0, 0.0)","(0.0, 0.0)","(0.0, 0.0)","(0.0, 0.0, 0.0)","(0.0, 0.0, 0.0)","(0.0, 0.0, 0.0)","(0.0, 0.0, 0.0)","(0.0, 0.0, 0.0)","(0.0, 0.0, 0.0)",0,0,0,0,0,0,False,0,0,0,0,0,0,0,0,"(0.0, 6.0, 1750.6)","(0.2, 0.0, 0.0, 1.0)"
0,948903.9,0,0,0,0,0,0,0,0,0,"(0.0, 0.0)","(0.0, 0.0)","(0.0, 0.0)","(0.0, 0.0, 0.0)","(0.0, 0.0, 0.0)","(0.0, 0.0, 0.0)","(0.0, 0.0, 0.0)","(0.0, 0.0, 0.0)","(0.0, 0.0, 0.0)",0,0,0,0,0,0,False,0,0,0,0,0,0,0,0,"(0.0, 6.0, 1751.0)","(0.2, 0.0, 0.0, 1.0)"
0,948925.2,0,0,0,0,0,0,0,0,0,"(0.0, 0.0)","(0.0, 0.0)","(0.0, 0.0)","(0.0, 0.0, 0.0)","(0.0, 0.0, 0.0)","(0.0, 0.0, 0.0)","(0.0, 0.0, 0.0)","(0.0, 0.0, 0.0)","(0.0, 0.0, 0.0)",0,0,0,0,0,0,False,0,0,0,0,0,0,0,0,"(0.0, 6.0, 1751.4)","(0.2, 0.0, 0.0, 1.0)"
0,948947.5,0,0,0,0,0,0,0,0,0,"(0.0, 0.0)","(0.0, 0.0)","(0.0, 0.0)","(0.0, 0.0, 0.0)","(0.0, 0.0, 0.0)","(0.0, 0.0, 0.0)","(0.0, 0.0, 0.0)","(0.0, 0.0, 0.0)","(0.0, 0.0, 0.0)",0,0,0,0,0,0,False,0,0,0,0,0,0,0,0,"(0.0, 6.0, 1751.8)","(0.2, 0.0, 0.0, 1.0)"
0,948969.8,0,0,0,0,0,0,0,0,0,"(0.0, 0.0)","(0.0, 0.0)","(0.0, 0.0)","(0.0, 0.0, 0.0)","(0.0, 0.0, 0.0)","(0.0, 0.0, 0.0)","(0.0, 0.0, 0.0)","(0.0, 0.0, 0.0)","(0.0, 0.0, 0.0)",0,0,0,0,0,0,False,0,0,0,0,0,0,0,0,"(0.0, 6.0, 1752.2)","(0.2, 0.0, 0.0, 1.0)"
0,948991.3,0,0,0,0,0,0,0,0,0,"(0.0, 0.0)","(0.0, 0.0)","(0.0, 0.0)","(0.0, 0.0, 0.0)","(0.0, 0.0, 0.0)","(0.0, 0.0, 0.0)","(0.0, 0.0, 0.0)","(0.0, 0.0, 0.0)","(0.0, 0.0, 0.0)",0,0,0,0,0,0,False,0,0,0,0,0,0,0,0,"(0.0, 6.0, 1752.7)","(0.2, 0.0, 0.0, 1.0)"
0,949013.7,0,0,0,0,0,0,0,0,0,"(0.0, 0.0)","(0.0, 0.0)","(0.0, 0.0)","(0.0, 0.0, 0.0)","(0.0, 0.0, 0.0)","(0.0, 0.0, 0.0)","(0.0, 0.0, 0.0)","(0.0, 0.0, 0.0)","(0.0, 0.0, 0.0)",0,0,0,0,0,0,False,0,0,0,0,0,0,0,0,"(0.0, 6.0, 1753.1)","(0.2, 0.0, 0.0, 1.0)"
0,949042.8,0,0,0,0,0,0,0,0,0,"(0.0, 0.0)","(0.0, 0.0)","(0.0, 0.0)","(0.0, 0.0, 0.0)","(0.0, 0.0, 0.0)","(0.0, 0.0, 0.0)","(0.0, 0.0, 0.0)","(0.0, 0.0, 0.0)","(0.0, 0.0, 0.0)",0,0,0,0,0,0,False,0,0,0,0,0,0,0,0,"(0.0, 6.0, 1753.5)","(0.2, 0.0, 0.0, 1.0)"
0,949064.1,0,0,0,0,0,0,0,0,0,"(0.0, 0.0)","(0.0, 0.0)","(0.0, 0.0)","(0.0, 0.0, 0.0)","(0.0, 0.0, 0.0)","(0.0, 0.0, 0.0)","(0.0, 0.0, 0.0)","(0.0, 0.0, 0.0)","(0.0, 0.0, 0.0)",0,0,0,0,0,0,False,0,0,0,0,0,0,0,0,"(0.0, 6.0, 1753.9)","(0.2, 0.0, 0.0, 1.0)"
0,949086,0,0,0,0,0,0,0,0,0,"(0.0, 0.0)","(0.0, 0.0)","(0.0, 0.0)","(0.0, 0.0, 0.0)","(0.0, 0.0, 0.0)","(0.0, 0.0, 0.0)","(0.0, 0.0, 0.0)","(0.0, 0.0, 0.0)","(0.0, 0.0, 0.0)",0,0,0,0,0,0,False,0,0,0,0,0,0,0,0,"(0.0, 6.0, 1754.4)","(0.2, 0.0, 0.0, 1.0)"
0,949108.4,0,0,0,0,0,0,0,0,0,"(0.0, 0.0)","(0.0, 0.0)","(0.0, 0.0)","(0.0, 0.0, 0.0)","(0.0, 0.0, 0.0)","(0.0, 0.0, 0.0)","(0.0, 0.0, 0.0)","(0.0, 0.0, 0.0)","(0.0, 0.0, 0.0)",0,0,0,0,0,0,False,0,0,0,0,0,0,0,0,"(0.0, 6.0, 1754.8)","(0.2, 0.0, 0.0, 1.0)"
0,949131.8,0,0,0,0,0,0,0,0,0,"(0.0, 0.0)","(0.0, 0.0)","(0.0, 0.0)","(0.0, 0.0, 0.0)","(0.0, 0.0, 0.0)","(0.0, 0.0, 0.0)","(0.0, 0.0, 0.0)","(0.0, 0.0, 0.0)","(0.0, 0.0, 0.0)",0,0,0,0,0,0,False,0,0,0,0,0,0,0,0,"(0.0, 6.0, 1755.2)","(0.2, 0.0, 0.0, 1.0)"
0,949153.1,0,0,0,0,0,0,0,0,0,"(0.0, 0.0)","(0.0, 0.0)","(0.0, 0.0)","(0.0, 0.0, 0.0)","(0.0, 0.0, 0.0)","(0.0, 0.0, 0.0)","(0.0, 0.0, 0.0)","(0.0, 0.0, 0.0)","(0.0, 0.0, 0.0)",0,0,0,0,0,0,False,0,0,0,0,0,0,0,0,"(0.0, 6.0, 1755.6)","(0.2, 0.0, 0.0, 1.0)"
0,949173.7,0,0,0,0,0,0,0,0,0,"(0.0, 0.0)","(0.0, 0.0)","(0.0, 0.0)","(0.0, 0.0, 0.0)","(0.0, 0.0, 0.0)","(0.0, 0.0, 0.0)","(0.0, 0.0, 0.0)","(0.0, 0.0, 0.0)","(0.0, 0.0, 0.0)",0,0,0,0,0,0,False,0,0,0,0,0,0,0,0,"(0.0, 6.0, 1756.1)","(0.2, 0.0, 0.0, 1.0)"
0,949198.4,0,0,0,0,0,0,0,0,0,"(0.0, 0.0)","(0.0, 0.0)","(0.0, 0.0)","(0.0, 0.0, 0.0)","(0.0, 0.0, 0.0)","(0.0, 0.0, 0.0)","(0.0, 0.0, 0.0)","(0.0, 0.0, 0.0)","(0.0, 0.0, 0.0)",0,0,0,0,0,0,False,0,0,0,0,0,0,0,0,"(0.0, 6.0, 1756.5)","(0.2, 0.0, 0.0, 1.0)"
0,949218.1,0,0,0,0,0,0,0,0,0,"(0.0, 0.0)","(0.0, 0.0)","(0.0, 0.0)","(0.0, 0.0, 0.0)","(0.0, 0.0, 0.0)","(0.0, 0.0, 0.0)","(0.0, 0.0, 0.0)","(0.0, 0.0, 0.0)","(0.0, 0.0, 0.0)",0,0,0,0,0,0,False,0,0,0,0,0,0,0,0,"(0.0, 6.0, 1756.9)","(0.2, 0.0, 0.0, 1.0)"
0,949239.2,0,0,0,0,0,0,0,0,0,"(0.0, 0.0)","(0.0, 0.0)","(0.0, 0.0)","(0.0, 0.0, 0.0)","(0.0, 0.0, 0.0)","(0.0, 0.0, 0.0)","(0.0, 0.0, 0.0)","(0.0, 0.0, 0.0)","(0.0, 0.0, 0.0)",0,0,0,0,0,0,False,0,0,0,0,0,0,0,0,"(0.0, 6.0, 1757.3)","(0.2, 0.0, 0.0, 1.0)"
0,949261.3,0,0,0,0,0,0,0,0,0,"(0.0, 0.0)","(0.0, 0.0)","(0.0, 0.0)","(0.0, 0.0, 0.0)","(0.0, 0.0, 0.0)","(0.0, 0.0, 0.0)","(0.0, 0.0, 0.0)","(0.0, 0.0, 0.0)","(0.0, 0.0, 0.0)",0,0,0,0,0,0,False,0,0,0,0,0,0,0,0,"(0.0, 6.0, 1757.8)","(0.2, 0.0, 0.0, 1.0)"
0,949282.4,0,0,0,0,0,0,0,0,0,"(0.0, 0.0)","(0.0, 0.0)","(0.0, 0.0)","(0.0, 0.0, 0.0)","(0.0, 0.0, 0.0)","(0.0, 0.0, 0.0)","(0.0, 0.0, 0.0)","(0.0, 0.0, 0.0)","(0.0, 0.0, 0.0)",0,0,0,0,0,0,False,0,0,0,0,0,0,0,0,"(0.0, 6.0, 1758.2)","(0.2, 0.0, 0.0, 1.0)"
0,949303.4,0,0,0,0,0,0,0,0,0,"(0.0, 0.0)","(0.0, 0.0)","(0.0, 0.0)","(0.0, 0.0, 0.0)","(0.0, 0.0, 0.0)","(0.0, 0.0, 0.0)","(0.0, 0.0, 0.0)","(0.0, 0.0, 0.0)","(0.0, 0.0, 0.0)",0,0,0,0,0,0,False,0,0,0,0,0,0,0,0,"(0.0, 6.0, 1758.6)","(0.2, 0.0, 0.0, 1.0)"
0,949325.9,0,0,0,0,0,0,0,0,0,"(0.0, 0.0)","(0.0, 0.0)","(0.0, 0.0)","(0.0, 0.0, 0.0)","(0.0, 0.0, 0.0)","(0.0, 0.0, 0.0)","(0.0, 0.0, 0.0)","(0.0, 0.0, 0.0)","(0.0, 0.0, 0.0)",0,0,0,0,0,0,False,0,0,0,0,0,0,0,0,"(0.0, 6.0, 1759.0)","(0.2, 0.0, 0.0, 1.0)"
0,949348.7,0,0,0,0,0,0,0,0,0,"(0.0, 0.0)","(0.0, 0.0)","(0.0, 0.0)","(0.0, 0.0, 0.0)","(0.0, 0.0, 0.0)","(0.0, 0.0, 0.0)","(0.0, 0.0, 0.0)","(0.0, 0.0, 0.0)","(0.0, 0.0, 0.0)",0,0,0,0,0,0,False,0,0,0,0,0,0,0,0,"(0.0, 6.0, 1759.4)","(0.2, 0.0, 0.0, 1.0)"
0,949374.4,0,0,0,0,0,0,0,0,0,"(0.0, 0.0)","(0.0, 0.0)","(0.0, 0.0)","(0.0, 0.0, 0.0)","(0.0, 0.0, 0.0)","(0.0, 0.0, 0.0)","(0.0, 0.0, 0.0)","(0.0, 0.0, 0.0)","(0.0, 0.0, 0.0)",0,0,0,0,0,0,False,0,0,0,0,0,0,0,0,"(0.0, 6.0, 1759.8)","(0.2, 0.0, 0.0, 1.0)"
0,949395.4,0,0,0,0,0,0,0,0,0,"(0.0, 0.0)","(0.0, 0.0)","(0.0, 0.0)","(0.0, 0.0, 0.0)","(0.0, 0.0, 0.0)","(0.0, 0.0, 0.0)","(0.0, 0.0, 0.0)","(0.0, 0.0, 0.0)","(0.0, 0.0, 0.0)",0,0,0,0,0,0,False,0,0,0,0,0,0,0,0,"(0.0, 6.0, 1760.3)","(0.2, 0.0, 0.0, 1.0)"
0,949416.7,0,0,0,0,0,0,0,0,0,"(0.0, 0.0)","(0.0, 0.0)","(0.0, 0.0)","(0.0, 0.0, 0.0)","(0.0, 0.0, 0.0)","(0.0, 0.0, 0.0)","(0.0, 0.0, 0.0)","(0.0, 0.0, 0.0)","(0.0, 0.0, 0.0)",0,0,0,0,0,0,False,0,0,0,0,0,0,0,0,"(0.0, 6.0, 1760.7)","(0.2, 0.0, 0.0, 1.0)"
0,949437.4,0,0,0,0,0,0,0,0,0,"(0.0, 0.0)","(0.0, 0.0)","(0.0, 0.0)","(0.0, 0.0, 0.0)","(0.0, 0.0, 0.0)","(0.0, 0.0, 0.0)","(0.0, 0.0, 0.0)","(0.0, 0.0, 0.0)","(0.0, 0.0, 0.0)",0,0,0,0,0,0,False,0,0,0,0,0,0,0,0,"(0.0, 6.0, 1761.1)","(0.2, 0.0, 0.0, 1.0)"
0,949459.4,0,0,0,0,0,0,0,0,0,"(0.0, 0.0)","(0.0, 0.0)","(0.0, 0.0)","(0.0, 0.0, 0.0)","(0.0, 0.0, 0.0)","(0.0, 0.0, 0.0)","(0.0, 0.0, 0.0)","(0.0, 0.0, 0.0)","(0.0, 0.0, 0.0)",0,0,0,0,0,0,False,0,0,0,0,0,0,0,0,"(0.0, 6.0, 1761.5)","(0.2, 0.0, 0.0, 1.0)"
0,949482.1,0,0,0,0,0,0,0,0,0,"(0.0, 0.0)","(0.0, 0.0)","(0.0, 0.0)","(0.0, 0.0, 0.0)","(0.0, 0.0, 0.0)","(0.0, 0.0, 0.0)","(0.0, 0.0, 0.0)","(0.0, 0.0, 0.0)","(0.0, 0.0, 0.0)",0,0,0,0,0,0,False,0,0,0,0,0,0,0,0,"(0.0, 6.0, 1761.9)","(0.2, 0.0, 0.0, 1.0)"
0,949503.3,0,0,0,0,0,0,0,0,0,"(0.0, 0.0)","(0.0, 0.0)","(0.0, 0.0)","(0.0, 0.0, 0.0)","(0.0, 0.0, 0.0)","(0.0, 0.0, 0.0)","(0.0, 0.0, 0.0)","(0.0, 0.0, 0.0)","(0.0, 0.0, 0.0)",0,0,0,0,0,0,False,0,0,0,0,0,0,0,0,"(0.0, 6.0, 1762.4)","(0.2, 0.0, 0.0, 1.0)"
0,949525.9,0,0,0,0,0,0,0,0,0,"(0.0, 0.0)","(0.0, 0.0)","(0.0, 0.0)","(0.0, 0.0, 0.0)","(0.0, 0.0, 0.0)","(0.0, 0.0, 0.0)","(0.0, 0.0, 0.0)","(0.0, 0.0, 0.0)","(0.0, 0.0, 0.0)",0,0,0,0,0,0,False,0,0,0,0,0,0,0,0,"(0.0, 6.0, 1762.8)","(0.2, 0.0, 0.0, 1.0)"
0,949551.8,0,0,0,0,0,0,0,0,0,"(0.0, 0.0)","(0.0, 0.0)","(0.0, 0.0)","(0.0, 0.0, 0.0)","(0.0, 0.0, 0.0)","(0.0, 0.0, 0.0)","(0.0, 0.0, 0.0)","(0.0, 0.0, 0.0)","(0.0, 0.0, 0.0)",0,0,0,0,0,0,False,0,0,0,0,0,0,0,0,"(0.0, 6.0, 1763.2)","(0.2, 0.0, 0.0, 1.0)"
0,949570.3,0,0,0,0,0,0,0,0,0,"(0.0, 0.0)","(0.0, 0.0)","(0.0, 0.0)","(0.0, 0.0, 0.0)","(0.0, 0.0, 0.0)","(0.0, 0.0, 0.0)","(0.0, 0.0, 0.0)","(0.0, 0.0, 0.0)","(0.0, 0.0, 0.0)",0,0,0,0,0,0,False,0,0,0,0,0,0,0,0,"(0.0, 6.0, 1763.6)","(0.2, 0.0, 0.0, 1.0)"
0,949592.2,0,0,0,0,0,0,0,0,0,"(0.0, 0.0)","(0.0, 0.0)","(0.0, 0.0)","(0.0, 0.0, 0.0)","(0.0, 0.0, 0.0)","(0.0, 0.0, 0.0)","(0.0, 0.0, 0.0)","(0.0, 0.0, 0.0)","(0.0, 0.0, 0.0)",0,0,0,0,0,0,False,0,0,0,0,0,0,0,0,"(0.0, 6.0, 1764.0)","(0.2, 0.0, 0.0, 1.0)"
0,949615.4,0,0,0,0,0,0,0,0,0,"(0.0, 0.0)","(0.0, 0.0)","(0.0, 0.0)","(0.0, 0.0, 0.0)","(0.0, 0.0, 0.0)","(0.0, 0.0, 0.0)","(0.0, 0.0, 0.0)","(0.0, 0.0, 0.0)","(0.0, 0.0, 0.0)",0,0,0,0,0,0,False,0,0,0,0,0,0,0,0,"(0.0, 6.0, 1764.5)","(0.2, 0.0, 0.0, 1.0)"
0,949636.8,0,0,0,0,0,0,0,0,0,"(0.0, 0.0)","(0.0, 0.0)","(0.0, 0.0)","(0.0, 0.0, 0.0)","(0.0, 0.0, 0.0)","(0.0, 0.0, 0.0)","(0.0, 0.0, 0.0)","(0.0, 0.0, 0.0)","(0.0, 0.0, 0.0)",0,0,0,0,0,0,False,0,0,0,0,0,0,0,0,"(0.0, 6.0, 1764.9)","(0.2, 0.0, 0.0, 1.0)"
0,949656.5,0,0,0,0,0,0,0,0,0,"(0.0, 0.0)","(0.0, 0.0)","(0.0, 0.0)","(0.0, 0.0, 0.0)","(0.0, 0.0, 0.0)","(0.0, 0.0, 0.0)","(0.0, 0.0, 0.0)","(0.0, 0.0, 0.0)","(0.0, 0.0, 0.0)",0,0,0,0,0,0,False,0,0,0,0,0,0,0,0,"(0.0, 6.0, 1765.3)","(0.2, 0.0, 0.0, 1.0)"
0,949676.4,0,0,0,0,0,0,0,0,0,"(0.0, 0.0)","(0.0, 0.0)","(0.0, 0.0)","(0.0, 0.0, 0.0)","(0.0, 0.0, 0.0)","(0.0, 0.0, 0.0)","(0.0, 0.0, 0.0)","(0.0, 0.0, 0.0)","(0.0, 0.0, 0.0)",0,0,0,0,0,0,False,0,0,0,0,0,0,0,0,"(0.0, 6.0, 1765.7)","(0.2, 0.0, 0.0, 1.0)"
0,949696,0,0,0,0,0,0,0,0,0,"(0.0, 0.0)","(0.0, 0.0)","(0.0, 0.0)","(0.0, 0.0, 0.0)","(0.0, 0.0, 0.0)","(0.0, 0.0, 0.0)","(0.0, 0.0, 0.0)","(0.0, 0.0, 0.0)","(0.0, 0.0, 0.0)",0,0,0,0,0,0,False,0,0,0,0,0,0,0,0,"(0.0, 6.0, 1766.1)","(0.2, 0.0, 0.0, 1.0)"
0,949717.4,0,0,0,0,0,0,0,0,0,"(0.0, 0.0)","(0.0, 0.0)","(0.0, 0.0)","(0.0, 0.0, 0.0)","(0.0, 0.0, 0.0)","(0.0, 0.0, 0.0)","(0.0, 0.0, 0.0)","(0.0, 0.0, 0.0)","(0.0, 0.0, 0.0)",0,0,0,0,0,0,False,0,0,0,0,0,0,0,0,"(0.0, 6.0, 1766.5)","(0.2, 0.0, 0.0, 1.0)"
0,949738.7,0,0,0,0,0,0,0,0,0,"(0.0, 0.0)","(0.0, 0.0)","(0.0, 0.0)","(0.0, 0.0, 0.0)","(0.0, 0.0, 0.0)","(0.0, 0.0, 0.0)","(0.0, 0.0, 0.0)","(0.0, 0.0, 0.0)","(0.0, 0.0, 0.0)",0,0,0,0,0,0,False,0,0,0,0,0,0,0,0,"(0.0, 6.0, 1766.9)","(0.2, 0.0, 0.0, 1.0)"
0,949757.1,0,0,0,0,0,0,0,0,0,"(0.0, 0.0)","(0.0, 0.0)","(0.0, 0.0)","(0.0, 0.0, 0.0)","(0.0, 0.0, 0.0)","(0.0, 0.0, 0.0)","(0.0, 0.0, 0.0)","(0.0, 0.0, 0.0)","(0.0, 0.0, 0.0)",0,0,0,0,0,0,False,0,0,0,0,0,0,0,0,"(0.0, 6.0, 1767.3)","(0.2, 0.0, 0.0, 1.0)"
0,949776.4,0,0,0,0,0,0,0,0,0,"(0.0, 0.0)","(0.0, 0.0)","(0.0, 0.0)","(0.0, 0.0, 0.0)","(0.0, 0.0, 0.0)","(0.0, 0.0, 0.0)","(0.0, 0.0, 0.0)","(0.0, 0.0, 0.0)","(0.0, 0.0, 0.0)",0,0,0,0,0,0,False,0,0,0,0,0,0,0,0,"(0.0, 6.0, 1767.7)","(0.2, 0.0, 0.0, 1.0)"
0,949794.9,0,0,0,0,0,0,0,0,0,"(0.0, 0.0)","(0.0, 0.0)","(0.0, 0.0)","(0.0, 0.0, 0.0)","(0.0, 0.0, 0.0)","(0.0, 0.0, 0.0)","(0.0, 0.0, 0.0)","(0.0, 0.0, 0.0)","(0.0, 0.0, 0.0)",0,0,0,0,0,0,False,0,0,0,0,0,0,0,0,"(0.0, 6.0, 1768.1)","(0.2, 0.0, 0.0, 1.0)"
0,949816.2,0,0,0,0,0,0,0,0,0,"(0.0, 0.0)","(0.0, 0.0)","(0.0, 0.0)","(0.0, 0.0, 0.0)","(0.0, 0.0, 0.0)","(0.0, 0.0, 0.0)","(0.0, 0.0, 0.0)","(0.0, 0.0, 0.0)","(0.0, 0.0, 0.0)",0,0,0,0,0,0,False,0,0,0,0,0,0,0,0,"(0.0, 6.0, 1768.5)","(0.2, 0.0, 0.0, 1.0)"
0,949841,0,0,0,0,0,0,0,0,0,"(0.0, 0.0)","(0.0, 0.0)","(0.0, 0.0)","(0.0, 0.0, 0.0)","(0.0, 0.0, 0.0)","(0.0, 0.0, 0.0)","(0.0, 0.0, 0.0)","(0.0, 0.0, 0.0)","(0.0, 0.0, 0.0)",0,0,0,0,0,0,False,0,0,0,0,0,0,0,0,"(0.0, 6.0, 1768.9)","(0.2, 0.0, 0.0, 1.0)"
0,949858.9,0,0,0,0,0,0,0,0,0,"(0.0, 0.0)","(0.0, 0.0)","(0.0, 0.0)","(0.0, 0.0, 0.0)","(0.0, 0.0, 0.0)","(0.0, 0.0, 0.0)","(0.0, 0.0, 0.0)","(0.0, 0.0, 0.0)","(0.0, 0.0, 0.0)",0,0,0,0,0,0,False,0,0,0,0,0,0,0,0,"(0.0, 6.0, 1769.3)","(0.2, 0.0, 0.0, 1.0)"
0,949878.6,0,0,0,0,0,0,0,0,0,"(0.0, 0.0)","(0.0, 0.0)","(0.0, 0.0)","(0.0, 0.0, 0.0)","(0.0, 0.0, 0.0)","(0.0, 0.0, 0.0)","(0.0, 0.0, 0.0)","(0.0, 0.0, 0.0)","(0.0, 0.0, 0.0)",0,0,0,0,0,0,False,0,0,0,0,0,0,0,0,"(0.0, 6.0, 1769.7)","(0.2, 0.0, 0.0, 1.0)"
0,949898.6,0,0,0,0,0,0,0,0,0,"(0.0, 0.0)","(0.0, 0.0)","(0.0, 0.0)","(0.0, 0.0, 0.0)","(0.0, 0.0, 0.0)","(0.0, 0.0, 0.0)","(0.0, 0.0, 0.0)","(0.0, 0.0, 0.0)","(0.0, 0.0, 0.0)",0,0,0,0,0,0,False,0,0,0,0,0,0,0,0,"(0.0, 6.0, 1770.1)","(0.2, 0.0, 0.0, 1.0)"
0,949918.7,0,0,0,0,0,0,0,0,0,"(0.0, 0.0)","(0.0, 0.0)","(0.0, 0.0)","(0.0, 0.0, 0.0)","(0.0, 0.0, 0.0)","(0.0, 0.0, 0.0)","(0.0, 0.0, 0.0)","(0.0, 0.0, 0.0)","(0.0, 0.0, 0.0)",0,0,0,0,0,0,False,0,0,0,0,0,0,0,0,"(0.0, 6.0, 1770.5)","(0.2, 0.0, 0.0, 1.0)"
0,949937.9,0,0,0,0,0,0,0,0,0,"(0.0, 0.0)","(0.0, 0.0)","(0.0, 0.0)","(0.0, 0.0, 0.0)","(0.0, 0.0, 0.0)","(0.0, 0.0, 0.0)","(0.0, 0.0, 0.0)","(0.0, 0.0, 0.0)","(0.0, 0.0, 0.0)",0,0,0,0,0,0,False,0,0,0,0,0,0,0,0,"(0.0, 6.0, 1770.9)","(0.2, 0.0, 0.0, 1.0)"
0,949956.8,0,0,0,0,0,0,0,0,0,"(0.0, 0.0)","(0.0, 0.0)","(0.0, 0.0)","(0.0, 0.0, 0.0)","(0.0, 0.0, 0.0)","(0.0, 0.0, 0.0)","(0.0, 0.0, 0.0)","(0.0, 0.0, 0.0)","(0.0, 0.0, 0.0)",0,0,0,0,0,0,False,0,0,0,0,0,0,0,0,"(0.0, 6.0, 1771.3)","(0.2, 0.0, 0.0, 1.0)"
0,949976.1,0,0,0,0,0,0,0,0,0,"(0.0, 0.0)","(0.0, 0.0)","(0.0, 0.0)","(0.0, 0.0, 0.0)","(0.0, 0.0, 0.0)","(0.0, 0.0, 0.0)","(0.0, 0.0, 0.0)","(0.0, 0.0, 0.0)","(0.0, 0.0, 0.0)",0,0,0,0,0,0,False,0,0,0,0,0,0,0,0,"(0.0, 6.0, 1771.7)","(0.2, 0.0, 0.0, 1.0)"
0,949994.1,0,0,0,0,0,0,0,0,0,"(0.0, 0.0)","(0.0, 0.0)","(0.0, 0.0)","(0.0, 0.0, 0.0)","(0.0, 0.0, 0.0)","(0.0, 0.0, 0.0)","(0.0, 0.0, 0.0)","(0.0, 0.0, 0.0)","(0.0, 0.0, 0.0)",0,0,0,0,0,0,False,0,0,0,0,0,0,0,0,"(0.0, 6.0, 1772.0)","(0.2, 0.0, 0.0, 1.0)"
0,950014.9,0,0,0,0,0,0,0,0,0,"(0.0, 0.0)","(0.0, 0.0)","(0.0, 0.0)","(0.0, 0.0, 0.0)","(0.0, 0.0, 0.0)","(0.0, 0.0, 0.0)","(0.0, 0.0, 0.0)","(0.0, 0.0, 0.0)","(0.0, 0.0, 0.0)",0,0,0,0,0,0,False,0,0,0,0,0,0,0,0,"(0.0, 6.0, 1772.4)","(0.2, 0.0, 0.0, 1.0)"
0,950038.8,0,0,0,0,0,0,0,0,0,"(0.0, 0.0)","(0.0, 0.0)","(0.0, 0.0)","(0.0, 0.0, 0.0)","(0.0, 0.0, 0.0)","(0.0, 0.0, 0.0)","(0.0, 0.0, 0.0)","(0.0, 0.0, 0.0)","(0.0, 0.0, 0.0)",0,0,0,0,0,0,False,0,0,0,0,0,0,0,0,"(0.0, 6.0, 1772.8)","(0.2, 0.0, 0.0, 1.0)"
0,950058.9,0,0,0,0,0,0,0,0,0,"(0.0, 0.0)","(0.0, 0.0)","(0.0, 0.0)","(0.0, 0.0, 0.0)","(0.0, 0.0, 0.0)","(0.0, 0.0, 0.0)","(0.0, 0.0, 0.0)","(0.0, 0.0, 0.0)","(0.0, 0.0, 0.0)",0,0,0,0,0,0,False,0,0,0,0,0,0,0,0,"(0.0, 6.0, 1773.2)","(0.2, 0.0, 0.0, 1.0)"
0,950077,0,0,0,0,0,0,0,0,0,"(0.0, 0.0)","(0.0, 0.0)","(0.0, 0.0)","(0.0, 0.0, 0.0)","(0.0, 0.0, 0.0)","(0.0, 0.0, 0.0)","(0.0, 0.0, 0.0)","(0.0, 0.0, 0.0)","(0.0, 0.0, 0.0)",0,0,0,0,0,0,False,0,0,0,0,0,0,0,0,"(0.0, 6.0, 1773.6)","(0.2, 0.0, 0.0, 1.0)"
0,950106.4,0,0,0,0,0,0,0,0,0,"(0.0, 0.0)","(0.0, 0.0)","(0.0, 0.0)","(0.0, 0.0, 0.0)","(0.0, 0.0, 0.0)","(0.0, 0.0, 0.0)","(0.0, 0.0, 0.0)","(0.0, 0.0, 0.0)","(0.0, 0.0, 0.0)",0,0,0,0,0,0,False,0,0,0,0,0,0,0,0,"(0.0, 6.0, 1774.0)","(0.2, 0.0, 0.0, 1.0)"
0,950125.6,0,0,0,0,0,0,0,0,0,"(0.0, 0.0)","(0.0, 0.0)","(0.0, 0.0)","(0.0, 0.0, 0.0)","(0.0, 0.0, 0.0)","(0.0, 0.0, 0.0)","(0.0, 0.0, 0.0)","(0.0, 0.0, 0.0)","(0.0, 0.0, 0.0)",0,0,0,0,0,0,False,0,0,0,0,0,0,0,0,"(0.0, 6.0, 1774.4)","(0.2, 0.0, 0.0, 1.0)"
0,950147.3,0,0,0,0,0,0,0,0,0,"(0.0, 0.0)","(0.0, 0.0)","(0.0, 0.0)","(0.0, 0.0, 0.0)","(0.0, 0.0, 0.0)","(0.0, 0.0, 0.0)","(0.0, 0.0, 0.0)","(0.0, 0.0, 0.0)","(0.0, 0.0, 0.0)",0,0,0,0,0,0,False,0,0,0,0,0,0,0,0,"(0.0, 6.0, 1774.8)","(0.2, 0.0, 0.0, 1.0)"
0,950169.8,0,0,0,0,0,0,0,0,0,"(0.0, 0.0)","(0.0, 0.0)","(0.0, 0.0)","(0.0, 0.0, 0.0)","(0.0, 0.0, 0.0)","(0.0, 0.0, 0.0)","(0.0, 0.0, 0.0)","(0.0, 0.0, 0.0)","(0.0, 0.0, 0.0)",0,0,0,0,0,0,False,0,0,0,0,0,0,0,0,"(0.0, 6.0, 1775.2)","(0.2, 0.0, 0.0, 1.0)"
0,950192,0,0,0,0,0,0,0,0,0,"(0.0, 0.0)","(0.0, 0.0)","(0.0, 0.0)","(0.0, 0.0, 0.0)","(0.0, 0.0, 0.0)","(0.0, 0.0, 0.0)","(0.0, 0.0, 0.0)","(0.0, 0.0, 0.0)","(0.0, 0.0, 0.0)",0,0,0,0,0,0,False,0,0,0,0,0,0,0,0,"(0.0, 6.0, 1775.6)","(0.2, 0.0, 0.0, 1.0)"
0,950215.4,0,0,0,0,0,0,0,0,0,"(0.0, 0.0)","(0.0, 0.0)","(0.0, 0.0)","(0.0, 0.0, 0.0)","(0.0, 0.0, 0.0)","(0.0, 0.0, 0.0)","(0.0, 0.0, 0.0)","(0.0, 0.0, 0.0)","(0.0, 0.0, 0.0)",0,0,0,0,0,0,False,0,0,0,0,0,0,0,0,"(0.0, 6.0, 1776.0)","(0.2, 0.0, 0.0, 1.0)"
0,950241.5,0,0,0,0,0,0,0,0,0,"(0.0, 0.0)","(0.0, 0.0)","(0.0, 0.0)","(0.0, 0.0, 0.0)","(0.0, 0.0, 0.0)","(0.0, 0.0, 0.0)","(0.0, 0.0, 0.0)","(0.0, 0.0, 0.0)","(0.0, 0.0, 0.0)",0,0,0,0,0,0,False,0,0,0,0,0,0,0,0,"(0.0, 6.0, 1776.4)","(0.2, 0.0, 0.0, 1.0)"
0,950262.3,0,0,0,0,0,0,0,0,0,"(0.0, 0.0)","(0.0, 0.0)","(0.0, 0.0)","(0.0, 0.0, 0.0)","(0.0, 0.0, 0.0)","(0.0, 0.0, 0.0)","(0.0, 0.0, 0.0)","(0.0, 0.0, 0.0)","(0.0, 0.0, 0.0)",0,0,0,0,0,0,False,0,0,0,0,0,0,0,0,"(0.0, 6.0, 1776.8)","(0.2, 0.0, 0.0, 1.0)"
0,950284.3,0,0,0,0,0,0,0,0,0,"(0.0, 0.0)","(0.0, 0.0)","(0.0, 0.0)","(0.0, 0.0, 0.0)","(0.0, 0.0, 0.0)","(0.0, 0.0, 0.0)","(0.0, 0.0, 0.0)","(0.0, 0.0, 0.0)","(0.0, 0.0, 0.0)",0,0,0,0,0,0,False,0,0,0,0,0,0,0,0,"(0.0, 6.0, 1777.2)","(0.2, 0.0, 0.0, 1.0)"
0,950306.4,0,0,0,0,0,0,0,0,0,"(0.0, 0.0)","(0.0, 0.0)","(0.0, 0.0)","(0.0, 0.0, 0.0)","(0.0, 0.0, 0.0)","(0.0, 0.0, 0.0)","(0.0, 0.0, 0.0)","(0.0, 0.0, 0.0)","(0.0, 0.0, 0.0)",0,0,0,0,0,0,False,0,0,0,0,0,0,0,0,"(0.0, 6.0, 1777.6)","(0.2, 0.0, 0.0, 1.0)"
0,950334.1,0,0,0,0,0,0,0,0,0,"(0.0, 0.0)","(0.0, 0.0)","(0.0, 0.0)","(0.0, 0.0, 0.0)","(0.0, 0.0, 0.0)","(0.0, 0.0, 0.0)","(0.0, 0.0, 0.0)","(0.0, 0.0, 0.0)","(0.0, 0.0, 0.0)",0,0,0,0,0,0,False,0,0,0,0,0,0,0,0,"(0.0, 6.0, 1778.1)","(0.2, 0.0, 0.0, 1.0)"
0,950353.9,0,0,0,0,0,0,0,0,0,"(0.0, 0.0)","(0.0, 0.0)","(0.0, 0.0)","(0.0, 0.0, 0.0)","(0.0, 0.0, 0.0)","(0.0, 0.0, 0.0)","(0.0, 0.0, 0.0)","(0.0, 0.0, 0.0)","(0.0, 0.0, 0.0)",0,0,0,0,0,0,False,0,0,0,0,0,0,0,0,"(0.0, 6.0, 1778.5)","(0.2, 0.0, 0.0, 1.0)"
0,950372.6,0,0,0,0,0,0,0,0,0,"(0.0, 0.0)","(0.0, 0.0)","(0.0, 0.0)","(0.0, 0.0, 0.0)","(0.0, 0.0, 0.0)","(0.0, 0.0, 0.0)","(0.0, 0.0, 0.0)","(0.0, 0.0, 0.0)","(0.0, 0.0, 0.0)",0,0,0,0,0,0,False,0,0,0,0,0,0,0,0,"(0.0, 6.0, 1778.9)","(0.2, 0.0, 0.0, 1.0)"
0,950391.9,0,0,0,0,0,0,0,0,0,"(0.0, 0.0)","(0.0, 0.0)","(0.0, 0.0)","(0.0, 0.0, 0.0)","(0.0, 0.0, 0.0)","(0.0, 0.0, 0.0)","(0.0, 0.0, 0.0)","(0.0, 0.0, 0.0)","(0.0, 0.0, 0.0)",0,0,0,0,0,0,False,0,0,0,0,0,0,0,0,"(0.0, 6.0, 1779.3)","(0.2, 0.0, 0.0, 1.0)"
0,950415.1,0,0,0,0,0,0,0,0,0,"(0.0, 0.0)","(0.0, 0.0)","(0.0, 0.0)","(0.0, 0.0, 0.0)","(0.0, 0.0, 0.0)","(0.0, 0.0, 0.0)","(0.0, 0.0, 0.0)","(0.0, 0.0, 0.0)","(0.0, 0.0, 0.0)",0,0,0,0,0,0,False,0,0,0,0,0,0,0,0,"(0.0, 6.0, 1779.7)","(0.2, 0.0, 0.0, 1.0)"
0,950436.1,0,0,0,0,0,0,0,0,0,"(0.0, 0.0)","(0.0, 0.0)","(0.0, 0.0)","(0.0, 0.0, 0.0)","(0.0, 0.0, 0.0)","(0.0, 0.0, 0.0)","(0.0, 0.0, 0.0)","(0.0, 0.0, 0.0)","(0.0, 0.0, 0.0)",0,0,0,0,0,0,False,0,0,0,0,0,0,0,0,"(0.0, 6.0, 1780.1)","(0.2, 0.0, 0.0, 1.0)"
0,950458.9,0,0,0,0,0,0,0,0,0,"(0.0, 0.0)","(0.0, 0.0)","(0.0, 0.0)","(0.0, 0.0, 0.0)","(0.0, 0.0, 0.0)","(0.0, 0.0, 0.0)","(0.0, 0.0, 0.0)","(0.0, 0.0, 0.0)","(0.0, 0.0, 0.0)",0,0,0,0,0,0,False,0,0,0,0,0,0,0,0,"(0.0, 6.0, 1780.6)","(0.2, 0.0, 0.0, 1.0)"
0,950481.7,0,0,0,0,0,0,0,0,0,"(0.0, 0.0)","(0.0, 0.0)","(0.0, 0.0)","(0.0, 0.0, 0.0)","(0.0, 0.0, 0.0)","(0.0, 0.0, 0.0)","(0.0, 0.0, 0.0)","(0.0, 0.0, 0.0)","(0.0, 0.0, 0.0)",0,0,0,0,0,0,False,0,0,0,0,0,0,0,0,"(0.0, 6.0, 1781.0)","(0.2, 0.0, 0.0, 1.0)"
0,950502.8,0,0,0,0,0,0,0,0,0,"(0.0, 0.0)","(0.0, 0.0)","(0.0, 0.0)","(0.0, 0.0, 0.0)","(0.0, 0.0, 0.0)","(0.0, 0.0, 0.0)","(0.0, 0.0, 0.0)","(0.0, 0.0, 0.0)","(0.0, 0.0, 0.0)",0,0,0,0,0,0,False,0,0,0,0,0,0,0,0,"(0.0, 6.0, 1781.4)","(0.2, 0.0, 0.0, 1.0)"
0,950525.4,0,0,0,0,0,0,0,0,0,"(0.0, 0.0)","(0.0, 0.0)","(0.0, 0.0)","(0.0, 0.0, 0.0)","(0.0, 0.0, 0.0)","(0.0, 0.0, 0.0)","(0.0, 0.0, 0.0)","(0.0, 0.0, 0.0)","(0.0, 0.0, 0.0)",0,0,0,0,0,0,False,0,0,0,0,0,0,0,0,"(0.0, 6.0, 1781.8)","(0.2, 0.0, 0.0, 1.0)"
0,950548.4,0,0,0,0,0,0,0,0,0,"(0.0, 0.0)","(0.0, 0.0)","(0.0, 0.0)","(0.0, 0.0, 0.0)","(0.0, 0.0, 0.0)","(0.0, 0.0, 0.0)","(0.0, 0.0, 0.0)","(0.0, 0.0, 0.0)","(0.0, 0.0, 0.0)",0,0,0,0,0,0,False,0,0,0,0,0,0,0,0,"(0.0, 6.0, 1782.2)","(0.2, 0.0, 0.0, 1.0)"
0,950570.2,0,0,0,0,0,0,0,0,0,"(0.0, 0.0)","(0.0, 0.0)","(0.0, 0.0)","(0.0, 0.0, 0.0)","(0.0, 0.0, 0.0)","(0.0, 0.0, 0.0)","(0.0, 0.0, 0.0)","(0.0, 0.0, 0.0)","(0.0, 0.0, 0.0)",0,0,0,0,0,0,False,0,0,0,0,0,0,0,0,"(0.0, 6.0, 1782.6)","(0.2, 0.0, 0.0, 1.0)"
0,950592.2,0,0,0,0,0,0,0,0,0,"(0.0, 0.0)","(0.0, 0.0)","(0.0, 0.0)","(0.0, 0.0, 0.0)","(0.0, 0.0, 0.0)","(0.0, 0.0, 0.0)","(0.0, 0.0, 0.0)","(0.0, 0.0, 0.0)","(0.0, 0.0, 0.0)",0,0,0,0,0,0,False,0,0,0,0,0,0,0,0,"(0.0, 6.0, 1783.1)","(0.2, 0.0, 0.0, 1.0)"
0,950619.5,0,0,0,0,0,0,0,0,0,"(0.0, 0.0)","(0.0, 0.0)","(0.0, 0.0)","(0.0, 0.0, 0.0)","(0.0, 0.0, 0.0)","(0.0, 0.0, 0.0)","(0.0, 0.0, 0.0)","(0.0, 0.0, 0.0)","(0.0, 0.0, 0.0)",0,0,0,0,0,0,False,0,0,0,0,0,0,0,0,"(0.0, 6.0, 1783.5)","(0.2, 0.0, 0.0, 1.0)"
0,950640.5,0,0,0,0,0,0,0,0,0,"(0.0, 0.0)","(0.0, 0.0)","(0.0, 0.0)","(0.0, 0.0, 0.0)","(0.0, 0.0, 0.0)","(0.0, 0.0, 0.0)","(0.0, 0.0, 0.0)","(0.0, 0.0, 0.0)","(0.0, 0.0, 0.0)",0,0,0,0,0,0,False,0,0,0,0,0,0,0,0,"(0.0, 6.0, 1783.9)","(0.2, 0.0, 0.0, 1.0)"
0,950661.6,0,0,0,0,0,0,0,0,0,"(0.0, 0.0)","(0.0, 0.0)","(0.0, 0.0)","(0.0, 0.0, 0.0)","(0.0, 0.0, 0.0)","(0.0, 0.0, 0.0)","(0.0, 0.0, 0.0)","(0.0, 0.0, 0.0)","(0.0, 0.0, 0.0)",0,0,0,0,0,0,False,0,0,0,0,0,0,0,0,"(0.0, 6.0, 1784.3)","(0.2, 0.0, 0.0, 1.0)"
0,950683.6,0,0,0,0,0,0,0,0,0,"(0.0, 0.0)","(0.0, 0.0)","(0.0, 0.0)","(0.0, 0.0, 0.0)","(0.0, 0.0, 0.0)","(0.0, 0.0, 0.0)","(0.0, 0.0, 0.0)","(0.0, 0.0, 0.0)","(0.0, 0.0, 0.0)",0,0,0,0,0,0,False,0,0,0,0,0,0,0,0,"(0.0, 6.0, 1784.8)","(0.2, 0.0, 0.0, 1.0)"
0,950705.5,0,0,0,0,0,0,0,0,0,"(0.0, 0.0)","(0.0, 0.0)","(0.0, 0.0)","(0.0, 0.0, 0.0)","(0.0, 0.0, 0.0)","(0.0, 0.0, 0.0)","(0.0, 0.0, 0.0)","(0.0, 0.0, 0.0)","(0.0, 0.0, 0.0)",0,0,0,0,0,0,False,0,0,0,0,0,0,0,0,"(0.0, 6.0, 1785.2)","(0.2, 0.0, 0.0, 1.0)"
0,950736.9,0,0,0,0,0,0,0,0,0,"(0.0, 0.0)","(0.0, 0.0)","(0.0, 0.0)","(0.0, 0.0, 0.0)","(0.0, 0.0, 0.0)","(0.0, 0.0, 0.0)","(0.0, 0.0, 0.0)","(0.0, 0.0, 0.0)","(0.0, 0.0, 0.0)",0,0,0,0,0,0,False,0,0,0,0,0,0,0,0,"(0.0, 6.0, 1785.6)","(0.2, 0.0, 0.0, 1.0)"
0,950757.9,0,0,0,0,0,0,0,0,0,"(0.0, 0.0)","(0.0, 0.0)","(0.0, 0.0)","(0.0, 0.0, 0.0)","(0.0, 0.0, 0.0)","(0.0, 0.0, 0.0)","(0.0, 0.0, 0.0)","(0.0, 0.0, 0.0)","(0.0, 0.0, 0.0)",0,0,0,0,0,0,False,0,0,0,0,0,0,0,0,"(0.0, 6.0, 1786.0)","(0.2, 0.0, 0.0, 1.0)"
0,950779.2,0,0,0,0,0,0,0,0,0,"(0.0, 0.0)","(0.0, 0.0)","(0.0, 0.0)","(0.0, 0.0, 0.0)","(0.0, 0.0, 0.0)","(0.0, 0.0, 0.0)","(0.0, 0.0, 0.0)","(0.0, 0.0, 0.0)","(0.0, 0.0, 0.0)",0,0,0,0,0,0,False,0,0,0,0,0,0,0,0,"(0.0, 6.0, 1786.5)","(0.2, 0.0, 0.0, 1.0)"
0,950801.3,0,0,0,0,0,0,0,0,0,"(0.0, 0.0)","(0.0, 0.0)","(0.0, 0.0)","(0.0, 0.0, 0.0)","(0.0, 0.0, 0.0)","(0.0, 0.0, 0.0)","(0.0, 0.0, 0.0)","(0.0, 0.0, 0.0)","(0.0, 0.0, 0.0)",0,0,0,0,0,0,False,0,0,0,0,0,0,0,0,"(0.0, 6.0, 1786.9)","(0.2, 0.0, 0.0, 1.0)"
0,950821.8,0,0,0,0,0,0,0,0,0,"(0.0, 0.0)","(0.0, 0.0)","(0.0, 0.0)","(0.0, 0.0, 0.0)","(0.0, 0.0, 0.0)","(0.0, 0.0, 0.0)","(0.0, 0.0, 0.0)","(0.0, 0.0, 0.0)","(0.0, 0.0, 0.0)",0,0,0,0,0,0,False,0,0,0,0,0,0,0,0,"(0.0, 6.0, 1787.3)","(0.2, 0.0, 0.0, 1.0)"
0,950844.3,0,0,0,0,0,0,0,0,0,"(0.0, 0.0)","(0.0, 0.0)","(0.0, 0.0)","(0.0, 0.0, 0.0)","(0.0, 0.0, 0.0)","(0.0, 0.0, 0.0)","(0.0, 0.0, 0.0)","(0.0, 0.0, 0.0)","(0.0, 0.0, 0.0)",0,0,0,0,0,0,False,0,0,0,0,0,0,0,0,"(0.0, 6.0, 1787.8)","(0.2, 0.0, 0.0, 1.0)"
0,950865.8,0,0,0,0,0,0,0,0,0,"(0.0, 0.0)","(0.0, 0.0)","(0.0, 0.0)","(0.0, 0.0, 0.0)","(0.0, 0.0, 0.0)","(0.0, 0.0, 0.0)","(0.0, 0.0, 0.0)","(0.0, 0.0, 0.0)","(0.0, 0.0, 0.0)",0,0,0,0,0,0,False,0,0,0,0,0,0,0,0,"(0.0, 6.0, 1788.2)","(0.2, 0.0, 0.0, 1.0)"
0,950886.1,0,0,0,0,0,0,0,0,0,"(0.0, 0.0)","(0.0, 0.0)","(0.0, 0.0)","(0.0, 0.0, 0.0)","(0.0, 0.0, 0.0)","(0.0, 0.0, 0.0)","(0.0, 0.0, 0.0)","(0.0, 0.0, 0.0)","(0.0, 0.0, 0.0)",0,0,0,0,0,0,False,0,0,0,0,0,0,0,0,"(0.0, 6.0, 1788.6)","(0.2, 0.0, 0.0, 1.0)"
0,950905.7,0,0,0,0,0,0,0,0,0,"(0.0, 0.0)","(0.0, 0.0)","(0.0, 0.0)","(0.0, 0.0, 0.0)","(0.0, 0.0, 0.0)","(0.0, 0.0, 0.0)","(0.0, 0.0, 0.0)","(0.0, 0.0, 0.0)","(0.0, 0.0, 0.0)",0,0,0,0,0,0,False,0,0,0,0,0,0,0,0,"(0.0, 6.0, 1789.0)","(0.2, 0.0, 0.0, 1.0)"
0,950925.7,0,0,0,0,0,0,0,0,0,"(0.0, 0.0)","(0.0, 0.0)","(0.0, 0.0)","(0.0, 0.0, 0.0)","(0.0, 0.0, 0.0)","(0.0, 0.0, 0.0)","(0.0, 0.0, 0.0)","(0.0, 0.0, 0.0)","(0.0, 0.0, 0.0)",0,0,0,0,0,0,False,0,0,0,0,0,0,0,0,"(0.0, 6.0, 1789.4)","(0.2, 0.0, 0.0, 1.0)"
0,950949.4,0,0,0,0,0,0,0,0,0,"(0.0, 0.0)","(0.0, 0.0)","(0.0, 0.0)","(0.0, 0.0, 0.0)","(0.0, 0.0, 0.0)","(0.0, 0.0, 0.0)","(0.0, 0.0, 0.0)","(0.0, 0.0, 0.0)","(0.0, 0.0, 0.0)",0,0,0,0,0,0,False,0,0,0,0,0,0,0,0,"(0.0, 6.0, 1789.9)","(0.2, 0.0, 0.0, 1.0)"
0,950970.4,0,0,0,0,0,0,0,0,0,"(0.0, 0.0)","(0.0, 0.0)","(0.0, 0.0)","(0.0, 0.0, 0.0)","(0.0, 0.0, 0.0)","(0.0, 0.0, 0.0)","(0.0, 0.0, 0.0)","(0.0, 0.0, 0.0)","(0.0, 0.0, 0.0)",0,0,0,0,0,0,False,0,0,0,0,0,0,0,0,"(0.0, 6.0, 1790.3)","(0.2, 0.0, 0.0, 1.0)"
0,950989.4,0,0,0,0,0,0,0,0,0,"(0.0, 0.0)","(0.0, 0.0)","(0.0, 0.0)","(0.0, 0.0, 0.0)","(0.0, 0.0, 0.0)","(0.0, 0.0, 0.0)","(0.0, 0.0, 0.0)","(0.0, 0.0, 0.0)","(0.0, 0.0, 0.0)",0,0,0,0,0,0,False,0,0,0,0,0,0,0,0,"(0.0, 6.0, 1790.7)","(0.2, 0.0, 0.0, 1.0)"
0,951011.1,0,0,0,0,0,0,0,0,0,"(0.0, 0.0)","(0.0, 0.0)","(0.0, 0.0)","(0.0, 0.0, 0.0)","(0.0, 0.0, 0.0)","(0.0, 0.0, 0.0)","(0.0, 0.0, 0.0)","(0.0, 0.0, 0.0)","(0.0, 0.0, 0.0)",0,0,0,0,0,0,False,0,0,0,0,0,0,0,0,"(0.0, 6.0, 1791.1)","(0.2, 0.0, 0.0, 1.0)"
0,951031,0,0,0,0,0,0,0,0,0,"(0.0, 0.0)","(0.0, 0.0)","(0.0, 0.0)","(0.0, 0.0, 0.0)","(0.0, 0.0, 0.0)","(0.0, 0.0, 0.0)","(0.0, 0.0, 0.0)","(0.0, 0.0, 0.0)","(0.0, 0.0, 0.0)",0,0,0,0,0,0,False,0,0,0,0,0,0,0,0,"(0.0, 6.0, 1791.5)","(0.2, 0.0, 0.0, 1.0)"
0,951052.4,0,0,0,0,0,0,0,0,0,"(0.0, 0.0)","(0.0, 0.0)","(0.0, 0.0)","(0.0, 0.0, 0.0)","(0.0, 0.0, 0.0)","(0.0, 0.0, 0.0)","(0.0, 0.0, 0.0)","(0.0, 0.0, 0.0)","(0.0, 0.0, 0.0)",0,0,0,0,0,0,False,0,0,0,0,0,0,0,0,"(0.0, 6.0, 1791.9)","(0.2, 0.0, 0.0, 1.0)"
0,951074,0,0,0,0,0,0,0,0,0,"(0.0, 0.0)","(0.0, 0.0)","(0.0, 0.0)","(0.0, 0.0, 0.0)","(0.0, 0.0, 0.0)","(0.0, 0.0, 0.0)","(0.0, 0.0, 0.0)","(0.0, 0.0, 0.0)","(0.0, 0.0, 0.0)",0,0,0,0,0,0,False,0,0,0,0,0,0,0,0,"(0.0, 6.0, 1792.3)","(0.2, 0.0, 0.0, 1.0)"
0,951093.9,0,0,0,0,0,0,0,0,0,"(0.0, 0.0)","(0.0, 0.0)","(0.0, 0.0)","(0.0, 0.0, 0.0)","(0.0, 0.0, 0.0)","(0.0, 0.0, 0.0)","(0.0, 0.0, 0.0)","(0.0, 0.0, 0.0)","(0.0, 0.0, 0.0)",0,0,0,0,0,0,False,0,0,0,0,0,0,0,0,"(0.0, 6.0, 1792.7)","(0.2, 0.0, 0.0, 1.0)"
0,951114.6,0,0,0,0,0,0,0,0,0,"(0.0, 0.0)","(0.0, 0.0)","(0.0, 0.0)","(0.0, 0.0, 0.0)","(0.0, 0.0, 0.0)","(0.0, 0.0, 0.0)","(0.0, 0.0, 0.0)","(0.0, 0.0, 0.0)","(0.0, 0.0, 0.0)",0,0,0,0,0,0,False,0,0,0,0,0,0,0,0,"(0.0, 6.0, 1793.1)","(0.2, 0.0, 0.0, 1.0)"
0,951136.3,0,0,0,0,0,0,0,0,0,"(0.0, 0.0)","(0.0, 0.0)","(0.0, 0.0)","(0.0, 0.0, 0.0)","(0.0, 0.0, 0.0)","(0.0, 0.0, 0.0)","(0.0, 0.0, 0.0)","(0.0, 0.0, 0.0)","(0.0, 0.0, 0.0)",0,0,0,0,0,0,False,0,0,0,0,0,0,0,0,"(0.0, 6.0, 1793.5)","(0.2, 0.0, 0.0, 1.0)"
0,951158.4,0,0,0,0,0,0,0,0,0,"(0.0, 0.0)","(0.0, 0.0)","(0.0, 0.0)","(0.0, 0.0, 0.0)","(0.0, 0.0, 0.0)","(0.0, 0.0, 0.0)","(0.0, 0.0, 0.0)","(0.0, 0.0, 0.0)","(0.0, 0.0, 0.0)",0,0,0,0,0,0,False,0,0,0,0,0,0,0,0,"(0.0, 6.0, 1793.9)","(0.2, 0.0, 0.0, 1.0)"
0,951182.1,0,0,0,0,0,0,0,0,0,"(0.0, 0.0)","(0.0, 0.0)","(0.0, 0.0)","(0.0, 0.0, 0.0)","(0.0, 0.0, 0.0)","(0.0, 0.0, 0.0)","(0.0, 0.0, 0.0)","(0.0, 0.0, 0.0)","(0.0, 0.0, 0.0)",0,0,0,0,0,0,False,0,0,0,0,0,0,0,0,"(0.0, 6.0, 1794.3)","(0.2, 0.0, 0.0, 1.0)"
0,951203.6,0,0,0,0,0,0,0,0,0,"(0.0, 0.0)","(0.0, 0.0)","(0.0, 0.0)","(0.0, 0.0, 0.0)","(0.0, 0.0, 0.0)","(0.0, 0.0, 0.0)","(0.0, 0.0, 0.0)","(0.0, 0.0, 0.0)","(0.0, 0.0, 0.0)",0,0,0,0,0,0,False,0,0,0,0,0,0,0,0,"(0.0, 6.0, 1794.7)","(0.2, 0.0, 0.0, 1.0)"
0,951225,0,0,0,0,0,0,0,0,0,"(0.0, 0.0)","(0.0, 0.0)","(0.0, 0.0)","(0.0, 0.0, 0.0)","(0.0, 0.0, 0.0)","(0.0, 0.0, 0.0)","(0.0, 0.0, 0.0)","(0.0, 0.0, 0.0)","(0.0, 0.0, 0.0)",0,0,0,0,0,0,False,0,0,0,0,0,0,0,0,"(0.0, 6.0, 1795.2)","(0.2, 0.0, 0.0, 1.0)"
0,951248.1,0,0,0,0,0,0,0,0,0,"(0.0, 0.0)","(0.0, 0.0)","(0.0, 0.0)","(0.0, 0.0, 0.0)","(0.0, 0.0, 0.0)","(0.0, 0.0, 0.0)","(0.0, 0.0, 0.0)","(0.0, 0.0, 0.0)","(0.0, 0.0, 0.0)",0,0,0,0,0,0,False,0,0,0,0,0,0,0,0,"(0.0, 6.0, 1795.6)","(0.2, 0.0, 0.0, 1.0)"
0,951269.8,0,0,0,0,0,0,0,0,0,"(0.0, 0.0)","(0.0, 0.0)","(0.0, 0.0)","(0.0, 0.0, 0.0)","(0.0, 0.0, 0.0)","(0.0, 0.0, 0.0)","(0.0, 0.0, 0.0)","(0.0, 0.0, 0.0)","(0.0, 0.0, 0.0)",0,0,0,0,0,0,False,0,0,0,0,0,0,0,0,"(0.0, 6.0, 1796.0)","(0.2, 0.0, 0.0, 1.0)"
0,951291.8,0,0,0,0,0,0,0,0,0,"(0.0, 0.0)","(0.0, 0.0)","(0.0, 0.0)","(0.0, 0.0, 0.0)","(0.0, 0.0, 0.0)","(0.0, 0.0, 0.0)","(0.0, 0.0, 0.0)","(0.0, 0.0, 0.0)","(0.0, 0.0, 0.0)",0,0,0,0,0,0,False,0,0,0,0,0,0,0,0,"(0.0, 6.0, 1796.4)","(0.2, 0.0, 0.0, 1.0)"
0,951319.1,0,0,0,0,0,0,0,0,0,"(0.0, 0.0)","(0.0, 0.0)","(0.0, 0.0)","(0.0, 0.0, 0.0)","(0.0, 0.0, 0.0)","(0.0, 0.0, 0.0)","(0.0, 0.0, 0.0)","(0.0, 0.0, 0.0)","(0.0, 0.0, 0.0)",0,0,0,0,0,0,False,0,0,0,0,0,0,0,0,"(0.0, 6.0, 1796.8)","(0.2, 0.0, 0.0, 1.0)"
0,951341.8,0,0,0,0,0,0,0,0,0,"(0.0, 0.0)","(0.0, 0.0)","(0.0, 0.0)","(0.0, 0.0, 0.0)","(0.0, 0.0, 0.0)","(0.0, 0.0, 0.0)","(0.0, 0.0, 0.0)","(0.0, 0.0, 0.0)","(0.0, 0.0, 0.0)",0,0,0,0,0,0,False,0,0,0,0,0,0,0,0,"(0.0, 6.0, 1797.2)","(0.2, 0.0, 0.0, 1.0)"
0,951362.9,0,0,0,0,0,0,0,0,0,"(0.0, 0.0)","(0.0, 0.0)","(0.0, 0.0)","(0.0, 0.0, 0.0)","(0.0, 0.0, 0.0)","(0.0, 0.0, 0.0)","(0.0, 0.0, 0.0)","(0.0, 0.0, 0.0)","(0.0, 0.0, 0.0)",0,0,0,0,0,0,False,0,0,0,0,0,0,0,0,"(0.0, 6.0, 1797.7)","(0.2, 0.0, 0.0, 1.0)"
0,951384.2,0,0,0,0,0,0,0,0,0,"(0.0, 0.0)","(0.0, 0.0)","(0.0, 0.0)","(0.0, 0.0, 0.0)","(0.0, 0.0, 0.0)","(0.0, 0.0, 0.0)","(0.0, 0.0, 0.0)","(0.0, 0.0, 0.0)","(0.0, 0.0, 0.0)",0,0,0,0,0,0,False,0,0,0,0,0,0,0,0,"(0.0, 6.0, 1798.1)","(0.2, 0.0, 0.0, 1.0)"
0,951404.9,0,0,0,0,0,0,0,0,0,"(0.0, 0.0)","(0.0, 0.0)","(0.0, 0.0)","(0.0, 0.0, 0.0)","(0.0, 0.0, 0.0)","(0.0, 0.0, 0.0)","(0.0, 0.0, 0.0)","(0.0, 0.0, 0.0)","(0.0, 0.0, 0.0)",0,0,0,0,0,0,False,0,0,0,0,0,0,0,0,"(0.0, 6.0, 1798.5)","(0.2, 0.0, 0.0, 1.0)"
0,951424.9,0,0,0,0,0,0,0,0,0,"(0.0, 0.0)","(0.0, 0.0)","(0.0, 0.0)","(0.0, 0.0, 0.0)","(0.0, 0.0, 0.0)","(0.0, 0.0, 0.0)","(0.0, 0.0, 0.0)","(0.0, 0.0, 0.0)","(0.0, 0.0, 0.0)",0,0,0,0,0,0,False,0,0,0,0,0,0,0,0,"(0.0, 6.0, 1798.9)","(0.2, 0.0, 0.0, 1.0)"
0,951447.8,0,0,0,0,0,0,0,0,0,"(0.0, 0.0)","(0.0, 0.0)","(0.0, 0.0)","(0.0, 0.0, 0.0)","(0.0, 0.0, 0.0)","(0.0, 0.0, 0.0)","(0.0, 0.0, 0.0)","(0.0, 0.0, 0.0)","(0.0, 0.0, 0.0)",0,0,0,0,0,0,False,0,0,0,0,0,0,0,0,"(0.0, 6.0, 1799.3)","(0.2, 0.0, 0.0, 1.0)"
0,951477.1,0,0,0,0,0,0,0,0,0,"(0.0, 0.0)","(0.0, 0.0)","(0.0, 0.0)","(0.0, 0.0, 0.0)","(0.0, 0.0, 0.0)","(0.0, 0.0, 0.0)","(0.0, 0.0, 0.0)","(0.0, 0.0, 0.0)","(0.0, 0.0, 0.0)",0,0,0,0,0,0,False,0,0,0,0,0,0,0,0,"(0.0, 6.0, 1799.8)","(0.2, 0.0, 0.0, 1.0)"
0,951496.9,0,0,0,0,0,0,0,0,0,"(0.0, 0.0)","(0.0, 0.0)","(0.0, 0.0)","(0.0, 0.0, 0.0)","(0.0, 0.0, 0.0)","(0.0, 0.0, 0.0)","(0.0, 0.0, 0.0)","(0.0, 0.0, 0.0)","(0.0, 0.0, 0.0)",0,0,0,0,0,0,False,0,0,0,0,0,0,0,0,"(0.0, 6.0, 1800.2)","(0.2, 0.0, 0.0, 1.0)"
0,951517.3,0,0,0,0,0,0,0,0,0,"(0.0, 0.0)","(0.0, 0.0)","(0.0, 0.0)","(0.0, 0.0, 0.0)","(0.0, 0.0, 0.0)","(0.0, 0.0, 0.0)","(0.0, 0.0, 0.0)","(0.0, 0.0, 0.0)","(0.0, 0.0, 0.0)",0,0,0,0,0,0,False,0,0,0,0,0,0,0,0,"(0.0, 6.0, 1800.6)","(0.2, 0.0, 0.0, 1.0)"
0,951537.4,0,0,0,0,0,0,0,0,0,"(0.0, 0.0)","(0.0, 0.0)","(0.0, 0.0)","(0.0, 0.0, 0.0)","(0.0, 0.0, 0.0)","(0.0, 0.0, 0.0)","(0.0, 0.0, 0.0)","(0.0, 0.0, 0.0)","(0.0, 0.0, 0.0)",0,0,0,0,0,0,False,0,0,0,0,0,0,0,0,"(0.0, 6.0, 1801.0)","(0.2, 0.0, 0.0, 1.0)"
0,951557.8,0,0,0,0,0,0,0,0,0,"(0.0, 0.0)","(0.0, 0.0)","(0.0, 0.0)","(0.0, 0.0, 0.0)","(0.0, 0.0, 0.0)","(0.0, 0.0, 0.0)","(0.0, 0.0, 0.0)","(0.0, 0.0, 0.0)","(0.0, 0.0, 0.0)",0,0,0,0,0,0,False,0,0,0,0,0,0,0,0,"(0.0, 6.0, 1801.4)","(0.2, 0.0, 0.0, 1.0)"
0,951580.9,0,0,0,0,0,0,0,0,0,"(0.0, 0.0)","(0.0, 0.0)","(0.0, 0.0)","(0.0, 0.0, 0.0)","(0.0, 0.0, 0.0)","(0.0, 0.0, 0.0)","(0.0, 0.0, 0.0)","(0.0, 0.0, 0.0)","(0.0, 0.0, 0.0)",0,0,0,0,0,0,False,0,0,0,0,0,0,0,0,"(0.0, 6.0, 1801.9)","(0.2, 0.0, 0.0, 1.0)"
0,951602.6,0,0,0,0,0,0,0,0,0,"(0.0, 0.0)","(0.0, 0.0)","(0.0, 0.0)","(0.0, 0.0, 0.0)","(0.0, 0.0, 0.0)","(0.0, 0.0, 0.0)","(0.0, 0.0, 0.0)","(0.0, 0.0, 0.0)","(0.0, 0.0, 0.0)",0,0,0,0,0,0,False,0,0,0,0,0,0,0,0,"(0.0, 6.0, 1802.3)","(0.2, 0.0, 0.0, 1.0)"
0,951625,0,0,0,0,0,0,0,0,0,"(0.0, 0.0)","(0.0, 0.0)","(0.0, 0.0)","(0.0, 0.0, 0.0)","(0.0, 0.0, 0.0)","(0.0, 0.0, 0.0)","(0.0, 0.0, 0.0)","(0.0, 0.0, 0.0)","(0.0, 0.0, 0.0)",0,0,0,0,0,0,False,0,0,0,0,0,0,0,0,"(0.0, 6.0, 1802.7)","(0.2, 0.0, 0.0, 1.0)"
0,951644.1,0,0,0,0,0,0,0,0,0,"(0.0, 0.0)","(0.0, 0.0)","(0.0, 0.0)","(0.0, 0.0, 0.0)","(0.0, 0.0, 0.0)","(0.0, 0.0, 0.0)","(0.0, 0.0, 0.0)","(0.0, 0.0, 0.0)","(0.0, 0.0, 0.0)",0,0,0,0,0,0,False,0,0,0,0,0,0,0,0,"(0.0, 6.0, 1803.1)","(0.2, 0.0, 0.0, 1.0)"
0,951668.4,0,0,0,0,0,0,0,0,0,"(0.0, 0.0)","(0.0, 0.0)","(0.0, 0.0)","(0.0, 0.0, 0.0)","(0.0, 0.0, 0.0)","(0.0, 0.0, 0.0)","(0.0, 0.0, 0.0)","(0.0, 0.0, 0.0)","(0.0, 0.0, 0.0)",0,0,0,0,0,0,False,0,0,0,0,0,0,0,0,"(0.0, 6.0, 1803.5)","(0.2, 0.0, 0.0, 1.0)"
0,951686.3,0,0,0,0,0,0,0,0,0,"(0.0, 0.0)","(0.0, 0.0)","(0.0, 0.0)","(0.0, 0.0, 0.0)","(0.0, 0.0, 0.0)","(0.0, 0.0, 0.0)","(0.0, 0.0, 0.0)","(0.0, 0.0, 0.0)","(0.0, 0.0, 0.0)",0,0,0,0,0,0,False,0,0,0,0,0,0,0,0,"(0.0, 6.0, 1803.9)","(0.2, 0.0, 0.0, 1.0)"
0,951706.2,0,0,0,0,0,0,0,0,0,"(0.0, 0.0)","(0.0, 0.0)","(0.0, 0.0)","(0.0, 0.0, 0.0)","(0.0, 0.0, 0.0)","(0.0, 0.0, 0.0)","(0.0, 0.0, 0.0)","(0.0, 0.0, 0.0)","(0.0, 0.0, 0.0)",0,0,0,0,0,0,False,0,0,0,0,0,0,0,0,"(0.0, 6.0, 1804.3)","(0.2, 0.0, 0.0, 1.0)"
0,951724.8,0,0,0,0,0,0,0,0,0,"(0.0, 0.0)","(0.0, 0.0)","(0.0, 0.0)","(0.0, 0.0, 0.0)","(0.0, 0.0, 0.0)","(0.0, 0.0, 0.0)","(0.0, 0.0, 0.0)","(0.0, 0.0, 0.0)","(0.0, 0.0, 0.0)",0,0,0,0,0,0,False,0,0,0,0,0,0,0,0,"(0.0, 6.0, 1804.7)","(0.2, 0.0, 0.0, 1.0)"
0,951744.5,0,0,0,0,0,0,0,0,0,"(0.0, 0.0)","(0.0, 0.0)","(0.0, 0.0)","(0.0, 0.0, 0.0)","(0.0, 0.0, 0.0)","(0.0, 0.0, 0.0)","(0.0, 0.0, 0.0)","(0.0, 0.0, 0.0)","(0.0, 0.0, 0.0)",0,0,0,0,0,0,False,0,0,0,0,0,0,0,0,"(0.0, 6.0, 1805.1)","(0.2, 0.0, 0.0, 1.0)"
0,951764.8,0,0,0,0,0,0,0,0,0,"(0.0, 0.0)","(0.0, 0.0)","(0.0, 0.0)","(0.0, 0.0, 0.0)","(0.0, 0.0, 0.0)","(0.0, 0.0, 0.0)","(0.0, 0.0, 0.0)","(0.0, 0.0, 0.0)","(0.0, 0.0, 0.0)",0,0,0,0,0,0,False,0,0,0,0,0,0,0,0,"(0.0, 6.0, 1805.5)","(0.2, 0.0, 0.0, 1.0)"
0,951783.8,0,0,0,0,0,0,0,0,0,"(0.0, 0.0)","(0.0, 0.0)","(0.0, 0.0)","(0.0, 0.0, 0.0)","(0.0, 0.0, 0.0)","(0.0, 0.0, 0.0)","(0.0, 0.0, 0.0)","(0.0, 0.0, 0.0)","(0.0, 0.0, 0.0)",0,0,0,0,0,0,False,0,0,0,0,0,0,0,0,"(0.0, 6.0, 1805.9)","(0.2, 0.0, 0.0, 1.0)"
0,951803.1,0,0,0,0,0,0,0,0,0,"(0.0, 0.0)","(0.0, 0.0)","(0.0, 0.0)","(0.0, 0.0, 0.0)","(0.0, 0.0, 0.0)","(0.0, 0.0, 0.0)","(0.0, 0.0, 0.0)","(0.0, 0.0, 0.0)","(0.0, 0.0, 0.0)",0,0,0,0,0,0,False,0,0,0,0,0,0,0,0,"(0.0, 6.0, 1806.3)","(0.2, 0.0, 0.0, 1.0)"
0,951821.3,0,0,0,0,0,0,0,0,0,"(0.0, 0.0)","(0.0, 0.0)","(0.0, 0.0)","(0.0, 0.0, 0.0)","(0.0, 0.0, 0.0)","(0.0, 0.0, 0.0)","(0.0, 0.0, 0.0)","(0.0, 0.0, 0.0)","(0.0, 0.0, 0.0)",0,0,0,0,0,0,False,0,0,0,0,0,0,0,0,"(0.0, 6.0, 1806.7)","(0.2, 0.0, 0.0, 1.0)"
0,951842.1,0,0,0,0,0,0,0,0,0,"(0.0, 0.0)","(0.0, 0.0)","(0.0, 0.0)","(0.0, 0.0, 0.0)","(0.0, 0.0, 0.0)","(0.0, 0.0, 0.0)","(0.0, 0.0, 0.0)","(0.0, 0.0, 0.0)","(0.0, 0.0, 0.0)",0,0,0,0,0,0,False,0,0,0,0,0,0,0,0,"(0.0, 6.0, 1807.1)","(0.2, 0.0, 0.0, 1.0)"
0,951860.9,0,0,0,0,0,0,0,0,0,"(0.0, 0.0)","(0.0, 0.0)","(0.0, 0.0)","(0.0, 0.0, 0.0)","(0.0, 0.0, 0.0)","(0.0, 0.0, 0.0)","(0.0, 0.0, 0.0)","(0.0, 0.0, 0.0)","(0.0, 0.0, 0.0)",0,0,0,0,0,0,False,0,0,0,0,0,0,0,0,"(0.0, 6.0, 1807.5)","(0.2, 0.0, 0.0, 1.0)"
0,951881,0,0,0,0,0,0,0,0,0,"(0.0, 0.0)","(0.0, 0.0)","(0.0, 0.0)","(0.0, 0.0, 0.0)","(0.0, 0.0, 0.0)","(0.0, 0.0, 0.0)","(0.0, 0.0, 0.0)","(0.0, 0.0, 0.0)","(0.0, 0.0, 0.0)",0,0,0,0,0,0,False,0,0,0,0,0,0,0,0,"(0.0, 6.0, 1807.8)","(0.2, 0.0, 0.0, 1.0)"
0,951900.4,0,0,0,0,0,0,0,0,0,"(0.0, 0.0)","(0.0, 0.0)","(0.0, 0.0)","(0.0, 0.0, 0.0)","(0.0, 0.0, 0.0)","(0.0, 0.0, 0.0)","(0.0, 0.0, 0.0)","(0.0, 0.0, 0.0)","(0.0, 0.0, 0.0)",0,0,0,0,0,0,False,0,0,0,0,0,0,0,0,"(0.0, 6.0, 1808.2)","(0.2, 0.0, 0.0, 1.0)"
0,951919.3,0,0,0,0,0,0,0,0,0,"(0.0, 0.0)","(0.0, 0.0)","(0.0, 0.0)","(0.0, 0.0, 0.0)","(0.0, 0.0, 0.0)","(0.0, 0.0, 0.0)","(0.0, 0.0, 0.0)","(0.0, 0.0, 0.0)","(0.0, 0.0, 0.0)",0,0,0,0,0,0,False,0,0,0,0,0,0,0,0,"(0.0, 6.0, 1808.6)","(0.2, 0.0, 0.0, 1.0)"
0,951937.9,0,0,0,0,0,0,0,0,0,"(0.0, 0.0)","(0.0, 0.0)","(0.0, 0.0)","(0.0, 0.0, 0.0)","(0.0, 0.0, 0.0)","(0.0, 0.0, 0.0)","(0.0, 0.0, 0.0)","(0.0, 0.0, 0.0)","(0.0, 0.0, 0.0)",0,0,0,0,0,0,False,0,0,0,0,0,0,0,0,"(0.0, 6.0, 1809.0)","(0.2, 0.0, 0.0, 1.0)"
0,951956.9,0,0,0,0,0,0,0,0,0,"(0.0, 0.0)","(0.0, 0.0)","(0.0, 0.0)","(0.0, 0.0, 0.0)","(0.0, 0.0, 0.0)","(0.0, 0.0, 0.0)","(0.0, 0.0, 0.0)","(0.0, 0.0, 0.0)","(0.0, 0.0, 0.0)",0,0,0,0,0,0,False,0,0,0,0,0,0,0,0,"(0.0, 6.0, 1809.4)","(0.2, 0.0, 0.0, 1.0)"
0,951976.6,0,0,0,0,0,0,0,0,0,"(0.0, 0.0)","(0.0, 0.0)","(0.0, 0.0)","(0.0, 0.0, 0.0)","(0.0, 0.0, 0.0)","(0.0, 0.0, 0.0)","(0.0, 0.0, 0.0)","(0.0, 0.0, 0.0)","(0.0, 0.0, 0.0)",0,0,0,0,0,0,False,0,0,0,0,0,0,0,0,"(0.0, 6.0, 1809.7)","(0.2, 0.0, 0.0, 1.0)"
0,951996.2,0,0,0,0,0,0,0,0,0,"(0.0, 0.0)","(0.0, 0.0)","(0.0, 0.0)","(0.0, 0.0, 0.0)","(0.0, 0.0, 0.0)","(0.0, 0.0, 0.0)","(0.0, 0.0, 0.0)","(0.0, 0.0, 0.0)","(0.0, 0.0, 0.0)",0,0,0,0,0,0,False,0,0,0,0,0,0,0,0,"(0.0, 6.0, 1810.1)","(0.2, 0.0, 0.0, 1.0)"
0,952017.5,0,0,0,0,0,0,0,0,0,"(0.0, 0.0)","(0.0, 0.0)","(0.0, 0.0)","(0.0, 0.0, 0.0)","(0.0, 0.0, 0.0)","(0.0, 0.0, 0.0)","(0.0, 0.0, 0.0)","(0.0, 0.0, 0.0)","(0.0, 0.0, 0.0)",0,0,0,0,0,0,False,0,0,0,0,0,0,0,0,"(0.0, 6.0, 1810.5)","(0.2, 0.0, 0.0, 1.0)"
0,952036.3,0,0,0,0,0,0,0,0,0,"(0.0, 0.0)","(0.0, 0.0)","(0.0, 0.0)","(0.0, 0.0, 0.0)","(0.0, 0.0, 0.0)","(0.0, 0.0, 0.0)","(0.0, 0.0, 0.0)","(0.0, 0.0, 0.0)","(0.0, 0.0, 0.0)",0,0,0,0,0,0,False,0,0,0,0,0,0,0,0,"(0.0, 6.0, 1810.9)","(0.2, 0.0, 0.0, 1.0)"
0,952054.6,0,0,0,0,0,0,0,0,0,"(0.0, 0.0)","(0.0, 0.0)","(0.0, 0.0)","(0.0, 0.0, 0.0)","(0.0, 0.0, 0.0)","(0.0, 0.0, 0.0)","(0.0, 0.0, 0.0)","(0.0, 0.0, 0.0)","(0.0, 0.0, 0.0)",0,0,0,0,0,0,False,0,0,0,0,0,0,0,0,"(0.0, 6.0, 1811.2)","(0.2, 0.0, 0.0, 1.0)"
0,952073.4,0,0,0,0,0,0,0,0,0,"(0.0, 0.0)","(0.0, 0.0)","(0.0, 0.0)","(0.0, 0.0, 0.0)","(0.0, 0.0, 0.0)","(0.0, 0.0, 0.0)","(0.0, 0.0, 0.0)","(0.0, 0.0, 0.0)","(0.0, 0.0, 0.0)",0,0,0,0,0,0,False,0,0,0,0,0,0,0,0,"(0.0, 6.0, 1811.6)","(0.2, 0.0, 0.0, 1.0)"
0,952092.4,0,0,0,0,0,0,0,0,0,"(0.0, 0.0)","(0.0, 0.0)","(0.0, 0.0)","(0.0, 0.0, 0.0)","(0.0, 0.0, 0.0)","(0.0, 0.0, 0.0)","(0.0, 0.0, 0.0)","(0.0, 0.0, 0.0)","(0.0, 0.0, 0.0)",0,0,0,0,0,0,False,0,0,0,0,0,0,0,0,"(0.0, 6.0, 1812.0)","(0.2, 0.0, 0.0, 1.0)"
0,952111.6,0,0,0,0,0,0,0,0,0,"(0.0, 0.0)","(0.0, 0.0)","(0.0, 0.0)","(0.0, 0.0, 0.0)","(0.0, 0.0, 0.0)","(0.0, 0.0, 0.0)","(0.0, 0.0, 0.0)","(0.0, 0.0, 0.0)","(0.0, 0.0, 0.0)",0,0,0,0,0,0,False,0,0,0,0,0,0,0,0,"(0.0, 6.0, 1812.4)","(0.2, 0.0, 0.0, 1.0)"
0,952131.1,0,0,0,0,0,0,0,0,0,"(0.0, 0.0)","(0.0, 0.0)","(0.0, 0.0)","(0.0, 0.0, 0.0)","(0.0, 0.0, 0.0)","(0.0, 0.0, 0.0)","(0.0, 0.0, 0.0)","(0.0, 0.0, 0.0)","(0.0, 0.0, 0.0)",0,0,0,0,0,0,False,0,0,0,0,0,0,0,0,"(0.0, 6.0, 1812.7)","(0.2, 0.0, 0.0, 1.0)"
0,952152.7,0,0,0,0,0,0,0,0,0,"(0.0, 0.0)","(0.0, 0.0)","(0.0, 0.0)","(0.0, 0.0, 0.0)","(0.0, 0.0, 0.0)","(0.0, 0.0, 0.0)","(0.0, 0.0, 0.0)","(0.0, 0.0, 0.0)","(0.0, 0.0, 0.0)",0,0,0,0,0,0,False,0,0,0,0,0,0,0,0,"(0.0, 6.0, 1813.1)","(0.2, 0.0, 0.0, 1.0)"
0,952172,0,0,0,0,0,0,0,0,0,"(0.0, 0.0)","(0.0, 0.0)","(0.0, 0.0)","(0.0, 0.0, 0.0)","(0.0, 0.0, 0.0)","(0.0, 0.0, 0.0)","(0.0, 0.0, 0.0)","(0.0, 0.0, 0.0)","(0.0, 0.0, 0.0)",0,0,0,0,0,0,False,0,0,0,0,0,0,0,0,"(0.0, 6.0, 1813.5)","(0.2, 0.0, 0.0, 1.0)"
0,952190.9,0,0,0,0,0,0,0,0,0,"(0.0, 0.0)","(0.0, 0.0)","(0.0, 0.0)","(0.0, 0.0, 0.0)","(0.0, 0.0, 0.0)","(0.0, 0.0, 0.0)","(0.0, 0.0, 0.0)","(0.0, 0.0, 0.0)","(0.0, 0.0, 0.0)",0,0,0,0,0,0,False,0,0,0,0,0,0,0,0,"(0.0, 6.0, 1813.8)","(0.2, 0.0, 0.0, 1.0)"
0,952214,0,0,0,0,0,0,0,0,0,"(0.0, 0.0)","(0.0, 0.0)","(0.0, 0.0)","(0.0, 0.0, 0.0)","(0.0, 0.0, 0.0)","(0.0, 0.0, 0.0)","(0.0, 0.0, 0.0)","(0.0, 0.0, 0.0)","(0.0, 0.0, 0.0)",0,0,0,0,0,0,False,0,0,0,0,0,0,0,0,"(0.0, 6.0, 1814.2)","(0.2, 0.0, 0.0, 1.0)"
0,952235.7,0,0,0,0,0,0,0,0,0,"(0.0, 0.0)","(0.0, 0.0)","(0.0, 0.0)","(0.0, 0.0, 0.0)","(0.0, 0.0, 0.0)","(0.0, 0.0, 0.0)","(0.0, 0.0, 0.0)","(0.0, 0.0, 0.0)","(0.0, 0.0, 0.0)",0,0,0,0,0,0,False,0,0,0,0,0,0,0,0,"(0.0, 6.0, 1814.6)","(0.2, 0.0, 0.0, 1.0)"
0,952257.8,0,0,0,0,0,0,0,0,0,"(0.0, 0.0)","(0.0, 0.0)","(0.0, 0.0)","(0.0, 0.0, 0.0)","(0.0, 0.0, 0.0)","(0.0, 0.0, 0.0)","(0.0, 0.0, 0.0)","(0.0, 0.0, 0.0)","(0.0, 0.0, 0.0)",0,0,0,0,0,0,False,0,0,0,0,0,0,0,0,"(0.0, 6.0, 1815.0)","(0.2, 0.0, 0.0, 1.0)"
0,952281.8,0,0,0,0,0,0,0,0,0,"(0.0, 0.0)","(0.0, 0.0)","(0.0, 0.0)","(0.0, 0.0, 0.0)","(0.0, 0.0, 0.0)","(0.0, 0.0, 0.0)","(0.0, 0.0, 0.0)","(0.0, 0.0, 0.0)","(0.0, 0.0, 0.0)",0,0,0,0,0,0,False,0,0,0,0,0,0,0,0,"(0.0, 6.0, 1815.4)","(0.2, 0.0, 0.0, 1.0)"
0,952303.7,0,0,0,0,0,0,0,0,0,"(0.0, 0.0)","(0.0, 0.0)","(0.0, 0.0)","(0.0, 0.0, 0.0)","(0.0, 0.0, 0.0)","(0.0, 0.0, 0.0)","(0.0, 0.0, 0.0)","(0.0, 0.0, 0.0)","(0.0, 0.0, 0.0)",0,0,0,0,0,0,False,0,0,0,0,0,0,0,0,"(0.0, 6.0, 1815.8)","(0.2, 0.0, 0.0, 1.0)"
0,952324.4,0,0,0,0,0,0,0,0,0,"(0.0, 0.0)","(0.0, 0.0)","(0.0, 0.0)","(0.0, 0.0, 0.0)","(0.0, 0.0, 0.0)","(0.0, 0.0, 0.0)","(0.0, 0.0, 0.0)","(0.0, 0.0, 0.0)","(0.0, 0.0, 0.0)",0,0,0,0,0,0,False,0,0,0,0,0,0,0,0,"(0.0, 6.0, 1816.2)","(0.2, 0.0, 0.0, 1.0)"
0,952347.3,0,0,0,0,0,0,0,0,0,"(0.0, 0.0)","(0.0, 0.0)","(0.0, 0.0)","(0.0, 0.0, 0.0)","(0.0, 0.0, 0.0)","(0.0, 0.0, 0.0)","(0.0, 0.0, 0.0)","(0.0, 0.0, 0.0)","(0.0, 0.0, 0.0)",0,0,0,0,0,0,False,0,0,0,0,0,0,0,0,"(0.0, 6.0, 1816.6)","(0.2, 0.0, 0.0, 1.0)"
0,952373.1,0,0,0,0,0,0,0,0,0,"(0.0, 0.0)","(0.0, 0.0)","(0.0, 0.0)","(0.0, 0.0, 0.0)","(0.0, 0.0, 0.0)","(0.0, 0.0, 0.0)","(0.0, 0.0, 0.0)","(0.0, 0.0, 0.0)","(0.0, 0.0, 0.0)",0,0,0,0,0,0,False,0,0,0,0,0,0,0,0,"(0.0, 6.0, 1817.0)","(0.2, 0.0, 0.0, 1.0)"
0,952393.7,0,0,0,0,0,0,0,0,0,"(0.0, 0.0)","(0.0, 0.0)","(0.0, 0.0)","(0.0, 0.0, 0.0)","(0.0, 0.0, 0.0)","(0.0, 0.0, 0.0)","(0.0, 0.0, 0.0)","(0.0, 0.0, 0.0)","(0.0, 0.0, 0.0)",0,0,0,0,0,0,False,0,0,0,0,0,0,0,0,"(0.0, 6.0, 1817.4)","(0.2, 0.0, 0.0, 1.0)"
0,952413.6,0,0,0,0,0,0,0,0,0,"(0.0, 0.0)","(0.0, 0.0)","(0.0, 0.0)","(0.0, 0.0, 0.0)","(0.0, 0.0, 0.0)","(0.0, 0.0, 0.0)","(0.0, 0.0, 0.0)","(0.0, 0.0, 0.0)","(0.0, 0.0, 0.0)",0,0,0,0,0,0,False,0,0,0,0,0,0,0,0,"(0.0, 6.0, 1817.8)","(0.2, 0.0, 0.0, 1.0)"
0,952435.6,0,0,0,0,0,0,0,0,0,"(0.0, 0.0)","(0.0, 0.0)","(0.0, 0.0)","(0.0, 0.0, 0.0)","(0.0, 0.0, 0.0)","(0.0, 0.0, 0.0)","(0.0, 0.0, 0.0)","(0.0, 0.0, 0.0)","(0.0, 0.0, 0.0)",0,0,0,0,0,0,False,0,0,0,0,0,0,0,0,"(0.0, 6.0, 1818.2)","(0.2, 0.0, 0.0, 1.0)"
0,952457.5,0,0,0,0,0,0,0,0,0,"(0.0, 0.0)","(0.0, 0.0)","(0.0, 0.0)","(0.0, 0.0, 0.0)","(0.0, 0.0, 0.0)","(0.0, 0.0, 0.0)","(0.0, 0.0, 0.0)","(0.0, 0.0, 0.0)","(0.0, 0.0, 0.0)",0,0,0,0,0,0,False,0,0,0,0,0,0,0,0,"(0.0, 6.0, 1818.6)","(0.2, 0.0, 0.0, 1.0)"
0,952480.2,0,0,0,0,0,0,0,0,0,"(0.0, 0.0)","(0.0, 0.0)","(0.0, 0.0)","(0.0, 0.0, 0.0)","(0.0, 0.0, 0.0)","(0.0, 0.0, 0.0)","(0.0, 0.0, 0.0)","(0.0, 0.0, 0.0)","(0.0, 0.0, 0.0)",0,0,0,0,0,0,False,0,0,0,0,0,0,0,0,"(0.0, 6.0, 1819.0)","(0.2, 0.0, 0.0, 1.0)"
0,952502.6,0,0,0,0,0,0,0,0,0,"(0.0, 0.0)","(0.0, 0.0)","(0.0, 0.0)","(0.0, 0.0, 0.0)","(0.0, 0.0, 0.0)","(0.0, 0.0, 0.0)","(0.0, 0.0, 0.0)","(0.0, 0.0, 0.0)","(0.0, 0.0, 0.0)",0,0,0,0,0,0,False,0,0,0,0,0,0,0,0,"(0.0, 6.0, 1819.4)","(0.2, 0.0, 0.0, 1.0)"
0,952524.6,0,0,0,0,0,0,0,0,0,"(0.0, 0.0)","(0.0, 0.0)","(0.0, 0.0)","(0.0, 0.0, 0.0)","(0.0, 0.0, 0.0)","(0.0, 0.0, 0.0)","(0.0, 0.0, 0.0)","(0.0, 0.0, 0.0)","(0.0, 0.0, 0.0)",0,0,0,0,0,0,False,0,0,0,0,0,0,0,0,"(0.0, 6.0, 1819.8)","(0.2, 0.0, 0.0, 1.0)"
0,952547.2,0,0,0,0,0,0,0,0,0,"(0.0, 0.0)","(0.0, 0.0)","(0.0, 0.0)","(0.0, 0.0, 0.0)","(0.0, 0.0, 0.0)","(0.0, 0.0, 0.0)","(0.0, 0.0, 0.0)","(0.0, 0.0, 0.0)","(0.0, 0.0, 0.0)",0,0,0,0,0,0,False,0,0,0,0,0,0,0,0,"(0.0, 6.0, 1820.2)","(0.2, 0.0, 0.0, 1.0)"
0,952569.2,0,0,0,0,0,0,0,0,0,"(0.0, 0.0)","(0.0, 0.0)","(0.0, 0.0)","(0.0, 0.0, 0.0)","(0.0, 0.0, 0.0)","(0.0, 0.0, 0.0)","(0.0, 0.0, 0.0)","(0.0, 0.0, 0.0)","(0.0, 0.0, 0.0)",0,0,0,0,0,0,False,0,0,0,0,0,0,0,0,"(0.0, 6.0, 1820.7)","(0.2, 0.0, 0.0, 1.0)"
0,952589.3,0,0,0,0,0,0,0,0,0,"(0.0, 0.0)","(0.0, 0.0)","(0.0, 0.0)","(0.0, 0.0, 0.0)","(0.0, 0.0, 0.0)","(0.0, 0.0, 0.0)","(0.0, 0.0, 0.0)","(0.0, 0.0, 0.0)","(0.0, 0.0, 0.0)",0,0,0,0,0,0,False,0,0,0,0,0,0,0,0,"(0.0, 6.0, 1821.1)","(0.2, 0.0, 0.0, 1.0)"
0,952611.1,0,0,0,0,0,0,0,0,0,"(0.0, 0.0)","(0.0, 0.0)","(0.0, 0.0)","(0.0, 0.0, 0.0)","(0.0, 0.0, 0.0)","(0.0, 0.0, 0.0)","(0.0, 0.0, 0.0)","(0.0, 0.0, 0.0)","(0.0, 0.0, 0.0)",0,0,0,0,0,0,False,0,0,0,0,0,0,0,0,"(0.0, 6.0, 1821.5)","(0.2, 0.0, 0.0, 1.0)"
0,952634.2,0,0,0,0,0,0,0,0,0,"(0.0, 0.0)","(0.0, 0.0)","(0.0, 0.0)","(0.0, 0.0, 0.0)","(0.0, 0.0, 0.0)","(0.0, 0.0, 0.0)","(0.0, 0.0, 0.0)","(0.0, 0.0, 0.0)","(0.0, 0.0, 0.0)",0,0,0,0,0,0,False,0,0,0,0,0,0,0,0,"(0.0, 6.0, 1821.9)","(0.2, 0.0, 0.0, 1.0)"
0,952655.4,0,0,0,0,0,0,0,0,0,"(0.0, 0.0)","(0.0, 0.0)","(0.0, 0.0)","(0.0, 0.0, 0.0)","(0.0, 0.0, 0.0)","(0.0, 0.0, 0.0)","(0.0, 0.0, 0.0)","(0.0, 0.0, 0.0)","(0.0, 0.0, 0.0)",0,0,0,0,0,0,False,0,0,0,0,0,0,0,0,"(0.0, 6.0, 1822.3)","(0.2, 0.0, 0.0, 1.0)"
0,952678.3,0,0,0,0,0,0,0,0,0,"(0.0, 0.0)","(0.0, 0.0)","(0.0, 0.0)","(0.0, 0.0, 0.0)","(0.0, 0.0, 0.0)","(0.0, 0.0, 0.0)","(0.0, 0.0, 0.0)","(0.0, 0.0, 0.0)","(0.0, 0.0, 0.0)",0,0,0,0,0,0,False,0,0,0,0,0,0,0,0,"(0.0, 6.0, 1822.7)","(0.2, 0.0, 0.0, 1.0)"
0,952700.8,0,0,0,0,0,0,0,0,0,"(0.0, 0.0)","(0.0, 0.0)","(0.0, 0.0)","(0.0, 0.0, 0.0)","(0.0, 0.0, 0.0)","(0.0, 0.0, 0.0)","(0.0, 0.0, 0.0)","(0.0, 0.0, 0.0)","(0.0, 0.0, 0.0)",0,0,0,0,0,0,False,0,0,0,0,0,0,0,0,"(0.0, 6.0, 1823.1)","(0.2, 0.0, 0.0, 1.0)"
0,952727.9,0,0,0,0,0,0,0,0,0,"(0.0, 0.0)","(0.0, 0.0)","(0.0, 0.0)","(0.0, 0.0, 0.0)","(0.0, 0.0, 0.0)","(0.0, 0.0, 0.0)","(0.0, 0.0, 0.0)","(0.0, 0.0, 0.0)","(0.0, 0.0, 0.0)",0,0,0,0,0,0,False,0,0,0,0,0,0,0,0,"(0.0, 6.0, 1823.6)","(0.2, 0.0, 0.0, 1.0)"
0,952757.5,0,0,0,0,0,0,0,0,0,"(0.0, 0.0)","(0.0, 0.0)","(0.0, 0.0)","(0.0, 0.0, 0.0)","(0.0, 0.0, 0.0)","(0.0, 0.0, 0.0)","(0.0, 0.0, 0.0)","(0.0, 0.0, 0.0)","(0.0, 0.0, 0.0)",0,0,0,0,0,0,False,0,0,0,0,0,0,0,0,"(0.0, 6.0, 1824.0)","(0.2, 0.0, 0.0, 1.0)"
0,952777.7,0,0,0,0,0,0,0,0,0,"(0.0, 0.0)","(0.0, 0.0)","(0.0, 0.0)","(0.0, 0.0, 0.0)","(0.0, 0.0, 0.0)","(0.0, 0.0, 0.0)","(0.0, 0.0, 0.0)","(0.0, 0.0, 0.0)","(0.0, 0.0, 0.0)",0,0,0,0,0,0,False,0,0,0,0,0,0,0,0,"(0.0, 6.0, 1824.4)","(0.2, 0.0, 0.0, 1.0)"
0,952800.1,0,0,0,0,0,0,0,0,0,"(0.0, 0.0)","(0.0, 0.0)","(0.0, 0.0)","(0.0, 0.0, 0.0)","(0.0, 0.0, 0.0)","(0.0, 0.0, 0.0)","(0.0, 0.0, 0.0)","(0.0, 0.0, 0.0)","(0.0, 0.0, 0.0)",0,0,0,0,0,0,False,0,0,0,0,0,0,0,0,"(0.0, 6.0, 1824.9)","(0.2, 0.0, 0.0, 1.0)"
0,952821.5,0,0,0,0,0,0,0,0,0,"(0.0, 0.0)","(0.0, 0.0)","(0.0, 0.0)","(0.0, 0.0, 0.0)","(0.0, 0.0, 0.0)","(0.0, 0.0, 0.0)","(0.0, 0.0, 0.0)","(0.0, 0.0, 0.0)","(0.0, 0.0, 0.0)",0,0,0,0,0,0,False,0,0,0,0,0,0,0,0,"(0.0, 6.0, 1825.3)","(0.2, 0.0, 0.0, 1.0)"
0,952841.4,0,0,0,0,0,0,0,0,0,"(0.0, 0.0)","(0.0, 0.0)","(0.0, 0.0)","(0.0, 0.0, 0.0)","(0.0, 0.0, 0.0)","(0.0, 0.0, 0.0)","(0.0, 0.0, 0.0)","(0.0, 0.0, 0.0)","(0.0, 0.0, 0.0)",0,0,0,0,0,0,False,0,0,0,0,0,0,0,0,"(0.0, 6.0, 1825.7)","(0.2, 0.0, 0.0, 1.0)"
0,952860.9,0,0,0,0,0,0,0,0,0,"(0.0, 0.0)","(0.0, 0.0)","(0.0, 0.0)","(0.0, 0.0, 0.0)","(0.0, 0.0, 0.0)","(0.0, 0.0, 0.0)","(0.0, 0.0, 0.0)","(0.0, 0.0, 0.0)","(0.0, 0.0, 0.0)",0,0,0,0,0,0,False,0,0,0,0,0,0,0,0,"(0.0, 6.0, 1826.1)","(0.2, 0.0, 0.0, 1.0)"
0,952883.1,0,0,0,0,0,0,0,0,0,"(0.0, 0.0)","(0.0, 0.0)","(0.0, 0.0)","(0.0, 0.0, 0.0)","(0.0, 0.0, 0.0)","(0.0, 0.0, 0.0)","(0.0, 0.0, 0.0)","(0.0, 0.0, 0.0)","(0.0, 0.0, 0.0)",0,0,0,0,0,0,False,0,0,0,0,0,0,0,0,"(0.0, 6.0, 1826.6)","(0.2, 0.0, 0.0, 1.0)"
0,952904.1,0,0,0,0,0,0,0,0,0,"(0.0, 0.0)","(0.0, 0.0)","(0.0, 0.0)","(0.0, 0.0, 0.0)","(0.0, 0.0, 0.0)","(0.0, 0.0, 0.0)","(0.0, 0.0, 0.0)","(0.0, 0.0, 0.0)","(0.0, 0.0, 0.0)",0,0,0,0,0,0,False,0,0,0,0,0,0,0,0,"(0.0, 6.0, 1827.0)","(0.2, 0.0, 0.0, 1.0)"
0,952930.4,0,0,0,0,0,0,0,0,0,"(0.0, 0.0)","(0.0, 0.0)","(0.0, 0.0)","(0.0, 0.0, 0.0)","(0.0, 0.0, 0.0)","(0.0, 0.0, 0.0)","(0.0, 0.0, 0.0)","(0.0, 0.0, 0.0)","(0.0, 0.0, 0.0)",0,0,0,0,0,0,False,0,0,0,0,0,0,0,0,"(0.0, 6.0, 1827.4)","(0.2, 0.0, 0.0, 1.0)"
0,952953.4,0,0,0,0,0,0,0,0,0,"(0.0, 0.0)","(0.0, 0.0)","(0.0, 0.0)","(0.0, 0.0, 0.0)","(0.0, 0.0, 0.0)","(0.0, 0.0, 0.0)","(0.0, 0.0, 0.0)","(0.0, 0.0, 0.0)","(0.0, 0.0, 0.0)",0,0,0,0,0,0,False,0,0,0,0,0,0,0,0,"(0.0, 6.0, 1827.8)","(0.2, 0.0, 0.0, 1.0)"
0,952974.6,0,0,0,0,0,0,0,0,0,"(0.0, 0.0)","(0.0, 0.0)","(0.0, 0.0)","(0.0, 0.0, 0.0)","(0.0, 0.0, 0.0)","(0.0, 0.0, 0.0)","(0.0, 0.0, 0.0)","(0.0, 0.0, 0.0)","(0.0, 0.0, 0.0)",0,0,0,0,0,0,False,0,0,0,0,0,0,0,0,"(0.0, 6.0, 1828.3)","(0.2, 0.0, 0.0, 1.0)"
0,952992.8,0,0,0,0,0,0,0,0,0,"(0.0, 0.0)","(0.0, 0.0)","(0.0, 0.0)","(0.0, 0.0, 0.0)","(0.0, 0.0, 0.0)","(0.0, 0.0, 0.0)","(0.0, 0.0, 0.0)","(0.0, 0.0, 0.0)","(0.0, 0.0, 0.0)",0,0,0,0,0,0,False,0,0,0,0,0,0,0,0,"(0.0, 6.0, 1828.7)","(0.2, 0.0, 0.0, 1.0)"
0,953014.7,0,0,0,0,0,0,0,0,0,"(0.0, 0.0)","(0.0, 0.0)","(0.0, 0.0)","(0.0, 0.0, 0.0)","(0.0, 0.0, 0.0)","(0.0, 0.0, 0.0)","(0.0, 0.0, 0.0)","(0.0, 0.0, 0.0)","(0.0, 0.0, 0.0)",0,0,0,0,0,0,False,0,0,0,0,0,0,0,0,"(0.0, 6.0, 1829.1)","(0.2, 0.0, 0.0, 1.0)"
0,953035.6,0,0,0,0,0,0,0,0,0,"(0.0, 0.0)","(0.0, 0.0)","(0.0, 0.0)","(0.0, 0.0, 0.0)","(0.0, 0.0, 0.0)","(0.0, 0.0, 0.0)","(0.0, 0.0, 0.0)","(0.0, 0.0, 0.0)","(0.0, 0.0, 0.0)",0,0,0,0,0,0,False,0,0,0,0,0,0,0,0,"(0.0, 6.0, 1829.5)","(0.2, 0.0, 0.0, 1.0)"
0,953056.1,0,0,0,0,0,0,0,0,0,"(0.0, 0.0)","(0.0, 0.0)","(0.0, 0.0)","(0.0, 0.0, 0.0)","(0.0, 0.0, 0.0)","(0.0, 0.0, 0.0)","(0.0, 0.0, 0.0)","(0.0, 0.0, 0.0)","(0.0, 0.0, 0.0)",0,0,0,0,0,0,False,0,0,0,0,0,0,0,0,"(0.0, 6.0, 1829.9)","(0.2, 0.0, 0.0, 1.0)"
0,953079.8,0,0,0,0,0,0,0,0,0,"(0.0, 0.0)","(0.0, 0.0)","(0.0, 0.0)","(0.0, 0.0, 0.0)","(0.0, 0.0, 0.0)","(0.0, 0.0, 0.0)","(0.0, 0.0, 0.0)","(0.0, 0.0, 0.0)","(0.0, 0.0, 0.0)",0,0,0,0,0,0,False,0,0,0,0,0,0,0,0,"(0.0, 6.0, 1830.3)","(0.2, 0.0, 0.0, 1.0)"
0,953102.5,0,0,0,0,0,0,0,0,0,"(0.0, 0.0)","(0.0, 0.0)","(0.0, 0.0)","(0.0, 0.0, 0.0)","(0.0, 0.0, 0.0)","(0.0, 0.0, 0.0)","(0.0, 0.0, 0.0)","(0.0, 0.0, 0.0)","(0.0, 0.0, 0.0)",0,0,0,0,0,0,False,0,0,0,0,0,0,0,0,"(0.0, 6.0, 1830.8)","(0.2, 0.0, 0.0, 1.0)"
0,953123.9,0,0,0,0,0,0,0,0,0,"(0.0, 0.0)","(0.0, 0.0)","(0.0, 0.0)","(0.0, 0.0, 0.0)","(0.0, 0.0, 0.0)","(0.0, 0.0, 0.0)","(0.0, 0.0, 0.0)","(0.0, 0.0, 0.0)","(0.0, 0.0, 0.0)",0,0,0,0,0,0,False,0,0,0,0,0,0,0,0,"(0.0, 6.0, 1831.2)","(0.2, 0.0, 0.0, 1.0)"
0,953147.1,0,0,0,0,0,0,0,0,0,"(0.0, 0.0)","(0.0, 0.0)","(0.0, 0.0)","(0.0, 0.0, 0.0)","(0.0, 0.0, 0.0)","(0.0, 0.0, 0.0)","(0.0, 0.0, 0.0)","(0.0, 0.0, 0.0)","(0.0, 0.0, 0.0)",0,0,0,0,0,0,False,0,0,0,0,0,0,0,0,"(0.0, 6.0, 1831.6)","(0.2, 0.0, 0.0, 1.0)"
0,953169,0,0,0,0,0,0,0,0,0,"(0.0, 0.0)","(0.0, 0.0)","(0.0, 0.0)","(0.0, 0.0, 0.0)","(0.0, 0.0, 0.0)","(0.0, 0.0, 0.0)","(0.0, 0.0, 0.0)","(0.0, 0.0, 0.0)","(0.0, 0.0, 0.0)",0,0,0,0,0,0,False,0,0,0,0,0,0,0,0,"(0.0, 6.0, 1832.0)","(0.2, 0.0, 0.0, 1.0)"
0,953191,0,0,0,0,0,0,0,0,0,"(0.0, 0.0)","(0.0, 0.0)","(0.0, 0.0)","(0.0, 0.0, 0.0)","(0.0, 0.0, 0.0)","(0.0, 0.0, 0.0)","(0.0, 0.0, 0.0)","(0.0, 0.0, 0.0)","(0.0, 0.0, 0.0)",0,0,0,0,0,0,False,0,0,0,0,0,0,0,0,"(0.0, 6.0, 1832.4)","(0.2, 0.0, 0.0, 1.0)"
0,953214,0,0,0,0,0,0,0,0,0,"(0.0, 0.0)","(0.0, 0.0)","(0.0, 0.0)","(0.0, 0.0, 0.0)","(0.0, 0.0, 0.0)","(0.0, 0.0, 0.0)","(0.0, 0.0, 0.0)","(0.0, 0.0, 0.0)","(0.0, 0.0, 0.0)",0,0,0,0,0,0,False,0,0,0,0,0,0,0,0,"(0.0, 6.0, 1832.8)","(0.2, 0.0, 0.0, 1.0)"
0,953244.9,0,0,0,0,0,0,0,0,0,"(0.0, 0.0)","(0.0, 0.0)","(0.0, 0.0)","(0.0, 0.0, 0.0)","(0.0, 0.0, 0.0)","(0.0, 0.0, 0.0)","(0.0, 0.0, 0.0)","(0.0, 0.0, 0.0)","(0.0, 0.0, 0.0)",0,0,0,0,0,0,False,0,0,0,0,0,0,0,0,"(0.0, 6.0, 1833.3)","(0.2, 0.0, 0.0, 1.0)"
0,953266.8,0,0,0,0,0,0,0,0,0,"(0.0, 0.0)","(0.0, 0.0)","(0.0, 0.0)","(0.0, 0.0, 0.0)","(0.0, 0.0, 0.0)","(0.0, 0.0, 0.0)","(0.0, 0.0, 0.0)","(0.0, 0.0, 0.0)","(0.0, 0.0, 0.0)",0,0,0,0,0,0,False,0,0,0,0,0,0,0,0,"(0.0, 6.0, 1833.7)","(0.2, 0.0, 0.0, 1.0)"
0,953286.8,0,0,0,0,0,0,0,0,0,"(0.0, 0.0)","(0.0, 0.0)","(0.0, 0.0)","(0.0, 0.0, 0.0)","(0.0, 0.0, 0.0)","(0.0, 0.0, 0.0)","(0.0, 0.0, 0.0)","(0.0, 0.0, 0.0)","(0.0, 0.0, 0.0)",0,0,0,0,0,0,False,0,0,0,0,0,0,0,0,"(0.0, 6.0, 1834.1)","(0.2, 0.0, 0.0, 1.0)"
0,953308.4,0,0,0,0,0,0,0,0,0,"(0.0, 0.0)","(0.0, 0.0)","(0.0, 0.0)","(0.0, 0.0, 0.0)","(0.0, 0.0, 0.0)","(0.0, 0.0, 0.0)","(0.0, 0.0, 0.0)","(0.0, 0.0, 0.0)","(0.0, 0.0, 0.0)",0,0,0,0,0,0,False,0,0,0,0,0,0,0,0,"(0.0, 6.0, 1834.6)","(0.2, 0.0, 0.0, 1.0)"
0,953330,0,0,0,0,0,0,0,0,0,"(0.0, 0.0)","(0.0, 0.0)","(0.0, 0.0)","(0.0, 0.0, 0.0)","(0.0, 0.0, 0.0)","(0.0, 0.0, 0.0)","(0.0, 0.0, 0.0)","(0.0, 0.0, 0.0)","(0.0, 0.0, 0.0)",0,0,0,0,0,0,False,0,0,0,0,0,0,0,0,"(0.0, 6.0, 1835.0)","(0.2, 0.0, 0.0, 1.0)"
0,953353.5,0,0,0,0,0,0,0,0,0,"(0.0, 0.0)","(0.0, 0.0)","(0.0, 0.0)","(0.0, 0.0, 0.0)","(0.0, 0.0, 0.0)","(0.0, 0.0, 0.0)","(0.0, 0.0, 0.0)","(0.0, 0.0, 0.0)","(0.0, 0.0, 0.0)",0,0,0,0,0,0,False,0,0,0,0,0,0,0,0,"(0.0, 6.0, 1835.4)","(0.2, 0.0, 0.0, 1.0)"
0,953373.5,0,0,0,0,0,0,0,0,0,"(0.0, 0.0)","(0.0, 0.0)","(0.0, 0.0)","(0.0, 0.0, 0.0)","(0.0, 0.0, 0.0)","(0.0, 0.0, 0.0)","(0.0, 0.0, 0.0)","(0.0, 0.0, 0.0)","(0.0, 0.0, 0.0)",0,0,0,0,0,0,False,0,0,0,0,0,0,0,0,"(0.0, 6.0, 1835.9)","(0.2, 0.0, 0.0, 1.0)"
0,953394.1,0,0,0,0,0,0,0,0,0,"(0.0, 0.0)","(0.0, 0.0)","(0.0, 0.0)","(0.0, 0.0, 0.0)","(0.0, 0.0, 0.0)","(0.0, 0.0, 0.0)","(0.0, 0.0, 0.0)","(0.0, 0.0, 0.0)","(0.0, 0.0, 0.0)",0,0,0,0,0,0,False,0,0,0,0,0,0,0,0,"(0.0, 6.0, 1836.3)","(0.2, 0.0, 0.0, 1.0)"
0,953421.4,0,0,0,0,0,0,0,0,0,"(0.0, 0.0)","(0.0, 0.0)","(0.0, 0.0)","(0.0, 0.0, 0.0)","(0.0, 0.0, 0.0)","(0.0, 0.0, 0.0)","(0.0, 0.0, 0.0)","(0.0, 0.0, 0.0)","(0.0, 0.0, 0.0)",0,0,0,0,0,0,False,0,0,0,0,0,0,0,0,"(0.0, 6.0, 1836.7)","(0.2, 0.0, 0.0, 1.0)"
0,953443.7,0,0,0,0,0,0,0,0,0,"(0.0, 0.0)","(0.0, 0.0)","(0.0, 0.0)","(0.0, 0.0, 0.0)","(0.0, 0.0, 0.0)","(0.0, 0.0, 0.0)","(0.0, 0.0, 0.0)","(0.0, 0.0, 0.0)","(0.0, 0.0, 0.0)",0,0,0,0,0,0,False,0,0,0,0,0,0,0,0,"(0.0, 6.0, 1837.1)","(0.2, 0.0, 0.0, 1.0)"
0,953464.9,0,0,0,0,0,0,0,0,0,"(0.0, 0.0)","(0.0, 0.0)","(0.0, 0.0)","(0.0, 0.0, 0.0)","(0.0, 0.0, 0.0)","(0.0, 0.0, 0.0)","(0.0, 0.0, 0.0)","(0.0, 0.0, 0.0)","(0.0, 0.0, 0.0)",0,0,0,0,0,0,False,0,0,0,0,0,0,0,0,"(0.0, 6.0, 1837.6)","(0.2, 0.0, 0.0, 1.0)"
0,953486.3,0,0,0,0,0,0,0,0,0,"(0.0, 0.0)","(0.0, 0.0)","(0.0, 0.0)","(0.0, 0.0, 0.0)","(0.0, 0.0, 0.0)","(0.0, 0.0, 0.0)","(0.0, 0.0, 0.0)","(0.0, 0.0, 0.0)","(0.0, 0.0, 0.0)",0,0,0,0,0,0,False,0,0,0,0,0,0,0,0,"(0.0, 6.0, 1838.0)","(0.2, 0.0, 0.0, 1.0)"
0,953508.7,0,0,0,0,0,0,0,0,0,"(0.0, 0.0)","(0.0, 0.0)","(0.0, 0.0)","(0.0, 0.0, 0.0)","(0.0, 0.0, 0.0)","(0.0, 0.0, 0.0)","(0.0, 0.0, 0.0)","(0.0, 0.0, 0.0)","(0.0, 0.0, 0.0)",0,0,0,0,0,0,False,0,0,0,0,0,0,0,0,"(0.0, 6.0, 1838.4)","(0.2, 0.0, 0.0, 1.0)"
0,953530.9,0,0,0,0,0,0,0,0,0,"(0.0, 0.0)","(0.0, 0.0)","(0.0, 0.0)","(0.0, 0.0, 0.0)","(0.0, 0.0, 0.0)","(0.0, 0.0, 0.0)","(0.0, 0.0, 0.0)","(0.0, 0.0, 0.0)","(0.0, 0.0, 0.0)",0,0,0,0,0,0,False,0,0,0,0,0,0,0,0,"(0.0, 6.0, 1838.8)","(0.2, 0.0, 0.0, 1.0)"
0,953553.3,0,0,0,0,0,0,0,0,0,"(0.0, 0.0)","(0.0, 0.0)","(0.0, 0.0)","(0.0, 0.0, 0.0)","(0.0, 0.0, 0.0)","(0.0, 0.0, 0.0)","(0.0, 0.0, 0.0)","(0.0, 0.0, 0.0)","(0.0, 0.0, 0.0)",0,0,0,0,0,0,False,0,0,0,0,0,0,0,0,"(0.0, 6.0, 1839.3)","(0.2, 0.0, 0.0, 1.0)"
0,953574.2,0,0,0,0,0,0,0,0,0,"(0.0, 0.0)","(0.0, 0.0)","(0.0, 0.0)","(0.0, 0.0, 0.0)","(0.0, 0.0, 0.0)","(0.0, 0.0, 0.0)","(0.0, 0.0, 0.0)","(0.0, 0.0, 0.0)","(0.0, 0.0, 0.0)",0,0,0,0,0,0,False,0,0,0,0,0,0,0,0,"(0.0, 6.0, 1839.7)","(0.2, 0.0, 0.0, 1.0)"
0,953594.6,0,0,0,0,0,0,0,0,0,"(0.0, 0.0)","(0.0, 0.0)","(0.0, 0.0)","(0.0, 0.0, 0.0)","(0.0, 0.0, 0.0)","(0.0, 0.0, 0.0)","(0.0, 0.0, 0.0)","(0.0, 0.0, 0.0)","(0.0, 0.0, 0.0)",0,0,0,0,0,0,False,0,0,0,0,0,0,0,0,"(0.0, 6.0, 1840.1)","(0.2, 0.0, 0.0, 1.0)"
0,953614.9,0,0,0,0,0,0,0,0,0,"(0.0, 0.0)","(0.0, 0.0)","(0.0, 0.0)","(0.0, 0.0, 0.0)","(0.0, 0.0, 0.0)","(0.0, 0.0, 0.0)","(0.0, 0.0, 0.0)","(0.0, 0.0, 0.0)","(0.0, 0.0, 0.0)",0,0,0,0,0,0,False,0,0,0,0,0,0,0,0,"(0.0, 6.0, 1840.5)","(0.2, 0.0, 0.0, 1.0)"
0,953634.9,0,0,0,0,0,0,0,0,0,"(0.0, 0.0)","(0.0, 0.0)","(0.0, 0.0)","(0.0, 0.0, 0.0)","(0.0, 0.0, 0.0)","(0.0, 0.0, 0.0)","(0.0, 0.0, 0.0)","(0.0, 0.0, 0.0)","(0.0, 0.0, 0.0)",0,0,0,0,0,0,False,0,0,0,0,0,0,0,0,"(0.0, 6.0, 1840.9)","(0.2, 0.0, 0.0, 1.0)"
0,953653.6,0,0,0,0,0,0,0,0,0,"(0.0, 0.0)","(0.0, 0.0)","(0.0, 0.0)","(0.0, 0.0, 0.0)","(0.0, 0.0, 0.0)","(0.0, 0.0, 0.0)","(0.0, 0.0, 0.0)","(0.0, 0.0, 0.0)","(0.0, 0.0, 0.0)",0,0,0,0,0,0,False,0,0,0,0,0,0,0,0,"(0.0, 6.0, 1841.3)","(0.2, 0.0, 0.0, 1.0)"
0,953673.9,0,0,0,0,0,0,0,0,0,"(0.0, 0.0)","(0.0, 0.0)","(0.0, 0.0)","(0.0, 0.0, 0.0)","(0.0, 0.0, 0.0)","(0.0, 0.0, 0.0)","(0.0, 0.0, 0.0)","(0.0, 0.0, 0.0)","(0.0, 0.0, 0.0)",0,0,0,0,0,0,False,0,0,0,0,0,0,0,0,"(0.0, 6.0, 1841.7)","(0.2, 0.0, 0.0, 1.0)"
0,953694.3,0,0,0,0,0,0,0,0,0,"(0.0, 0.0)","(0.0, 0.0)","(0.0, 0.0)","(0.0, 0.0, 0.0)","(0.0, 0.0, 0.0)","(0.0, 0.0, 0.0)","(0.0, 0.0, 0.0)","(0.0, 0.0, 0.0)","(0.0, 0.0, 0.0)",0,0,0,0,0,0,False,0,0,0,0,0,0,0,0,"(0.0, 6.0, 1842.1)","(0.2, 0.0, 0.0, 1.0)"
0,953717.4,0,0,0,0,0,0,0,0,0,"(0.0, 0.0)","(0.0, 0.0)","(0.0, 0.0)","(0.0, 0.0, 0.0)","(0.0, 0.0, 0.0)","(0.0, 0.0, 0.0)","(0.0, 0.0, 0.0)","(0.0, 0.0, 0.0)","(0.0, 0.0, 0.0)",0,0,0,0,0,0,False,0,0,0,0,0,0,0,0,"(0.0, 6.0, 1842.5)","(0.2, 0.0, 0.0, 1.0)"
0,953739.1,0,0,0,0,0,0,0,0,0,"(0.0, 0.0)","(0.0, 0.0)","(0.0, 0.0)","(0.0, 0.0, 0.0)","(0.0, 0.0, 0.0)","(0.0, 0.0, 0.0)","(0.0, 0.0, 0.0)","(0.0, 0.0, 0.0)","(0.0, 0.0, 0.0)",0,0,0,0,0,0,False,0,0,0,0,0,0,0,0,"(0.0, 6.0, 1842.9)","(0.2, 0.0, 0.0, 1.0)"
0,953767.2,0,0,0,0,0,0,0,0,0,"(0.0, 0.0)","(0.0, 0.0)","(0.0, 0.0)","(0.0, 0.0, 0.0)","(0.0, 0.0, 0.0)","(0.0, 0.0, 0.0)","(0.0, 0.0, 0.0)","(0.0, 0.0, 0.0)","(0.0, 0.0, 0.0)",0,0,0,0,0,0,False,0,0,0,0,0,0,0,0,"(0.0, 6.0, 1843.4)","(0.2, 0.0, 0.0, 1.0)"
0,953788.2,0,0,0,0,0,0,0,0,0,"(0.0, 0.0)","(0.0, 0.0)","(0.0, 0.0)","(0.0, 0.0, 0.0)","(0.0, 0.0, 0.0)","(0.0, 0.0, 0.0)","(0.0, 0.0, 0.0)","(0.0, 0.0, 0.0)","(0.0, 0.0, 0.0)",0,0,0,0,0,0,False,0,0,0,0,0,0,0,0,"(0.0, 6.0, 1843.8)","(0.2, 0.0, 0.0, 1.0)"
0,953808.7,0,0,0,0,0,0,0,0,0,"(0.0, 0.0)","(0.0, 0.0)","(0.0, 0.0)","(0.0, 0.0, 0.0)","(0.0, 0.0, 0.0)","(0.0, 0.0, 0.0)","(0.0, 0.0, 0.0)","(0.0, 0.0, 0.0)","(0.0, 0.0, 0.0)",0,0,0,0,0,0,False,0,0,0,0,0,0,0,0,"(0.0, 6.0, 1844.2)","(0.2, 0.0, 0.0, 1.0)"
0,953835.3,0,0,0,0,0,0,0,0,0,"(0.0, 0.0)","(0.0, 0.0)","(0.0, 0.0)","(0.0, 0.0, 0.0)","(0.0, 0.0, 0.0)","(0.0, 0.0, 0.0)","(0.0, 0.0, 0.0)","(0.0, 0.0, 0.0)","(0.0, 0.0, 0.0)",0,0,0,0,0,0,False,0,0,0,0,0,0,0,0,"(0.0, 6.0, 1844.6)","(0.2, 0.0, 0.0, 1.0)"
0,953856.3,0,0,0,0,0,0,0,0,0,"(0.0, 0.0)","(0.0, 0.0)","(0.0, 0.0)","(0.0, 0.0, 0.0)","(0.0, 0.0, 0.0)","(0.0, 0.0, 0.0)","(0.0, 0.0, 0.0)","(0.0, 0.0, 0.0)","(0.0, 0.0, 0.0)",0,0,0,0,0,0,False,0,0,0,0,0,0,0,0,"(0.0, 6.0, 1845.0)","(0.2, 0.0, 0.0, 1.0)"
0,953875.7,0,0,0,0,0,0,0,0,0,"(0.0, 0.0)","(0.0, 0.0)","(0.0, 0.0)","(0.0, 0.0, 0.0)","(0.0, 0.0, 0.0)","(0.0, 0.0, 0.0)","(0.0, 0.0, 0.0)","(0.0, 0.0, 0.0)","(0.0, 0.0, 0.0)",0,0,0,0,0,0,False,0,0,0,0,0,0,0,0,"(0.0, 6.0, 1845.5)","(0.2, 0.0, 0.0, 1.0)"
0,953897.6,0,0,0,0,0,0,0,0,0,"(0.0, 0.0)","(0.0, 0.0)","(0.0, 0.0)","(0.0, 0.0, 0.0)","(0.0, 0.0, 0.0)","(0.0, 0.0, 0.0)","(0.0, 0.0, 0.0)","(0.0, 0.0, 0.0)","(0.0, 0.0, 0.0)",0,0,0,0,0,0,False,0,0,0,0,0,0,0,0,"(0.0, 6.0, 1845.9)","(0.2, 0.0, 0.0, 1.0)"
0,953919.7,0,0,0,0,0,0,0,0,0,"(0.0, 0.0)","(0.0, 0.0)","(0.0, 0.0)","(0.0, 0.0, 0.0)","(0.0, 0.0, 0.0)","(0.0, 0.0, 0.0)","(0.0, 0.0, 0.0)","(0.0, 0.0, 0.0)","(0.0, 0.0, 0.0)",0,0,0,0,0,0,False,0,0,0,0,0,0,0,0,"(0.0, 6.0, 1846.3)","(0.2, 0.0, 0.0, 1.0)"
0,953941.3,0,0,0,0,0,0,0,0,0,"(0.0, 0.0)","(0.0, 0.0)","(0.0, 0.0)","(0.0, 0.0, 0.0)","(0.0, 0.0, 0.0)","(0.0, 0.0, 0.0)","(0.0, 0.0, 0.0)","(0.0, 0.0, 0.0)","(0.0, 0.0, 0.0)",0,0,0,0,0,0,False,0,0,0,0,0,0,0,0,"(0.0, 6.0, 1846.7)","(0.2, 0.0, 0.0, 1.0)"
0,953971.2,0,0,0,0,0,0,0,0,0,"(0.0, 0.0)","(0.0, 0.0)","(0.0, 0.0)","(0.0, 0.0, 0.0)","(0.0, 0.0, 0.0)","(0.0, 0.0, 0.0)","(0.0, 0.0, 0.0)","(0.0, 0.0, 0.0)","(0.0, 0.0, 0.0)",0,0,0,0,0,0,False,0,0,0,0,0,0,0,0,"(0.0, 6.0, 1847.1)","(0.2, 0.0, 0.0, 1.0)"
0,953991.8,0,0,0,0,0,0,0,0,0,"(0.0, 0.0)","(0.0, 0.0)","(0.0, 0.0)","(0.0, 0.0, 0.0)","(0.0, 0.0, 0.0)","(0.0, 0.0, 0.0)","(0.0, 0.0, 0.0)","(0.0, 0.0, 0.0)","(0.0, 0.0, 0.0)",0,0,0,0,0,0,False,0,0,0,0,0,0,0,0,"(0.0, 6.0, 1847.6)","(0.2, 0.0, 0.0, 1.0)"
0,954013,0,0,0,0,0,0,0,0,0,"(0.0, 0.0)","(0.0, 0.0)","(0.0, 0.0)","(0.0, 0.0, 0.0)","(0.0, 0.0, 0.0)","(0.0, 0.0, 0.0)","(0.0, 0.0, 0.0)","(0.0, 0.0, 0.0)","(0.0, 0.0, 0.0)",0,0,0,0,0,0,False,0,0,0,0,0,0,0,0,"(0.0, 6.0, 1848.0)","(0.2, 0.0, 0.0, 1.0)"
0,954034.8,0,0,0,0,0,0,0,0,0,"(0.0, 0.0)","(0.0, 0.0)","(0.0, 0.0)","(0.0, 0.0, 0.0)","(0.0, 0.0, 0.0)","(0.0, 0.0, 0.0)","(0.0, 0.0, 0.0)","(0.0, 0.0, 0.0)","(0.0, 0.0, 0.0)",0,0,0,0,0,0,False,0,0,0,0,0,0,0,0,"(0.0, 6.0, 1848.4)","(0.2, 0.0, 0.0, 1.0)"
0,954058.6,0,0,0,0,0,0,0,0,0,"(0.0, 0.0)","(0.0, 0.0)","(0.0, 0.0)","(0.0, 0.0, 0.0)","(0.0, 0.0, 0.0)","(0.0, 0.0, 0.0)","(0.0, 0.0, 0.0)","(0.0, 0.0, 0.0)","(0.0, 0.0, 0.0)",0,0,0,0,0,0,False,0,0,0,0,0,0,0,0,"(0.0, 6.0, 1848.8)","(0.2, 0.0, 0.0, 1.0)"
0,954079.9,0,0,0,0,0,0,0,0,0,"(0.0, 0.0)","(0.0, 0.0)","(0.0, 0.0)","(0.0, 0.0, 0.0)","(0.0, 0.0, 0.0)","(0.0, 0.0, 0.0)","(0.0, 0.0, 0.0)","(0.0, 0.0, 0.0)","(0.0, 0.0, 0.0)",0,0,0,0,0,0,False,0,0,0,0,0,0,0,0,"(0.0, 6.0, 1849.3)","(0.2, 0.0, 0.0, 1.0)"
0,954101.8,0,0,0,0,0,0,0,0,0,"(0.0, 0.0)","(0.0, 0.0)","(0.0, 0.0)","(0.0, 0.0, 0.0)","(0.0, 0.0, 0.0)","(0.0, 0.0, 0.0)","(0.0, 0.0, 0.0)","(0.0, 0.0, 0.0)","(0.0, 0.0, 0.0)",0,0,0,0,0,0,False,0,0,0,0,0,0,0,0,"(0.0, 6.0, 1849.7)","(0.2, 0.0, 0.0, 1.0)"
0,954123.7,0,0,0,0,0,0,0,0,0,"(0.0, 0.0)","(0.0, 0.0)","(0.0, 0.0)","(0.0, 0.0, 0.0)","(0.0, 0.0, 0.0)","(0.0, 0.0, 0.0)","(0.0, 0.0, 0.0)","(0.0, 0.0, 0.0)","(0.0, 0.0, 0.0)",0,0,0,0,0,0,False,0,0,0,0,0,0,0,0,"(0.0, 6.0, 1850.1)","(0.2, 0.0, 0.0, 1.0)"
0,954146.8,0,0,0,0,0,0,0,0,0,"(0.0, 0.0)","(0.0, 0.0)","(0.0, 0.0)","(0.0, 0.0, 0.0)","(0.0, 0.0, 0.0)","(0.0, 0.0, 0.0)","(0.0, 0.0, 0.0)","(0.0, 0.0, 0.0)","(0.0, 0.0, 0.0)",0,0,0,0,0,0,False,0,0,0,0,0,0,0,0,"(0.0, 6.0, 1850.5)","(0.2, 0.0, 0.0, 1.0)"
0,954172.3,0,0,0,0,0,0,0,0,0,"(0.0, 0.0)","(0.0, 0.0)","(0.0, 0.0)","(0.0, 0.0, 0.0)","(0.0, 0.0, 0.0)","(0.0, 0.0, 0.0)","(0.0, 0.0, 0.0)","(0.0, 0.0, 0.0)","(0.0, 0.0, 0.0)",0,0,0,0,0,0,False,0,0,0,0,0,0,0,0,"(0.0, 6.0, 1851.0)","(0.2, 0.0, 0.0, 1.0)"
0,954194.6,0,0,0,0,0,0,0,0,0,"(0.0, 0.0)","(0.0, 0.0)","(0.0, 0.0)","(0.0, 0.0, 0.0)","(0.0, 0.0, 0.0)","(0.0, 0.0, 0.0)","(0.0, 0.0, 0.0)","(0.0, 0.0, 0.0)","(0.0, 0.0, 0.0)",0,0,0,0,0,0,False,0,0,0,0,0,0,0,0,"(0.0, 6.0, 1851.4)","(0.2, 0.0, 0.0, 1.0)"
0,954216.9,0,0,0,0,0,0,0,0,0,"(0.0, 0.0)","(0.0, 0.0)","(0.0, 0.0)","(0.0, 0.0, 0.0)","(0.0, 0.0, 0.0)","(0.0, 0.0, 0.0)","(0.0, 0.0, 0.0)","(0.0, 0.0, 0.0)","(0.0, 0.0, 0.0)",0,0,0,0,0,0,False,0,0,0,0,0,0,0,0,"(0.0, 6.0, 1851.8)","(0.2, 0.0, 0.0, 1.0)"
0,954237.3,0,0,0,0,0,0,0,0,0,"(0.0, 0.0)","(0.0, 0.0)","(0.0, 0.0)","(0.0, 0.0, 0.0)","(0.0, 0.0, 0.0)","(0.0, 0.0, 0.0)","(0.0, 0.0, 0.0)","(0.0, 0.0, 0.0)","(0.0, 0.0, 0.0)",0,0,0,0,0,0,False,0,0,0,0,0,0,0,0,"(0.0, 6.0, 1852.2)","(0.2, 0.0, 0.0, 1.0)"
0,954256.6,0,0,0,0,0,0,0,0,0,"(0.0, 0.0)","(0.0, 0.0)","(0.0, 0.0)","(0.0, 0.0, 0.0)","(0.0, 0.0, 0.0)","(0.0, 0.0, 0.0)","(0.0, 0.0, 0.0)","(0.0, 0.0, 0.0)","(0.0, 0.0, 0.0)",0,0,0,0,0,0,False,0,0,0,0,0,0,0,0,"(0.0, 6.0, 1852.7)","(0.2, 0.0, 0.0, 1.0)"
0,954279.4,0,0,0,0,0,0,0,0,0,"(0.0, 0.0)","(0.0, 0.0)","(0.0, 0.0)","(0.0, 0.0, 0.0)","(0.0, 0.0, 0.0)","(0.0, 0.0, 0.0)","(0.0, 0.0, 0.0)","(0.0, 0.0, 0.0)","(0.0, 0.0, 0.0)",0,0,0,0,0,0,False,0,0,0,0,0,0,0,0,"(0.0, 6.0, 1853.1)","(0.2, 0.0, 0.0, 1.0)"
0,954305.9,0,0,0,0,0,0,0,0,0,"(0.0, 0.0)","(0.0, 0.0)","(0.0, 0.0)","(0.0, 0.0, 0.0)","(0.0, 0.0, 0.0)","(0.0, 0.0, 0.0)","(0.0, 0.0, 0.0)","(0.0, 0.0, 0.0)","(0.0, 0.0, 0.0)",0,0,0,0,0,0,False,0,0,0,0,0,0,0,0,"(0.0, 6.0, 1853.5)","(0.2, 0.0, 0.0, 1.0)"
0,954324.8,0,0,0,0,0,0,0,0,0,"(0.0, 0.0)","(0.0, 0.0)","(0.0, 0.0)","(0.0, 0.0, 0.0)","(0.0, 0.0, 0.0)","(0.0, 0.0, 0.0)","(0.0, 0.0, 0.0)","(0.0, 0.0, 0.0)","(0.0, 0.0, 0.0)",0,0,0,0,0,0,False,0,0,0,0,0,0,0,0,"(0.0, 6.0, 1853.9)","(0.2, 0.0, 0.0, 1.0)"
0,954346.6,0,0,0,0,0,0,0,0,0,"(0.0, 0.0)","(0.0, 0.0)","(0.0, 0.0)","(0.0, 0.0, 0.0)","(0.0, 0.0, 0.0)","(0.0, 0.0, 0.0)","(0.0, 0.0, 0.0)","(0.0, 0.0, 0.0)","(0.0, 0.0, 0.0)",0,0,0,0,0,0,False,0,0,0,0,0,0,0,0,"(0.0, 6.0, 1854.4)","(0.2, 0.0, 0.0, 1.0)"
0,954368.2,0,0,0,0,0,0,0,0,0,"(0.0, 0.0)","(0.0, 0.0)","(0.0, 0.0)","(0.0, 0.0, 0.0)","(0.0, 0.0, 0.0)","(0.0, 0.0, 0.0)","(0.0, 0.0, 0.0)","(0.0, 0.0, 0.0)","(0.0, 0.0, 0.0)",0,0,0,0,0,0,False,0,0,0,0,0,0,0,0,"(0.0, 6.0, 1854.8)","(0.2, 0.0, 0.0, 1.0)"
0,954390.1,0,0,0,0,0,0,0,0,0,"(0.0, 0.0)","(0.0, 0.0)","(0.0, 0.0)","(0.0, 0.0, 0.0)","(0.0, 0.0, 0.0)","(0.0, 0.0, 0.0)","(0.0, 0.0, 0.0)","(0.0, 0.0, 0.0)","(0.0, 0.0, 0.0)",0,0,0,0,0,0,False,0,0,0,0,0,0,0,0,"(0.0, 6.0, 1855.2)","(0.2, 0.0, 0.0, 1.0)"
0,954414.1,0,0,0,0,0,0,0,0,0,"(0.0, 0.0)","(0.0, 0.0)","(0.0, 0.0)","(0.0, 0.0, 0.0)","(0.0, 0.0, 0.0)","(0.0, 0.0, 0.0)","(0.0, 0.0, 0.0)","(0.0, 0.0, 0.0)","(0.0, 0.0, 0.0)",0,0,0,0,0,0,False,0,0,0,0,0,0,0,0,"(0.0, 6.0, 1855.6)","(0.2, 0.0, 0.0, 1.0)"
0,954436,0,0,0,0,0,0,0,0,0,"(0.0, 0.0)","(0.0, 0.0)","(0.0, 0.0)","(0.0, 0.0, 0.0)","(0.0, 0.0, 0.0)","(0.0, 0.0, 0.0)","(0.0, 0.0, 0.0)","(0.0, 0.0, 0.0)","(0.0, 0.0, 0.0)",0,0,0,0,0,0,False,0,0,0,0,0,0,0,0,"(0.0, 6.0, 1856.0)","(0.2, 0.0, 0.0, 1.0)"
0,954457.4,0,0,0,0,0,0,0,0,0,"(0.0, 0.0)","(0.0, 0.0)","(0.0, 0.0)","(0.0, 0.0, 0.0)","(0.0, 0.0, 0.0)","(0.0, 0.0, 0.0)","(0.0, 0.0, 0.0)","(0.0, 0.0, 0.0)","(0.0, 0.0, 0.0)",0,0,0,0,0,0,False,0,0,0,0,0,0,0,0,"(0.0, 6.0, 1856.5)","(0.2, 0.0, 0.0, 1.0)"
0,954479.8,0,0,0,0,0,0,0,0,0,"(0.0, 0.0)","(0.0, 0.0)","(0.0, 0.0)","(0.0, 0.0, 0.0)","(0.0, 0.0, 0.0)","(0.0, 0.0, 0.0)","(0.0, 0.0, 0.0)","(0.0, 0.0, 0.0)","(0.0, 0.0, 0.0)",0,0,0,0,0,0,False,0,0,0,0,0,0,0,0,"(0.0, 6.0, 1856.9)","(0.2, 0.0, 0.0, 1.0)"
0,954504.9,0,0,0,0,0,0,0,0,0,"(0.0, 0.0)","(0.0, 0.0)","(0.0, 0.0)","(0.0, 0.0, 0.0)","(0.0, 0.0, 0.0)","(0.0, 0.0, 0.0)","(0.0, 0.0, 0.0)","(0.0, 0.0, 0.0)","(0.0, 0.0, 0.0)",0,0,0,0,0,0,False,0,0,0,0,0,0,0,0,"(0.0, 6.0, 1857.3)","(0.2, 0.0, 0.0, 1.0)"
0,954526.2,0,0,0,0,0,0,0,0,0,"(0.0, 0.0)","(0.0, 0.0)","(0.0, 0.0)","(0.0, 0.0, 0.0)","(0.0, 0.0, 0.0)","(0.0, 0.0, 0.0)","(0.0, 0.0, 0.0)","(0.0, 0.0, 0.0)","(0.0, 0.0, 0.0)",0,0,0,0,0,0,False,0,0,0,0,0,0,0,0,"(0.0, 6.0, 1857.7)","(0.2, 0.0, 0.0, 1.0)"
0,954546.4,0,0,0,0,0,0,0,0,0,"(0.0, 0.0)","(0.0, 0.0)","(0.0, 0.0)","(0.0, 0.0, 0.0)","(0.0, 0.0, 0.0)","(0.0, 0.0, 0.0)","(0.0, 0.0, 0.0)","(0.0, 0.0, 0.0)","(0.0, 0.0, 0.0)",0,0,0,0,0,0,False,0,0,0,0,0,0,0,0,"(0.0, 6.0, 1858.2)","(0.2, 0.0, 0.0, 1.0)"
0,954570.6,0,0,0,0,0,0,0,0,0,"(0.0, 0.0)","(0.0, 0.0)","(0.0, 0.0)","(0.0, 0.0, 0.0)","(0.0, 0.0, 0.0)","(0.0, 0.0, 0.0)","(0.0, 0.0, 0.0)","(0.0, 0.0, 0.0)","(0.0, 0.0, 0.0)",0,0,0,0,0,0,False,0,0,0,0,0,0,0,0,"(0.0, 6.0, 1858.6)","(0.2, 0.0, 0.0, 1.0)"
0,954591.1,0,0,0,0,0,0,0,0,0,"(0.0, 0.0)","(0.0, 0.0)","(0.0, 0.0)","(0.0, 0.0, 0.0)","(0.0, 0.0, 0.0)","(0.0, 0.0, 0.0)","(0.0, 0.0, 0.0)","(0.0, 0.0, 0.0)","(0.0, 0.0, 0.0)",0,0,0,0,0,0,False,0,0,0,0,0,0,0,0,"(0.0, 6.0, 1859.0)","(0.2, 0.0, 0.0, 1.0)"
0,954613.3,0,0,0,0,0,0,0,0,0,"(0.0, 0.0)","(0.0, 0.0)","(0.0, 0.0)","(0.0, 0.0, 0.0)","(0.0, 0.0, 0.0)","(0.0, 0.0, 0.0)","(0.0, 0.0, 0.0)","(0.0, 0.0, 0.0)","(0.0, 0.0, 0.0)",0,0,0,0,0,0,False,0,0,0,0,0,0,0,0,"(0.0, 6.0, 1859.4)","(0.2, 0.0, 0.0, 1.0)"
0,954634.5,0,0,0,0,0,0,0,0,0,"(0.0, 0.0)","(0.0, 0.0)","(0.0, 0.0)","(0.0, 0.0, 0.0)","(0.0, 0.0, 0.0)","(0.0, 0.0, 0.0)","(0.0, 0.0, 0.0)","(0.0, 0.0, 0.0)","(0.0, 0.0, 0.0)",0,0,0,0,0,0,False,0,0,0,0,0,0,0,0,"(0.0, 6.0, 1859.8)","(0.2, 0.0, 0.0, 1.0)"
0,954654.9,0,0,0,0,0,0,0,0,0,"(0.0, 0.0)","(0.0, 0.0)","(0.0, 0.0)","(0.0, 0.0, 0.0)","(0.0, 0.0, 0.0)","(0.0, 0.0, 0.0)","(0.0, 0.0, 0.0)","(0.0, 0.0, 0.0)","(0.0, 0.0, 0.0)",0,0,0,0,0,0,False,0,0,0,0,0,0,0,0,"(0.0, 6.0, 1860.3)","(0.2, 0.0, 0.0, 1.0)"
0,954697.2,0,0,0,0,0,0,0,0,0,"(0.0, 0.0)","(0.0, 0.0)","(0.0, 0.0)","(0.0, 0.0, 0.0)","(0.0, 0.0, 0.0)","(0.0, 0.0, 0.0)","(0.0, 0.0, 0.0)","(0.0, 0.0, 0.0)","(0.0, 0.0, 0.0)",0,0,0,0,0,0,False,0,0,0,0,0,0,0,0,"(0.0, 6.0, 1860.7)","(0.2, 0.0, 0.0, 1.0)"
0,954717.8,0,0,0,0,0,0,0,0,0,"(0.0, 0.0)","(0.0, 0.0)","(0.0, 0.0)","(0.0, 0.0, 0.0)","(0.0, 0.0, 0.0)","(0.0, 0.0, 0.0)","(0.0, 0.0, 0.0)","(0.0, 0.0, 0.0)","(0.0, 0.0, 0.0)",0,0,0,0,0,0,False,0,0,0,0,0,0,0,0,"(0.0, 6.0, 1861.2)","(0.2, 0.0, 0.0, 1.0)"
0,954737.3,0,0,0,0,0,0,0,0,0,"(0.0, 0.0)","(0.0, 0.0)","(0.0, 0.0)","(0.0, 0.0, 0.0)","(0.0, 0.0, 0.0)","(0.0, 0.0, 0.0)","(0.0, 0.0, 0.0)","(0.0, 0.0, 0.0)","(0.0, 0.0, 0.0)",0,0,0,0,0,0,False,0,0,0,0,0,0,0,0,"(0.0, 6.0, 1861.6)","(0.2, 0.0, 0.0, 1.0)"
0,954757,0,0,0,0,0,0,0,0,0,"(0.0, 0.0)","(0.0, 0.0)","(0.0, 0.0)","(0.0, 0.0, 0.0)","(0.0, 0.0, 0.0)","(0.0, 0.0, 0.0)","(0.0, 0.0, 0.0)","(0.0, 0.0, 0.0)","(0.0, 0.0, 0.0)",0,0,0,0,0,0,False,0,0,0,0,0,0,0,0,"(0.0, 6.0, 1862.0)","(0.2, 0.0, 0.0, 1.0)"
0,954779.4,0,0,0,0,0,0,0,0,0,"(0.0, 0.0)","(0.0, 0.0)","(0.0, 0.0)","(0.0, 0.0, 0.0)","(0.0, 0.0, 0.0)","(0.0, 0.0, 0.0)","(0.0, 0.0, 0.0)","(0.0, 0.0, 0.0)","(0.0, 0.0, 0.0)",0,0,0,0,0,0,False,0,0,0,0,0,0,0,0,"(0.0, 6.0, 1862.5)","(0.2, 0.0, 0.0, 1.0)"
0,954801.5,0,0,0,0,0,0,0,0,0,"(0.0, 0.0)","(0.0, 0.0)","(0.0, 0.0)","(0.0, 0.0, 0.0)","(0.0, 0.0, 0.0)","(0.0, 0.0, 0.0)","(0.0, 0.0, 0.0)","(0.0, 0.0, 0.0)","(0.0, 0.0, 0.0)",0,0,0,0,0,0,False,0,0,0,0,0,0,0,0,"(0.0, 6.0, 1862.9)","(0.2, 0.0, 0.0, 1.0)"
0,954822.4,0,0,0,0,0,0,0,0,0,"(0.0, 0.0)","(0.0, 0.0)","(0.0, 0.0)","(0.0, 0.0, 0.0)","(0.0, 0.0, 0.0)","(0.0, 0.0, 0.0)","(0.0, 0.0, 0.0)","(0.0, 0.0, 0.0)","(0.0, 0.0, 0.0)",0,0,0,0,0,0,False,0,0,0,0,0,0,0,0,"(0.0, 6.0, 1863.3)","(0.2, 0.0, 0.0, 1.0)"
0,954842.4,0,0,0,0,0,0,0,0,0,"(0.0, 0.0)","(0.0, 0.0)","(0.0, 0.0)","(0.0, 0.0, 0.0)","(0.0, 0.0, 0.0)","(0.0, 0.0, 0.0)","(0.0, 0.0, 0.0)","(0.0, 0.0, 0.0)","(0.0, 0.0, 0.0)",0,0,0,0,0,0,False,0,0,0,0,0,0,0,0,"(0.0, 6.0, 1863.8)","(0.2, 0.0, 0.0, 1.0)"
0,954863.6,0,0,0,0,0,0,0,0,0,"(0.0, 0.0)","(0.0, 0.0)","(0.0, 0.0)","(0.0, 0.0, 0.0)","(0.0, 0.0, 0.0)","(0.0, 0.0, 0.0)","(0.0, 0.0, 0.0)","(0.0, 0.0, 0.0)","(0.0, 0.0, 0.0)",0,0,0,0,0,0,False,0,0,0,0,0,0,0,0,"(0.0, 6.0, 1864.2)","(0.2, 0.0, 0.0, 1.0)"
0,954885.2,0,0,0,0,0,0,0,0,0,"(0.0, 0.0)","(0.0, 0.0)","(0.0, 0.0)","(0.0, 0.0, 0.0)","(0.0, 0.0, 0.0)","(0.0, 0.0, 0.0)","(0.0, 0.0, 0.0)","(0.0, 0.0, 0.0)","(0.0, 0.0, 0.0)",0,0,0,0,0,0,False,0,0,0,0,0,0,0,0,"(0.0, 6.0, 1864.6)","(0.2, 0.0, 0.0, 1.0)"
0,954905,0,0,0,0,0,0,0,0,0,"(0.0, 0.0)","(0.0, 0.0)","(0.0, 0.0)","(0.0, 0.0, 0.0)","(0.0, 0.0, 0.0)","(0.0, 0.0, 0.0)","(0.0, 0.0, 0.0)","(0.0, 0.0, 0.0)","(0.0, 0.0, 0.0)",0,0,0,0,0,0,False,0,0,0,0,0,0,0,0,"(0.0, 6.0, 1865.0)","(0.2, 0.0, 0.0, 1.0)"
0,954925.6,0,0,0,0,0,0,0,0,0,"(0.0, 0.0)","(0.0, 0.0)","(0.0, 0.0)","(0.0, 0.0, 0.0)","(0.0, 0.0, 0.0)","(0.0, 0.0, 0.0)","(0.0, 0.0, 0.0)","(0.0, 0.0, 0.0)","(0.0, 0.0, 0.0)",0,0,0,0,0,0,False,0,0,0,0,0,0,0,0,"(0.0, 6.0, 1865.4)","(0.2, 0.0, 0.0, 1.0)"
0,954953.3,0,0,0,0,0,0,0,0,0,"(0.0, 0.0)","(0.0, 0.0)","(0.0, 0.0)","(0.0, 0.0, 0.0)","(0.0, 0.0, 0.0)","(0.0, 0.0, 0.0)","(0.0, 0.0, 0.0)","(0.0, 0.0, 0.0)","(0.0, 0.0, 0.0)",0,0,0,0,0,0,False,0,0,0,0,0,0,0,0,"(0.0, 6.0, 1865.9)","(0.2, 0.0, 0.0, 1.0)"
0,954974.1,0,0,0,0,0,0,0,0,0,"(0.0, 0.0)","(0.0, 0.0)","(0.0, 0.0)","(0.0, 0.0, 0.0)","(0.0, 0.0, 0.0)","(0.0, 0.0, 0.0)","(0.0, 0.0, 0.0)","(0.0, 0.0, 0.0)","(0.0, 0.0, 0.0)",0,0,0,0,0,0,False,0,0,0,0,0,0,0,0,"(0.0, 6.0, 1866.3)","(0.2, 0.0, 0.0, 1.0)"
0,955000.8,0,0,0,0,0,0,0,0,0,"(0.0, 0.0)","(0.0, 0.0)","(0.0, 0.0)","(0.0, 0.0, 0.0)","(0.0, 0.0, 0.0)","(0.0, 0.0, 0.0)","(0.0, 0.0, 0.0)","(0.0, 0.0, 0.0)","(0.0, 0.0, 0.0)",0,0,0,0,0,0,False,0,0,0,0,0,0,0,0,"(0.0, 6.0, 1866.7)","(0.2, 0.0, 0.0, 1.0)"
0,955020.3,0,0,0,0,0,0,0,0,0,"(0.0, 0.0)","(0.0, 0.0)","(0.0, 0.0)","(0.0, 0.0, 0.0)","(0.0, 0.0, 0.0)","(0.0, 0.0, 0.0)","(0.0, 0.0, 0.0)","(0.0, 0.0, 0.0)","(0.0, 0.0, 0.0)",0,0,0,0,0,0,False,0,0,0,0,0,0,0,0,"(0.0, 6.0, 1867.1)","(0.2, 0.0, 0.0, 1.0)"
0,955041.9,0,0,0,0,0,0,0,0,0,"(0.0, 0.0)","(0.0, 0.0)","(0.0, 0.0)","(0.0, 0.0, 0.0)","(0.0, 0.0, 0.0)","(0.0, 0.0, 0.0)","(0.0, 0.0, 0.0)","(0.0, 0.0, 0.0)","(0.0, 0.0, 0.0)",0,0,0,0,0,0,False,0,0,0,0,0,0,0,0,"(0.0, 6.0, 1867.6)","(0.2, 0.0, 0.0, 1.0)"
0,955061.8,0,0,0,0,0,0,0,0,0,"(0.0, 0.0)","(0.0, 0.0)","(0.0, 0.0)","(0.0, 0.0, 0.0)","(0.0, 0.0, 0.0)","(0.0, 0.0, 0.0)","(0.0, 0.0, 0.0)","(0.0, 0.0, 0.0)","(0.0, 0.0, 0.0)",0,0,0,0,0,0,False,0,0,0,0,0,0,0,0,"(0.0, 6.0, 1868.0)","(0.2, 0.0, 0.0, 1.0)"
0,955082.4,0,0,0,0,0,0,0,0,0,"(0.0, 0.0)","(0.0, 0.0)","(0.0, 0.0)","(0.0, 0.0, 0.0)","(0.0, 0.0, 0.0)","(0.0, 0.0, 0.0)","(0.0, 0.0, 0.0)","(0.0, 0.0, 0.0)","(0.0, 0.0, 0.0)",0,0,0,0,0,0,False,0,0,0,0,0,0,0,0,"(0.0, 6.0, 1868.4)","(0.2, 0.0, 0.0, 1.0)"
0,955103.5,0,0,0,0,0,0,0,0,0,"(0.0, 0.0)","(0.0, 0.0)","(0.0, 0.0)","(0.0, 0.0, 0.0)","(0.0, 0.0, 0.0)","(0.0, 0.0, 0.0)","(0.0, 0.0, 0.0)","(0.0, 0.0, 0.0)","(0.0, 0.0, 0.0)",0,0,0,0,0,0,False,0,0,0,0,0,0,0,0,"(0.0, 6.0, 1868.8)","(0.2, 0.0, 0.0, 1.0)"
0,955123,0,0,0,0,0,0,0,0,0,"(0.0, 0.0)","(0.0, 0.0)","(0.0, 0.0)","(0.0, 0.0, 0.0)","(0.0, 0.0, 0.0)","(0.0, 0.0, 0.0)","(0.0, 0.0, 0.0)","(0.0, 0.0, 0.0)","(0.0, 0.0, 0.0)",0,0,0,0,0,0,False,0,0,0,0,0,0,0,0,"(0.0, 6.0, 1869.2)","(0.2, 0.0, 0.0, 1.0)"
0,955145.9,0,0,0,0,0,0,0,0,0,"(0.0, 0.0)","(0.0, 0.0)","(0.0, 0.0)","(0.0, 0.0, 0.0)","(0.0, 0.0, 0.0)","(0.0, 0.0, 0.0)","(0.0, 0.0, 0.0)","(0.0, 0.0, 0.0)","(0.0, 0.0, 0.0)",0,0,0,0,0,0,False,0,0,0,0,0,0,0,0,"(0.0, 6.0, 1869.6)","(0.2, 0.0, 0.0, 1.0)"
0,955168.1,0,0,0,0,0,0,0,0,0,"(0.0, 0.0)","(0.0, 0.0)","(0.0, 0.0)","(0.0, 0.0, 0.0)","(0.0, 0.0, 0.0)","(0.0, 0.0, 0.0)","(0.0, 0.0, 0.0)","(0.0, 0.0, 0.0)","(0.0, 0.0, 0.0)",0,0,0,0,0,0,False,0,0,0,0,0,0,0,0,"(0.0, 6.0, 1870.0)","(0.2, 0.0, 0.0, 1.0)"
0,955189.6,0,0,0,0,0,0,0,0,0,"(0.0, 0.0)","(0.0, 0.0)","(0.0, 0.0)","(0.0, 0.0, 0.0)","(0.0, 0.0, 0.0)","(0.0, 0.0, 0.0)","(0.0, 0.0, 0.0)","(0.0, 0.0, 0.0)","(0.0, 0.0, 0.0)",0,0,0,0,0,0,False,0,0,0,0,0,0,0,0,"(0.0, 6.0, 1870.4)","(0.2, 0.0, 0.0, 1.0)"
0,955213,0,0,0,0,0,0,0,0,0,"(0.0, 0.0)","(0.0, 0.0)","(0.0, 0.0)","(0.0, 0.0, 0.0)","(0.0, 0.0, 0.0)","(0.0, 0.0, 0.0)","(0.0, 0.0, 0.0)","(0.0, 0.0, 0.0)","(0.0, 0.0, 0.0)",0,0,0,0,0,0,False,0,0,0,0,0,0,0,0,"(0.0, 6.0, 1870.9)","(0.2, 0.0, 0.0, 1.0)"
0,955235.8,0,0,0,0,0,0,0,0,0,"(0.0, 0.0)","(0.0, 0.0)","(0.0, 0.0)","(0.0, 0.0, 0.0)","(0.0, 0.0, 0.0)","(0.0, 0.0, 0.0)","(0.0, 0.0, 0.0)","(0.0, 0.0, 0.0)","(0.0, 0.0, 0.0)",0,0,0,0,0,0,False,0,0,0,0,0,0,0,0,"(0.0, 6.0, 1871.3)","(0.2, 0.0, 0.0, 1.0)"
0,955259.6,0,0,0,0,0,0,0,0,0,"(0.0, 0.0)","(0.0, 0.0)","(0.0, 0.0)","(0.0, 0.0, 0.0)","(0.0, 0.0, 0.0)","(0.0, 0.0, 0.0)","(0.0, 0.0, 0.0)","(0.0, 0.0, 0.0)","(0.0, 0.0, 0.0)",0,0,0,0,0,0,False,0,0,0,0,0,0,0,0,"(0.0, 6.0, 1871.7)","(0.2, 0.0, 0.0, 1.0)"
0,955279.1,0,0,0,0,0,0,0,0,0,"(0.0, 0.0)","(0.0, 0.0)","(0.0, 0.0)","(0.0, 0.0, 0.0)","(0.0, 0.0, 0.0)","(0.0, 0.0, 0.0)","(0.0, 0.0, 0.0)","(0.0, 0.0, 0.0)","(0.0, 0.0, 0.0)",0,0,0,0,0,0,False,0,0,0,0,0,0,0,0,"(0.0, 6.0, 1872.1)","(0.2, 0.0, 0.0, 1.0)"
0,955301.9,0,0,0,0,0,0,0,0,0,"(0.0, 0.0)","(0.0, 0.0)","(0.0, 0.0)","(0.0, 0.0, 0.0)","(0.0, 0.0, 0.0)","(0.0, 0.0, 0.0)","(0.0, 0.0, 0.0)","(0.0, 0.0, 0.0)","(0.0, 0.0, 0.0)",0,0,0,0,0,0,False,0,0,0,0,0,0,0,0,"(0.0, 6.0, 1872.5)","(0.2, 0.0, 0.0, 1.0)"
0,955323.3,0,0,0,0,0,0,0,0,0,"(0.0, 0.0)","(0.0, 0.0)","(0.0, 0.0)","(0.0, 0.0, 0.0)","(0.0, 0.0, 0.0)","(0.0, 0.0, 0.0)","(0.0, 0.0, 0.0)","(0.0, 0.0, 0.0)","(0.0, 0.0, 0.0)",0,0,0,0,0,0,False,0,0,0,0,0,0,0,0,"(0.0, 6.0, 1873.0)","(0.2, 0.0, 0.0, 1.0)"
0,955351.9,0,0,0,0,0,0,0,0,0,"(0.0, 0.0)","(0.0, 0.0)","(0.0, 0.0)","(0.0, 0.0, 0.0)","(0.0, 0.0, 0.0)","(0.0, 0.0, 0.0)","(0.0, 0.0, 0.0)","(0.0, 0.0, 0.0)","(0.0, 0.0, 0.0)",0,0,0,0,0,0,False,0,0,0,0,0,0,0,0,"(0.0, 6.0, 1873.4)","(0.2, 0.0, 0.0, 1.0)"
0,955378.9,0,0,0,0,0,0,0,0,0,"(0.0, 0.0)","(0.0, 0.0)","(0.0, 0.0)","(0.0, 0.0, 0.0)","(0.0, 0.0, 0.0)","(0.0, 0.0, 0.0)","(0.0, 0.0, 0.0)","(0.0, 0.0, 0.0)","(0.0, 0.0, 0.0)",0,0,0,0,0,0,False,0,0,0,0,0,0,0,0,"(0.0, 6.0, 1873.8)","(0.2, 0.0, 0.0, 1.0)"
0,955399.3,0,0,0,0,0,0,0,0,0,"(0.0, 0.0)","(0.0, 0.0)","(0.0, 0.0)","(0.0, 0.0, 0.0)","(0.0, 0.0, 0.0)","(0.0, 0.0, 0.0)","(0.0, 0.0, 0.0)","(0.0, 0.0, 0.0)","(0.0, 0.0, 0.0)",0,0,0,0,0,0,False,0,0,0,0,0,0,0,0,"(0.0, 6.0, 1874.3)","(0.2, 0.0, 0.0, 1.0)"
0,955420.6,0,0,0,0,0,0,0,0,0,"(0.0, 0.0)","(0.0, 0.0)","(0.0, 0.0)","(0.0, 0.0, 0.0)","(0.0, 0.0, 0.0)","(0.0, 0.0, 0.0)","(0.0, 0.0, 0.0)","(0.0, 0.0, 0.0)","(0.0, 0.0, 0.0)",0,0,0,0,0,0,False,0,0,0,0,0,0,0,0,"(0.0, 6.0, 1874.7)","(0.2, 0.0, 0.0, 1.0)"
0,955441.3,0,0,0,0,0,0,0,0,0,"(0.0, 0.0)","(0.0, 0.0)","(0.0, 0.0)","(0.0, 0.0, 0.0)","(0.0, 0.0, 0.0)","(0.0, 0.0, 0.0)","(0.0, 0.0, 0.0)","(0.0, 0.0, 0.0)","(0.0, 0.0, 0.0)",0,0,0,0,0,0,False,0,0,0,0,0,0,0,0,"(0.0, 6.0, 1875.1)","(0.2, 0.0, 0.0, 1.0)"
0,955460.8,0,0,0,0,0,0,0,0,0,"(0.0, 0.0)","(0.0, 0.0)","(0.0, 0.0)","(0.0, 0.0, 0.0)","(0.0, 0.0, 0.0)","(0.0, 0.0, 0.0)","(0.0, 0.0, 0.0)","(0.0, 0.0, 0.0)","(0.0, 0.0, 0.0)",0,0,0,0,0,0,False,0,0,0,0,0,0,0,0,"(0.0, 6.0, 1875.5)","(0.2, 0.0, 0.0, 1.0)"
0,955480.8,0,0,0,0,0,0,0,0,0,"(0.0, 0.0)","(0.0, 0.0)","(0.0, 0.0)","(0.0, 0.0, 0.0)","(0.0, 0.0, 0.0)","(0.0, 0.0, 0.0)","(0.0, 0.0, 0.0)","(0.0, 0.0, 0.0)","(0.0, 0.0, 0.0)",0,0,0,0,0,0,False,0,0,0,0,0,0,0,0,"(0.0, 6.0, 1875.9)","(0.2, 0.0, 0.0, 1.0)"
0,955502.6,0,0,0,0,0,0,0,0,0,"(0.0, 0.0)","(0.0, 0.0)","(0.0, 0.0)","(0.0, 0.0, 0.0)","(0.0, 0.0, 0.0)","(0.0, 0.0, 0.0)","(0.0, 0.0, 0.0)","(0.0, 0.0, 0.0)","(0.0, 0.0, 0.0)",0,0,0,0,0,0,False,0,0,0,0,0,0,0,0,"(0.0, 6.0, 1876.4)","(0.2, 0.0, 0.0, 1.0)"
0,955522.8,0,0,0,0,0,0,0,0,0,"(0.0, 0.0)","(0.0, 0.0)","(0.0, 0.0)","(0.0, 0.0, 0.0)","(0.0, 0.0, 0.0)","(0.0, 0.0, 0.0)","(0.0, 0.0, 0.0)","(0.0, 0.0, 0.0)","(0.0, 0.0, 0.0)",0,0,0,0,0,0,False,0,0,0,0,0,0,0,0,"(0.0, 6.0, 1876.8)","(0.2, 0.0, 0.0, 1.0)"
0,955545.6,0,0,0,0,0,0,0,0,0,"(0.0, 0.0)","(0.0, 0.0)","(0.0, 0.0)","(0.0, 0.0, 0.0)","(0.0, 0.0, 0.0)","(0.0, 0.0, 0.0)","(0.0, 0.0, 0.0)","(0.0, 0.0, 0.0)","(0.0, 0.0, 0.0)",0,0,0,0,0,0,False,0,0,0,0,0,0,0,0,"(0.0, 6.0, 1877.2)","(0.2, 0.0, 0.0, 1.0)"
0,955571.9,0,0,0,0,0,0,0,0,0,"(0.0, 0.0)","(0.0, 0.0)","(0.0, 0.0)","(0.0, 0.0, 0.0)","(0.0, 0.0, 0.0)","(0.0, 0.0, 0.0)","(0.0, 0.0, 0.0)","(0.0, 0.0, 0.0)","(0.0, 0.0, 0.0)",0,0,0,0,0,0,False,0,0,0,0,0,0,0,0,"(0.0, 6.0, 1877.6)","(0.2, 0.0, 0.0, 1.0)"
0,955590.9,0,0,0,0,0,0,0,0,0,"(0.0, 0.0)","(0.0, 0.0)","(0.0, 0.0)","(0.0, 0.0, 0.0)","(0.0, 0.0, 0.0)","(0.0, 0.0, 0.0)","(0.0, 0.0, 0.0)","(0.0, 0.0, 0.0)","(0.0, 0.0, 0.0)",0,0,0,0,0,0,False,0,0,0,0,0,0,0,0,"(0.0, 6.0, 1878.0)","(0.2, 0.0, 0.0, 1.0)"
0,955612.6,0,0,0,0,0,0,0,0,0,"(0.0, 0.0)","(0.0, 0.0)","(0.0, 0.0)","(0.0, 0.0, 0.0)","(0.0, 0.0, 0.0)","(0.0, 0.0, 0.0)","(0.0, 0.0, 0.0)","(0.0, 0.0, 0.0)","(0.0, 0.0, 0.0)",0,0,0,0,0,0,False,0,0,0,0,0,0,0,0,"(0.0, 6.0, 1878.5)","(0.2, 0.0, 0.0, 1.0)"
0,955635.1,0,0,0,0,0,0,0,0,0,"(0.0, 0.0)","(0.0, 0.0)","(0.0, 0.0)","(0.0, 0.0, 0.0)","(0.0, 0.0, 0.0)","(0.0, 0.0, 0.0)","(0.0, 0.0, 0.0)","(0.0, 0.0, 0.0)","(0.0, 0.0, 0.0)",0,0,0,0,0,0,False,0,0,0,0,0,0,0,0,"(0.0, 6.0, 1878.9)","(0.2, 0.0, 0.0, 1.0)"
0,955656.5,0,0,0,0,0,0,0,0,0,"(0.0, 0.0)","(0.0, 0.0)","(0.0, 0.0)","(0.0, 0.0, 0.0)","(0.0, 0.0, 0.0)","(0.0, 0.0, 0.0)","(0.0, 0.0, 0.0)","(0.0, 0.0, 0.0)","(0.0, 0.0, 0.0)",0,0,0,0,0,0,False,0,0,0,0,0,0,0,0,"(0.0, 6.0, 1879.3)","(0.2, 0.0, 0.0, 1.0)"
0,955676.4,0,0,0,0,0,0,0,0,0,"(0.0, 0.0)","(0.0, 0.0)","(0.0, 0.0)","(0.0, 0.0, 0.0)","(0.0, 0.0, 0.0)","(0.0, 0.0, 0.0)","(0.0, 0.0, 0.0)","(0.0, 0.0, 0.0)","(0.0, 0.0, 0.0)",0,0,0,0,0,0,False,0,0,0,0,0,0,0,0,"(0.0, 6.0, 1879.7)","(0.2, 0.0, 0.0, 1.0)"
0,955697.9,0,0,0,0,0,0,0,0,0,"(0.0, 0.0)","(0.0, 0.0)","(0.0, 0.0)","(0.0, 0.0, 0.0)","(0.0, 0.0, 0.0)","(0.0, 0.0, 0.0)","(0.0, 0.0, 0.0)","(0.0, 0.0, 0.0)","(0.0, 0.0, 0.0)",0,0,0,0,0,0,False,0,0,0,0,0,0,0,0,"(0.0, 6.0, 1880.1)","(0.2, 0.0, 0.0, 1.0)"
0,955719.3,0,0,0,0,0,0,0,0,0,"(0.0, 0.0)","(0.0, 0.0)","(0.0, 0.0)","(0.0, 0.0, 0.0)","(0.0, 0.0, 0.0)","(0.0, 0.0, 0.0)","(0.0, 0.0, 0.0)","(0.0, 0.0, 0.0)","(0.0, 0.0, 0.0)",0,0,0,0,0,0,False,0,0,0,0,0,0,0,0,"(0.0, 6.0, 1880.5)","(0.2, 0.0, 0.0, 1.0)"
0,955739.6,0,0,0,0,0,0,0,0,0,"(0.0, 0.0)","(0.0, 0.0)","(0.0, 0.0)","(0.0, 0.0, 0.0)","(0.0, 0.0, 0.0)","(0.0, 0.0, 0.0)","(0.0, 0.0, 0.0)","(0.0, 0.0, 0.0)","(0.0, 0.0, 0.0)",0,0,0,0,0,0,False,0,0,0,0,0,0,0,0,"(0.0, 6.0, 1880.9)","(0.2, 0.0, 0.0, 1.0)"
0,955763.3,0,0,0,0,0,0,0,0,0,"(0.0, 0.0)","(0.0, 0.0)","(0.0, 0.0)","(0.0, 0.0, 0.0)","(0.0, 0.0, 0.0)","(0.0, 0.0, 0.0)","(0.0, 0.0, 0.0)","(0.0, 0.0, 0.0)","(0.0, 0.0, 0.0)",0,0,0,0,0,0,False,0,0,0,0,0,0,0,0,"(0.0, 6.0, 1881.3)","(0.2, 0.0, 0.0, 1.0)"
0,955785.8,0,0,0,0,0,0,0,0,0,"(0.0, 0.0)","(0.0, 0.0)","(0.0, 0.0)","(0.0, 0.0, 0.0)","(0.0, 0.0, 0.0)","(0.0, 0.0, 0.0)","(0.0, 0.0, 0.0)","(0.0, 0.0, 0.0)","(0.0, 0.0, 0.0)",0,0,0,0,0,0,False,0,0,0,0,0,0,0,0,"(0.0, 6.0, 1881.8)","(0.2, 0.0, 0.0, 1.0)"
0,955807.1,0,0,0,0,0,0,0,0,0,"(0.0, 0.0)","(0.0, 0.0)","(0.0, 0.0)","(0.0, 0.0, 0.0)","(0.0, 0.0, 0.0)","(0.0, 0.0, 0.0)","(0.0, 0.0, 0.0)","(0.0, 0.0, 0.0)","(0.0, 0.0, 0.0)",0,0,0,0,0,0,False,0,0,0,0,0,0,0,0,"(0.0, 6.0, 1882.2)","(0.2, 0.0, 0.0, 1.0)"
0,955826.4,0,0,0,0,0,0,0,0,0,"(0.0, 0.0)","(0.0, 0.0)","(0.0, 0.0)","(0.0, 0.0, 0.0)","(0.0, 0.0, 0.0)","(0.0, 0.0, 0.0)","(0.0, 0.0, 0.0)","(0.0, 0.0, 0.0)","(0.0, 0.0, 0.0)",0,0,0,0,0,0,False,0,0,0,0,0,0,0,0,"(0.0, 6.0, 1882.6)","(0.2, 0.0, 0.0, 1.0)"
0,955848.9,0,0,0,0,0,0,0,0,0,"(0.0, 0.0)","(0.0, 0.0)","(0.0, 0.0)","(0.0, 0.0, 0.0)","(0.0, 0.0, 0.0)","(0.0, 0.0, 0.0)","(0.0, 0.0, 0.0)","(0.0, 0.0, 0.0)","(0.0, 0.0, 0.0)",0,0,0,0,0,0,False,0,0,0,0,0,0,0,0,"(0.0, 6.0, 1883.0)","(0.2, 0.0, 0.0, 1.0)"
0,955874.6,0,0,0,0,0,0,0,0,0,"(0.0, 0.0)","(0.0, 0.0)","(0.0, 0.0)","(0.0, 0.0, 0.0)","(0.0, 0.0, 0.0)","(0.0, 0.0, 0.0)","(0.0, 0.0, 0.0)","(0.0, 0.0, 0.0)","(0.0, 0.0, 0.0)",0,0,0,0,0,0,False,0,0,0,0,0,0,0,0,"(0.0, 6.0, 1883.4)","(0.2, 0.0, 0.0, 1.0)"
0,955894.5,0,0,0,0,0,0,0,0,0,"(0.0, 0.0)","(0.0, 0.0)","(0.0, 0.0)","(0.0, 0.0, 0.0)","(0.0, 0.0, 0.0)","(0.0, 0.0, 0.0)","(0.0, 0.0, 0.0)","(0.0, 0.0, 0.0)","(0.0, 0.0, 0.0)",0,0,0,0,0,0,False,0,0,0,0,0,0,0,0,"(0.0, 6.0, 1883.8)","(0.2, 0.0, 0.0, 1.0)"
0,955916.3,0,0,0,0,0,0,0,0,0,"(0.0, 0.0)","(0.0, 0.0)","(0.0, 0.0)","(0.0, 0.0, 0.0)","(0.0, 0.0, 0.0)","(0.0, 0.0, 0.0)","(0.0, 0.0, 0.0)","(0.0, 0.0, 0.0)","(0.0, 0.0, 0.0)",0,0,0,0,0,0,False,0,0,0,0,0,0,0,0,"(0.0, 6.0, 1884.2)","(0.2, 0.0, 0.0, 1.0)"
0,955938.1,0,0,0,0,0,0,0,0,0,"(0.0, 0.0)","(0.0, 0.0)","(0.0, 0.0)","(0.0, 0.0, 0.0)","(0.0, 0.0, 0.0)","(0.0, 0.0, 0.0)","(0.0, 0.0, 0.0)","(0.0, 0.0, 0.0)","(0.0, 0.0, 0.0)",0,0,0,0,0,0,False,0,0,0,0,0,0,0,0,"(0.0, 6.0, 1884.7)","(0.2, 0.0, 0.0, 1.0)"
0,955959.7,0,0,0,0,0,0,0,0,0,"(0.0, 0.0)","(0.0, 0.0)","(0.0, 0.0)","(0.0, 0.0, 0.0)","(0.0, 0.0, 0.0)","(0.0, 0.0, 0.0)","(0.0, 0.0, 0.0)","(0.0, 0.0, 0.0)","(0.0, 0.0, 0.0)",0,0,0,0,0,0,False,0,0,0,0,0,0,0,0,"(0.0, 6.0, 1885.1)","(0.2, 0.0, 0.0, 1.0)"
0,955981.6,0,0,0,0,0,0,0,0,0,"(0.0, 0.0)","(0.0, 0.0)","(0.0, 0.0)","(0.0, 0.0, 0.0)","(0.0, 0.0, 0.0)","(0.0, 0.0, 0.0)","(0.0, 0.0, 0.0)","(0.0, 0.0, 0.0)","(0.0, 0.0, 0.0)",0,0,0,0,0,0,False,0,0,0,0,0,0,0,0,"(0.0, 6.0, 1885.5)","(0.2, 0.0, 0.0, 1.0)"
0,956003.3,0,0,0,0,0,0,0,0,0,"(0.0, 0.0)","(0.0, 0.0)","(0.0, 0.0)","(0.0, 0.0, 0.0)","(0.0, 0.0, 0.0)","(0.0, 0.0, 0.0)","(0.0, 0.0, 0.0)","(0.0, 0.0, 0.0)","(0.0, 0.0, 0.0)",0,0,0,0,0,0,False,0,0,0,0,0,0,0,0,"(0.0, 6.0, 1885.9)","(0.2, 0.0, 0.0, 1.0)"
0,956027.5,0,0,0,0,0,0,0,0,0,"(0.0, 0.0)","(0.0, 0.0)","(0.0, 0.0)","(0.0, 0.0, 0.0)","(0.0, 0.0, 0.0)","(0.0, 0.0, 0.0)","(0.0, 0.0, 0.0)","(0.0, 0.0, 0.0)","(0.0, 0.0, 0.0)",0,0,0,0,0,0,False,0,0,0,0,0,0,0,0,"(0.0, 6.0, 1886.3)","(0.2, 0.0, 0.0, 1.0)"
0,956050.4,0,0,0,0,0,0,0,0,0,"(0.0, 0.0)","(0.0, 0.0)","(0.0, 0.0)","(0.0, 0.0, 0.0)","(0.0, 0.0, 0.0)","(0.0, 0.0, 0.0)","(0.0, 0.0, 0.0)","(0.0, 0.0, 0.0)","(0.0, 0.0, 0.0)",0,0,0,0,0,0,False,0,0,0,0,0,0,0,0,"(0.0, 6.0, 1886.7)","(0.2, 0.0, 0.0, 1.0)"
0,956072.6,0,0,0,0,0,0,0,0,0,"(0.0, 0.0)","(0.0, 0.0)","(0.0, 0.0)","(0.0, 0.0, 0.0)","(0.0, 0.0, 0.0)","(0.0, 0.0, 0.0)","(0.0, 0.0, 0.0)","(0.0, 0.0, 0.0)","(0.0, 0.0, 0.0)",0,0,0,0,0,0,False,0,0,0,0,0,0,0,0,"(0.0, 6.0, 1887.2)","(0.2, 0.0, 0.0, 1.0)"
0,956094.2,0,0,0,0,0,0,0,0,0,"(0.0, 0.0)","(0.0, 0.0)","(0.0, 0.0)","(0.0, 0.0, 0.0)","(0.0, 0.0, 0.0)","(0.0, 0.0, 0.0)","(0.0, 0.0, 0.0)","(0.0, 0.0, 0.0)","(0.0, 0.0, 0.0)",0,0,0,0,0,0,False,0,0,0,0,0,0,0,0,"(0.0, 6.0, 1887.6)","(0.2, 0.0, 0.0, 1.0)"
0,956116.8,0,0,0,0,0,0,0,0,0,"(0.0, 0.0)","(0.0, 0.0)","(0.0, 0.0)","(0.0, 0.0, 0.0)","(0.0, 0.0, 0.0)","(0.0, 0.0, 0.0)","(0.0, 0.0, 0.0)","(0.0, 0.0, 0.0)","(0.0, 0.0, 0.0)",0,0,0,0,0,0,False,0,0,0,0,0,0,0,0,"(0.0, 6.0, 1888.0)","(0.2, 0.0, 0.0, 1.0)"
0,956138.1,0,0,0,0,0,0,0,0,0,"(0.0, 0.0)","(0.0, 0.0)","(0.0, 0.0)","(0.0, 0.0, 0.0)","(0.0, 0.0, 0.0)","(0.0, 0.0, 0.0)","(0.0, 0.0, 0.0)","(0.0, 0.0, 0.0)","(0.0, 0.0, 0.0)",0,0,0,0,0,0,False,0,0,0,0,0,0,0,0,"(0.0, 6.0, 1888.4)","(0.2, 0.0, 0.0, 1.0)"
0,956157.6,0,0,0,0,0,0,0,0,0,"(0.0, 0.0)","(0.0, 0.0)","(0.0, 0.0)","(0.0, 0.0, 0.0)","(0.0, 0.0, 0.0)","(0.0, 0.0, 0.0)","(0.0, 0.0, 0.0)","(0.0, 0.0, 0.0)","(0.0, 0.0, 0.0)",0,0,0,0,0,0,False,0,0,0,0,0,0,0,0,"(0.0, 6.0, 1888.8)","(0.2, 0.0, 0.0, 1.0)"
0,956178.4,0,0,0,0,0,0,0,0,0,"(0.0, 0.0)","(0.0, 0.0)","(0.0, 0.0)","(0.0, 0.0, 0.0)","(0.0, 0.0, 0.0)","(0.0, 0.0, 0.0)","(0.0, 0.0, 0.0)","(0.0, 0.0, 0.0)","(0.0, 0.0, 0.0)",0,0,0,0,0,0,False,0,0,0,0,0,0,0,0,"(0.0, 6.0, 1889.2)","(0.2, 0.0, 0.0, 1.0)"
0,956205.3,0,0,0,0,0,0,0,0,0,"(0.0, 0.0)","(0.0, 0.0)","(0.0, 0.0)","(0.0, 0.0, 0.0)","(0.0, 0.0, 0.0)","(0.0, 0.0, 0.0)","(0.0, 0.0, 0.0)","(0.0, 0.0, 0.0)","(0.0, 0.0, 0.0)",0,0,0,0,0,0,False,0,0,0,0,0,0,0,0,"(0.0, 6.0, 1889.7)","(0.2, 0.0, 0.0, 1.0)"
0,956226,0,0,0,0,0,0,0,0,0,"(0.0, 0.0)","(0.0, 0.0)","(0.0, 0.0)","(0.0, 0.0, 0.0)","(0.0, 0.0, 0.0)","(0.0, 0.0, 0.0)","(0.0, 0.0, 0.0)","(0.0, 0.0, 0.0)","(0.0, 0.0, 0.0)",0,0,0,0,0,0,False,0,0,0,0,0,0,0,0,"(0.0, 6.0, 1890.1)","(0.2, 0.0, 0.0, 1.0)"
0,956245.4,0,0,0,0,0,0,0,0,0,"(0.0, 0.0)","(0.0, 0.0)","(0.0, 0.0)","(0.0, 0.0, 0.0)","(0.0, 0.0, 0.0)","(0.0, 0.0, 0.0)","(0.0, 0.0, 0.0)","(0.0, 0.0, 0.0)","(0.0, 0.0, 0.0)",0,0,0,0,0,0,False,0,0,0,0,0,0,0,0,"(0.0, 6.0, 1890.5)","(0.2, 0.0, 0.0, 1.0)"
0,956268.4,0,0,0,0,0,0,0,0,0,"(0.0, 0.0)","(0.0, 0.0)","(0.0, 0.0)","(0.0, 0.0, 0.0)","(0.0, 0.0, 0.0)","(0.0, 0.0, 0.0)","(0.0, 0.0, 0.0)","(0.0, 0.0, 0.0)","(0.0, 0.0, 0.0)",0,0,0,0,0,0,False,0,0,0,0,0,0,0,0,"(0.0, 6.0, 1890.9)","(0.2, 0.0, 0.0, 1.0)"
0,956290.4,0,0,0,0,0,0,0,0,0,"(0.0, 0.0)","(0.0, 0.0)","(0.0, 0.0)","(0.0, 0.0, 0.0)","(0.0, 0.0, 0.0)","(0.0, 0.0, 0.0)","(0.0, 0.0, 0.0)","(0.0, 0.0, 0.0)","(0.0, 0.0, 0.0)",0,0,0,0,0,0,False,0,0,0,0,0,0,0,0,"(0.0, 6.0, 1891.3)","(0.2, 0.0, 0.0, 1.0)"
0,956311.9,0,0,0,0,0,0,0,0,0,"(0.0, 0.0)","(0.0, 0.0)","(0.0, 0.0)","(0.0, 0.0, 0.0)","(0.0, 0.0, 0.0)","(0.0, 0.0, 0.0)","(0.0, 0.0, 0.0)","(0.0, 0.0, 0.0)","(0.0, 0.0, 0.0)",0,0,0,0,0,0,False,0,0,0,0,0,0,0,0,"(0.0, 6.0, 1891.7)","(0.2, 0.0, 0.0, 1.0)"
0,956334.4,0,0,0,0,0,0,0,0,0,"(0.0, 0.0)","(0.0, 0.0)","(0.0, 0.0)","(0.0, 0.0, 0.0)","(0.0, 0.0, 0.0)","(0.0, 0.0, 0.0)","(0.0, 0.0, 0.0)","(0.0, 0.0, 0.0)","(0.0, 0.0, 0.0)",0,0,0,0,0,0,False,0,0,0,0,0,0,0,0,"(0.0, 6.0, 1892.2)","(0.2, 0.0, 0.0, 1.0)"
0,956357.4,0,0,0,0,0,0,0,0,0,"(0.0, 0.0)","(0.0, 0.0)","(0.0, 0.0)","(0.0, 0.0, 0.0)","(0.0, 0.0, 0.0)","(0.0, 0.0, 0.0)","(0.0, 0.0, 0.0)","(0.0, 0.0, 0.0)","(0.0, 0.0, 0.0)",0,0,0,0,0,0,False,0,0,0,0,0,0,0,0,"(0.0, 6.0, 1892.6)","(0.2, 0.0, 0.0, 1.0)"
0,956378.8,0,0,0,0,0,0,0,0,0,"(0.0, 0.0)","(0.0, 0.0)","(0.0, 0.0)","(0.0, 0.0, 0.0)","(0.0, 0.0, 0.0)","(0.0, 0.0, 0.0)","(0.0, 0.0, 0.0)","(0.0, 0.0, 0.0)","(0.0, 0.0, 0.0)",0,0,0,0,0,0,False,0,0,0,0,0,0,0,0,"(0.0, 6.0, 1893.0)","(0.2, 0.0, 0.0, 1.0)"
0,956401.1,0,0,0,0,0,0,0,0,0,"(0.0, 0.0)","(0.0, 0.0)","(0.0, 0.0)","(0.0, 0.0, 0.0)","(0.0, 0.0, 0.0)","(0.0, 0.0, 0.0)","(0.0, 0.0, 0.0)","(0.0, 0.0, 0.0)","(0.0, 0.0, 0.0)",0,0,0,0,0,0,False,0,0,0,0,0,0,0,0,"(0.0, 6.0, 1893.4)","(0.2, 0.0, 0.0, 1.0)"
0,956423.1,0,0,0,0,0,0,0,0,0,"(0.0, 0.0)","(0.0, 0.0)","(0.0, 0.0)","(0.0, 0.0, 0.0)","(0.0, 0.0, 0.0)","(0.0, 0.0, 0.0)","(0.0, 0.0, 0.0)","(0.0, 0.0, 0.0)","(0.0, 0.0, 0.0)",0,0,0,0,0,0,False,0,0,0,0,0,0,0,0,"(0.0, 6.0, 1893.8)","(0.2, 0.0, 0.0, 1.0)"
0,956445.8,0,0,0,0,0,0,0,0,0,"(0.0, 0.0)","(0.0, 0.0)","(0.0, 0.0)","(0.0, 0.0, 0.0)","(0.0, 0.0, 0.0)","(0.0, 0.0, 0.0)","(0.0, 0.0, 0.0)","(0.0, 0.0, 0.0)","(0.0, 0.0, 0.0)",0,0,0,0,0,0,False,0,0,0,0,0,0,0,0,"(0.0, 6.0, 1894.3)","(0.2, 0.0, 0.0, 1.0)"
0,956468.3,0,0,0,0,0,0,0,0,0,"(0.0, 0.0)","(0.0, 0.0)","(0.0, 0.0)","(0.0, 0.0, 0.0)","(0.0, 0.0, 0.0)","(0.0, 0.0, 0.0)","(0.0, 0.0, 0.0)","(0.0, 0.0, 0.0)","(0.0, 0.0, 0.0)",0,0,0,0,0,0,False,0,0,0,0,0,0,0,0,"(0.0, 6.0, 1894.7)","(0.2, 0.0, 0.0, 1.0)"
0,956489.3,0,0,0,0,0,0,0,0,0,"(0.0, 0.0)","(0.0, 0.0)","(0.0, 0.0)","(0.0, 0.0, 0.0)","(0.0, 0.0, 0.0)","(0.0, 0.0, 0.0)","(0.0, 0.0, 0.0)","(0.0, 0.0, 0.0)","(0.0, 0.0, 0.0)",0,0,0,0,0,0,False,0,0,0,0,0,0,0,0,"(0.0, 6.0, 1895.1)","(0.2, 0.0, 0.0, 1.0)"
0,956512.5,0,0,0,0,0,0,0,0,0,"(0.0, 0.0)","(0.0, 0.0)","(0.0, 0.0)","(0.0, 0.0, 0.0)","(0.0, 0.0, 0.0)","(0.0, 0.0, 0.0)","(0.0, 0.0, 0.0)","(0.0, 0.0, 0.0)","(0.0, 0.0, 0.0)",0,0,0,0,0,0,False,0,0,0,0,0,0,0,0,"(0.0, 6.0, 1895.5)","(0.2, 0.0, 0.0, 1.0)"
0,956534.6,0,0,0,0,0,0,0,0,0,"(0.0, 0.0)","(0.0, 0.0)","(0.0, 0.0)","(0.0, 0.0, 0.0)","(0.0, 0.0, 0.0)","(0.0, 0.0, 0.0)","(0.0, 0.0, 0.0)","(0.0, 0.0, 0.0)","(0.0, 0.0, 0.0)",0,0,0,0,0,0,False,0,0,0,0,0,0,0,0,"(0.0, 6.0, 1895.9)","(0.2, 0.0, 0.0, 1.0)"
0,956556.4,0,0,0,0,0,0,0,0,0,"(0.0, 0.0)","(0.0, 0.0)","(0.0, 0.0)","(0.0, 0.0, 0.0)","(0.0, 0.0, 0.0)","(0.0, 0.0, 0.0)","(0.0, 0.0, 0.0)","(0.0, 0.0, 0.0)","(0.0, 0.0, 0.0)",0,0,0,0,0,0,False,0,0,0,0,0,0,0,0,"(0.0, 6.0, 1896.4)","(0.2, 0.0, 0.0, 1.0)"
0,956584.8,0,0,0,0,0,0,0,0,0,"(0.0, 0.0)","(0.0, 0.0)","(0.0, 0.0)","(0.0, 0.0, 0.0)","(0.0, 0.0, 0.0)","(0.0, 0.0, 0.0)","(0.0, 0.0, 0.0)","(0.0, 0.0, 0.0)","(0.0, 0.0, 0.0)",0,0,0,0,0,0,False,0,0,0,0,0,0,0,0,"(0.0, 6.0, 1896.8)","(0.2, 0.0, 0.0, 1.0)"
0,956607,0,0,0,0,0,0,0,0,0,"(0.0, 0.0)","(0.0, 0.0)","(0.0, 0.0)","(0.0, 0.0, 0.0)","(0.0, 0.0, 0.0)","(0.0, 0.0, 0.0)","(0.0, 0.0, 0.0)","(0.0, 0.0, 0.0)","(0.0, 0.0, 0.0)",0,0,0,0,0,0,False,0,0,0,0,0,0,0,0,"(0.0, 6.0, 1897.2)","(0.2, 0.0, 0.0, 1.0)"
0,956627.3,0,0,0,0,0,0,0,0,0,"(0.0, 0.0)","(0.0, 0.0)","(0.0, 0.0)","(0.0, 0.0, 0.0)","(0.0, 0.0, 0.0)","(0.0, 0.0, 0.0)","(0.0, 0.0, 0.0)","(0.0, 0.0, 0.0)","(0.0, 0.0, 0.0)",0,0,0,0,0,0,False,0,0,0,0,0,0,0,0,"(0.0, 6.0, 1897.6)","(0.2, 0.0, 0.0, 1.0)"
0,956646.5,0,0,0,0,0,0,0,0,0,"(0.0, 0.0)","(0.0, 0.0)","(0.0, 0.0)","(0.0, 0.0, 0.0)","(0.0, 0.0, 0.0)","(0.0, 0.0, 0.0)","(0.0, 0.0, 0.0)","(0.0, 0.0, 0.0)","(0.0, 0.0, 0.0)",0,0,0,0,0,0,False,0,0,0,0,0,0,0,0,"(0.0, 6.0, 1898.1)","(0.2, 0.0, 0.0, 1.0)"
0,956667.9,0,0,0,0,0,0,0,0,0,"(0.0, 0.0)","(0.0, 0.0)","(0.0, 0.0)","(0.0, 0.0, 0.0)","(0.0, 0.0, 0.0)","(0.0, 0.0, 0.0)","(0.0, 0.0, 0.0)","(0.0, 0.0, 0.0)","(0.0, 0.0, 0.0)",0,0,0,0,0,0,False,0,0,0,0,0,0,0,0,"(0.0, 6.0, 1898.5)","(0.2, 0.0, 0.0, 1.0)"
0,956687.8,0,0,0,0,0,0,0,0,0,"(0.0, 0.0)","(0.0, 0.0)","(0.0, 0.0)","(0.0, 0.0, 0.0)","(0.0, 0.0, 0.0)","(0.0, 0.0, 0.0)","(0.0, 0.0, 0.0)","(0.0, 0.0, 0.0)","(0.0, 0.0, 0.0)",0,0,0,0,0,0,False,0,0,0,0,0,0,0,0,"(0.0, 6.0, 1898.9)","(0.2, 0.0, 0.0, 1.0)"
0,956708.3,0,0,0,0,0,0,0,0,0,"(0.0, 0.0)","(0.0, 0.0)","(0.0, 0.0)","(0.0, 0.0, 0.0)","(0.0, 0.0, 0.0)","(0.0, 0.0, 0.0)","(0.0, 0.0, 0.0)","(0.0, 0.0, 0.0)","(0.0, 0.0, 0.0)",0,0,0,0,0,0,False,0,0,0,0,0,0,0,0,"(0.0, 6.0, 1899.3)","(0.2, 0.0, 0.0, 1.0)"
0,956728,0,0,0,0,0,0,0,0,0,"(0.0, 0.0)","(0.0, 0.0)","(0.0, 0.0)","(0.0, 0.0, 0.0)","(0.0, 0.0, 0.0)","(0.0, 0.0, 0.0)","(0.0, 0.0, 0.0)","(0.0, 0.0, 0.0)","(0.0, 0.0, 0.0)",0,0,0,0,0,0,False,0,0,0,0,0,0,0,0,"(0.0, 6.0, 1899.7)","(0.2, 0.0, 0.0, 1.0)"
0,956748.3,0,0,0,0,0,0,0,0,0,"(0.0, 0.0)","(0.0, 0.0)","(0.0, 0.0)","(0.0, 0.0, 0.0)","(0.0, 0.0, 0.0)","(0.0, 0.0, 0.0)","(0.0, 0.0, 0.0)","(0.0, 0.0, 0.0)","(0.0, 0.0, 0.0)",0,0,0,0,0,0,False,0,0,0,0,0,0,0,0,"(0.0, 6.0, 1900.1)","(0.2, 0.0, 0.0, 1.0)"
0,956770.6,0,0,0,0,0,0,0,0,0,"(0.0, 0.0)","(0.0, 0.0)","(0.0, 0.0)","(0.0, 0.0, 0.0)","(0.0, 0.0, 0.0)","(0.0, 0.0, 0.0)","(0.0, 0.0, 0.0)","(0.0, 0.0, 0.0)","(0.0, 0.0, 0.0)",0,0,0,0,0,0,False,0,0,0,0,0,0,0,0,"(0.0, 6.0, 1900.5)","(0.2, 0.0, 0.0, 1.0)"
0,956789.9,0,0,0,0,0,0,0,0,0,"(0.0, 0.0)","(0.0, 0.0)","(0.0, 0.0)","(0.0, 0.0, 0.0)","(0.0, 0.0, 0.0)","(0.0, 0.0, 0.0)","(0.0, 0.0, 0.0)","(0.0, 0.0, 0.0)","(0.0, 0.0, 0.0)",0,0,0,0,0,0,False,0,0,0,0,0,0,0,0,"(0.0, 6.0, 1900.9)","(0.2, 0.0, 0.0, 1.0)"
0,956808.8,0,0,0,0,0,0,0,0,0,"(0.0, 0.0)","(0.0, 0.0)","(0.0, 0.0)","(0.0, 0.0, 0.0)","(0.0, 0.0, 0.0)","(0.0, 0.0, 0.0)","(0.0, 0.0, 0.0)","(0.0, 0.0, 0.0)","(0.0, 0.0, 0.0)",0,0,0,0,0,0,False,0,0,0,0,0,0,0,0,"(0.0, 6.0, 1901.3)","(0.2, 0.0, 0.0, 1.0)"
0,956834.8,0,0,0,0,0,0,0,0,0,"(0.0, 0.0)","(0.0, 0.0)","(0.0, 0.0)","(0.0, 0.0, 0.0)","(0.0, 0.0, 0.0)","(0.0, 0.0, 0.0)","(0.0, 0.0, 0.0)","(0.0, 0.0, 0.0)","(0.0, 0.0, 0.0)",0,0,0,0,0,0,False,0,0,0,0,0,0,0,0,"(0.0, 6.0, 1901.7)","(0.2, 0.0, 0.0, 1.0)"
0,956853.4,0,0,0,0,0,0,0,0,0,"(0.0, 0.0)","(0.0, 0.0)","(0.0, 0.0)","(0.0, 0.0, 0.0)","(0.0, 0.0, 0.0)","(0.0, 0.0, 0.0)","(0.0, 0.0, 0.0)","(0.0, 0.0, 0.0)","(0.0, 0.0, 0.0)",0,0,0,0,0,0,False,0,0,0,0,0,0,0,0,"(0.0, 6.0, 1902.1)","(0.2, 0.0, 0.0, 1.0)"
0,956872.4,0,0,0,0,0,0,0,0,0,"(0.0, 0.0)","(0.0, 0.0)","(0.0, 0.0)","(0.0, 0.0, 0.0)","(0.0, 0.0, 0.0)","(0.0, 0.0, 0.0)","(0.0, 0.0, 0.0)","(0.0, 0.0, 0.0)","(0.0, 0.0, 0.0)",0,0,0,0,0,0,False,0,0,0,0,0,0,0,0,"(0.0, 6.0, 1902.5)","(0.2, 0.0, 0.0, 1.0)"
0,956891.3,0,0,0,0,0,0,0,0,0,"(0.0, 0.0)","(0.0, 0.0)","(0.0, 0.0)","(0.0, 0.0, 0.0)","(0.0, 0.0, 0.0)","(0.0, 0.0, 0.0)","(0.0, 0.0, 0.0)","(0.0, 0.0, 0.0)","(0.0, 0.0, 0.0)",0,0,0,0,0,0,False,0,0,0,0,0,0,0,0,"(0.0, 6.0, 1902.9)","(0.2, 0.0, 0.0, 1.0)"
0,956910.7,0,0,0,0,0,0,0,0,0,"(0.0, 0.0)","(0.0, 0.0)","(0.0, 0.0)","(0.0, 0.0, 0.0)","(0.0, 0.0, 0.0)","(0.0, 0.0, 0.0)","(0.0, 0.0, 0.0)","(0.0, 0.0, 0.0)","(0.0, 0.0, 0.0)",0,0,0,0,0,0,False,0,0,0,0,0,0,0,0,"(0.0, 6.0, 1903.3)","(0.2, 0.0, 0.0, 1.0)"
0,956937.5,0,0,0,0,0,0,0,0,0,"(0.0, 0.0)","(0.0, 0.0)","(0.0, 0.0)","(0.0, 0.0, 0.0)","(0.0, 0.0, 0.0)","(0.0, 0.0, 0.0)","(0.0, 0.0, 0.0)","(0.0, 0.0, 0.0)","(0.0, 0.0, 0.0)",0,0,0,0,0,0,False,0,0,0,0,0,0,0,0,"(0.0, 6.0, 1903.7)","(0.2, 0.0, 0.0, 1.0)"
0,956961.3,0,0,0,0,0,0,0,0,0,"(0.0, 0.0)","(0.0, 0.0)","(0.0, 0.0)","(0.0, 0.0, 0.0)","(0.0, 0.0, 0.0)","(0.0, 0.0, 0.0)","(0.0, 0.0, 0.0)","(0.0, 0.0, 0.0)","(0.0, 0.0, 0.0)",0,0,0,0,0,0,False,0,0,0,0,0,0,0,0,"(0.0, 6.0, 1904.1)","(0.2, 0.0, 0.0, 1.0)"
0,956981.6,0,0,0,0,0,0,0,0,0,"(0.0, 0.0)","(0.0, 0.0)","(0.0, 0.0)","(0.0, 0.0, 0.0)","(0.0, 0.0, 0.0)","(0.0, 0.0, 0.0)","(0.0, 0.0, 0.0)","(0.0, 0.0, 0.0)","(0.0, 0.0, 0.0)",0,0,0,0,0,0,False,0,0,0,0,0,0,0,0,"(0.0, 6.0, 1904.6)","(0.2, 0.0, 0.0, 1.0)"
0,957004.8,0,0,0,0,0,0,0,0,0,"(0.0, 0.0)","(0.0, 0.0)","(0.0, 0.0)","(0.0, 0.0, 0.0)","(0.0, 0.0, 0.0)","(0.0, 0.0, 0.0)","(0.0, 0.0, 0.0)","(0.0, 0.0, 0.0)","(0.0, 0.0, 0.0)",0,0,0,0,0,0,False,0,0,0,0,0,0,0,0,"(0.0, 6.0, 1905.0)","(0.2, 0.0, 0.0, 1.0)"
0,957023.7,0,0,0,0,0,0,0,0,0,"(0.0, 0.0)","(0.0, 0.0)","(0.0, 0.0)","(0.0, 0.0, 0.0)","(0.0, 0.0, 0.0)","(0.0, 0.0, 0.0)","(0.0, 0.0, 0.0)","(0.0, 0.0, 0.0)","(0.0, 0.0, 0.0)",0,0,0,0,0,0,False,0,0,0,0,0,0,0,0,"(0.0, 6.0, 1905.4)","(0.2, 0.0, 0.0, 1.0)"
0,957044,0,0,0,0,0,0,0,0,0,"(0.0, 0.0)","(0.0, 0.0)","(0.0, 0.0)","(0.0, 0.0, 0.0)","(0.0, 0.0, 0.0)","(0.0, 0.0, 0.0)","(0.0, 0.0, 0.0)","(0.0, 0.0, 0.0)","(0.0, 0.0, 0.0)",0,0,0,0,0,0,False,0,0,0,0,0,0,0,0,"(0.0, 6.0, 1905.8)","(0.2, 0.0, 0.0, 1.0)"
0,957068.3,0,0,0,0,0,0,0,0,0,"(0.0, 0.0)","(0.0, 0.0)","(0.0, 0.0)","(0.0, 0.0, 0.0)","(0.0, 0.0, 0.0)","(0.0, 0.0, 0.0)","(0.0, 0.0, 0.0)","(0.0, 0.0, 0.0)","(0.0, 0.0, 0.0)",0,0,0,0,0,0,False,0,0,0,0,0,0,0,0,"(0.0, 6.0, 1906.2)","(0.2, 0.0, 0.0, 1.0)"
0,957088,0,0,0,0,0,0,0,0,0,"(0.0, 0.0)","(0.0, 0.0)","(0.0, 0.0)","(0.0, 0.0, 0.0)","(0.0, 0.0, 0.0)","(0.0, 0.0, 0.0)","(0.0, 0.0, 0.0)","(0.0, 0.0, 0.0)","(0.0, 0.0, 0.0)",0,0,0,0,0,0,False,0,0,0,0,0,0,0,0,"(0.0, 6.0, 1906.6)","(0.2, 0.0, 0.0, 1.0)"
0,957106.9,0,0,0,0,0,0,0,0,0,"(0.0, 0.0)","(0.0, 0.0)","(0.0, 0.0)","(0.0, 0.0, 0.0)","(0.0, 0.0, 0.0)","(0.0, 0.0, 0.0)","(0.0, 0.0, 0.0)","(0.0, 0.0, 0.0)","(0.0, 0.0, 0.0)",0,0,0,0,0,0,False,0,0,0,0,0,0,0,0,"(0.0, 6.0, 1907.0)","(0.2, 0.0, 0.0, 1.0)"
0,957127,0,0,0,0,0,0,0,0,0,"(0.0, 0.0)","(0.0, 0.0)","(0.0, 0.0)","(0.0, 0.0, 0.0)","(0.0, 0.0, 0.0)","(0.0, 0.0, 0.0)","(0.0, 0.0, 0.0)","(0.0, 0.0, 0.0)","(0.0, 0.0, 0.0)",0,0,0,0,0,0,False,0,0,0,0,0,0,0,0,"(0.0, 6.0, 1907.4)","(0.2, 0.0, 0.0, 1.0)"
0,957145.1,0,0,0,0,0,0,0,0,0,"(0.0, 0.0)","(0.0, 0.0)","(0.0, 0.0)","(0.0, 0.0, 0.0)","(0.0, 0.0, 0.0)","(0.0, 0.0, 0.0)","(0.0, 0.0, 0.0)","(0.0, 0.0, 0.0)","(0.0, 0.0, 0.0)",0,0,0,0,0,0,False,0,0,0,0,0,0,0,0,"(0.0, 6.0, 1907.8)","(0.2, 0.0, 0.0, 1.0)"
0,957164.1,0,0,0,0,0,0,0,0,0,"(0.0, 0.0)","(0.0, 0.0)","(0.0, 0.0)","(0.0, 0.0, 0.0)","(0.0, 0.0, 0.0)","(0.0, 0.0, 0.0)","(0.0, 0.0, 0.0)","(0.0, 0.0, 0.0)","(0.0, 0.0, 0.0)",0,0,0,0,0,0,False,0,0,0,0,0,0,0,0,"(0.0, 6.0, 1908.2)","(0.2, 0.0, 0.0, 1.0)"
0,957183.6,0,0,0,0,0,0,0,0,0,"(0.0, 0.0)","(0.0, 0.0)","(0.0, 0.0)","(0.0, 0.0, 0.0)","(0.0, 0.0, 0.0)","(0.0, 0.0, 0.0)","(0.0, 0.0, 0.0)","(0.0, 0.0, 0.0)","(0.0, 0.0, 0.0)",0,0,0,0,0,0,False,0,0,0,0,0,0,0,0,"(0.0, 6.0, 1908.6)","(0.2, 0.0, 0.0, 1.0)"
0,957204.1,0,0,0,0,0,0,0,0,0,"(0.0, 0.0)","(0.0, 0.0)","(0.0, 0.0)","(0.0, 0.0, 0.0)","(0.0, 0.0, 0.0)","(0.0, 0.0, 0.0)","(0.0, 0.0, 0.0)","(0.0, 0.0, 0.0)","(0.0, 0.0, 0.0)",0,0,0,0,0,0,False,0,0,0,0,0,0,0,0,"(0.0, 6.0, 1908.9)","(0.2, 0.0, 0.0, 1.0)"
0,957223.7,0,0,0,0,0,0,0,0,0,"(0.0, 0.0)","(0.0, 0.0)","(0.0, 0.0)","(0.0, 0.0, 0.0)","(0.0, 0.0, 0.0)","(0.0, 0.0, 0.0)","(0.0, 0.0, 0.0)","(0.0, 0.0, 0.0)","(0.0, 0.0, 0.0)",0,0,0,0,0,0,False,0,0,0,0,0,0,0,0,"(0.0, 6.0, 1909.3)","(0.2, 0.0, 0.0, 1.0)"
0,957244.6,0,0,0,0,0,0,0,0,0,"(0.0, 0.0)","(0.0, 0.0)","(0.0, 0.0)","(0.0, 0.0, 0.0)","(0.0, 0.0, 0.0)","(0.0, 0.0, 0.0)","(0.0, 0.0, 0.0)","(0.0, 0.0, 0.0)","(0.0, 0.0, 0.0)",0,0,0,0,0,0,False,0,0,0,0,0,0,0,0,"(0.0, 6.0, 1909.7)","(0.2, 0.0, 0.0, 1.0)"
0,957267.7,0,0,0,0,0,0,0,0,0,"(0.0, 0.0)","(0.0, 0.0)","(0.0, 0.0)","(0.0, 0.0, 0.0)","(0.0, 0.0, 0.0)","(0.0, 0.0, 0.0)","(0.0, 0.0, 0.0)","(0.0, 0.0, 0.0)","(0.0, 0.0, 0.0)",0,0,0,0,0,0,False,0,0,0,0,0,0,0,0,"(0.0, 6.0, 1910.1)","(0.2, 0.0, 0.0, 1.0)"
0,957288.7,0,0,0,0,0,0,0,0,0,"(0.0, 0.0)","(0.0, 0.0)","(0.0, 0.0)","(0.0, 0.0, 0.0)","(0.0, 0.0, 0.0)","(0.0, 0.0, 0.0)","(0.0, 0.0, 0.0)","(0.0, 0.0, 0.0)","(0.0, 0.0, 0.0)",0,0,0,0,0,0,False,0,0,0,0,0,0,0,0,"(0.0, 6.0, 1910.5)","(0.2, 0.0, 0.0, 1.0)"
0,957311.8,0,0,0,0,0,0,0,0,0,"(0.0, 0.0)","(0.0, 0.0)","(0.0, 0.0)","(0.0, 0.0, 0.0)","(0.0, 0.0, 0.0)","(0.0, 0.0, 0.0)","(0.0, 0.0, 0.0)","(0.0, 0.0, 0.0)","(0.0, 0.0, 0.0)",0,0,0,0,0,0,False,0,0,0,0,0,0,0,0,"(0.0, 6.0, 1910.9)","(0.2, 0.0, 0.0, 1.0)"
0,957334,0,0,0,0,0,0,0,0,0,"(0.0, 0.0)","(0.0, 0.0)","(0.0, 0.0)","(0.0, 0.0, 0.0)","(0.0, 0.0, 0.0)","(0.0, 0.0, 0.0)","(0.0, 0.0, 0.0)","(0.0, 0.0, 0.0)","(0.0, 0.0, 0.0)",0,0,0,0,0,0,False,0,0,0,0,0,0,0,0,"(0.0, 6.0, 1911.3)","(0.2, 0.0, 0.0, 1.0)"
0,957355.8,0,0,0,0,0,0,0,0,0,"(0.0, 0.0)","(0.0, 0.0)","(0.0, 0.0)","(0.0, 0.0, 0.0)","(0.0, 0.0, 0.0)","(0.0, 0.0, 0.0)","(0.0, 0.0, 0.0)","(0.0, 0.0, 0.0)","(0.0, 0.0, 0.0)",0,0,0,0,0,0,False,0,0,0,0,0,0,0,0,"(0.0, 6.0, 1911.7)","(0.2, 0.0, 0.0, 1.0)"
0,957378.3,0,0,0,0,0,0,0,0,0,"(0.0, 0.0)","(0.0, 0.0)","(0.0, 0.0)","(0.0, 0.0, 0.0)","(0.0, 0.0, 0.0)","(0.0, 0.0, 0.0)","(0.0, 0.0, 0.0)","(0.0, 0.0, 0.0)","(0.0, 0.0, 0.0)",0,0,0,0,0,0,False,0,0,0,0,0,0,0,0,"(0.0, 6.0, 1912.1)","(0.2, 0.0, 0.0, 1.0)"
0,957400.8,0,0,0,0,0,0,0,0,0,"(0.0, 0.0)","(0.0, 0.0)","(0.0, 0.0)","(0.0, 0.0, 0.0)","(0.0, 0.0, 0.0)","(0.0, 0.0, 0.0)","(0.0, 0.0, 0.0)","(0.0, 0.0, 0.0)","(0.0, 0.0, 0.0)",0,0,0,0,0,0,False,0,0,0,0,0,0,0,0,"(0.0, 6.0, 1912.5)","(0.2, 0.0, 0.0, 1.0)"
0,957422.1,0,0,0,0,0,0,0,0,0,"(0.0, 0.0)","(0.0, 0.0)","(0.0, 0.0)","(0.0, 0.0, 0.0)","(0.0, 0.0, 0.0)","(0.0, 0.0, 0.0)","(0.0, 0.0, 0.0)","(0.0, 0.0, 0.0)","(0.0, 0.0, 0.0)",0,0,0,0,0,0,False,0,0,0,0,0,0,0,0,"(0.0, 6.0, 1912.9)","(0.2, 0.0, 0.0, 1.0)"
0,957451.4,0,0,0,0,0,0,0,0,0,"(0.0, 0.0)","(0.0, 0.0)","(0.0, 0.0)","(0.0, 0.0, 0.0)","(0.0, 0.0, 0.0)","(0.0, 0.0, 0.0)","(0.0, 0.0, 0.0)","(0.0, 0.0, 0.0)","(0.0, 0.0, 0.0)",0,0,0,0,0,0,False,0,0,0,0,0,0,0,0,"(0.0, 6.0, 1913.3)","(0.2, 0.0, 0.0, 1.0)"
0,957471.6,0,0,0,0,0,0,0,0,0,"(0.0, 0.0)","(0.0, 0.0)","(0.0, 0.0)","(0.0, 0.0, 0.0)","(0.0, 0.0, 0.0)","(0.0, 0.0, 0.0)","(0.0, 0.0, 0.0)","(0.0, 0.0, 0.0)","(0.0, 0.0, 0.0)",0,0,0,0,0,0,False,0,0,0,0,0,0,0,0,"(0.0, 6.0, 1913.8)","(0.2, 0.0, 0.0, 1.0)"
0,957490.6,0,0,0,0,0,0,0,0,0,"(0.0, 0.0)","(0.0, 0.0)","(0.0, 0.0)","(0.0, 0.0, 0.0)","(0.0, 0.0, 0.0)","(0.0, 0.0, 0.0)","(0.0, 0.0, 0.0)","(0.0, 0.0, 0.0)","(0.0, 0.0, 0.0)",0,0,0,0,0,0,False,0,0,0,0,0,0,0,0,"(0.0, 6.0, 1914.2)","(0.2, 0.0, 0.0, 1.0)"
0,957511.3,0,0,0,0,0,0,0,0,0,"(0.0, 0.0)","(0.0, 0.0)","(0.0, 0.0)","(0.0, 0.0, 0.0)","(0.0, 0.0, 0.0)","(0.0, 0.0, 0.0)","(0.0, 0.0, 0.0)","(0.0, 0.0, 0.0)","(0.0, 0.0, 0.0)",0,0,0,0,0,0,False,0,0,0,0,0,0,0,0,"(0.0, 6.0, 1914.6)","(0.2, 0.0, 0.0, 1.0)"
0,957545.7,0,0,0,0,0,0,0,0,0,"(0.0, 0.0)","(0.0, 0.0)","(0.0, 0.0)","(0.0, 0.0, 0.0)","(0.0, 0.0, 0.0)","(0.0, 0.0, 0.0)","(0.0, 0.0, 0.0)","(0.0, 0.0, 0.0)","(0.0, 0.0, 0.0)",0,0,0,0,0,0,False,0,0,0,0,0,0,0,0,"(0.0, 6.0, 1915.0)","(0.2, 0.0, 0.0, 1.0)"
0,957568.3,0,0,0,0,0,0,0,0,0,"(0.0, 0.0)","(0.0, 0.0)","(0.0, 0.0)","(0.0, 0.0, 0.0)","(0.0, 0.0, 0.0)","(0.0, 0.0, 0.0)","(0.0, 0.0, 0.0)","(0.0, 0.0, 0.0)","(0.0, 0.0, 0.0)",0,0,0,0,0,0,False,0,0,0,0,0,0,0,0,"(0.0, 6.0, 1915.5)","(0.2, 0.0, 0.0, 1.0)"
0,957589.1,0,0,0,0,0,0,0,0,0,"(0.0, 0.0)","(0.0, 0.0)","(0.0, 0.0)","(0.0, 0.0, 0.0)","(0.0, 0.0, 0.0)","(0.0, 0.0, 0.0)","(0.0, 0.0, 0.0)","(0.0, 0.0, 0.0)","(0.0, 0.0, 0.0)",0,0,0,0,0,0,False,0,0,0,0,0,0,0,0,"(0.0, 6.0, 1915.9)","(0.2, 0.0, 0.0, 1.0)"
0,957607.9,0,0,0,0,0,0,0,0,0,"(0.0, 0.0)","(0.0, 0.0)","(0.0, 0.0)","(0.0, 0.0, 0.0)","(0.0, 0.0, 0.0)","(0.0, 0.0, 0.0)","(0.0, 0.0, 0.0)","(0.0, 0.0, 0.0)","(0.0, 0.0, 0.0)",0,0,0,0,0,0,False,0,0,0,0,0,0,0,0,"(0.0, 6.0, 1916.3)","(0.2, 0.0, 0.0, 1.0)"
0,957628.4,0,0,0,0,0,0,0,0,0,"(0.0, 0.0)","(0.0, 0.0)","(0.0, 0.0)","(0.0, 0.0, 0.0)","(0.0, 0.0, 0.0)","(0.0, 0.0, 0.0)","(0.0, 0.0, 0.0)","(0.0, 0.0, 0.0)","(0.0, 0.0, 0.0)",0,0,0,0,0,0,False,0,0,0,0,0,0,0,0,"(0.0, 6.0, 1916.7)","(0.2, 0.0, 0.0, 1.0)"
0,957649.4,0,0,0,0,0,0,0,0,0,"(0.0, 0.0)","(0.0, 0.0)","(0.0, 0.0)","(0.0, 0.0, 0.0)","(0.0, 0.0, 0.0)","(0.0, 0.0, 0.0)","(0.0, 0.0, 0.0)","(0.0, 0.0, 0.0)","(0.0, 0.0, 0.0)",0,0,0,0,0,0,False,0,0,0,0,0,0,0,0,"(0.0, 6.0, 1917.1)","(0.2, 0.0, 0.0, 1.0)"
0,957670.4,0,0,0,0,0,0,0,0,0,"(0.0, 0.0)","(0.0, 0.0)","(0.0, 0.0)","(0.0, 0.0, 0.0)","(0.0, 0.0, 0.0)","(0.0, 0.0, 0.0)","(0.0, 0.0, 0.0)","(0.0, 0.0, 0.0)","(0.0, 0.0, 0.0)",0,0,0,0,0,0,False,0,0,0,0,0,0,0,0,"(0.0, 6.0, 1917.6)","(0.2, 0.0, 0.0, 1.0)"
0,957690.4,0,0,0,0,0,0,0,0,0,"(0.0, 0.0)","(0.0, 0.0)","(0.0, 0.0)","(0.0, 0.0, 0.0)","(0.0, 0.0, 0.0)","(0.0, 0.0, 0.0)","(0.0, 0.0, 0.0)","(0.0, 0.0, 0.0)","(0.0, 0.0, 0.0)",0,0,0,0,0,0,False,0,0,0,0,0,0,0,0,"(0.0, 6.0, 1918.0)","(0.2, 0.0, 0.0, 1.0)"
0,957710.4,0,0,0,0,0,0,0,0,0,"(0.0, 0.0)","(0.0, 0.0)","(0.0, 0.0)","(0.0, 0.0, 0.0)","(0.0, 0.0, 0.0)","(0.0, 0.0, 0.0)","(0.0, 0.0, 0.0)","(0.0, 0.0, 0.0)","(0.0, 0.0, 0.0)",0,0,0,0,0,0,False,0,0,0,0,0,0,0,0,"(0.0, 6.0, 1918.4)","(0.2, 0.0, 0.0, 1.0)"
0,957731.5,0,0,0,0,0,0,0,0,0,"(0.0, 0.0)","(0.0, 0.0)","(0.0, 0.0)","(0.0, 0.0, 0.0)","(0.0, 0.0, 0.0)","(0.0, 0.0, 0.0)","(0.0, 0.0, 0.0)","(0.0, 0.0, 0.0)","(0.0, 0.0, 0.0)",0,0,0,0,0,0,False,0,0,0,0,0,0,0,0,"(0.0, 6.0, 1918.8)","(0.2, 0.0, 0.0, 1.0)"
0,957752.1,0,0,0,0,0,0,0,0,0,"(0.0, 0.0)","(0.0, 0.0)","(0.0, 0.0)","(0.0, 0.0, 0.0)","(0.0, 0.0, 0.0)","(0.0, 0.0, 0.0)","(0.0, 0.0, 0.0)","(0.0, 0.0, 0.0)","(0.0, 0.0, 0.0)",0,0,0,0,0,0,False,0,0,0,0,0,0,0,0,"(0.0, 6.0, 1919.2)","(0.2, 0.0, 0.0, 1.0)"
0,957772.4,0,0,0,0,0,0,0,0,0,"(0.0, 0.0)","(0.0, 0.0)","(0.0, 0.0)","(0.0, 0.0, 0.0)","(0.0, 0.0, 0.0)","(0.0, 0.0, 0.0)","(0.0, 0.0, 0.0)","(0.0, 0.0, 0.0)","(0.0, 0.0, 0.0)",0,0,0,0,0,0,False,0,0,0,0,0,0,0,0,"(0.0, 6.0, 1919.6)","(0.2, 0.0, 0.0, 1.0)"
0,957791.8,0,0,0,0,0,0,0,0,0,"(0.0, 0.0)","(0.0, 0.0)","(0.0, 0.0)","(0.0, 0.0, 0.0)","(0.0, 0.0, 0.0)","(0.0, 0.0, 0.0)","(0.0, 0.0, 0.0)","(0.0, 0.0, 0.0)","(0.0, 0.0, 0.0)",0,0,0,0,0,0,False,0,0,0,0,0,0,0,0,"(0.0, 6.0, 1920.0)","(0.2, 0.0, 0.0, 1.0)"
0,957812.6,0,0,0,0,0,0,0,0,0,"(0.0, 0.0)","(0.0, 0.0)","(0.0, 0.0)","(0.0, 0.0, 0.0)","(0.0, 0.0, 0.0)","(0.0, 0.0, 0.0)","(0.0, 0.0, 0.0)","(0.0, 0.0, 0.0)","(0.0, 0.0, 0.0)",0,0,0,0,0,0,False,0,0,0,0,0,0,0,0,"(0.0, 6.0, 1920.4)","(0.2, 0.0, 0.0, 1.0)"
0,957837.4,0,0,0,0,0,0,0,0,0,"(0.0, 0.0)","(0.0, 0.0)","(0.0, 0.0)","(0.0, 0.0, 0.0)","(0.0, 0.0, 0.0)","(0.0, 0.0, 0.0)","(0.0, 0.0, 0.0)","(0.0, 0.0, 0.0)","(0.0, 0.0, 0.0)",0,0,0,0,0,0,False,0,0,0,0,0,0,0,0,"(0.0, 6.0, 1920.8)","(0.2, 0.0, 0.0, 1.0)"
0,957856,0,0,0,0,0,0,0,0,0,"(0.0, 0.0)","(0.0, 0.0)","(0.0, 0.0)","(0.0, 0.0, 0.0)","(0.0, 0.0, 0.0)","(0.0, 0.0, 0.0)","(0.0, 0.0, 0.0)","(0.0, 0.0, 0.0)","(0.0, 0.0, 0.0)",0,0,0,0,0,0,False,0,0,0,0,0,0,0,0,"(0.0, 6.0, 1921.2)","(0.2, 0.0, 0.0, 1.0)"
0,957874.9,0,0,0,0,0,0,0,0,0,"(0.0, 0.0)","(0.0, 0.0)","(0.0, 0.0)","(0.0, 0.0, 0.0)","(0.0, 0.0, 0.0)","(0.0, 0.0, 0.0)","(0.0, 0.0, 0.0)","(0.0, 0.0, 0.0)","(0.0, 0.0, 0.0)",0,0,0,0,0,0,False,0,0,0,0,0,0,0,0,"(0.0, 6.0, 1921.6)","(0.2, 0.0, 0.0, 1.0)"
0,957894.4,0,0,0,0,0,0,0,0,0,"(0.0, 0.0)","(0.0, 0.0)","(0.0, 0.0)","(0.0, 0.0, 0.0)","(0.0, 0.0, 0.0)","(0.0, 0.0, 0.0)","(0.0, 0.0, 0.0)","(0.0, 0.0, 0.0)","(0.0, 0.0, 0.0)",0,0,0,0,0,0,False,0,0,0,0,0,0,0,0,"(0.0, 6.0, 1922.0)","(0.2, 0.0, 0.0, 1.0)"
0,957914.1,0,0,0,0,0,0,0,0,0,"(0.0, 0.0)","(0.0, 0.0)","(0.0, 0.0)","(0.0, 0.0, 0.0)","(0.0, 0.0, 0.0)","(0.0, 0.0, 0.0)","(0.0, 0.0, 0.0)","(0.0, 0.0, 0.0)","(0.0, 0.0, 0.0)",0,0,0,0,0,0,False,0,0,0,0,0,0,0,0,"(0.0, 6.0, 1922.4)","(0.2, 0.0, 0.0, 1.0)"
0,957934.3,0,0,0,0,0,0,0,0,0,"(0.0, 0.0)","(0.0, 0.0)","(0.0, 0.0)","(0.0, 0.0, 0.0)","(0.0, 0.0, 0.0)","(0.0, 0.0, 0.0)","(0.0, 0.0, 0.0)","(0.0, 0.0, 0.0)","(0.0, 0.0, 0.0)",0,0,0,0,0,0,False,0,0,0,0,0,0,0,0,"(0.0, 6.0, 1922.8)","(0.2, 0.0, 0.0, 1.0)"
0,957953.7,0,0,0,0,0,0,0,0,0,"(0.0, 0.0)","(0.0, 0.0)","(0.0, 0.0)","(0.0, 0.0, 0.0)","(0.0, 0.0, 0.0)","(0.0, 0.0, 0.0)","(0.0, 0.0, 0.0)","(0.0, 0.0, 0.0)","(0.0, 0.0, 0.0)",0,0,0,0,0,0,False,0,0,0,0,0,0,0,0,"(0.0, 6.0, 1923.2)","(0.2, 0.0, 0.0, 1.0)"
0,957975.8,0,0,0,0,0,0,0,0,0,"(0.0, 0.0)","(0.0, 0.0)","(0.0, 0.0)","(0.0, 0.0, 0.0)","(0.0, 0.0, 0.0)","(0.0, 0.0, 0.0)","(0.0, 0.0, 0.0)","(0.0, 0.0, 0.0)","(0.0, 0.0, 0.0)",0,0,0,0,0,0,False,0,0,0,0,0,0,0,0,"(0.0, 6.0, 1923.6)","(0.2, 0.0, 0.0, 1.0)"
0,957999.9,0,0,0,0,0,0,0,0,0,"(0.0, 0.0)","(0.0, 0.0)","(0.0, 0.0)","(0.0, 0.0, 0.0)","(0.0, 0.0, 0.0)","(0.0, 0.0, 0.0)","(0.0, 0.0, 0.0)","(0.0, 0.0, 0.0)","(0.0, 0.0, 0.0)",0,0,0,0,0,0,False,0,0,0,0,0,0,0,0,"(0.0, 6.0, 1924.0)","(0.2, 0.0, 0.0, 1.0)"
0,958019.9,0,0,0,0,0,0,0,0,0,"(0.0, 0.0)","(0.0, 0.0)","(0.0, 0.0)","(0.0, 0.0, 0.0)","(0.0, 0.0, 0.0)","(0.0, 0.0, 0.0)","(0.0, 0.0, 0.0)","(0.0, 0.0, 0.0)","(0.0, 0.0, 0.0)",0,0,0,0,0,0,False,0,0,0,0,0,0,0,0,"(0.0, 6.0, 1924.4)","(0.2, 0.0, 0.0, 1.0)"
0,958039.4,0,0,0,0,0,0,0,0,0,"(0.0, 0.0)","(0.0, 0.0)","(0.0, 0.0)","(0.0, 0.0, 0.0)","(0.0, 0.0, 0.0)","(0.0, 0.0, 0.0)","(0.0, 0.0, 0.0)","(0.0, 0.0, 0.0)","(0.0, 0.0, 0.0)",0,0,0,0,0,0,False,0,0,0,0,0,0,0,0,"(0.0, 6.0, 1924.8)","(0.2, 0.0, 0.0, 1.0)"
0,958058,0,0,0,0,0,0,0,0,0,"(0.0, 0.0)","(0.0, 0.0)","(0.0, 0.0)","(0.0, 0.0, 0.0)","(0.0, 0.0, 0.0)","(0.0, 0.0, 0.0)","(0.0, 0.0, 0.0)","(0.0, 0.0, 0.0)","(0.0, 0.0, 0.0)",0,0,0,0,0,0,False,0,0,0,0,0,0,0,0,"(0.0, 6.0, 1925.2)","(0.2, 0.0, 0.0, 1.0)"
0,958076.8,0,0,0,0,0,0,0,0,0,"(0.0, 0.0)","(0.0, 0.0)","(0.0, 0.0)","(0.0, 0.0, 0.0)","(0.0, 0.0, 0.0)","(0.0, 0.0, 0.0)","(0.0, 0.0, 0.0)","(0.0, 0.0, 0.0)","(0.0, 0.0, 0.0)",0,0,0,0,0,0,False,0,0,0,0,0,0,0,0,"(0.0, 6.0, 1925.5)","(0.2, 0.0, 0.0, 1.0)"
0,958097.6,0,0,0,0,0,0,0,0,0,"(0.0, 0.0)","(0.0, 0.0)","(0.0, 0.0)","(0.0, 0.0, 0.0)","(0.0, 0.0, 0.0)","(0.0, 0.0, 0.0)","(0.0, 0.0, 0.0)","(0.0, 0.0, 0.0)","(0.0, 0.0, 0.0)",0,0,0,0,0,0,False,0,0,0,0,0,0,0,0,"(0.0, 6.0, 1925.9)","(0.2, 0.0, 0.0, 1.0)"
0,958117.8,0,0,0,0,0,0,0,0,0,"(0.0, 0.0)","(0.0, 0.0)","(0.0, 0.0)","(0.0, 0.0, 0.0)","(0.0, 0.0, 0.0)","(0.0, 0.0, 0.0)","(0.0, 0.0, 0.0)","(0.0, 0.0, 0.0)","(0.0, 0.0, 0.0)",0,0,0,0,0,0,False,0,0,0,0,0,0,0,0,"(0.0, 6.0, 1926.3)","(0.2, 0.0, 0.0, 1.0)"
0,958137.6,0,0,0,0,0,0,0,0,0,"(0.0, 0.0)","(0.0, 0.0)","(0.0, 0.0)","(0.0, 0.0, 0.0)","(0.0, 0.0, 0.0)","(0.0, 0.0, 0.0)","(0.0, 0.0, 0.0)","(0.0, 0.0, 0.0)","(0.0, 0.0, 0.0)",0,0,0,0,0,0,False,0,0,0,0,0,0,0,0,"(0.0, 6.0, 1926.7)","(0.2, 0.0, 0.0, 1.0)"
0,958156.1,0,0,0,0,0,0,0,0,0,"(0.0, 0.0)","(0.0, 0.0)","(0.0, 0.0)","(0.0, 0.0, 0.0)","(0.0, 0.0, 0.0)","(0.0, 0.0, 0.0)","(0.0, 0.0, 0.0)","(0.0, 0.0, 0.0)","(0.0, 0.0, 0.0)",0,0,0,0,0,0,False,0,0,0,0,0,0,0,0,"(0.0, 6.0, 1927.1)","(0.2, 0.0, 0.0, 1.0)"
0,958178.3,0,0,0,0,0,0,0,0,0,"(0.0, 0.0)","(0.0, 0.0)","(0.0, 0.0)","(0.0, 0.0, 0.0)","(0.0, 0.0, 0.0)","(0.0, 0.0, 0.0)","(0.0, 0.0, 0.0)","(0.0, 0.0, 0.0)","(0.0, 0.0, 0.0)",0,0,0,0,0,0,False,0,0,0,0,0,0,0,0,"(0.0, 6.0, 1927.5)","(0.2, 0.0, 0.0, 1.0)"
0,958201.4,0,0,0,0,0,0,0,0,0,"(0.0, 0.0)","(0.0, 0.0)","(0.0, 0.0)","(0.0, 0.0, 0.0)","(0.0, 0.0, 0.0)","(0.0, 0.0, 0.0)","(0.0, 0.0, 0.0)","(0.0, 0.0, 0.0)","(0.0, 0.0, 0.0)",0,0,0,0,0,0,False,0,0,0,0,0,0,0,0,"(0.0, 6.0, 1927.9)","(0.2, 0.0, 0.0, 1.0)"
0,958220.8,0,0,0,0,0,0,0,0,0,"(0.0, 0.0)","(0.0, 0.0)","(0.0, 0.0)","(0.0, 0.0, 0.0)","(0.0, 0.0, 0.0)","(0.0, 0.0, 0.0)","(0.0, 0.0, 0.0)","(0.0, 0.0, 0.0)","(0.0, 0.0, 0.0)",0,0,0,0,0,0,False,0,0,0,0,0,0,0,0,"(0.0, 6.0, 1928.3)","(0.2, 0.0, 0.0, 1.0)"
0,958240.9,0,0,0,0,0,0,0,0,0,"(0.0, 0.0)","(0.0, 0.0)","(0.0, 0.0)","(0.0, 0.0, 0.0)","(0.0, 0.0, 0.0)","(0.0, 0.0, 0.0)","(0.0, 0.0, 0.0)","(0.0, 0.0, 0.0)","(0.0, 0.0, 0.0)",0,0,0,0,0,0,False,0,0,0,0,0,0,0,0,"(0.0, 6.0, 1928.6)","(0.2, 0.0, 0.0, 1.0)"
0,958259.4,0,0,0,0,0,0,0,0,0,"(0.0, 0.0)","(0.0, 0.0)","(0.0, 0.0)","(0.0, 0.0, 0.0)","(0.0, 0.0, 0.0)","(0.0, 0.0, 0.0)","(0.0, 0.0, 0.0)","(0.0, 0.0, 0.0)","(0.0, 0.0, 0.0)",0,0,0,0,0,0,False,0,0,0,0,0,0,0,0,"(0.0, 6.0, 1929.0)","(0.2, 0.0, 0.0, 1.0)"
0,958277.6,0,0,0,0,0,0,0,0,0,"(0.0, 0.0)","(0.0, 0.0)","(0.0, 0.0)","(0.0, 0.0, 0.0)","(0.0, 0.0, 0.0)","(0.0, 0.0, 0.0)","(0.0, 0.0, 0.0)","(0.0, 0.0, 0.0)","(0.0, 0.0, 0.0)",0,0,0,0,0,0,False,0,0,0,0,0,0,0,0,"(0.0, 6.0, 1929.4)","(0.2, 0.0, 0.0, 1.0)"
0,958300.8,0,0,0,0,0,0,0,0,0,"(0.0, 0.0)","(0.0, 0.0)","(0.0, 0.0)","(0.0, 0.0, 0.0)","(0.0, 0.0, 0.0)","(0.0, 0.0, 0.0)","(0.0, 0.0, 0.0)","(0.0, 0.0, 0.0)","(0.0, 0.0, 0.0)",0,0,0,0,0,0,False,0,0,0,0,0,0,0,0,"(0.0, 6.0, 1929.8)","(0.2, 0.0, 0.0, 1.0)"
0,958321.5,0,0,0,0,0,0,0,0,0,"(0.0, 0.0)","(0.0, 0.0)","(0.0, 0.0)","(0.0, 0.0, 0.0)","(0.0, 0.0, 0.0)","(0.0, 0.0, 0.0)","(0.0, 0.0, 0.0)","(0.0, 0.0, 0.0)","(0.0, 0.0, 0.0)",0,0,0,0,0,0,False,0,0,0,0,0,0,0,0,"(0.0, 6.0, 1930.2)","(0.2, 0.0, 0.0, 1.0)"
0,958344.6,0,0,0,0,0,0,0,0,0,"(0.0, 0.0)","(0.0, 0.0)","(0.0, 0.0)","(0.0, 0.0, 0.0)","(0.0, 0.0, 0.0)","(0.0, 0.0, 0.0)","(0.0, 0.0, 0.0)","(0.0, 0.0, 0.0)","(0.0, 0.0, 0.0)",0,0,0,0,0,0,False,0,0,0,0,0,0,0,0,"(0.0, 6.0, 1930.6)","(0.2, 0.0, 0.0, 1.0)"
0,958368.3,0,0,0,0,0,0,0,0,0,"(0.0, 0.0)","(0.0, 0.0)","(0.0, 0.0)","(0.0, 0.0, 0.0)","(0.0, 0.0, 0.0)","(0.0, 0.0, 0.0)","(0.0, 0.0, 0.0)","(0.0, 0.0, 0.0)","(0.0, 0.0, 0.0)",0,0,0,0,0,0,False,0,0,0,0,0,0,0,0,"(0.0, 6.0, 1931.0)","(0.2, 0.0, 0.0, 1.0)"
0,958387.9,0,0,0,0,0,0,0,0,0,"(0.0, 0.0)","(0.0, 0.0)","(0.0, 0.0)","(0.0, 0.0, 0.0)","(0.0, 0.0, 0.0)","(0.0, 0.0, 0.0)","(0.0, 0.0, 0.0)","(0.0, 0.0, 0.0)","(0.0, 0.0, 0.0)",0,0,0,0,0,0,False,0,0,0,0,0,0,0,0,"(0.0, 6.0, 1931.4)","(0.2, 0.0, 0.0, 1.0)"
0,958410.9,0,0,0,0,0,0,0,0,0,"(0.0, 0.0)","(0.0, 0.0)","(0.0, 0.0)","(0.0, 0.0, 0.0)","(0.0, 0.0, 0.0)","(0.0, 0.0, 0.0)","(0.0, 0.0, 0.0)","(0.0, 0.0, 0.0)","(0.0, 0.0, 0.0)",0,0,0,0,0,0,False,0,0,0,0,0,0,0,0,"(0.0, 6.0, 1931.8)","(0.2, 0.0, 0.0, 1.0)"
0,958433.8,0,0,0,0,0,0,0,0,0,"(0.0, 0.0)","(0.0, 0.0)","(0.0, 0.0)","(0.0, 0.0, 0.0)","(0.0, 0.0, 0.0)","(0.0, 0.0, 0.0)","(0.0, 0.0, 0.0)","(0.0, 0.0, 0.0)","(0.0, 0.0, 0.0)",0,0,0,0,0,0,False,0,0,0,0,0,0,0,0,"(0.0, 6.0, 1932.2)","(0.2, 0.0, 0.0, 1.0)"
0,958454.7,0,0,0,0,0,0,0,0,0,"(0.0, 0.0)","(0.0, 0.0)","(0.0, 0.0)","(0.0, 0.0, 0.0)","(0.0, 0.0, 0.0)","(0.0, 0.0, 0.0)","(0.0, 0.0, 0.0)","(0.0, 0.0, 0.0)","(0.0, 0.0, 0.0)",0,0,0,0,0,0,False,0,0,0,0,0,0,0,0,"(0.0, 6.0, 1932.6)","(0.2, 0.0, 0.0, 1.0)"
0,958477.4,0,0,0,0,0,0,0,0,0,"(0.0, 0.0)","(0.0, 0.0)","(0.0, 0.0)","(0.0, 0.0, 0.0)","(0.0, 0.0, 0.0)","(0.0, 0.0, 0.0)","(0.0, 0.0, 0.0)","(0.0, 0.0, 0.0)","(0.0, 0.0, 0.0)",0,0,0,0,0,0,False,0,0,0,0,0,0,0,0,"(0.0, 6.0, 1933.0)","(0.2, 0.0, 0.0, 1.0)"
0,958501.8,0,0,0,0,0,0,0,0,0,"(0.0, 0.0)","(0.0, 0.0)","(0.0, 0.0)","(0.0, 0.0, 0.0)","(0.0, 0.0, 0.0)","(0.0, 0.0, 0.0)","(0.0, 0.0, 0.0)","(0.0, 0.0, 0.0)","(0.0, 0.0, 0.0)",0,0,0,0,0,0,False,0,0,0,0,0,0,0,0,"(0.0, 6.0, 1933.4)","(0.2, 0.0, 0.0, 1.0)"
0,958521.5,0,0,0,0,0,0,0,0,0,"(0.0, 0.0)","(0.0, 0.0)","(0.0, 0.0)","(0.0, 0.0, 0.0)","(0.0, 0.0, 0.0)","(0.0, 0.0, 0.0)","(0.0, 0.0, 0.0)","(0.0, 0.0, 0.0)","(0.0, 0.0, 0.0)",0,0,0,0,0,0,False,0,0,0,0,0,0,0,0,"(0.0, 6.0, 1933.8)","(0.2, 0.0, 0.0, 1.0)"
0,958543.6,0,0,0,0,0,0,0,0,0,"(0.0, 0.0)","(0.0, 0.0)","(0.0, 0.0)","(0.0, 0.0, 0.0)","(0.0, 0.0, 0.0)","(0.0, 0.0, 0.0)","(0.0, 0.0, 0.0)","(0.0, 0.0, 0.0)","(0.0, 0.0, 0.0)",0,0,0,0,0,0,False,0,0,0,0,0,0,0,0,"(0.0, 6.0, 1934.2)","(0.2, 0.0, 0.0, 1.0)"
0,958566.8,0,0,0,0,0,0,0,0,0,"(0.0, 0.0)","(0.0, 0.0)","(0.0, 0.0)","(0.0, 0.0, 0.0)","(0.0, 0.0, 0.0)","(0.0, 0.0, 0.0)","(0.0, 0.0, 0.0)","(0.0, 0.0, 0.0)","(0.0, 0.0, 0.0)",0,0,0,0,0,0,False,0,0,0,0,0,0,0,0,"(0.0, 6.0, 1934.6)","(0.2, 0.0, 0.0, 1.0)"
0,958587.9,0,0,0,0,0,0,0,0,0,"(0.0, 0.0)","(0.0, 0.0)","(0.0, 0.0)","(0.0, 0.0, 0.0)","(0.0, 0.0, 0.0)","(0.0, 0.0, 0.0)","(0.0, 0.0, 0.0)","(0.0, 0.0, 0.0)","(0.0, 0.0, 0.0)",0,0,0,0,0,0,False,0,0,0,0,0,0,0,0,"(0.0, 6.0, 1935.0)","(0.2, 0.0, 0.0, 1.0)"
0,958610.9,0,0,0,0,0,0,0,0,0,"(0.0, 0.0)","(0.0, 0.0)","(0.0, 0.0)","(0.0, 0.0, 0.0)","(0.0, 0.0, 0.0)","(0.0, 0.0, 0.0)","(0.0, 0.0, 0.0)","(0.0, 0.0, 0.0)","(0.0, 0.0, 0.0)",0,0,0,0,0,0,False,0,0,0,0,0,0,0,0,"(0.0, 6.0, 1935.4)","(0.2, 0.0, 0.0, 1.0)"
0,958630,0,0,0,0,0,0,0,0,0,"(0.0, 0.0)","(0.0, 0.0)","(0.0, 0.0)","(0.0, 0.0, 0.0)","(0.0, 0.0, 0.0)","(0.0, 0.0, 0.0)","(0.0, 0.0, 0.0)","(0.0, 0.0, 0.0)","(0.0, 0.0, 0.0)",0,0,0,0,0,0,False,0,0,0,0,0,0,0,0,"(0.0, 6.0, 1935.9)","(0.2, 0.0, 0.0, 1.0)"
0,958650.3,0,0,0,0,0,0,0,0,0,"(0.0, 0.0)","(0.0, 0.0)","(0.0, 0.0)","(0.0, 0.0, 0.0)","(0.0, 0.0, 0.0)","(0.0, 0.0, 0.0)","(0.0, 0.0, 0.0)","(0.0, 0.0, 0.0)","(0.0, 0.0, 0.0)",0,0,0,0,0,0,False,0,0,0,0,0,0,0,0,"(0.0, 6.0, 1936.3)","(0.2, 0.0, 0.0, 1.0)"
0,958668.9,0,0,0,0,0,0,0,0,0,"(0.0, 0.0)","(0.0, 0.0)","(0.0, 0.0)","(0.0, 0.0, 0.0)","(0.0, 0.0, 0.0)","(0.0, 0.0, 0.0)","(0.0, 0.0, 0.0)","(0.0, 0.0, 0.0)","(0.0, 0.0, 0.0)",0,0,0,0,0,0,False,0,0,0,0,0,0,0,0,"(0.0, 6.0, 1936.7)","(0.2, 0.0, 0.0, 1.0)"
0,958687.8,0,0,0,0,0,0,0,0,0,"(0.0, 0.0)","(0.0, 0.0)","(0.0, 0.0)","(0.0, 0.0, 0.0)","(0.0, 0.0, 0.0)","(0.0, 0.0, 0.0)","(0.0, 0.0, 0.0)","(0.0, 0.0, 0.0)","(0.0, 0.0, 0.0)",0,0,0,0,0,0,False,0,0,0,0,0,0,0,0,"(0.0, 6.0, 1937.1)","(0.2, 0.0, 0.0, 1.0)"
0,958707.8,0,0,0,0,0,0,0,0,0,"(0.0, 0.0)","(0.0, 0.0)","(0.0, 0.0)","(0.0, 0.0, 0.0)","(0.0, 0.0, 0.0)","(0.0, 0.0, 0.0)","(0.0, 0.0, 0.0)","(0.0, 0.0, 0.0)","(0.0, 0.0, 0.0)",0,0,0,0,0,0,False,0,0,0,0,0,0,0,0,"(0.0, 6.0, 1937.5)","(0.2, 0.0, 0.0, 1.0)"
0,958726.1,0,0,0,0,0,0,0,0,0,"(0.0, 0.0)","(0.0, 0.0)","(0.0, 0.0)","(0.0, 0.0, 0.0)","(0.0, 0.0, 0.0)","(0.0, 0.0, 0.0)","(0.0, 0.0, 0.0)","(0.0, 0.0, 0.0)","(0.0, 0.0, 0.0)",0,0,0,0,0,0,False,0,0,0,0,0,0,0,0,"(0.0, 6.0, 1937.8)","(0.2, 0.0, 0.0, 1.0)"
0,958745.6,0,0,0,0,0,0,0,0,0,"(0.0, 0.0)","(0.0, 0.0)","(0.0, 0.0)","(0.0, 0.0, 0.0)","(0.0, 0.0, 0.0)","(0.0, 0.0, 0.0)","(0.0, 0.0, 0.0)","(0.0, 0.0, 0.0)","(0.0, 0.0, 0.0)",0,0,0,0,0,0,False,0,0,0,0,0,0,0,0,"(0.0, 6.0, 1938.2)","(0.2, 0.0, 0.0, 1.0)"
0,958765.4,0,0,0,0,0,0,0,0,0,"(0.0, 0.0)","(0.0, 0.0)","(0.0, 0.0)","(0.0, 0.0, 0.0)","(0.0, 0.0, 0.0)","(0.0, 0.0, 0.0)","(0.0, 0.0, 0.0)","(0.0, 0.0, 0.0)","(0.0, 0.0, 0.0)",0,0,0,0,0,0,False,0,0,0,0,0,0,0,0,"(0.0, 6.0, 1938.6)","(0.2, 0.0, 0.0, 1.0)"
0,958789.4,0,0,0,0,0,0,0,0,0,"(0.0, 0.0)","(0.0, 0.0)","(0.0, 0.0)","(0.0, 0.0, 0.0)","(0.0, 0.0, 0.0)","(0.0, 0.0, 0.0)","(0.0, 0.0, 0.0)","(0.0, 0.0, 0.0)","(0.0, 0.0, 0.0)",0,0,0,0,0,0,False,0,0,0,0,0,0,0,0,"(0.0, 6.0, 1939.0)","(0.2, 0.0, 0.0, 1.0)"
0,958809.1,0,0,0,0,0,0,0,0,0,"(0.0, 0.0)","(0.0, 0.0)","(0.0, 0.0)","(0.0, 0.0, 0.0)","(0.0, 0.0, 0.0)","(0.0, 0.0, 0.0)","(0.0, 0.0, 0.0)","(0.0, 0.0, 0.0)","(0.0, 0.0, 0.0)",0,0,0,0,0,0,False,0,0,0,0,0,0,0,0,"(0.0, 6.0, 1939.4)","(0.2, 0.0, 0.0, 1.0)"
0,958830.2,0,0,0,0,0,0,0,0,0,"(0.0, 0.0)","(0.0, 0.0)","(0.0, 0.0)","(0.0, 0.0, 0.0)","(0.0, 0.0, 0.0)","(0.0, 0.0, 0.0)","(0.0, 0.0, 0.0)","(0.0, 0.0, 0.0)","(0.0, 0.0, 0.0)",0,0,0,0,0,0,False,0,0,0,0,0,0,0,0,"(0.0, 6.0, 1939.8)","(0.2, 0.0, 0.0, 1.0)"
0,958851.1,0,0,0,0,0,0,0,0,0,"(0.0, 0.0)","(0.0, 0.0)","(0.0, 0.0)","(0.0, 0.0, 0.0)","(0.0, 0.0, 0.0)","(0.0, 0.0, 0.0)","(0.0, 0.0, 0.0)","(0.0, 0.0, 0.0)","(0.0, 0.0, 0.0)",0,0,0,0,0,0,False,0,0,0,0,0,0,0,0,"(0.0, 6.0, 1940.2)","(0.2, 0.0, 0.0, 1.0)"
0,958870.5,0,0,0,0,0,0,0,0,0,"(0.0, 0.0)","(0.0, 0.0)","(0.0, 0.0)","(0.0, 0.0, 0.0)","(0.0, 0.0, 0.0)","(0.0, 0.0, 0.0)","(0.0, 0.0, 0.0)","(0.0, 0.0, 0.0)","(0.0, 0.0, 0.0)",0,0,0,0,0,0,False,0,0,0,0,0,0,0,0,"(0.0, 6.0, 1940.6)","(0.2, 0.0, 0.0, 1.0)"
0,958890.3,0,0,0,0,0,0,0,0,0,"(0.0, 0.0)","(0.0, 0.0)","(0.0, 0.0)","(0.0, 0.0, 0.0)","(0.0, 0.0, 0.0)","(0.0, 0.0, 0.0)","(0.0, 0.0, 0.0)","(0.0, 0.0, 0.0)","(0.0, 0.0, 0.0)",0,0,0,0,0,0,False,0,0,0,0,0,0,0,0,"(0.0, 6.0, 1941.0)","(0.2, 0.0, 0.0, 1.0)"
0,958909.9,0,0,0,0,0,0,0,0,0,"(0.0, 0.0)","(0.0, 0.0)","(0.0, 0.0)","(0.0, 0.0, 0.0)","(0.0, 0.0, 0.0)","(0.0, 0.0, 0.0)","(0.0, 0.0, 0.0)","(0.0, 0.0, 0.0)","(0.0, 0.0, 0.0)",0,0,0,0,0,0,False,0,0,0,0,0,0,0,0,"(0.0, 6.0, 1941.4)","(0.2, 0.0, 0.0, 1.0)"
0,958936.7,0,0,0,0,0,0,0,0,0,"(0.0, 0.0)","(0.0, 0.0)","(0.0, 0.0)","(0.0, 0.0, 0.0)","(0.0, 0.0, 0.0)","(0.0, 0.0, 0.0)","(0.0, 0.0, 0.0)","(0.0, 0.0, 0.0)","(0.0, 0.0, 0.0)",0,0,0,0,0,0,False,0,0,0,0,0,0,0,0,"(0.0, 6.0, 1941.8)","(0.2, 0.0, 0.0, 1.0)"
0,958957,0,0,0,0,0,0,0,0,0,"(0.0, 0.0)","(0.0, 0.0)","(0.0, 0.0)","(0.0, 0.0, 0.0)","(0.0, 0.0, 0.0)","(0.0, 0.0, 0.0)","(0.0, 0.0, 0.0)","(0.0, 0.0, 0.0)","(0.0, 0.0, 0.0)",0,0,0,0,0,0,False,0,0,0,0,0,0,0,0,"(0.0, 6.0, 1942.2)","(0.2, 0.0, 0.0, 1.0)"
0,958975.9,0,0,0,0,0,0,0,0,0,"(0.0, 0.0)","(0.0, 0.0)","(0.0, 0.0)","(0.0, 0.0, 0.0)","(0.0, 0.0, 0.0)","(0.0, 0.0, 0.0)","(0.0, 0.0, 0.0)","(0.0, 0.0, 0.0)","(0.0, 0.0, 0.0)",0,0,0,0,0,0,False,0,0,0,0,0,0,0,0,"(0.0, 6.0, 1942.6)","(0.2, 0.0, 0.0, 1.0)"
0,958996.5,0,0,0,0,0,0,0,0,0,"(0.0, 0.0)","(0.0, 0.0)","(0.0, 0.0)","(0.0, 0.0, 0.0)","(0.0, 0.0, 0.0)","(0.0, 0.0, 0.0)","(0.0, 0.0, 0.0)","(0.0, 0.0, 0.0)","(0.0, 0.0, 0.0)",0,0,0,0,0,0,False,0,0,0,0,0,0,0,0,"(0.0, 6.0, 1942.9)","(0.2, 0.0, 0.0, 1.0)"
0,959021.4,0,0,0,0,0,0,0,0,0,"(0.0, 0.0)","(0.0, 0.0)","(0.0, 0.0)","(0.0, 0.0, 0.0)","(0.0, 0.0, 0.0)","(0.0, 0.0, 0.0)","(0.0, 0.0, 0.0)","(0.0, 0.0, 0.0)","(0.0, 0.0, 0.0)",0,0,0,0,0,0,False,0,0,0,0,0,0,0,0,"(0.0, 6.0, 1943.4)","(0.2, 0.0, 0.0, 1.0)"
0,959040.3,0,0,0,0,0,0,0,0,0,"(0.0, 0.0)","(0.0, 0.0)","(0.0, 0.0)","(0.0, 0.0, 0.0)","(0.0, 0.0, 0.0)","(0.0, 0.0, 0.0)","(0.0, 0.0, 0.0)","(0.0, 0.0, 0.0)","(0.0, 0.0, 0.0)",0,0,0,0,0,0,False,0,0,0,0,0,0,0,0,"(0.0, 6.0, 1943.7)","(0.2, 0.0, 0.0, 1.0)"
0,959058.4,0,0,0,0,0,0,0,0,0,"(0.0, 0.0)","(0.0, 0.0)","(0.0, 0.0)","(0.0, 0.0, 0.0)","(0.0, 0.0, 0.0)","(0.0, 0.0, 0.0)","(0.0, 0.0, 0.0)","(0.0, 0.0, 0.0)","(0.0, 0.0, 0.0)",0,0,0,0,0,0,False,0,0,0,0,0,0,0,0,"(0.0, 6.0, 1944.1)","(0.2, 0.0, 0.0, 1.0)"
0,959077.4,0,0,0,0,0,0,0,0,0,"(0.0, 0.0)","(0.0, 0.0)","(0.0, 0.0)","(0.0, 0.0, 0.0)","(0.0, 0.0, 0.0)","(0.0, 0.0, 0.0)","(0.0, 0.0, 0.0)","(0.0, 0.0, 0.0)","(0.0, 0.0, 0.0)",0,0,0,0,0,0,False,0,0,0,0,0,0,0,0,"(0.0, 6.0, 1944.5)","(0.2, 0.0, 0.0, 1.0)"
0,959099.3,0,0,0,0,0,0,0,0,0,"(0.0, 0.0)","(0.0, 0.0)","(0.0, 0.0)","(0.0, 0.0, 0.0)","(0.0, 0.0, 0.0)","(0.0, 0.0, 0.0)","(0.0, 0.0, 0.0)","(0.0, 0.0, 0.0)","(0.0, 0.0, 0.0)",0,0,0,0,0,0,False,0,0,0,0,0,0,0,0,"(0.0, 6.0, 1944.9)","(0.2, 0.0, 0.0, 1.0)"
0,959121.4,0,0,0,0,0,0,0,0,0,"(0.0, 0.0)","(0.0, 0.0)","(0.0, 0.0)","(0.0, 0.0, 0.0)","(0.0, 0.0, 0.0)","(0.0, 0.0, 0.0)","(0.0, 0.0, 0.0)","(0.0, 0.0, 0.0)","(0.0, 0.0, 0.0)",0,0,0,0,0,0,False,0,0,0,0,0,0,0,0,"(0.0, 6.0, 1945.3)","(0.2, 0.0, 0.0, 1.0)"
0,959144.4,0,0,0,0,0,0,0,0,0,"(0.0, 0.0)","(0.0, 0.0)","(0.0, 0.0)","(0.0, 0.0, 0.0)","(0.0, 0.0, 0.0)","(0.0, 0.0, 0.0)","(0.0, 0.0, 0.0)","(0.0, 0.0, 0.0)","(0.0, 0.0, 0.0)",0,0,0,0,0,0,False,0,0,0,0,0,0,0,0,"(0.0, 6.0, 1945.7)","(0.2, 0.0, 0.0, 1.0)"
0,959166.5,0,0,0,0,0,0,0,0,0,"(0.0, 0.0)","(0.0, 0.0)","(0.0, 0.0)","(0.0, 0.0, 0.0)","(0.0, 0.0, 0.0)","(0.0, 0.0, 0.0)","(0.0, 0.0, 0.0)","(0.0, 0.0, 0.0)","(0.0, 0.0, 0.0)",0,0,0,0,0,0,False,0,0,0,0,0,0,0,0,"(0.0, 6.0, 1946.1)","(0.2, 0.0, 0.0, 1.0)"
0,959188.2,0,0,0,0,0,0,0,0,0,"(0.0, 0.0)","(0.0, 0.0)","(0.0, 0.0)","(0.0, 0.0, 0.0)","(0.0, 0.0, 0.0)","(0.0, 0.0, 0.0)","(0.0, 0.0, 0.0)","(0.0, 0.0, 0.0)","(0.0, 0.0, 0.0)",0,0,0,0,0,0,False,0,0,0,0,0,0,0,0,"(0.0, 6.0, 1946.5)","(0.2, 0.0, 0.0, 1.0)"
0,959210.6,0,0,0,0,0,0,0,0,0,"(0.0, 0.0)","(0.0, 0.0)","(0.0, 0.0)","(0.0, 0.0, 0.0)","(0.0, 0.0, 0.0)","(0.0, 0.0, 0.0)","(0.0, 0.0, 0.0)","(0.0, 0.0, 0.0)","(0.0, 0.0, 0.0)",0,0,0,0,0,0,False,0,0,0,0,0,0,0,0,"(0.0, 6.0, 1946.9)","(0.2, 0.0, 0.0, 1.0)"
0,959233.8,0,0,0,0,0,0,0,0,0,"(0.0, 0.0)","(0.0, 0.0)","(0.0, 0.0)","(0.0, 0.0, 0.0)","(0.0, 0.0, 0.0)","(0.0, 0.0, 0.0)","(0.0, 0.0, 0.0)","(0.0, 0.0, 0.0)","(0.0, 0.0, 0.0)",0,0,0,0,0,0,False,0,0,0,0,0,0,0,0,"(0.0, 6.0, 1947.3)","(0.2, 0.0, 0.0, 1.0)"
0,959254.6,0,0,0,0,0,0,0,0,0,"(0.0, 0.0)","(0.0, 0.0)","(0.0, 0.0)","(0.0, 0.0, 0.0)","(0.0, 0.0, 0.0)","(0.0, 0.0, 0.0)","(0.0, 0.0, 0.0)","(0.0, 0.0, 0.0)","(0.0, 0.0, 0.0)",0,0,0,0,0,0,False,0,0,0,0,0,0,0,0,"(0.0, 6.0, 1947.7)","(0.2, 0.0, 0.0, 1.0)"
0,959277.4,0,0,0,0,0,0,0,0,0,"(0.0, 0.0)","(0.0, 0.0)","(0.0, 0.0)","(0.0, 0.0, 0.0)","(0.0, 0.0, 0.0)","(0.0, 0.0, 0.0)","(0.0, 0.0, 0.0)","(0.0, 0.0, 0.0)","(0.0, 0.0, 0.0)",0,0,0,0,0,0,False,0,0,0,0,0,0,0,0,"(0.0, 6.0, 1948.1)","(0.2, 0.0, 0.0, 1.0)"
0,959299.9,0,0,0,0,0,0,0,0,0,"(0.0, 0.0)","(0.0, 0.0)","(0.0, 0.0)","(0.0, 0.0, 0.0)","(0.0, 0.0, 0.0)","(0.0, 0.0, 0.0)","(0.0, 0.0, 0.0)","(0.0, 0.0, 0.0)","(0.0, 0.0, 0.0)",0,0,0,0,0,0,False,0,0,0,0,0,0,0,0,"(0.0, 6.0, 1948.6)","(0.2, 0.0, 0.0, 1.0)"
0,959321.3,0,0,0,0,0,0,0,0,0,"(0.0, 0.0)","(0.0, 0.0)","(0.0, 0.0)","(0.0, 0.0, 0.0)","(0.0, 0.0, 0.0)","(0.0, 0.0, 0.0)","(0.0, 0.0, 0.0)","(0.0, 0.0, 0.0)","(0.0, 0.0, 0.0)",0,0,0,0,0,0,False,0,0,0,0,0,0,0,0,"(0.0, 6.0, 1949.0)","(0.2, 0.0, 0.0, 1.0)"
0,959345.2,0,0,0,0,0,0,0,0,0,"(0.0, 0.0)","(0.0, 0.0)","(0.0, 0.0)","(0.0, 0.0, 0.0)","(0.0, 0.0, 0.0)","(0.0, 0.0, 0.0)","(0.0, 0.0, 0.0)","(0.0, 0.0, 0.0)","(0.0, 0.0, 0.0)",0,0,0,0,0,0,False,0,0,0,0,0,0,0,0,"(0.0, 6.0, 1949.4)","(0.2, 0.0, 0.0, 1.0)"
0,959366.9,0,0,0,0,0,0,0,0,0,"(0.0, 0.0)","(0.0, 0.0)","(0.0, 0.0)","(0.0, 0.0, 0.0)","(0.0, 0.0, 0.0)","(0.0, 0.0, 0.0)","(0.0, 0.0, 0.0)","(0.0, 0.0, 0.0)","(0.0, 0.0, 0.0)",0,0,0,0,0,0,False,0,0,0,0,0,0,0,0,"(0.0, 6.0, 1949.8)","(0.2, 0.0, 0.0, 1.0)"
0,959387.6,0,0,0,0,0,0,0,0,0,"(0.0, 0.0)","(0.0, 0.0)","(0.0, 0.0)","(0.0, 0.0, 0.0)","(0.0, 0.0, 0.0)","(0.0, 0.0, 0.0)","(0.0, 0.0, 0.0)","(0.0, 0.0, 0.0)","(0.0, 0.0, 0.0)",0,0,0,0,0,0,False,0,0,0,0,0,0,0,0,"(0.0, 6.0, 1950.2)","(0.2, 0.0, 0.0, 1.0)"
0,959410.1,0,0,0,0,0,0,0,0,0,"(0.0, 0.0)","(0.0, 0.0)","(0.0, 0.0)","(0.0, 0.0, 0.0)","(0.0, 0.0, 0.0)","(0.0, 0.0, 0.0)","(0.0, 0.0, 0.0)","(0.0, 0.0, 0.0)","(0.0, 0.0, 0.0)",0,0,0,0,0,0,False,0,0,0,0,0,0,0,0,"(0.0, 6.0, 1950.6)","(0.2, 0.0, 0.0, 1.0)"
0,959432.9,0,0,0,0,0,0,0,0,0,"(0.0, 0.0)","(0.0, 0.0)","(0.0, 0.0)","(0.0, 0.0, 0.0)","(0.0, 0.0, 0.0)","(0.0, 0.0, 0.0)","(0.0, 0.0, 0.0)","(0.0, 0.0, 0.0)","(0.0, 0.0, 0.0)",0,0,0,0,0,0,False,0,0,0,0,0,0,0,0,"(0.0, 6.0, 1951.0)","(0.2, 0.0, 0.0, 1.0)"
0,959454.4,0,0,0,0,0,0,0,0,0,"(0.0, 0.0)","(0.0, 0.0)","(0.0, 0.0)","(0.0, 0.0, 0.0)","(0.0, 0.0, 0.0)","(0.0, 0.0, 0.0)","(0.0, 0.0, 0.0)","(0.0, 0.0, 0.0)","(0.0, 0.0, 0.0)",0,0,0,0,0,0,False,0,0,0,0,0,0,0,0,"(0.0, 6.0, 1951.5)","(0.2, 0.0, 0.0, 1.0)"
0,959477.4,0,0,0,0,0,0,0,0,0,"(0.0, 0.0)","(0.0, 0.0)","(0.0, 0.0)","(0.0, 0.0, 0.0)","(0.0, 0.0, 0.0)","(0.0, 0.0, 0.0)","(0.0, 0.0, 0.0)","(0.0, 0.0, 0.0)","(0.0, 0.0, 0.0)",0,0,0,0,0,0,False,0,0,0,0,0,0,0,0,"(0.0, 6.0, 1951.9)","(0.2, 0.0, 0.0, 1.0)"
0,959502.6,0,0,0,0,0,0,0,0,0,"(0.0, 0.0)","(0.0, 0.0)","(0.0, 0.0)","(0.0, 0.0, 0.0)","(0.0, 0.0, 0.0)","(0.0, 0.0, 0.0)","(0.0, 0.0, 0.0)","(0.0, 0.0, 0.0)","(0.0, 0.0, 0.0)",0,0,0,0,0,0,False,0,0,0,0,0,0,0,0,"(0.0, 6.0, 1952.3)","(0.2, 0.0, 0.0, 1.0)"
0,959520.9,0,0,0,0,0,0,0,0,0,"(0.0, 0.0)","(0.0, 0.0)","(0.0, 0.0)","(0.0, 0.0, 0.0)","(0.0, 0.0, 0.0)","(0.0, 0.0, 0.0)","(0.0, 0.0, 0.0)","(0.0, 0.0, 0.0)","(0.0, 0.0, 0.0)",0,0,0,0,0,0,False,0,0,0,0,0,0,0,0,"(0.0, 6.0, 1952.7)","(0.2, 0.0, 0.0, 1.0)"
0,959543.9,0,0,0,0,0,0,0,0,0,"(0.0, 0.0)","(0.0, 0.0)","(0.0, 0.0)","(0.0, 0.0, 0.0)","(0.0, 0.0, 0.0)","(0.0, 0.0, 0.0)","(0.0, 0.0, 0.0)","(0.0, 0.0, 0.0)","(0.0, 0.0, 0.0)",0,0,0,0,0,0,False,0,0,0,0,0,0,0,0,"(0.0, 6.0, 1953.1)","(0.2, 0.0, 0.0, 1.0)"
0,959566.3,0,0,0,0,0,0,0,0,0,"(0.0, 0.0)","(0.0, 0.0)","(0.0, 0.0)","(0.0, 0.0, 0.0)","(0.0, 0.0, 0.0)","(0.0, 0.0, 0.0)","(0.0, 0.0, 0.0)","(0.0, 0.0, 0.0)","(0.0, 0.0, 0.0)",0,0,0,0,0,0,False,0,0,0,0,0,0,0,0,"(0.0, 6.0, 1953.6)","(0.2, 0.0, 0.0, 1.0)"
0,959587.6,0,0,0,0,0,0,0,0,0,"(0.0, 0.0)","(0.0, 0.0)","(0.0, 0.0)","(0.0, 0.0, 0.0)","(0.0, 0.0, 0.0)","(0.0, 0.0, 0.0)","(0.0, 0.0, 0.0)","(0.0, 0.0, 0.0)","(0.0, 0.0, 0.0)",0,0,0,0,0,0,False,0,0,0,0,0,0,0,0,"(0.0, 6.0, 1954.0)","(0.2, 0.0, 0.0, 1.0)"
0,959605.1,0,0,0,0,0,0,0,0,0,"(0.0, 0.0)","(0.0, 0.0)","(0.0, 0.0)","(0.0, 0.0, 0.0)","(0.0, 0.0, 0.0)","(0.0, 0.0, 0.0)","(0.0, 0.0, 0.0)","(0.0, 0.0, 0.0)","(0.0, 0.0, 0.0)",0,0,0,0,0,0,False,0,0,0,0,0,0,0,0,"(0.0, 6.0, 1954.4)","(0.2, 0.0, 0.0, 1.0)"
0,959625.4,0,0,0,0,0,0,0,0,0,"(0.0, 0.0)","(0.0, 0.0)","(0.0, 0.0)","(0.0, 0.0, 0.0)","(0.0, 0.0, 0.0)","(0.0, 0.0, 0.0)","(0.0, 0.0, 0.0)","(0.0, 0.0, 0.0)","(0.0, 0.0, 0.0)",0,0,0,0,0,0,False,0,0,0,0,0,0,0,0,"(0.0, 6.0, 1954.8)","(0.2, 0.0, 0.0, 1.0)"
0,959643.7,0,0,0,0,0,0,0,0,0,"(0.0, 0.0)","(0.0, 0.0)","(0.0, 0.0)","(0.0, 0.0, 0.0)","(0.0, 0.0, 0.0)","(0.0, 0.0, 0.0)","(0.0, 0.0, 0.0)","(0.0, 0.0, 0.0)","(0.0, 0.0, 0.0)",0,0,0,0,0,0,False,0,0,0,0,0,0,0,0,"(0.0, 6.0, 1955.2)","(0.2, 0.0, 0.0, 1.0)"
0,959663.7,0,0,0,0,0,0,0,0,0,"(0.0, 0.0)","(0.0, 0.0)","(0.0, 0.0)","(0.0, 0.0, 0.0)","(0.0, 0.0, 0.0)","(0.0, 0.0, 0.0)","(0.0, 0.0, 0.0)","(0.0, 0.0, 0.0)","(0.0, 0.0, 0.0)",0,0,0,0,0,0,False,0,0,0,0,0,0,0,0,"(0.0, 6.0, 1955.6)","(0.2, 0.0, 0.0, 1.0)"
0,959682.8,0,0,0,0,0,0,0,0,0,"(0.0, 0.0)","(0.0, 0.0)","(0.0, 0.0)","(0.0, 0.0, 0.0)","(0.0, 0.0, 0.0)","(0.0, 0.0, 0.0)","(0.0, 0.0, 0.0)","(0.0, 0.0, 0.0)","(0.0, 0.0, 0.0)",0,0,0,0,0,0,False,0,0,0,0,0,0,0,0,"(0.0, 6.0, 1956.0)","(0.2, 0.0, 0.0, 1.0)"
0,959702,0,0,0,0,0,0,0,0,0,"(0.0, 0.0)","(0.0, 0.0)","(0.0, 0.0)","(0.0, 0.0, 0.0)","(0.0, 0.0, 0.0)","(0.0, 0.0, 0.0)","(0.0, 0.0, 0.0)","(0.0, 0.0, 0.0)","(0.0, 0.0, 0.0)",0,0,0,0,0,0,False,0,0,0,0,0,0,0,0,"(0.0, 6.0, 1956.4)","(0.2, 0.0, 0.0, 1.0)"
0,959724.6,0,0,0,0,0,0,0,0,0,"(0.0, 0.0)","(0.0, 0.0)","(0.0, 0.0)","(0.0, 0.0, 0.0)","(0.0, 0.0, 0.0)","(0.0, 0.0, 0.0)","(0.0, 0.0, 0.0)","(0.0, 0.0, 0.0)","(0.0, 0.0, 0.0)",0,0,0,0,0,0,False,0,0,0,0,0,0,0,0,"(0.0, 6.0, 1956.8)","(0.2, 0.0, 0.0, 1.0)"
0,959742.8,0,0,0,0,0,0,0,0,0,"(0.0, 0.0)","(0.0, 0.0)","(0.0, 0.0)","(0.0, 0.0, 0.0)","(0.0, 0.0, 0.0)","(0.0, 0.0, 0.0)","(0.0, 0.0, 0.0)","(0.0, 0.0, 0.0)","(0.0, 0.0, 0.0)",0,0,0,0,0,0,False,0,0,0,0,0,0,0,0,"(0.0, 6.0, 1957.2)","(0.2, 0.0, 0.0, 1.0)"
0,959761.4,0,0,0,0,0,0,0,0,0,"(0.0, 0.0)","(0.0, 0.0)","(0.0, 0.0)","(0.0, 0.0, 0.0)","(0.0, 0.0, 0.0)","(0.0, 0.0, 0.0)","(0.0, 0.0, 0.0)","(0.0, 0.0, 0.0)","(0.0, 0.0, 0.0)",0,0,0,0,0,0,False,0,0,0,0,0,0,0,0,"(0.0, 6.0, 1957.5)","(0.2, 0.0, 0.0, 1.0)"
0,959780.5,0,0,0,0,0,0,0,0,0,"(0.0, 0.0)","(0.0, 0.0)","(0.0, 0.0)","(0.0, 0.0, 0.0)","(0.0, 0.0, 0.0)","(0.0, 0.0, 0.0)","(0.0, 0.0, 0.0)","(0.0, 0.0, 0.0)","(0.0, 0.0, 0.0)",0,0,0,0,0,0,False,0,0,0,0,0,0,0,0,"(0.0, 6.0, 1957.9)","(0.2, 0.0, 0.0, 1.0)"
0,959801,0,0,0,0,0,0,0,0,0,"(0.0, 0.0)","(0.0, 0.0)","(0.0, 0.0)","(0.0, 0.0, 0.0)","(0.0, 0.0, 0.0)","(0.0, 0.0, 0.0)","(0.0, 0.0, 0.0)","(0.0, 0.0, 0.0)","(0.0, 0.0, 0.0)",0,0,0,0,0,0,False,0,0,0,0,0,0,0,0,"(0.0, 6.0, 1958.3)","(0.2, 0.0, 0.0, 1.0)"
0,959820.9,0,0,0,0,0,0,0,0,0,"(0.0, 0.0)","(0.0, 0.0)","(0.0, 0.0)","(0.0, 0.0, 0.0)","(0.0, 0.0, 0.0)","(0.0, 0.0, 0.0)","(0.0, 0.0, 0.0)","(0.0, 0.0, 0.0)","(0.0, 0.0, 0.0)",0,0,0,0,0,0,False,0,0,0,0,0,0,0,0,"(0.0, 6.0, 1958.7)","(0.2, 0.0, 0.0, 1.0)"
0,959839.9,0,0,0,0,0,0,0,0,0,"(0.0, 0.0)","(0.0, 0.0)","(0.0, 0.0)","(0.0, 0.0, 0.0)","(0.0, 0.0, 0.0)","(0.0, 0.0, 0.0)","(0.0, 0.0, 0.0)","(0.0, 0.0, 0.0)","(0.0, 0.0, 0.0)",0,0,0,0,0,0,False,0,0,0,0,0,0,0,0,"(0.0, 6.0, 1959.1)","(0.2, 0.0, 0.0, 1.0)"
0,959859.3,0,0,0,0,0,0,0,0,0,"(0.0, 0.0)","(0.0, 0.0)","(0.0, 0.0)","(0.0, 0.0, 0.0)","(0.0, 0.0, 0.0)","(0.0, 0.0, 0.0)","(0.0, 0.0, 0.0)","(0.0, 0.0, 0.0)","(0.0, 0.0, 0.0)",0,0,0,0,0,0,False,0,0,0,0,0,0,0,0,"(0.0, 6.0, 1959.5)","(0.2, 0.0, 0.0, 1.0)"
0,959883.9,0,0,0,0,0,0,0,0,0,"(0.0, 0.0)","(0.0, 0.0)","(0.0, 0.0)","(0.0, 0.0, 0.0)","(0.0, 0.0, 0.0)","(0.0, 0.0, 0.0)","(0.0, 0.0, 0.0)","(0.0, 0.0, 0.0)","(0.0, 0.0, 0.0)",0,0,0,0,0,0,False,0,0,0,0,0,0,0,0,"(0.0, 6.0, 1959.9)","(0.2, 0.0, 0.0, 1.0)"
0,959904.5,0,0,0,0,0,0,0,0,0,"(0.0, 0.0)","(0.0, 0.0)","(0.0, 0.0)","(0.0, 0.0, 0.0)","(0.0, 0.0, 0.0)","(0.0, 0.0, 0.0)","(0.0, 0.0, 0.0)","(0.0, 0.0, 0.0)","(0.0, 0.0, 0.0)",0,0,0,0,0,0,False,0,0,0,0,0,0,0,0,"(0.0, 6.0, 1960.2)","(0.2, 0.0, 0.0, 1.0)"
0,959923.8,0,0,0,0,0,0,0,0,0,"(0.0, 0.0)","(0.0, 0.0)","(0.0, 0.0)","(0.0, 0.0, 0.0)","(0.0, 0.0, 0.0)","(0.0, 0.0, 0.0)","(0.0, 0.0, 0.0)","(0.0, 0.0, 0.0)","(0.0, 0.0, 0.0)",0,0,0,0,0,0,False,0,0,0,0,0,0,0,0,"(0.0, 6.0, 1960.6)","(0.2, 0.0, 0.0, 1.0)"
0,959942.4,0,0,0,0,0,0,0,0,0,"(0.0, 0.0)","(0.0, 0.0)","(0.0, 0.0)","(0.0, 0.0, 0.0)","(0.0, 0.0, 0.0)","(0.0, 0.0, 0.0)","(0.0, 0.0, 0.0)","(0.0, 0.0, 0.0)","(0.0, 0.0, 0.0)",0,0,0,0,0,0,False,0,0,0,0,0,0,0,0,"(0.0, 6.0, 1961.0)","(0.2, 0.0, 0.0, 1.0)"
0,959963.4,0,0,0,0,0,0,0,0,0,"(0.0, 0.0)","(0.0, 0.0)","(0.0, 0.0)","(0.0, 0.0, 0.0)","(0.0, 0.0, 0.0)","(0.0, 0.0, 0.0)","(0.0, 0.0, 0.0)","(0.0, 0.0, 0.0)","(0.0, 0.0, 0.0)",0,0,0,0,0,0,False,0,0,0,0,0,0,0,0,"(0.0, 6.0, 1961.4)","(0.2, 0.0, 0.0, 1.0)"
0,959985.4,0,0,0,0,0,0,0,0,0,"(0.0, 0.0)","(0.0, 0.0)","(0.0, 0.0)","(0.0, 0.0, 0.0)","(0.0, 0.0, 0.0)","(0.0, 0.0, 0.0)","(0.0, 0.0, 0.0)","(0.0, 0.0, 0.0)","(0.0, 0.0, 0.0)",0,0,0,0,0,0,False,0,0,0,0,0,0,0,0,"(0.0, 6.0, 1961.8)","(0.2, 0.0, 0.0, 1.0)"
0,960004.3,0,0,0,0,0,0,0,0,0,"(0.0, 0.0)","(0.0, 0.0)","(0.0, 0.0)","(0.0, 0.0, 0.0)","(0.0, 0.0, 0.0)","(0.0, 0.0, 0.0)","(0.0, 0.0, 0.0)","(0.0, 0.0, 0.0)","(0.0, 0.0, 0.0)",0,0,0,0,0,0,False,0,0,0,0,0,0,0,0,"(0.0, 6.0, 1962.2)","(0.2, 0.0, 0.0, 1.0)"
0,960023.3,0,0,0,0,0,0,0,0,0,"(0.0, 0.0)","(0.0, 0.0)","(0.0, 0.0)","(0.0, 0.0, 0.0)","(0.0, 0.0, 0.0)","(0.0, 0.0, 0.0)","(0.0, 0.0, 0.0)","(0.0, 0.0, 0.0)","(0.0, 0.0, 0.0)",0,0,0,0,0,0,False,0,0,0,0,0,0,0,0,"(0.0, 6.0, 1962.6)","(0.2, 0.0, 0.0, 1.0)"
0,960043.2,0,0,0,0,0,0,0,0,0,"(0.0, 0.0)","(0.0, 0.0)","(0.0, 0.0)","(0.0, 0.0, 0.0)","(0.0, 0.0, 0.0)","(0.0, 0.0, 0.0)","(0.0, 0.0, 0.0)","(0.0, 0.0, 0.0)","(0.0, 0.0, 0.0)",0,0,0,0,0,0,False,0,0,0,0,0,0,0,0,"(0.0, 6.0, 1962.9)","(0.2, 0.0, 0.0, 1.0)"
0,960065.4,0,0,0,0,0,0,0,0,0,"(0.0, 0.0)","(0.0, 0.0)","(0.0, 0.0)","(0.0, 0.0, 0.0)","(0.0, 0.0, 0.0)","(0.0, 0.0, 0.0)","(0.0, 0.0, 0.0)","(0.0, 0.0, 0.0)","(0.0, 0.0, 0.0)",0,0,0,0,0,0,False,0,0,0,0,0,0,0,0,"(0.0, 6.0, 1963.3)","(0.2, 0.0, 0.0, 1.0)"
0,960089.9,0,0,0,0,0,0,0,0,0,"(0.0, 0.0)","(0.0, 0.0)","(0.0, 0.0)","(0.0, 0.0, 0.0)","(0.0, 0.0, 0.0)","(0.0, 0.0, 0.0)","(0.0, 0.0, 0.0)","(0.0, 0.0, 0.0)","(0.0, 0.0, 0.0)",0,0,0,0,0,0,False,0,0,0,0,0,0,0,0,"(0.0, 6.0, 1963.7)","(0.2, 0.0, 0.0, 1.0)"
0,960110,0,0,0,0,0,0,0,0,0,"(0.0, 0.0)","(0.0, 0.0)","(0.0, 0.0)","(0.0, 0.0, 0.0)","(0.0, 0.0, 0.0)","(0.0, 0.0, 0.0)","(0.0, 0.0, 0.0)","(0.0, 0.0, 0.0)","(0.0, 0.0, 0.0)",0,0,0,0,0,0,False,0,0,0,0,0,0,0,0,"(0.0, 6.0, 1964.1)","(0.2, 0.0, 0.0, 1.0)"
0,960133.5,0,0,0,0,0,0,0,0,0,"(0.0, 0.0)","(0.0, 0.0)","(0.0, 0.0)","(0.0, 0.0, 0.0)","(0.0, 0.0, 0.0)","(0.0, 0.0, 0.0)","(0.0, 0.0, 0.0)","(0.0, 0.0, 0.0)","(0.0, 0.0, 0.0)",0,0,0,0,0,0,False,0,0,0,0,0,0,0,0,"(0.0, 6.0, 1964.5)","(0.2, 0.0, 0.0, 1.0)"
0,960154.4,0,0,0,0,0,0,0,0,0,"(0.0, 0.0)","(0.0, 0.0)","(0.0, 0.0)","(0.0, 0.0, 0.0)","(0.0, 0.0, 0.0)","(0.0, 0.0, 0.0)","(0.0, 0.0, 0.0)","(0.0, 0.0, 0.0)","(0.0, 0.0, 0.0)",0,0,0,0,0,0,False,0,0,0,0,0,0,0,0,"(0.0, 6.0, 1964.9)","(0.2, 0.0, 0.0, 1.0)"
0,960177,0,0,0,0,0,0,0,0,0,"(0.0, 0.0)","(0.0, 0.0)","(0.0, 0.0)","(0.0, 0.0, 0.0)","(0.0, 0.0, 0.0)","(0.0, 0.0, 0.0)","(0.0, 0.0, 0.0)","(0.0, 0.0, 0.0)","(0.0, 0.0, 0.0)",0,0,0,0,0,0,False,0,0,0,0,0,0,0,0,"(0.0, 6.0, 1965.3)","(0.2, 0.0, 0.0, 1.0)"
0,960204,0,0,0,0,0,0,0,0,0,"(0.0, 0.0)","(0.0, 0.0)","(0.0, 0.0)","(0.0, 0.0, 0.0)","(0.0, 0.0, 0.0)","(0.0, 0.0, 0.0)","(0.0, 0.0, 0.0)","(0.0, 0.0, 0.0)","(0.0, 0.0, 0.0)",0,0,0,0,0,0,False,0,0,0,0,0,0,0,0,"(0.0, 6.0, 1965.7)","(0.2, 0.0, 0.0, 1.0)"
0,960225.3,0,0,0,0,0,0,0,0,0,"(0.0, 0.0)","(0.0, 0.0)","(0.0, 0.0)","(0.0, 0.0, 0.0)","(0.0, 0.0, 0.0)","(0.0, 0.0, 0.0)","(0.0, 0.0, 0.0)","(0.0, 0.0, 0.0)","(0.0, 0.0, 0.0)",0,0,0,0,0,0,False,0,0,0,0,0,0,0,0,"(0.0, 6.0, 1966.1)","(0.2, 0.0, 0.0, 1.0)"
0,960245.6,0,0,0,0,0,0,0,0,0,"(0.0, 0.0)","(0.0, 0.0)","(0.0, 0.0)","(0.0, 0.0, 0.0)","(0.0, 0.0, 0.0)","(0.0, 0.0, 0.0)","(0.0, 0.0, 0.0)","(0.0, 0.0, 0.0)","(0.0, 0.0, 0.0)",0,0,0,0,0,0,False,0,0,0,0,0,0,0,0,"(0.0, 6.0, 1966.5)","(0.2, 0.0, 0.0, 1.0)"
0,960266.4,0,0,0,0,0,0,0,0,0,"(0.0, 0.0)","(0.0, 0.0)","(0.0, 0.0)","(0.0, 0.0, 0.0)","(0.0, 0.0, 0.0)","(0.0, 0.0, 0.0)","(0.0, 0.0, 0.0)","(0.0, 0.0, 0.0)","(0.0, 0.0, 0.0)",0,0,0,0,0,0,False,0,0,0,0,0,0,0,0,"(0.0, 6.0, 1967.0)","(0.2, 0.0, 0.0, 1.0)"
0,960287.8,0,0,0,0,0,0,0,0,0,"(0.0, 0.0)","(0.0, 0.0)","(0.0, 0.0)","(0.0, 0.0, 0.0)","(0.0, 0.0, 0.0)","(0.0, 0.0, 0.0)","(0.0, 0.0, 0.0)","(0.0, 0.0, 0.0)","(0.0, 0.0, 0.0)",0,0,0,0,0,0,False,0,0,0,0,0,0,0,0,"(0.0, 6.0, 1967.4)","(0.2, 0.0, 0.0, 1.0)"
0,960310.1,0,0,0,0,0,0,0,0,0,"(0.0, 0.0)","(0.0, 0.0)","(0.0, 0.0)","(0.0, 0.0, 0.0)","(0.0, 0.0, 0.0)","(0.0, 0.0, 0.0)","(0.0, 0.0, 0.0)","(0.0, 0.0, 0.0)","(0.0, 0.0, 0.0)",0,0,0,0,0,0,False,0,0,0,0,0,0,0,0,"(0.0, 6.0, 1967.8)","(0.2, 0.0, 0.0, 1.0)"
0,960333.1,0,0,0,0,0,0,0,0,0,"(0.0, 0.0)","(0.0, 0.0)","(0.0, 0.0)","(0.0, 0.0, 0.0)","(0.0, 0.0, 0.0)","(0.0, 0.0, 0.0)","(0.0, 0.0, 0.0)","(0.0, 0.0, 0.0)","(0.0, 0.0, 0.0)",0,0,0,0,0,0,False,0,0,0,0,0,0,0,0,"(0.0, 6.0, 1968.2)","(0.2, 0.0, 0.0, 1.0)"
0,960358.7,0,0,0,0,0,0,0,0,0,"(0.0, 0.0)","(0.0, 0.0)","(0.0, 0.0)","(0.0, 0.0, 0.0)","(0.0, 0.0, 0.0)","(0.0, 0.0, 0.0)","(0.0, 0.0, 0.0)","(0.0, 0.0, 0.0)","(0.0, 0.0, 0.0)",0,0,0,0,0,0,False,0,0,0,0,0,0,0,0,"(0.0, 6.0, 1968.6)","(0.2, 0.0, 0.0, 1.0)"
0,960378.2,0,0,0,0,0,0,0,0,0,"(0.0, 0.0)","(0.0, 0.0)","(0.0, 0.0)","(0.0, 0.0, 0.0)","(0.0, 0.0, 0.0)","(0.0, 0.0, 0.0)","(0.0, 0.0, 0.0)","(0.0, 0.0, 0.0)","(0.0, 0.0, 0.0)",0,0,0,0,0,0,False,0,0,0,0,0,0,0,0,"(0.0, 6.0, 1969.0)","(0.2, 0.0, 0.0, 1.0)"
0,960400.1,0,0,0,0,0,0,0,0,0,"(0.0, 0.0)","(0.0, 0.0)","(0.0, 0.0)","(0.0, 0.0, 0.0)","(0.0, 0.0, 0.0)","(0.0, 0.0, 0.0)","(0.0, 0.0, 0.0)","(0.0, 0.0, 0.0)","(0.0, 0.0, 0.0)",0,0,0,0,0,0,False,0,0,0,0,0,0,0,0,"(0.0, 6.0, 1969.4)","(0.2, 0.0, 0.0, 1.0)"
0,960422.2,0,0,0,0,0,0,0,0,0,"(0.0, 0.0)","(0.0, 0.0)","(0.0, 0.0)","(0.0, 0.0, 0.0)","(0.0, 0.0, 0.0)","(0.0, 0.0, 0.0)","(0.0, 0.0, 0.0)","(0.0, 0.0, 0.0)","(0.0, 0.0, 0.0)",0,0,0,0,0,0,False,0,0,0,0,0,0,0,0,"(0.0, 6.0, 1969.8)","(0.2, 0.0, 0.0, 1.0)"
0,960443.8,0,0,0,0,0,0,0,0,0,"(0.0, 0.0)","(0.0, 0.0)","(0.0, 0.0)","(0.0, 0.0, 0.0)","(0.0, 0.0, 0.0)","(0.0, 0.0, 0.0)","(0.0, 0.0, 0.0)","(0.0, 0.0, 0.0)","(0.0, 0.0, 0.0)",0,0,0,0,0,0,False,0,0,0,0,0,0,0,0,"(0.0, 6.0, 1970.3)","(0.2, 0.0, 0.0, 1.0)"
0,960466.6,0,0,0,0,0,0,0,0,0,"(0.0, 0.0)","(0.0, 0.0)","(0.0, 0.0)","(0.0, 0.0, 0.0)","(0.0, 0.0, 0.0)","(0.0, 0.0, 0.0)","(0.0, 0.0, 0.0)","(0.0, 0.0, 0.0)","(0.0, 0.0, 0.0)",0,0,0,0,0,0,False,0,0,0,0,0,0,0,0,"(0.0, 6.0, 1970.7)","(0.2, 0.0, 0.0, 1.0)"
0,960488.1,0,0,0,0,0,0,0,0,0,"(0.0, 0.0)","(0.0, 0.0)","(0.0, 0.0)","(0.0, 0.0, 0.0)","(0.0, 0.0, 0.0)","(0.0, 0.0, 0.0)","(0.0, 0.0, 0.0)","(0.0, 0.0, 0.0)","(0.0, 0.0, 0.0)",0,0,0,0,0,0,False,0,0,0,0,0,0,0,0,"(0.0, 6.0, 1971.1)","(0.2, 0.0, 0.0, 1.0)"
0,960517.7,0,0,0,0,0,0,0,0,0,"(0.0, 0.0)","(0.0, 0.0)","(0.0, 0.0)","(0.0, 0.0, 0.0)","(0.0, 0.0, 0.0)","(0.0, 0.0, 0.0)","(0.0, 0.0, 0.0)","(0.0, 0.0, 0.0)","(0.0, 0.0, 0.0)",0,0,0,0,0,0,False,0,0,0,0,0,0,0,0,"(0.0, 6.0, 1971.5)","(0.2, 0.0, 0.0, 1.0)"
0,960537.9,0,0,0,0,0,0,0,0,0,"(0.0, 0.0)","(0.0, 0.0)","(0.0, 0.0)","(0.0, 0.0, 0.0)","(0.0, 0.0, 0.0)","(0.0, 0.0, 0.0)","(0.0, 0.0, 0.0)","(0.0, 0.0, 0.0)","(0.0, 0.0, 0.0)",0,0,0,0,0,0,False,0,0,0,0,0,0,0,0,"(0.0, 6.0, 1972.0)","(0.2, 0.0, 0.0, 1.0)"
0,960561.1,0,0,0,0,0,0,0,0,0,"(0.0, 0.0)","(0.0, 0.0)","(0.0, 0.0)","(0.0, 0.0, 0.0)","(0.0, 0.0, 0.0)","(0.0, 0.0, 0.0)","(0.0, 0.0, 0.0)","(0.0, 0.0, 0.0)","(0.0, 0.0, 0.0)",0,0,0,0,0,0,False,0,0,0,0,0,0,0,0,"(0.0, 6.0, 1972.4)","(0.2, 0.0, 0.0, 1.0)"
0,960584,0,0,0,0,0,0,0,0,0,"(0.0, 0.0)","(0.0, 0.0)","(0.0, 0.0)","(0.0, 0.0, 0.0)","(0.0, 0.0, 0.0)","(0.0, 0.0, 0.0)","(0.0, 0.0, 0.0)","(0.0, 0.0, 0.0)","(0.0, 0.0, 0.0)",0,0,0,0,0,0,False,0,0,0,0,0,0,0,0,"(0.0, 6.0, 1972.8)","(0.2, 0.0, 0.0, 1.0)"
0,960603.6,0,0,0,0,0,0,0,0,0,"(0.0, 0.0)","(0.0, 0.0)","(0.0, 0.0)","(0.0, 0.0, 0.0)","(0.0, 0.0, 0.0)","(0.0, 0.0, 0.0)","(0.0, 0.0, 0.0)","(0.0, 0.0, 0.0)","(0.0, 0.0, 0.0)",0,0,0,0,0,0,False,0,0,0,0,0,0,0,0,"(0.0, 6.0, 1973.2)","(0.2, 0.0, 0.0, 1.0)"
0,960622.9,0,0,0,0,0,0,0,0,0,"(0.0, 0.0)","(0.0, 0.0)","(0.0, 0.0)","(0.0, 0.0, 0.0)","(0.0, 0.0, 0.0)","(0.0, 0.0, 0.0)","(0.0, 0.0, 0.0)","(0.0, 0.0, 0.0)","(0.0, 0.0, 0.0)",0,0,0,0,0,0,False,0,0,0,0,0,0,0,0,"(0.0, 6.0, 1973.6)","(0.2, 0.0, 0.0, 1.0)"
0,960645.1,0,0,0,0,0,0,0,0,0,"(0.0, 0.0)","(0.0, 0.0)","(0.0, 0.0)","(0.0, 0.0, 0.0)","(0.0, 0.0, 0.0)","(0.0, 0.0, 0.0)","(0.0, 0.0, 0.0)","(0.0, 0.0, 0.0)","(0.0, 0.0, 0.0)",0,0,0,0,0,0,False,0,0,0,0,0,0,0,0,"(0.0, 6.0, 1974.1)","(0.2, 0.0, 0.0, 1.0)"
0,960664.5,0,0,0,0,0,0,0,0,0,"(0.0, 0.0)","(0.0, 0.0)","(0.0, 0.0)","(0.0, 0.0, 0.0)","(0.0, 0.0, 0.0)","(0.0, 0.0, 0.0)","(0.0, 0.0, 0.0)","(0.0, 0.0, 0.0)","(0.0, 0.0, 0.0)",0,0,0,0,0,0,False,0,0,0,0,0,0,0,0,"(0.0, 6.0, 1974.5)","(0.2, 0.0, 0.0, 1.0)"
0,960684.5,0,0,0,0,0,0,0,0,0,"(0.0, 0.0)","(0.0, 0.0)","(0.0, 0.0)","(0.0, 0.0, 0.0)","(0.0, 0.0, 0.0)","(0.0, 0.0, 0.0)","(0.0, 0.0, 0.0)","(0.0, 0.0, 0.0)","(0.0, 0.0, 0.0)",0,0,0,0,0,0,False,0,0,0,0,0,0,0,0,"(0.0, 6.0, 1974.9)","(0.2, 0.0, 0.0, 1.0)"
0,960702.6,0,0,0,0,0,0,0,0,0,"(0.0, 0.0)","(0.0, 0.0)","(0.0, 0.0)","(0.0, 0.0, 0.0)","(0.0, 0.0, 0.0)","(0.0, 0.0, 0.0)","(0.0, 0.0, 0.0)","(0.0, 0.0, 0.0)","(0.0, 0.0, 0.0)",0,0,0,0,0,0,False,0,0,0,0,0,0,0,0,"(0.0, 6.0, 1975.3)","(0.2, 0.0, 0.0, 1.0)"
0,960721.4,0,0,0,0,0,0,0,0,0,"(0.0, 0.0)","(0.0, 0.0)","(0.0, 0.0)","(0.0, 0.0, 0.0)","(0.0, 0.0, 0.0)","(0.0, 0.0, 0.0)","(0.0, 0.0, 0.0)","(0.0, 0.0, 0.0)","(0.0, 0.0, 0.0)",0,0,0,0,0,0,False,0,0,0,0,0,0,0,0,"(0.0, 6.0, 1975.7)","(0.2, 0.0, 0.0, 1.0)"
0,960739.1,0,0,0,0,0,0,0,0,0,"(0.0, 0.0)","(0.0, 0.0)","(0.0, 0.0)","(0.0, 0.0, 0.0)","(0.0, 0.0, 0.0)","(0.0, 0.0, 0.0)","(0.0, 0.0, 0.0)","(0.0, 0.0, 0.0)","(0.0, 0.0, 0.0)",0,0,0,0,0,0,False,0,0,0,0,0,0,0,0,"(0.0, 6.0, 1976.1)","(0.2, 0.0, 0.0, 1.0)"
0,960757.4,0,0,0,0,0,0,0,0,0,"(0.0, 0.0)","(0.0, 0.0)","(0.0, 0.0)","(0.0, 0.0, 0.0)","(0.0, 0.0, 0.0)","(0.0, 0.0, 0.0)","(0.0, 0.0, 0.0)","(0.0, 0.0, 0.0)","(0.0, 0.0, 0.0)",0,0,0,0,0,0,False,0,0,0,0,0,0,0,0,"(0.0, 6.0, 1976.5)","(0.2, 0.0, 0.0, 1.0)"
0,960775.4,0,0,0,0,0,0,0,0,0,"(0.0, 0.0)","(0.0, 0.0)","(0.0, 0.0)","(0.0, 0.0, 0.0)","(0.0, 0.0, 0.0)","(0.0, 0.0, 0.0)","(0.0, 0.0, 0.0)","(0.0, 0.0, 0.0)","(0.0, 0.0, 0.0)",0,0,0,0,0,0,False,0,0,0,0,0,0,0,0,"(0.0, 6.0, 1976.8)","(0.2, 0.0, 0.0, 1.0)"
0,960798.8,0,0,0,0,0,0,0,0,0,"(0.0, 0.0)","(0.0, 0.0)","(0.0, 0.0)","(0.0, 0.0, 0.0)","(0.0, 0.0, 0.0)","(0.0, 0.0, 0.0)","(0.0, 0.0, 0.0)","(0.0, 0.0, 0.0)","(0.0, 0.0, 0.0)",0,0,0,0,0,0,False,0,0,0,0,0,0,0,0,"(0.0, 6.0, 1977.2)","(0.2, 0.0, 0.0, 1.0)"
0,960818.6,0,0,0,0,0,0,0,0,0,"(0.0, 0.0)","(0.0, 0.0)","(0.0, 0.0)","(0.0, 0.0, 0.0)","(0.0, 0.0, 0.0)","(0.0, 0.0, 0.0)","(0.0, 0.0, 0.0)","(0.0, 0.0, 0.0)","(0.0, 0.0, 0.0)",0,0,0,0,0,0,False,0,0,0,0,0,0,0,0,"(0.0, 6.0, 1977.6)","(0.2, 0.0, 0.0, 1.0)"
0,960837.2,0,0,0,0,0,0,0,0,0,"(0.0, 0.0)","(0.0, 0.0)","(0.0, 0.0)","(0.0, 0.0, 0.0)","(0.0, 0.0, 0.0)","(0.0, 0.0, 0.0)","(0.0, 0.0, 0.0)","(0.0, 0.0, 0.0)","(0.0, 0.0, 0.0)",0,0,0,0,0,0,False,0,0,0,0,0,0,0,0,"(0.0, 6.0, 1978.0)","(0.2, 0.0, 0.0, 1.0)"
0,960856.4,0,0,0,0,0,0,0,0,0,"(0.0, 0.0)","(0.0, 0.0)","(0.0, 0.0)","(0.0, 0.0, 0.0)","(0.0, 0.0, 0.0)","(0.0, 0.0, 0.0)","(0.0, 0.0, 0.0)","(0.0, 0.0, 0.0)","(0.0, 0.0, 0.0)",0,0,0,0,0,0,False,0,0,0,0,0,0,0,0,"(0.0, 6.0, 1978.4)","(0.2, 0.0, 0.0, 1.0)"
0,960873.3,0,0,0,0,0,0,0,0,0,"(0.0, 0.0)","(0.0, 0.0)","(0.0, 0.0)","(0.0, 0.0, 0.0)","(0.0, 0.0, 0.0)","(0.0, 0.0, 0.0)","(0.0, 0.0, 0.0)","(0.0, 0.0, 0.0)","(0.0, 0.0, 0.0)",0,0,0,0,0,0,False,0,0,0,0,0,0,0,0,"(0.0, 6.0, 1978.8)","(0.2, 0.0, 0.0, 1.0)"
0,960891.9,0,0,0,0,0,0,0,0,0,"(0.0, 0.0)","(0.0, 0.0)","(0.0, 0.0)","(0.0, 0.0, 0.0)","(0.0, 0.0, 0.0)","(0.0, 0.0, 0.0)","(0.0, 0.0, 0.0)","(0.0, 0.0, 0.0)","(0.0, 0.0, 0.0)",0,0,0,0,0,0,False,0,0,0,0,0,0,0,0,"(0.0, 6.0, 1979.1)","(0.2, 0.0, 0.0, 1.0)"
0,960911.2,0,0,0,0,0,0,0,0,0,"(0.0, 0.0)","(0.0, 0.0)","(0.0, 0.0)","(0.0, 0.0, 0.0)","(0.0, 0.0, 0.0)","(0.0, 0.0, 0.0)","(0.0, 0.0, 0.0)","(0.0, 0.0, 0.0)","(0.0, 0.0, 0.0)",0,0,0,0,0,0,False,0,0,0,0,0,0,0,0,"(0.0, 6.0, 1979.5)","(0.2, 0.0, 0.0, 1.0)"
0,960931.5,0,0,0,0,0,0,0,0,0,"(0.0, 0.0)","(0.0, 0.0)","(0.0, 0.0)","(0.0, 0.0, 0.0)","(0.0, 0.0, 0.0)","(0.0, 0.0, 0.0)","(0.0, 0.0, 0.0)","(0.0, 0.0, 0.0)","(0.0, 0.0, 0.0)",0,0,0,0,0,0,False,0,0,0,0,0,0,0,0,"(0.0, 6.0, 1979.9)","(0.2, 0.0, 0.0, 1.0)"
0,960950.6,0,0,0,0,0,0,0,0,0,"(0.0, 0.0)","(0.0, 0.0)","(0.0, 0.0)","(0.0, 0.0, 0.0)","(0.0, 0.0, 0.0)","(0.0, 0.0, 0.0)","(0.0, 0.0, 0.0)","(0.0, 0.0, 0.0)","(0.0, 0.0, 0.0)",0,0,0,0,0,0,False,0,0,0,0,0,0,0,0,"(0.0, 6.0, 1980.3)","(0.2, 0.0, 0.0, 1.0)"
0,960968.6,0,0,0,0,0,0,0,0,0,"(0.0, 0.0)","(0.0, 0.0)","(0.0, 0.0)","(0.0, 0.0, 0.0)","(0.0, 0.0, 0.0)","(0.0, 0.0, 0.0)","(0.0, 0.0, 0.0)","(0.0, 0.0, 0.0)","(0.0, 0.0, 0.0)",0,0,0,0,0,0,False,0,0,0,0,0,0,0,0,"(0.0, 6.0, 1980.6)","(0.2, 0.0, 0.0, 1.0)"
0,960986.5,0,0,0,0,0,0,0,0,0,"(0.0, 0.0)","(0.0, 0.0)","(0.0, 0.0)","(0.0, 0.0, 0.0)","(0.0, 0.0, 0.0)","(0.0, 0.0, 0.0)","(0.0, 0.0, 0.0)","(0.0, 0.0, 0.0)","(0.0, 0.0, 0.0)",0,0,0,0,0,0,False,0,0,0,0,0,0,0,0,"(0.0, 6.0, 1981.0)","(0.2, 0.0, 0.0, 1.0)"
0,961004.7,0,0,0,0,0,0,0,0,0,"(0.0, 0.0)","(0.0, 0.0)","(0.0, 0.0)","(0.0, 0.0, 0.0)","(0.0, 0.0, 0.0)","(0.0, 0.0, 0.0)","(0.0, 0.0, 0.0)","(0.0, 0.0, 0.0)","(0.0, 0.0, 0.0)",0,0,0,0,0,0,False,0,0,0,0,0,0,0,0,"(0.0, 6.0, 1981.4)","(0.2, 0.0, 0.0, 1.0)"
0,961023.5,0,0,0,0,0,0,0,0,0,"(0.0, 0.0)","(0.0, 0.0)","(0.0, 0.0)","(0.0, 0.0, 0.0)","(0.0, 0.0, 0.0)","(0.0, 0.0, 0.0)","(0.0, 0.0, 0.0)","(0.0, 0.0, 0.0)","(0.0, 0.0, 0.0)",0,0,0,0,0,0,False,0,0,0,0,0,0,0,0,"(0.0, 6.0, 1981.7)","(0.2, 0.0, 0.0, 1.0)"
0,961042.4,0,0,0,0,0,0,0,0,0,"(0.0, 0.0)","(0.0, 0.0)","(0.0, 0.0)","(0.0, 0.0, 0.0)","(0.0, 0.0, 0.0)","(0.0, 0.0, 0.0)","(0.0, 0.0, 0.0)","(0.0, 0.0, 0.0)","(0.0, 0.0, 0.0)",0,0,0,0,0,0,False,0,0,0,0,0,0,0,0,"(0.0, 6.0, 1982.1)","(0.2, 0.0, 0.0, 1.0)"
0,961065.7,0,0,0,0,0,0,0,0,0,"(0.0, 0.0)","(0.0, 0.0)","(0.0, 0.0)","(0.0, 0.0, 0.0)","(0.0, 0.0, 0.0)","(0.0, 0.0, 0.0)","(0.0, 0.0, 0.0)","(0.0, 0.0, 0.0)","(0.0, 0.0, 0.0)",0,0,0,0,0,0,False,0,0,0,0,0,0,0,0,"(0.0, 6.0, 1982.5)","(0.2, 0.0, 0.0, 1.0)"
0,961088.4,0,0,0,0,0,0,0,0,0,"(0.0, 0.0)","(0.0, 0.0)","(0.0, 0.0)","(0.0, 0.0, 0.0)","(0.0, 0.0, 0.0)","(0.0, 0.0, 0.0)","(0.0, 0.0, 0.0)","(0.0, 0.0, 0.0)","(0.0, 0.0, 0.0)",0,0,0,0,0,0,False,0,0,0,0,0,0,0,0,"(0.0, 6.0, 1982.8)","(0.2, 0.0, 0.0, 1.0)"
0,961109.3,0,0,0,0,0,0,0,0,0,"(0.0, 0.0)","(0.0, 0.0)","(0.0, 0.0)","(0.0, 0.0, 0.0)","(0.0, 0.0, 0.0)","(0.0, 0.0, 0.0)","(0.0, 0.0, 0.0)","(0.0, 0.0, 0.0)","(0.0, 0.0, 0.0)",0,0,0,0,0,0,False,0,0,0,0,0,0,0,0,"(0.0, 6.0, 1983.2)","(0.2, 0.0, 0.0, 1.0)"
0,961138.4,0,0,0,0,0,0,0,0,0,"(0.0, 0.0)","(0.0, 0.0)","(0.0, 0.0)","(0.0, 0.0, 0.0)","(0.0, 0.0, 0.0)","(0.0, 0.0, 0.0)","(0.0, 0.0, 0.0)","(0.0, 0.0, 0.0)","(0.0, 0.0, 0.0)",0,0,0,0,0,0,False,0,0,0,0,0,0,0,0,"(0.0, 6.0, 1983.6)","(0.2, 0.0, 0.0, 1.0)"
0,961156.5,0,0,0,0,0,0,0,0,0,"(0.0, 0.0)","(0.0, 0.0)","(0.0, 0.0)","(0.0, 0.0, 0.0)","(0.0, 0.0, 0.0)","(0.0, 0.0, 0.0)","(0.0, 0.0, 0.0)","(0.0, 0.0, 0.0)","(0.0, 0.0, 0.0)",0,0,0,0,0,0,False,0,0,0,0,0,0,0,0,"(0.0, 6.0, 1984.0)","(0.2, 0.0, 0.0, 1.0)"
0,961175.8,0,0,0,0,0,0,0,0,0,"(0.0, 0.0)","(0.0, 0.0)","(0.0, 0.0)","(0.0, 0.0, 0.0)","(0.0, 0.0, 0.0)","(0.0, 0.0, 0.0)","(0.0, 0.0, 0.0)","(0.0, 0.0, 0.0)","(0.0, 0.0, 0.0)",0,0,0,0,0,0,False,0,0,0,0,0,0,0,0,"(0.0, 6.0, 1984.4)","(0.2, 0.0, 0.0, 1.0)"
0,961199.1,0,0,0,0,0,0,0,0,0,"(0.0, 0.0)","(0.0, 0.0)","(0.0, 0.0)","(0.0, 0.0, 0.0)","(0.0, 0.0, 0.0)","(0.0, 0.0, 0.0)","(0.0, 0.0, 0.0)","(0.0, 0.0, 0.0)","(0.0, 0.0, 0.0)",0,0,0,0,0,0,False,0,0,0,0,0,0,0,0,"(0.0, 6.0, 1984.8)","(0.2, 0.0, 0.0, 1.0)"
0,961220.3,0,0,0,0,0,0,0,0,0,"(0.0, 0.0)","(0.0, 0.0)","(0.0, 0.0)","(0.0, 0.0, 0.0)","(0.0, 0.0, 0.0)","(0.0, 0.0, 0.0)","(0.0, 0.0, 0.0)","(0.0, 0.0, 0.0)","(0.0, 0.0, 0.0)",0,0,0,0,0,0,False,0,0,0,0,0,0,0,0,"(0.0, 6.0, 1985.2)","(0.2, 0.0, 0.0, 1.0)"
0,961242.8,0,0,0,0,0,0,0,0,0,"(0.0, 0.0)","(0.0, 0.0)","(0.0, 0.0)","(0.0, 0.0, 0.0)","(0.0, 0.0, 0.0)","(0.0, 0.0, 0.0)","(0.0, 0.0, 0.0)","(0.0, 0.0, 0.0)","(0.0, 0.0, 0.0)",0,0,0,0,0,0,False,0,0,0,0,0,0,0,0,"(0.0, 6.0, 1985.6)","(0.2, 0.0, 0.0, 1.0)"
0,961267,0,0,0,0,0,0,0,0,0,"(0.0, 0.0)","(0.0, 0.0)","(0.0, 0.0)","(0.0, 0.0, 0.0)","(0.0, 0.0, 0.0)","(0.0, 0.0, 0.0)","(0.0, 0.0, 0.0)","(0.0, 0.0, 0.0)","(0.0, 0.0, 0.0)",0,0,0,0,0,0,False,0,0,0,0,0,0,0,0,"(0.0, 6.0, 1986.0)","(0.2, 0.0, 0.0, 1.0)"
0,961289,0,0,0,0,0,0,0,0,0,"(0.0, 0.0)","(0.0, 0.0)","(0.0, 0.0)","(0.0, 0.0, 0.0)","(0.0, 0.0, 0.0)","(0.0, 0.0, 0.0)","(0.0, 0.0, 0.0)","(0.0, 0.0, 0.0)","(0.0, 0.0, 0.0)",0,0,0,0,0,0,False,0,0,0,0,0,0,0,0,"(0.0, 6.0, 1986.4)","(0.2, 0.0, 0.0, 1.0)"
0,961309.2,0,0,0,0,0,0,0,0,0,"(0.0, 0.0)","(0.0, 0.0)","(0.0, 0.0)","(0.0, 0.0, 0.0)","(0.0, 0.0, 0.0)","(0.0, 0.0, 0.0)","(0.0, 0.0, 0.0)","(0.0, 0.0, 0.0)","(0.0, 0.0, 0.0)",0,0,0,0,0,0,False,0,0,0,0,0,0,0,0,"(0.0, 6.0, 1986.8)","(0.2, 0.0, 0.0, 1.0)"
0,961332,0,0,0,0,0,0,0,0,0,"(0.0, 0.0)","(0.0, 0.0)","(0.0, 0.0)","(0.0, 0.0, 0.0)","(0.0, 0.0, 0.0)","(0.0, 0.0, 0.0)","(0.0, 0.0, 0.0)","(0.0, 0.0, 0.0)","(0.0, 0.0, 0.0)",0,0,0,0,0,0,False,0,0,0,0,0,0,0,0,"(0.0, 6.0, 1987.2)","(0.2, 0.0, 0.0, 1.0)"
0,961353.4,0,0,0,0,0,0,0,0,0,"(0.0, 0.0)","(0.0, 0.0)","(0.0, 0.0)","(0.0, 0.0, 0.0)","(0.0, 0.0, 0.0)","(0.0, 0.0, 0.0)","(0.0, 0.0, 0.0)","(0.0, 0.0, 0.0)","(0.0, 0.0, 0.0)",0,0,0,0,0,0,False,0,0,0,0,0,0,0,0,"(0.0, 6.0, 1987.6)","(0.2, 0.0, 0.0, 1.0)"
0,961375.9,0,0,0,0,0,0,0,0,0,"(0.0, 0.0)","(0.0, 0.0)","(0.0, 0.0)","(0.0, 0.0, 0.0)","(0.0, 0.0, 0.0)","(0.0, 0.0, 0.0)","(0.0, 0.0, 0.0)","(0.0, 0.0, 0.0)","(0.0, 0.0, 0.0)",0,0,0,0,0,0,False,0,0,0,0,0,0,0,0,"(0.0, 6.0, 1988.0)","(0.2, 0.0, 0.0, 1.0)"
0,961399.1,0,0,0,0,0,0,0,0,0,"(0.0, 0.0)","(0.0, 0.0)","(0.0, 0.0)","(0.0, 0.0, 0.0)","(0.0, 0.0, 0.0)","(0.0, 0.0, 0.0)","(0.0, 0.0, 0.0)","(0.0, 0.0, 0.0)","(0.0, 0.0, 0.0)",0,0,0,0,0,0,False,0,0,0,0,0,0,0,0,"(0.0, 6.0, 1988.4)","(0.2, 0.0, 0.0, 1.0)"
0,961421.6,0,0,0,0,0,0,0,0,0,"(0.0, 0.0)","(0.0, 0.0)","(0.0, 0.0)","(0.0, 0.0, 0.0)","(0.0, 0.0, 0.0)","(0.0, 0.0, 0.0)","(0.0, 0.0, 0.0)","(0.0, 0.0, 0.0)","(0.0, 0.0, 0.0)",0,0,0,0,0,0,False,0,0,0,0,0,0,0,0,"(0.0, 6.0, 1988.9)","(0.2, 0.0, 0.0, 1.0)"
0,961442.5,0,0,0,0,0,0,0,0,0,"(0.0, 0.0)","(0.0, 0.0)","(0.0, 0.0)","(0.0, 0.0, 0.0)","(0.0, 0.0, 0.0)","(0.0, 0.0, 0.0)","(0.0, 0.0, 0.0)","(0.0, 0.0, 0.0)","(0.0, 0.0, 0.0)",0,0,0,0,0,0,False,0,0,0,0,0,0,0,0,"(0.0, 6.0, 1989.3)","(0.2, 0.0, 0.0, 1.0)"
0,961465.4,0,0,0,0,0,0,0,0,0,"(0.0, 0.0)","(0.0, 0.0)","(0.0, 0.0)","(0.0, 0.0, 0.0)","(0.0, 0.0, 0.0)","(0.0, 0.0, 0.0)","(0.0, 0.0, 0.0)","(0.0, 0.0, 0.0)","(0.0, 0.0, 0.0)",0,0,0,0,0,0,False,0,0,0,0,0,0,0,0,"(0.0, 6.0, 1989.7)","(0.2, 0.0, 0.0, 1.0)"
0,961486.5,0,0,0,0,0,0,0,0,0,"(0.0, 0.0)","(0.0, 0.0)","(0.0, 0.0)","(0.0, 0.0, 0.0)","(0.0, 0.0, 0.0)","(0.0, 0.0, 0.0)","(0.0, 0.0, 0.0)","(0.0, 0.0, 0.0)","(0.0, 0.0, 0.0)",0,0,0,0,0,0,False,0,0,0,0,0,0,0,0,"(0.0, 6.0, 1990.1)","(0.2, 0.0, 0.0, 1.0)"
0,961508.9,0,0,0,0,0,0,0,0,0,"(0.0, 0.0)","(0.0, 0.0)","(0.0, 0.0)","(0.0, 0.0, 0.0)","(0.0, 0.0, 0.0)","(0.0, 0.0, 0.0)","(0.0, 0.0, 0.0)","(0.0, 0.0, 0.0)","(0.0, 0.0, 0.0)",0,0,0,0,0,0,False,0,0,0,0,0,0,0,0,"(0.0, 6.0, 1990.5)","(0.2, 0.0, 0.0, 1.0)"
0,961532.8,0,0,0,0,0,0,0,0,0,"(0.0, 0.0)","(0.0, 0.0)","(0.0, 0.0)","(0.0, 0.0, 0.0)","(0.0, 0.0, 0.0)","(0.0, 0.0, 0.0)","(0.0, 0.0, 0.0)","(0.0, 0.0, 0.0)","(0.0, 0.0, 0.0)",0,0,0,0,0,0,False,0,0,0,0,0,0,0,0,"(0.0, 6.0, 1990.9)","(0.2, 0.0, 0.0, 1.0)"
0,961552.8,0,0,0,0,0,0,0,0,0,"(0.0, 0.0)","(0.0, 0.0)","(0.0, 0.0)","(0.0, 0.0, 0.0)","(0.0, 0.0, 0.0)","(0.0, 0.0, 0.0)","(0.0, 0.0, 0.0)","(0.0, 0.0, 0.0)","(0.0, 0.0, 0.0)",0,0,0,0,0,0,False,0,0,0,0,0,0,0,0,"(0.0, 6.0, 1991.3)","(0.2, 0.0, 0.0, 1.0)"
0,961576.9,0,0,0,0,0,0,0,0,0,"(0.0, 0.0)","(0.0, 0.0)","(0.0, 0.0)","(0.0, 0.0, 0.0)","(0.0, 0.0, 0.0)","(0.0, 0.0, 0.0)","(0.0, 0.0, 0.0)","(0.0, 0.0, 0.0)","(0.0, 0.0, 0.0)",0,0,0,0,0,0,False,0,0,0,0,0,0,0,0,"(0.0, 6.0, 1991.8)","(0.2, 0.0, 0.0, 1.0)"
0,961596.1,0,0,0,0,0,0,0,0,0,"(0.0, 0.0)","(0.0, 0.0)","(0.0, 0.0)","(0.0, 0.0, 0.0)","(0.0, 0.0, 0.0)","(0.0, 0.0, 0.0)","(0.0, 0.0, 0.0)","(0.0, 0.0, 0.0)","(0.0, 0.0, 0.0)",0,0,0,0,0,0,False,0,0,0,0,0,0,0,0,"(0.0, 6.0, 1992.2)","(0.2, 0.0, 0.0, 1.0)"
0,961618.6,0,0,0,0,0,0,0,0,0,"(0.0, 0.0)","(0.0, 0.0)","(0.0, 0.0)","(0.0, 0.0, 0.0)","(0.0, 0.0, 0.0)","(0.0, 0.0, 0.0)","(0.0, 0.0, 0.0)","(0.0, 0.0, 0.0)","(0.0, 0.0, 0.0)",0,0,0,0,0,0,False,0,0,0,0,0,0,0,0,"(0.0, 6.0, 1992.6)","(0.2, 0.0, 0.0, 1.0)"
0,961637.8,0,0,0,0,0,0,0,0,0,"(0.0, 0.0)","(0.0, 0.0)","(0.0, 0.0)","(0.0, 0.0, 0.0)","(0.0, 0.0, 0.0)","(0.0, 0.0, 0.0)","(0.0, 0.0, 0.0)","(0.0, 0.0, 0.0)","(0.0, 0.0, 0.0)",0,0,0,0,0,0,False,0,0,0,0,0,0,0,0,"(0.0, 6.0, 1993.0)","(0.2, 0.0, 0.0, 1.0)"
0,961656.2,0,0,0,0,0,0,0,0,0,"(0.0, 0.0)","(0.0, 0.0)","(0.0, 0.0)","(0.0, 0.0, 0.0)","(0.0, 0.0, 0.0)","(0.0, 0.0, 0.0)","(0.0, 0.0, 0.0)","(0.0, 0.0, 0.0)","(0.0, 0.0, 0.0)",0,0,0,0,0,0,False,0,0,0,0,0,0,0,0,"(0.0, 6.0, 1993.4)","(0.2, 0.0, 0.0, 1.0)"
0,961675.4,0,0,0,0,0,0,0,0,0,"(0.0, 0.0)","(0.0, 0.0)","(0.0, 0.0)","(0.0, 0.0, 0.0)","(0.0, 0.0, 0.0)","(0.0, 0.0, 0.0)","(0.0, 0.0, 0.0)","(0.0, 0.0, 0.0)","(0.0, 0.0, 0.0)",0,0,0,0,0,0,False,0,0,0,0,0,0,0,0,"(0.0, 6.0, 1993.8)","(0.2, 0.0, 0.0, 1.0)"
0,961697.1,0,0,0,0,0,0,0,0,0,"(0.0, 0.0)","(0.0, 0.0)","(0.0, 0.0)","(0.0, 0.0, 0.0)","(0.0, 0.0, 0.0)","(0.0, 0.0, 0.0)","(0.0, 0.0, 0.0)","(0.0, 0.0, 0.0)","(0.0, 0.0, 0.0)",0,0,0,0,0,0,False,0,0,0,0,0,0,0,0,"(0.0, 6.0, 1994.2)","(0.2, 0.0, 0.0, 1.0)"
0,961718.5,0,0,0,0,0,0,0,0,0,"(0.0, 0.0)","(0.0, 0.0)","(0.0, 0.0)","(0.0, 0.0, 0.0)","(0.0, 0.0, 0.0)","(0.0, 0.0, 0.0)","(0.0, 0.0, 0.0)","(0.0, 0.0, 0.0)","(0.0, 0.0, 0.0)",0,0,0,0,0,0,False,0,0,0,0,0,0,0,0,"(0.0, 6.0, 1994.6)","(0.2, 0.0, 0.0, 1.0)"
0,961738.3,0,0,0,0,0,0,0,0,0,"(0.0, 0.0)","(0.0, 0.0)","(0.0, 0.0)","(0.0, 0.0, 0.0)","(0.0, 0.0, 0.0)","(0.0, 0.0, 0.0)","(0.0, 0.0, 0.0)","(0.0, 0.0, 0.0)","(0.0, 0.0, 0.0)",0,0,0,0,0,0,False,0,0,0,0,0,0,0,0,"(0.0, 6.0, 1995.0)","(0.2, 0.0, 0.0, 1.0)"
0,961755.8,0,0,0,0,0,0,0,0,0,"(0.0, 0.0)","(0.0, 0.0)","(0.0, 0.0)","(0.0, 0.0, 0.0)","(0.0, 0.0, 0.0)","(0.0, 0.0, 0.0)","(0.0, 0.0, 0.0)","(0.0, 0.0, 0.0)","(0.0, 0.0, 0.0)",0,0,0,0,0,0,False,0,0,0,0,0,0,0,0,"(0.0, 6.0, 1995.4)","(0.2, 0.0, 0.0, 1.0)"
0,961773.8,0,0,0,0,0,0,0,0,0,"(0.0, 0.0)","(0.0, 0.0)","(0.0, 0.0)","(0.0, 0.0, 0.0)","(0.0, 0.0, 0.0)","(0.0, 0.0, 0.0)","(0.0, 0.0, 0.0)","(0.0, 0.0, 0.0)","(0.0, 0.0, 0.0)",0,0,0,0,0,0,False,0,0,0,0,0,0,0,0,"(0.0, 6.0, 1995.8)","(0.2, 0.0, 0.0, 1.0)"
0,961794.3,0,0,0,0,0,0,0,0,0,"(0.0, 0.0)","(0.0, 0.0)","(0.0, 0.0)","(0.0, 0.0, 0.0)","(0.0, 0.0, 0.0)","(0.0, 0.0, 0.0)","(0.0, 0.0, 0.0)","(0.0, 0.0, 0.0)","(0.0, 0.0, 0.0)",0,0,0,0,0,0,False,0,0,0,0,0,0,0,0,"(0.0, 6.0, 1996.2)","(0.2, 0.0, 0.0, 1.0)"
0,961815.3,0,0,0,0,0,0,0,0,0,"(0.0, 0.0)","(0.0, 0.0)","(0.0, 0.0)","(0.0, 0.0, 0.0)","(0.0, 0.0, 0.0)","(0.0, 0.0, 0.0)","(0.0, 0.0, 0.0)","(0.0, 0.0, 0.0)","(0.0, 0.0, 0.0)",0,0,0,0,0,0,False,0,0,0,0,0,0,0,0,"(0.0, 6.0, 1996.6)","(0.2, 0.0, 0.0, 1.0)"
0,961838.8,0,0,0,0,0,0,0,0,0,"(0.0, 0.0)","(0.0, 0.0)","(0.0, 0.0)","(0.0, 0.0, 0.0)","(0.0, 0.0, 0.0)","(0.0, 0.0, 0.0)","(0.0, 0.0, 0.0)","(0.0, 0.0, 0.0)","(0.0, 0.0, 0.0)",0,0,0,0,0,0,False,0,0,0,0,0,0,0,0,"(0.0, 6.0, 1996.9)","(0.2, 0.0, 0.0, 1.0)"
0,961857.6,0,0,0,0,0,0,0,0,0,"(0.0, 0.0)","(0.0, 0.0)","(0.0, 0.0)","(0.0, 0.0, 0.0)","(0.0, 0.0, 0.0)","(0.0, 0.0, 0.0)","(0.0, 0.0, 0.0)","(0.0, 0.0, 0.0)","(0.0, 0.0, 0.0)",0,0,0,0,0,0,False,0,0,0,0,0,0,0,0,"(0.0, 6.0, 1997.3)","(0.2, 0.0, 0.0, 1.0)"
0,961877.2,0,0,0,0,0,0,0,0,0,"(0.0, 0.0)","(0.0, 0.0)","(0.0, 0.0)","(0.0, 0.0, 0.0)","(0.0, 0.0, 0.0)","(0.0, 0.0, 0.0)","(0.0, 0.0, 0.0)","(0.0, 0.0, 0.0)","(0.0, 0.0, 0.0)",0,0,0,0,0,0,False,0,0,0,0,0,0,0,0,"(0.0, 6.0, 1997.7)","(0.2, 0.0, 0.0, 1.0)"
0,961898.3,0,0,0,0,0,0,0,0,0,"(0.0, 0.0)","(0.0, 0.0)","(0.0, 0.0)","(0.0, 0.0, 0.0)","(0.0, 0.0, 0.0)","(0.0, 0.0, 0.0)","(0.0, 0.0, 0.0)","(0.0, 0.0, 0.0)","(0.0, 0.0, 0.0)",0,0,0,0,0,0,False,0,0,0,0,0,0,0,0,"(0.0, 6.0, 1998.1)","(0.2, 0.0, 0.0, 1.0)"
0,961918.1,0,0,0,0,0,0,0,0,0,"(0.0, 0.0)","(0.0, 0.0)","(0.0, 0.0)","(0.0, 0.0, 0.0)","(0.0, 0.0, 0.0)","(0.0, 0.0, 0.0)","(0.0, 0.0, 0.0)","(0.0, 0.0, 0.0)","(0.0, 0.0, 0.0)",0,0,0,0,0,0,False,0,0,0,0,0,0,0,0,"(0.0, 6.0, 1998.5)","(0.2, 0.0, 0.0, 1.0)"
0,961937.4,0,0,0,0,0,0,0,0,0,"(0.0, 0.0)","(0.0, 0.0)","(0.0, 0.0)","(0.0, 0.0, 0.0)","(0.0, 0.0, 0.0)","(0.0, 0.0, 0.0)","(0.0, 0.0, 0.0)","(0.0, 0.0, 0.0)","(0.0, 0.0, 0.0)",0,0,0,0,0,0,False,0,0,0,0,0,0,0,0,"(0.0, 6.0, 1998.9)","(0.2, 0.0, 0.0, 1.0)"
0,961955.4,0,0,0,0,0,0,0,0,0,"(0.0, 0.0)","(0.0, 0.0)","(0.0, 0.0)","(0.0, 0.0, 0.0)","(0.0, 0.0, 0.0)","(0.0, 0.0, 0.0)","(0.0, 0.0, 0.0)","(0.0, 0.0, 0.0)","(0.0, 0.0, 0.0)",0,0,0,0,0,0,False,0,0,0,0,0,0,0,0,"(0.0, 6.0, 1999.3)","(0.2, 0.0, 0.0, 1.0)"
0,961974.4,0,0,0,0,0,0,0,0,0,"(0.0, 0.0)","(0.0, 0.0)","(0.0, 0.0)","(0.0, 0.0, 0.0)","(0.0, 0.0, 0.0)","(0.0, 0.0, 0.0)","(0.0, 0.0, 0.0)","(0.0, 0.0, 0.0)","(0.0, 0.0, 0.0)",0,0,0,0,0,0,False,0,0,0,0,0,0,0,0,"(0.0, 6.0, 1999.7)","(0.2, 0.0, 0.0, 1.0)"
0,961997.6,0,0,0,0,0,0,0,0,0,"(0.0, 0.0)","(0.0, 0.0)","(0.0, 0.0)","(0.0, 0.0, 0.0)","(0.0, 0.0, 0.0)","(0.0, 0.0, 0.0)","(0.0, 0.0, 0.0)","(0.0, 0.0, 0.0)","(0.0, 0.0, 0.0)",0,0,0,0,0,0,False,0,0,0,0,0,0,0,0,"(0.0, 6.0, 2000.0)","(0.2, 0.0, 0.0, 1.0)"
0,962021.6,0,0,0,0,0,0,0,0,0,"(0.0, 0.0)","(0.0, 0.0)","(0.0, 0.0)","(0.0, 0.0, 0.0)","(0.0, 0.0, 0.0)","(0.0, 0.0, 0.0)","(0.0, 0.0, 0.0)","(0.0, 0.0, 0.0)","(0.0, 0.0, 0.0)",0,0,0,0,0,0,False,0,0,0,0,0,0,0,0,"(0.0, 6.0, 2000.4)","(0.2, 0.0, 0.0, 1.0)"
0,962042.3,0,0,0,0,0,0,0,0,0,"(0.0, 0.0)","(0.0, 0.0)","(0.0, 0.0)","(0.0, 0.0, 0.0)","(0.0, 0.0, 0.0)","(0.0, 0.0, 0.0)","(0.0, 0.0, 0.0)","(0.0, 0.0, 0.0)","(0.0, 0.0, 0.0)",0,0,0,0,0,0,False,0,0,0,0,0,0,0,0,"(0.0, 6.0, 2000.8)","(0.2, 0.0, 0.0, 1.0)"
0,962065.3,0,0,0,0,0,0,0,0,0,"(0.0, 0.0)","(0.0, 0.0)","(0.0, 0.0)","(0.0, 0.0, 0.0)","(0.0, 0.0, 0.0)","(0.0, 0.0, 0.0)","(0.0, 0.0, 0.0)","(0.0, 0.0, 0.0)","(0.0, 0.0, 0.0)",0,0,0,0,0,0,False,0,0,0,0,0,0,0,0,"(0.0, 6.0, 2001.2)","(0.2, 0.0, 0.0, 1.0)"
0,962087.2,0,0,0,0,0,0,0,0,0,"(0.0, 0.0)","(0.0, 0.0)","(0.0, 0.0)","(0.0, 0.0, 0.0)","(0.0, 0.0, 0.0)","(0.0, 0.0, 0.0)","(0.0, 0.0, 0.0)","(0.0, 0.0, 0.0)","(0.0, 0.0, 0.0)",0,0,0,0,0,0,False,0,0,0,0,0,0,0,0,"(0.0, 6.0, 2001.6)","(0.2, 0.0, 0.0, 1.0)"
0,962109.2,0,0,0,0,0,0,0,0,0,"(0.0, 0.0)","(0.0, 0.0)","(0.0, 0.0)","(0.0, 0.0, 0.0)","(0.0, 0.0, 0.0)","(0.0, 0.0, 0.0)","(0.0, 0.0, 0.0)","(0.0, 0.0, 0.0)","(0.0, 0.0, 0.0)",0,0,0,0,0,0,False,0,0,0,0,0,0,0,0,"(0.0, 6.0, 2002.0)","(0.2, 0.0, 0.0, 1.0)"
0,962132.5,0,0,0,0,0,0,0,0,0,"(0.0, 0.0)","(0.0, 0.0)","(0.0, 0.0)","(0.0, 0.0, 0.0)","(0.0, 0.0, 0.0)","(0.0, 0.0, 0.0)","(0.0, 0.0, 0.0)","(0.0, 0.0, 0.0)","(0.0, 0.0, 0.0)",0,0,0,0,0,0,False,0,0,0,0,0,0,0,0,"(0.0, 6.0, 2002.4)","(0.2, 0.0, 0.0, 1.0)"
0,962153.3,0,0,0,0,0,0,0,0,0,"(0.0, 0.0)","(0.0, 0.0)","(0.0, 0.0)","(0.0, 0.0, 0.0)","(0.0, 0.0, 0.0)","(0.0, 0.0, 0.0)","(0.0, 0.0, 0.0)","(0.0, 0.0, 0.0)","(0.0, 0.0, 0.0)",0,0,0,0,0,0,False,0,0,0,0,0,0,0,0,"(0.0, 6.0, 2002.8)","(0.2, 0.0, 0.0, 1.0)"
0,962175.3,0,0,0,0,0,0,0,0,0,"(0.0, 0.0)","(0.0, 0.0)","(0.0, 0.0)","(0.0, 0.0, 0.0)","(0.0, 0.0, 0.0)","(0.0, 0.0, 0.0)","(0.0, 0.0, 0.0)","(0.0, 0.0, 0.0)","(0.0, 0.0, 0.0)",0,0,0,0,0,0,False,0,0,0,0,0,0,0,0,"(0.0, 6.0, 2003.2)","(0.2, 0.0, 0.0, 1.0)"
0,962198.6,0,0,0,0,0,0,0,0,0,"(0.0, 0.0)","(0.0, 0.0)","(0.0, 0.0)","(0.0, 0.0, 0.0)","(0.0, 0.0, 0.0)","(0.0, 0.0, 0.0)","(0.0, 0.0, 0.0)","(0.0, 0.0, 0.0)","(0.0, 0.0, 0.0)",0,0,0,0,0,0,False,0,0,0,0,0,0,0,0,"(0.0, 6.0, 2003.7)","(0.2, 0.0, 0.0, 1.0)"
0,962220,0,0,0,0,0,0,0,0,0,"(0.0, 0.0)","(0.0, 0.0)","(0.0, 0.0)","(0.0, 0.0, 0.0)","(0.0, 0.0, 0.0)","(0.0, 0.0, 0.0)","(0.0, 0.0, 0.0)","(0.0, 0.0, 0.0)","(0.0, 0.0, 0.0)",0,0,0,0,0,0,False,0,0,0,0,0,0,0,0,"(0.0, 6.0, 2004.1)","(0.2, 0.0, 0.0, 1.0)"
0,962242.3,0,0,0,0,0,0,0,0,0,"(0.0, 0.0)","(0.0, 0.0)","(0.0, 0.0)","(0.0, 0.0, 0.0)","(0.0, 0.0, 0.0)","(0.0, 0.0, 0.0)","(0.0, 0.0, 0.0)","(0.0, 0.0, 0.0)","(0.0, 0.0, 0.0)",0,0,0,0,0,0,False,0,0,0,0,0,0,0,0,"(0.0, 6.0, 2004.5)","(0.2, 0.0, 0.0, 1.0)"
0,962265.7,0,0,0,0,0,0,0,0,0,"(0.0, 0.0)","(0.0, 0.0)","(0.0, 0.0)","(0.0, 0.0, 0.0)","(0.0, 0.0, 0.0)","(0.0, 0.0, 0.0)","(0.0, 0.0, 0.0)","(0.0, 0.0, 0.0)","(0.0, 0.0, 0.0)",0,0,0,0,0,0,False,0,0,0,0,0,0,0,0,"(0.0, 6.0, 2004.9)","(0.2, 0.0, 0.0, 1.0)"
0,962286.7,0,0,0,0,0,0,0,0,0,"(0.0, 0.0)","(0.0, 0.0)","(0.0, 0.0)","(0.0, 0.0, 0.0)","(0.0, 0.0, 0.0)","(0.0, 0.0, 0.0)","(0.0, 0.0, 0.0)","(0.0, 0.0, 0.0)","(0.0, 0.0, 0.0)",0,0,0,0,0,0,False,0,0,0,0,0,0,0,0,"(0.0, 6.0, 2005.3)","(0.2, 0.0, 0.0, 1.0)"
0,962308.9,0,0,0,0,0,0,0,0,0,"(0.0, 0.0)","(0.0, 0.0)","(0.0, 0.0)","(0.0, 0.0, 0.0)","(0.0, 0.0, 0.0)","(0.0, 0.0, 0.0)","(0.0, 0.0, 0.0)","(0.0, 0.0, 0.0)","(0.0, 0.0, 0.0)",0,0,0,0,0,0,False,0,0,0,0,0,0,0,0,"(0.0, 6.0, 2005.7)","(0.2, 0.0, 0.0, 1.0)"
0,962332.3,0,0,0,0,0,0,0,0,0,"(0.0, 0.0)","(0.0, 0.0)","(0.0, 0.0)","(0.0, 0.0, 0.0)","(0.0, 0.0, 0.0)","(0.0, 0.0, 0.0)","(0.0, 0.0, 0.0)","(0.0, 0.0, 0.0)","(0.0, 0.0, 0.0)",0,0,0,0,0,0,False,0,0,0,0,0,0,0,0,"(0.0, 6.0, 2006.1)","(0.2, 0.0, 0.0, 1.0)"
0,962353.1,0,0,0,0,0,0,0,0,0,"(0.0, 0.0)","(0.0, 0.0)","(0.0, 0.0)","(0.0, 0.0, 0.0)","(0.0, 0.0, 0.0)","(0.0, 0.0, 0.0)","(0.0, 0.0, 0.0)","(0.0, 0.0, 0.0)","(0.0, 0.0, 0.0)",0,0,0,0,0,0,False,0,0,0,0,0,0,0,0,"(0.0, 6.0, 2006.5)","(0.2, 0.0, 0.0, 1.0)"
0,962375.2,0,0,0,0,0,0,0,0,0,"(0.0, 0.0)","(0.0, 0.0)","(0.0, 0.0)","(0.0, 0.0, 0.0)","(0.0, 0.0, 0.0)","(0.0, 0.0, 0.0)","(0.0, 0.0, 0.0)","(0.0, 0.0, 0.0)","(0.0, 0.0, 0.0)",0,0,0,0,0,0,False,0,0,0,0,0,0,0,0,"(0.0, 6.0, 2007.0)","(0.2, 0.0, 0.0, 1.0)"
0,962398.4,0,0,0,0,0,0,0,0,0,"(0.0, 0.0)","(0.0, 0.0)","(0.0, 0.0)","(0.0, 0.0, 0.0)","(0.0, 0.0, 0.0)","(0.0, 0.0, 0.0)","(0.0, 0.0, 0.0)","(0.0, 0.0, 0.0)","(0.0, 0.0, 0.0)",0,0,0,0,0,0,False,0,0,0,0,0,0,0,0,"(0.0, 6.0, 2007.4)","(0.2, 0.0, 0.0, 1.0)"
0,962420.3,0,0,0,0,0,0,0,0,0,"(0.0, 0.0)","(0.0, 0.0)","(0.0, 0.0)","(0.0, 0.0, 0.0)","(0.0, 0.0, 0.0)","(0.0, 0.0, 0.0)","(0.0, 0.0, 0.0)","(0.0, 0.0, 0.0)","(0.0, 0.0, 0.0)",0,0,0,0,0,0,False,0,0,0,0,0,0,0,0,"(0.0, 6.0, 2007.8)","(0.2, 0.0, 0.0, 1.0)"
0,962442.1,0,0,0,0,0,0,0,0,0,"(0.0, 0.0)","(0.0, 0.0)","(0.0, 0.0)","(0.0, 0.0, 0.0)","(0.0, 0.0, 0.0)","(0.0, 0.0, 0.0)","(0.0, 0.0, 0.0)","(0.0, 0.0, 0.0)","(0.0, 0.0, 0.0)",0,0,0,0,0,0,False,0,0,0,0,0,0,0,0,"(0.0, 6.0, 2008.2)","(0.2, 0.0, 0.0, 1.0)"
0,962465.3,0,0,0,0,0,0,0,0,0,"(0.0, 0.0)","(0.0, 0.0)","(0.0, 0.0)","(0.0, 0.0, 0.0)","(0.0, 0.0, 0.0)","(0.0, 0.0, 0.0)","(0.0, 0.0, 0.0)","(0.0, 0.0, 0.0)","(0.0, 0.0, 0.0)",0,0,0,0,0,0,False,0,0,0,0,0,0,0,0,"(0.0, 6.0, 2008.6)","(0.2, 0.0, 0.0, 1.0)"
0,962486.1,0,0,0,0,0,0,0,0,0,"(0.0, 0.0)","(0.0, 0.0)","(0.0, 0.0)","(0.0, 0.0, 0.0)","(0.0, 0.0, 0.0)","(0.0, 0.0, 0.0)","(0.0, 0.0, 0.0)","(0.0, 0.0, 0.0)","(0.0, 0.0, 0.0)",0,0,0,0,0,0,False,0,0,0,0,0,0,0,0,"(0.0, 6.0, 2009.0)","(0.2, 0.0, 0.0, 1.0)"
0,962508.8,0,0,0,0,0,0,0,0,0,"(0.0, 0.0)","(0.0, 0.0)","(0.0, 0.0)","(0.0, 0.0, 0.0)","(0.0, 0.0, 0.0)","(0.0, 0.0, 0.0)","(0.0, 0.0, 0.0)","(0.0, 0.0, 0.0)","(0.0, 0.0, 0.0)",0,0,0,0,0,0,False,0,0,0,0,0,0,0,0,"(0.0, 6.0, 2009.5)","(0.2, 0.0, 0.0, 1.0)"
0,962527.4,0,0,0,0,0,0,0,0,0,"(0.0, 0.0)","(0.0, 0.0)","(0.0, 0.0)","(0.0, 0.0, 0.0)","(0.0, 0.0, 0.0)","(0.0, 0.0, 0.0)","(0.0, 0.0, 0.0)","(0.0, 0.0, 0.0)","(0.0, 0.0, 0.0)",0,0,0,0,0,0,False,0,0,0,0,0,0,0,0,"(0.0, 6.0, 2009.9)","(0.2, 0.0, 0.0, 1.0)"
0,962547.1,0,0,0,0,0,0,0,0,0,"(0.0, 0.0)","(0.0, 0.0)","(0.0, 0.0)","(0.0, 0.0, 0.0)","(0.0, 0.0, 0.0)","(0.0, 0.0, 0.0)","(0.0, 0.0, 0.0)","(0.0, 0.0, 0.0)","(0.0, 0.0, 0.0)",0,0,0,0,0,0,False,0,0,0,0,0,0,0,0,"(0.0, 6.0, 2010.3)","(0.2, 0.0, 0.0, 1.0)"
0,962567.8,0,0,0,0,0,0,0,0,0,"(0.0, 0.0)","(0.0, 0.0)","(0.0, 0.0)","(0.0, 0.0, 0.0)","(0.0, 0.0, 0.0)","(0.0, 0.0, 0.0)","(0.0, 0.0, 0.0)","(0.0, 0.0, 0.0)","(0.0, 0.0, 0.0)",0,0,0,0,0,0,False,0,0,0,0,0,0,0,0,"(0.0, 6.0, 2010.7)","(0.2, 0.0, 0.0, 1.0)"
0,962586.8,0,0,0,0,0,0,0,0,0,"(0.0, 0.0)","(0.0, 0.0)","(0.0, 0.0)","(0.0, 0.0, 0.0)","(0.0, 0.0, 0.0)","(0.0, 0.0, 0.0)","(0.0, 0.0, 0.0)","(0.0, 0.0, 0.0)","(0.0, 0.0, 0.0)",0,0,0,0,0,0,False,0,0,0,0,0,0,0,0,"(0.0, 6.0, 2011.1)","(0.2, 0.0, 0.0, 1.0)"
0,962605.1,0,0,0,0,0,0,0,0,0,"(0.0, 0.0)","(0.0, 0.0)","(0.0, 0.0)","(0.0, 0.0, 0.0)","(0.0, 0.0, 0.0)","(0.0, 0.0, 0.0)","(0.0, 0.0, 0.0)","(0.0, 0.0, 0.0)","(0.0, 0.0, 0.0)",0,0,0,0,0,0,False,0,0,0,0,0,0,0,0,"(0.0, 6.0, 2011.5)","(0.2, 0.0, 0.0, 1.0)"
0,962626.4,0,0,0,0,0,0,0,0,0,"(0.0, 0.0)","(0.0, 0.0)","(0.0, 0.0)","(0.0, 0.0, 0.0)","(0.0, 0.0, 0.0)","(0.0, 0.0, 0.0)","(0.0, 0.0, 0.0)","(0.0, 0.0, 0.0)","(0.0, 0.0, 0.0)",0,0,0,0,0,0,False,0,0,0,0,0,0,0,0,"(0.0, 6.0, 2011.9)","(0.2, 0.0, 0.0, 1.0)"
0,962646.2,0,0,0,0,0,0,0,0,0,"(0.0, 0.0)","(0.0, 0.0)","(0.0, 0.0)","(0.0, 0.0, 0.0)","(0.0, 0.0, 0.0)","(0.0, 0.0, 0.0)","(0.0, 0.0, 0.0)","(0.0, 0.0, 0.0)","(0.0, 0.0, 0.0)",0,0,0,0,0,0,False,0,0,0,0,0,0,0,0,"(0.0, 6.0, 2012.3)","(0.2, 0.0, 0.0, 1.0)"
0,962666.8,0,0,0,0,0,0,0,0,0,"(0.0, 0.0)","(0.0, 0.0)","(0.0, 0.0)","(0.0, 0.0, 0.0)","(0.0, 0.0, 0.0)","(0.0, 0.0, 0.0)","(0.0, 0.0, 0.0)","(0.0, 0.0, 0.0)","(0.0, 0.0, 0.0)",0,0,0,0,0,0,False,0,0,0,0,0,0,0,0,"(0.0, 6.0, 2012.7)","(0.2, 0.0, 0.0, 1.0)"
0,962685.1,0,0,0,0,0,0,0,0,0,"(0.0, 0.0)","(0.0, 0.0)","(0.0, 0.0)","(0.0, 0.0, 0.0)","(0.0, 0.0, 0.0)","(0.0, 0.0, 0.0)","(0.0, 0.0, 0.0)","(0.0, 0.0, 0.0)","(0.0, 0.0, 0.0)",0,0,0,0,0,0,False,0,0,0,0,0,0,0,0,"(0.0, 6.0, 2013.1)","(0.2, 0.0, 0.0, 1.0)"
0,962709.4,0,0,0,0,0,0,0,0,0,"(0.0, 0.0)","(0.0, 0.0)","(0.0, 0.0)","(0.0, 0.0, 0.0)","(0.0, 0.0, 0.0)","(0.0, 0.0, 0.0)","(0.0, 0.0, 0.0)","(0.0, 0.0, 0.0)","(0.0, 0.0, 0.0)",0,0,0,0,0,0,False,0,0,0,0,0,0,0,0,"(0.0, 6.0, 2013.5)","(0.2, 0.0, 0.0, 1.0)"
0,962728.9,0,0,0,0,0,0,0,0,0,"(0.0, 0.0)","(0.0, 0.0)","(0.0, 0.0)","(0.0, 0.0, 0.0)","(0.0, 0.0, 0.0)","(0.0, 0.0, 0.0)","(0.0, 0.0, 0.0)","(0.0, 0.0, 0.0)","(0.0, 0.0, 0.0)",0,0,0,0,0,0,False,0,0,0,0,0,0,0,0,"(0.0, 6.0, 2013.9)","(0.2, 0.0, 0.0, 1.0)"
0,962749.1,0,0,0,0,0,0,0,0,0,"(0.0, 0.0)","(0.0, 0.0)","(0.0, 0.0)","(0.0, 0.0, 0.0)","(0.0, 0.0, 0.0)","(0.0, 0.0, 0.0)","(0.0, 0.0, 0.0)","(0.0, 0.0, 0.0)","(0.0, 0.0, 0.0)",0,0,0,0,0,0,False,0,0,0,0,0,0,0,0,"(0.0, 6.0, 2014.3)","(0.2, 0.0, 0.0, 1.0)"
0,962769,0,0,0,0,0,0,0,0,0,"(0.0, 0.0)","(0.0, 0.0)","(0.0, 0.0)","(0.0, 0.0, 0.0)","(0.0, 0.0, 0.0)","(0.0, 0.0, 0.0)","(0.0, 0.0, 0.0)","(0.0, 0.0, 0.0)","(0.0, 0.0, 0.0)",0,0,0,0,0,0,False,0,0,0,0,0,0,0,0,"(0.0, 6.0, 2014.6)","(0.2, 0.0, 0.0, 1.0)"
0,962787.8,0,0,0,0,0,0,0,0,0,"(0.0, 0.0)","(0.0, 0.0)","(0.0, 0.0)","(0.0, 0.0, 0.0)","(0.0, 0.0, 0.0)","(0.0, 0.0, 0.0)","(0.0, 0.0, 0.0)","(0.0, 0.0, 0.0)","(0.0, 0.0, 0.0)",0,0,0,0,0,0,False,0,0,0,0,0,0,0,0,"(0.0, 6.0, 2015.0)","(0.2, 0.0, 0.0, 1.0)"
0,962807,0,0,0,0,0,0,0,0,0,"(0.0, 0.0)","(0.0, 0.0)","(0.0, 0.0)","(0.0, 0.0, 0.0)","(0.0, 0.0, 0.0)","(0.0, 0.0, 0.0)","(0.0, 0.0, 0.0)","(0.0, 0.0, 0.0)","(0.0, 0.0, 0.0)",0,0,0,0,0,0,False,0,0,0,0,0,0,0,0,"(0.0, 6.0, 2015.4)","(0.2, 0.0, 0.0, 1.0)"
0,962826.6,0,0,0,0,0,0,0,0,0,"(0.0, 0.0)","(0.0, 0.0)","(0.0, 0.0)","(0.0, 0.0, 0.0)","(0.0, 0.0, 0.0)","(0.0, 0.0, 0.0)","(0.0, 0.0, 0.0)","(0.0, 0.0, 0.0)","(0.0, 0.0, 0.0)",0,0,0,0,0,0,False,0,0,0,0,0,0,0,0,"(0.0, 6.0, 2015.8)","(0.2, 0.0, 0.0, 1.0)"
0,962846.2,0,0,0,0,0,0,0,0,0,"(0.0, 0.0)","(0.0, 0.0)","(0.0, 0.0)","(0.0, 0.0, 0.0)","(0.0, 0.0, 0.0)","(0.0, 0.0, 0.0)","(0.0, 0.0, 0.0)","(0.0, 0.0, 0.0)","(0.0, 0.0, 0.0)",0,0,0,0,0,0,False,0,0,0,0,0,0,0,0,"(0.0, 6.0, 2016.2)","(0.2, 0.0, 0.0, 1.0)"
0,962865.1,0,0,0,0,0,0,0,0,0,"(0.0, 0.0)","(0.0, 0.0)","(0.0, 0.0)","(0.0, 0.0, 0.0)","(0.0, 0.0, 0.0)","(0.0, 0.0, 0.0)","(0.0, 0.0, 0.0)","(0.0, 0.0, 0.0)","(0.0, 0.0, 0.0)",0,0,0,0,0,0,False,0,0,0,0,0,0,0,0,"(0.0, 6.0, 2016.6)","(0.2, 0.0, 0.0, 1.0)"
0,962884.2,0,0,0,0,0,0,0,0,0,"(0.0, 0.0)","(0.0, 0.0)","(0.0, 0.0)","(0.0, 0.0, 0.0)","(0.0, 0.0, 0.0)","(0.0, 0.0, 0.0)","(0.0, 0.0, 0.0)","(0.0, 0.0, 0.0)","(0.0, 0.0, 0.0)",0,0,0,0,0,0,False,0,0,0,0,0,0,0,0,"(0.0, 6.0, 2016.9)","(0.2, 0.0, 0.0, 1.0)"
0,962901.3,0,0,0,0,0,0,0,0,0,"(0.0, 0.0)","(0.0, 0.0)","(0.0, 0.0)","(0.0, 0.0, 0.0)","(0.0, 0.0, 0.0)","(0.0, 0.0, 0.0)","(0.0, 0.0, 0.0)","(0.0, 0.0, 0.0)","(0.0, 0.0, 0.0)",0,0,0,0,0,0,False,0,0,0,0,0,0,0,0,"(0.0, 6.0, 2017.3)","(0.2, 0.0, 0.0, 1.0)"
0,962925.3,0,0,0,0,0,0,0,0,0,"(0.0, 0.0)","(0.0, 0.0)","(0.0, 0.0)","(0.0, 0.0, 0.0)","(0.0, 0.0, 0.0)","(0.0, 0.0, 0.0)","(0.0, 0.0, 0.0)","(0.0, 0.0, 0.0)","(0.0, 0.0, 0.0)",0,0,0,0,0,0,False,0,0,0,0,0,0,0,0,"(0.0, 6.0, 2017.7)","(0.2, 0.0, 0.0, 1.0)"
0,962944.5,0,0,0,0,0,0,0,0,0,"(0.0, 0.0)","(0.0, 0.0)","(0.0, 0.0)","(0.0, 0.0, 0.0)","(0.0, 0.0, 0.0)","(0.0, 0.0, 0.0)","(0.0, 0.0, 0.0)","(0.0, 0.0, 0.0)","(0.0, 0.0, 0.0)",0,0,0,0,0,0,False,0,0,0,0,0,0,0,0,"(0.0, 6.0, 2018.1)","(0.2, 0.0, 0.0, 1.0)"
0,962965.6,0,0,0,0,0,0,0,0,0,"(0.0, 0.0)","(0.0, 0.0)","(0.0, 0.0)","(0.0, 0.0, 0.0)","(0.0, 0.0, 0.0)","(0.0, 0.0, 0.0)","(0.0, 0.0, 0.0)","(0.0, 0.0, 0.0)","(0.0, 0.0, 0.0)",0,0,0,0,0,0,False,0,0,0,0,0,0,0,0,"(0.0, 6.0, 2018.5)","(0.2, 0.0, 0.0, 1.0)"
0,962983.7,0,0,0,0,0,0,0,0,0,"(0.0, 0.0)","(0.0, 0.0)","(0.0, 0.0)","(0.0, 0.0, 0.0)","(0.0, 0.0, 0.0)","(0.0, 0.0, 0.0)","(0.0, 0.0, 0.0)","(0.0, 0.0, 0.0)","(0.0, 0.0, 0.0)",0,0,0,0,0,0,False,0,0,0,0,0,0,0,0,"(0.0, 6.0, 2018.8)","(0.2, 0.0, 0.0, 1.0)"
0,963002.6,0,0,0,0,0,0,0,0,0,"(0.0, 0.0)","(0.0, 0.0)","(0.0, 0.0)","(0.0, 0.0, 0.0)","(0.0, 0.0, 0.0)","(0.0, 0.0, 0.0)","(0.0, 0.0, 0.0)","(0.0, 0.0, 0.0)","(0.0, 0.0, 0.0)",0,0,0,0,0,0,False,0,0,0,0,0,0,0,0,"(0.0, 6.0, 2019.2)","(0.2, 0.0, 0.0, 1.0)"
0,963022.1,0,0,0,0,0,0,0,0,0,"(0.0, 0.0)","(0.0, 0.0)","(0.0, 0.0)","(0.0, 0.0, 0.0)","(0.0, 0.0, 0.0)","(0.0, 0.0, 0.0)","(0.0, 0.0, 0.0)","(0.0, 0.0, 0.0)","(0.0, 0.0, 0.0)",0,0,0,0,0,0,False,0,0,0,0,0,0,0,0,"(0.0, 6.0, 2019.6)","(0.2, 0.0, 0.0, 1.0)"
0,963042.1,0,0,0,0,0,0,0,0,0,"(0.0, 0.0)","(0.0, 0.0)","(0.0, 0.0)","(0.0, 0.0, 0.0)","(0.0, 0.0, 0.0)","(0.0, 0.0, 0.0)","(0.0, 0.0, 0.0)","(0.0, 0.0, 0.0)","(0.0, 0.0, 0.0)",0,0,0,0,0,0,False,0,0,0,0,0,0,0,0,"(0.0, 6.0, 2020.0)","(0.2, 0.0, 0.0, 1.0)"
0,963064.6,0,0,0,0,0,0,0,0,0,"(0.0, 0.0)","(0.0, 0.0)","(0.0, 0.0)","(0.0, 0.0, 0.0)","(0.0, 0.0, 0.0)","(0.0, 0.0, 0.0)","(0.0, 0.0, 0.0)","(0.0, 0.0, 0.0)","(0.0, 0.0, 0.0)",0,0,0,0,0,0,False,0,0,0,0,0,0,0,0,"(0.0, 6.0, 2020.4)","(0.2, 0.0, 0.0, 1.0)"
0,963085.9,0,0,0,0,0,0,0,0,0,"(0.0, 0.0)","(0.0, 0.0)","(0.0, 0.0)","(0.0, 0.0, 0.0)","(0.0, 0.0, 0.0)","(0.0, 0.0, 0.0)","(0.0, 0.0, 0.0)","(0.0, 0.0, 0.0)","(0.0, 0.0, 0.0)",0,0,0,0,0,0,False,0,0,0,0,0,0,0,0,"(0.0, 6.0, 2020.7)","(0.2, 0.0, 0.0, 1.0)"
0,963108.8,0,0,0,0,0,0,0,0,0,"(0.0, 0.0)","(0.0, 0.0)","(0.0, 0.0)","(0.0, 0.0, 0.0)","(0.0, 0.0, 0.0)","(0.0, 0.0, 0.0)","(0.0, 0.0, 0.0)","(0.0, 0.0, 0.0)","(0.0, 0.0, 0.0)",0,0,0,0,0,0,False,0,0,0,0,0,0,0,0,"(0.0, 6.0, 2021.1)","(0.2, 0.0, 0.0, 1.0)"
0,963135.9,0,0,0,0,0,0,0,0,0,"(0.0, 0.0)","(0.0, 0.0)","(0.0, 0.0)","(0.0, 0.0, 0.0)","(0.0, 0.0, 0.0)","(0.0, 0.0, 0.0)","(0.0, 0.0, 0.0)","(0.0, 0.0, 0.0)","(0.0, 0.0, 0.0)",0,0,0,0,0,0,False,0,0,0,0,0,0,0,0,"(0.0, 6.0, 2021.5)","(0.2, 0.0, 0.0, 1.0)"
0,963154.9,0,0,0,0,0,0,0,0,0,"(0.0, 0.0)","(0.0, 0.0)","(0.0, 0.0)","(0.0, 0.0, 0.0)","(0.0, 0.0, 0.0)","(0.0, 0.0, 0.0)","(0.0, 0.0, 0.0)","(0.0, 0.0, 0.0)","(0.0, 0.0, 0.0)",0,0,0,0,0,0,False,0,0,0,0,0,0,0,0,"(0.0, 6.0, 2021.9)","(0.2, 0.0, 0.0, 1.0)"
0,963174.9,0,0,0,0,0,0,0,0,0,"(0.0, 0.0)","(0.0, 0.0)","(0.0, 0.0)","(0.0, 0.0, 0.0)","(0.0, 0.0, 0.0)","(0.0, 0.0, 0.0)","(0.0, 0.0, 0.0)","(0.0, 0.0, 0.0)","(0.0, 0.0, 0.0)",0,0,0,0,0,0,False,0,0,0,0,0,0,0,0,"(0.0, 6.0, 2022.3)","(0.2, 0.0, 0.0, 1.0)"
0,963198.6,0,0,0,0,0,0,0,0,0,"(0.0, 0.0)","(0.0, 0.0)","(0.0, 0.0)","(0.0, 0.0, 0.0)","(0.0, 0.0, 0.0)","(0.0, 0.0, 0.0)","(0.0, 0.0, 0.0)","(0.0, 0.0, 0.0)","(0.0, 0.0, 0.0)",0,0,0,0,0,0,False,0,0,0,0,0,0,0,0,"(0.0, 6.0, 2022.7)","(0.2, 0.0, 0.0, 1.0)"
0,963219.7,0,0,0,0,0,0,0,0,0,"(0.0, 0.0)","(0.0, 0.0)","(0.0, 0.0)","(0.0, 0.0, 0.0)","(0.0, 0.0, 0.0)","(0.0, 0.0, 0.0)","(0.0, 0.0, 0.0)","(0.0, 0.0, 0.0)","(0.0, 0.0, 0.0)",0,0,0,0,0,0,False,0,0,0,0,0,0,0,0,"(0.0, 6.0, 2023.1)","(0.2, 0.0, 0.0, 1.0)"
0,963243.4,0,0,0,0,0,0,0,0,0,"(0.0, 0.0)","(0.0, 0.0)","(0.0, 0.0)","(0.0, 0.0, 0.0)","(0.0, 0.0, 0.0)","(0.0, 0.0, 0.0)","(0.0, 0.0, 0.0)","(0.0, 0.0, 0.0)","(0.0, 0.0, 0.0)",0,0,0,0,0,0,False,0,0,0,0,0,0,0,0,"(0.0, 6.0, 2023.5)","(0.2, 0.0, 0.0, 1.0)"
0,963264.8,0,0,0,0,0,0,0,0,0,"(0.0, 0.0)","(0.0, 0.0)","(0.0, 0.0)","(0.0, 0.0, 0.0)","(0.0, 0.0, 0.0)","(0.0, 0.0, 0.0)","(0.0, 0.0, 0.0)","(0.0, 0.0, 0.0)","(0.0, 0.0, 0.0)",0,0,0,0,0,0,False,0,0,0,0,0,0,0,0,"(0.0, 6.0, 2023.9)","(0.2, 0.0, 0.0, 1.0)"
0,963286.3,0,0,0,0,0,0,0,0,0,"(0.0, 0.0)","(0.0, 0.0)","(0.0, 0.0)","(0.0, 0.0, 0.0)","(0.0, 0.0, 0.0)","(0.0, 0.0, 0.0)","(0.0, 0.0, 0.0)","(0.0, 0.0, 0.0)","(0.0, 0.0, 0.0)",0,0,0,0,0,0,False,0,0,0,0,0,0,0,0,"(0.0, 6.0, 2024.3)","(0.2, 0.0, 0.0, 1.0)"
0,963308.3,0,0,0,0,0,0,0,0,0,"(0.0, 0.0)","(0.0, 0.0)","(0.0, 0.0)","(0.0, 0.0, 0.0)","(0.0, 0.0, 0.0)","(0.0, 0.0, 0.0)","(0.0, 0.0, 0.0)","(0.0, 0.0, 0.0)","(0.0, 0.0, 0.0)",0,0,0,0,0,0,False,0,0,0,0,0,0,0,0,"(0.0, 6.0, 2024.8)","(0.2, 0.0, 0.0, 1.0)"
0,963331.4,0,0,0,0,0,0,0,0,0,"(0.0, 0.0)","(0.0, 0.0)","(0.0, 0.0)","(0.0, 0.0, 0.0)","(0.0, 0.0, 0.0)","(0.0, 0.0, 0.0)","(0.0, 0.0, 0.0)","(0.0, 0.0, 0.0)","(0.0, 0.0, 0.0)",0,0,0,0,0,0,False,0,0,0,0,0,0,0,0,"(0.0, 6.0, 2025.2)","(0.2, 0.0, 0.0, 1.0)"
0,963353.1,0,0,0,0,0,0,0,0,0,"(0.0, 0.0)","(0.0, 0.0)","(0.0, 0.0)","(0.0, 0.0, 0.0)","(0.0, 0.0, 0.0)","(0.0, 0.0, 0.0)","(0.0, 0.0, 0.0)","(0.0, 0.0, 0.0)","(0.0, 0.0, 0.0)",0,0,0,0,0,0,False,0,0,0,0,0,0,0,0,"(0.0, 6.0, 2025.6)","(0.2, 0.0, 0.0, 1.0)"
0,963375.4,0,0,0,0,0,0,0,0,0,"(0.0, 0.0)","(0.0, 0.0)","(0.0, 0.0)","(0.0, 0.0, 0.0)","(0.0, 0.0, 0.0)","(0.0, 0.0, 0.0)","(0.0, 0.0, 0.0)","(0.0, 0.0, 0.0)","(0.0, 0.0, 0.0)",0,0,0,0,0,0,False,0,0,0,0,0,0,0,0,"(0.0, 6.0, 2026.0)","(0.2, 0.0, 0.0, 1.0)"
0,963398.1,0,0,0,0,0,0,0,0,0,"(0.0, 0.0)","(0.0, 0.0)","(0.0, 0.0)","(0.0, 0.0, 0.0)","(0.0, 0.0, 0.0)","(0.0, 0.0, 0.0)","(0.0, 0.0, 0.0)","(0.0, 0.0, 0.0)","(0.0, 0.0, 0.0)",0,0,0,0,0,0,False,0,0,0,0,0,0,0,0,"(0.0, 6.0, 2026.4)","(0.2, 0.0, 0.0, 1.0)"
0,963419.8,0,0,0,0,0,0,0,0,0,"(0.0, 0.0)","(0.0, 0.0)","(0.0, 0.0)","(0.0, 0.0, 0.0)","(0.0, 0.0, 0.0)","(0.0, 0.0, 0.0)","(0.0, 0.0, 0.0)","(0.0, 0.0, 0.0)","(0.0, 0.0, 0.0)",0,0,0,0,0,0,False,0,0,0,0,0,0,0,0,"(0.0, 6.0, 2026.8)","(0.2, 0.0, 0.0, 1.0)"
0,963442.7,0,0,0,0,0,0,0,0,0,"(0.0, 0.0)","(0.0, 0.0)","(0.0, 0.0)","(0.0, 0.0, 0.0)","(0.0, 0.0, 0.0)","(0.0, 0.0, 0.0)","(0.0, 0.0, 0.0)","(0.0, 0.0, 0.0)","(0.0, 0.0, 0.0)",0,0,0,0,0,0,False,0,0,0,0,0,0,0,0,"(0.0, 6.0, 2027.2)","(0.2, 0.0, 0.0, 1.0)"
0,963464.8,0,0,0,0,0,0,0,0,0,"(0.0, 0.0)","(0.0, 0.0)","(0.0, 0.0)","(0.0, 0.0, 0.0)","(0.0, 0.0, 0.0)","(0.0, 0.0, 0.0)","(0.0, 0.0, 0.0)","(0.0, 0.0, 0.0)","(0.0, 0.0, 0.0)",0,0,0,0,0,0,False,0,0,0,0,0,0,0,0,"(0.0, 6.0, 2027.6)","(0.2, 0.0, 0.0, 1.0)"
0,963484.8,0,0,0,0,0,0,0,0,0,"(0.0, 0.0)","(0.0, 0.0)","(0.0, 0.0)","(0.0, 0.0, 0.0)","(0.0, 0.0, 0.0)","(0.0, 0.0, 0.0)","(0.0, 0.0, 0.0)","(0.0, 0.0, 0.0)","(0.0, 0.0, 0.0)",0,0,0,0,0,0,False,0,0,0,0,0,0,0,0,"(0.0, 6.0, 2028.1)","(0.2, 0.0, 0.0, 1.0)"
0,963504.6,0,0,0,0,0,0,0,0,0,"(0.0, 0.0)","(0.0, 0.0)","(0.0, 0.0)","(0.0, 0.0, 0.0)","(0.0, 0.0, 0.0)","(0.0, 0.0, 0.0)","(0.0, 0.0, 0.0)","(0.0, 0.0, 0.0)","(0.0, 0.0, 0.0)",0,0,0,0,0,0,False,0,0,0,0,0,0,0,0,"(0.0, 6.0, 2028.5)","(0.2, 0.0, 0.0, 1.0)"
0,963525.1,0,0,0,0,0,0,0,0,0,"(0.0, 0.0)","(0.0, 0.0)","(0.0, 0.0)","(0.0, 0.0, 0.0)","(0.0, 0.0, 0.0)","(0.0, 0.0, 0.0)","(0.0, 0.0, 0.0)","(0.0, 0.0, 0.0)","(0.0, 0.0, 0.0)",0,0,0,0,0,0,False,0,0,0,0,0,0,0,0,"(0.0, 6.0, 2028.9)","(0.2, 0.0, 0.0, 1.0)"
0,963554.4,0,0,0,0,0,0,0,0,0,"(0.0, 0.0)","(0.0, 0.0)","(0.0, 0.0)","(0.0, 0.0, 0.0)","(0.0, 0.0, 0.0)","(0.0, 0.0, 0.0)","(0.0, 0.0, 0.0)","(0.0, 0.0, 0.0)","(0.0, 0.0, 0.0)",0,0,0,0,0,0,False,0,0,0,0,0,0,0,0,"(0.0, 6.0, 2029.3)","(0.2, 0.0, 0.0, 1.0)"
0,963574.1,0,0,0,0,0,0,0,0,0,"(0.0, 0.0)","(0.0, 0.0)","(0.0, 0.0)","(0.0, 0.0, 0.0)","(0.0, 0.0, 0.0)","(0.0, 0.0, 0.0)","(0.0, 0.0, 0.0)","(0.0, 0.0, 0.0)","(0.0, 0.0, 0.0)",0,0,0,0,0,0,False,0,0,0,0,0,0,0,0,"(0.0, 6.0, 2029.7)","(0.2, 0.0, 0.0, 1.0)"
0,963601,0,0,0,0,0,0,0,0,0,"(0.0, 0.0)","(0.0, 0.0)","(0.0, 0.0)","(0.0, 0.0, 0.0)","(0.0, 0.0, 0.0)","(0.0, 0.0, 0.0)","(0.0, 0.0, 0.0)","(0.0, 0.0, 0.0)","(0.0, 0.0, 0.0)",0,0,0,0,0,0,False,0,0,0,0,0,0,0,0,"(0.0, 6.0, 2030.1)","(0.2, 0.0, 0.0, 1.0)"
0,963620.8,0,0,0,0,0,0,0,0,0,"(0.0, 0.0)","(0.0, 0.0)","(0.0, 0.0)","(0.0, 0.0, 0.0)","(0.0, 0.0, 0.0)","(0.0, 0.0, 0.0)","(0.0, 0.0, 0.0)","(0.0, 0.0, 0.0)","(0.0, 0.0, 0.0)",0,0,0,0,0,0,False,0,0,0,0,0,0,0,0,"(0.0, 6.0, 2030.6)","(0.2, 0.0, 0.0, 1.0)"
0,963640.7,0,0,0,0,0,0,0,0,0,"(0.0, 0.0)","(0.0, 0.0)","(0.0, 0.0)","(0.0, 0.0, 0.0)","(0.0, 0.0, 0.0)","(0.0, 0.0, 0.0)","(0.0, 0.0, 0.0)","(0.0, 0.0, 0.0)","(0.0, 0.0, 0.0)",0,0,0,0,0,0,False,0,0,0,0,0,0,0,0,"(0.0, 6.0, 2031.0)","(0.2, 0.0, 0.0, 1.0)"
0,963661.1,0,0,0,0,0,0,0,0,0,"(0.0, 0.0)","(0.0, 0.0)","(0.0, 0.0)","(0.0, 0.0, 0.0)","(0.0, 0.0, 0.0)","(0.0, 0.0, 0.0)","(0.0, 0.0, 0.0)","(0.0, 0.0, 0.0)","(0.0, 0.0, 0.0)",0,0,0,0,0,0,False,0,0,0,0,0,0,0,0,"(0.0, 6.0, 2031.4)","(0.2, 0.0, 0.0, 1.0)"
0,963680.1,0,0,0,0,0,0,0,0,0,"(0.0, 0.0)","(0.0, 0.0)","(0.0, 0.0)","(0.0, 0.0, 0.0)","(0.0, 0.0, 0.0)","(0.0, 0.0, 0.0)","(0.0, 0.0, 0.0)","(0.0, 0.0, 0.0)","(0.0, 0.0, 0.0)",0,0,0,0,0,0,False,0,0,0,0,0,0,0,0,"(0.0, 6.0, 2031.8)","(0.2, 0.0, 0.0, 1.0)"
0,963706.2,0,0,0,0,0,0,0,0,0,"(0.0, 0.0)","(0.0, 0.0)","(0.0, 0.0)","(0.0, 0.0, 0.0)","(0.0, 0.0, 0.0)","(0.0, 0.0, 0.0)","(0.0, 0.0, 0.0)","(0.0, 0.0, 0.0)","(0.0, 0.0, 0.0)",0,0,0,0,0,0,False,0,0,0,0,0,0,0,0,"(0.0, 6.0, 2032.2)","(0.2, 0.0, 0.0, 1.0)"
0,963726.6,0,0,0,0,0,0,0,0,0,"(0.0, 0.0)","(0.0, 0.0)","(0.0, 0.0)","(0.0, 0.0, 0.0)","(0.0, 0.0, 0.0)","(0.0, 0.0, 0.0)","(0.0, 0.0, 0.0)","(0.0, 0.0, 0.0)","(0.0, 0.0, 0.0)",0,0,0,0,0,0,False,0,0,0,0,0,0,0,0,"(0.0, 6.0, 2032.6)","(0.2, 0.0, 0.0, 1.0)"
0,963745.1,0,0,0,0,0,0,0,0,0,"(0.0, 0.0)","(0.0, 0.0)","(0.0, 0.0)","(0.0, 0.0, 0.0)","(0.0, 0.0, 0.0)","(0.0, 0.0, 0.0)","(0.0, 0.0, 0.0)","(0.0, 0.0, 0.0)","(0.0, 0.0, 0.0)",0,0,0,0,0,0,False,0,0,0,0,0,0,0,0,"(0.0, 6.0, 2033.0)","(0.2, 0.0, 0.0, 1.0)"
0,963771.2,0,0,0,0,0,0,0,0,0,"(0.0, 0.0)","(0.0, 0.0)","(0.0, 0.0)","(0.0, 0.0, 0.0)","(0.0, 0.0, 0.0)","(0.0, 0.0, 0.0)","(0.0, 0.0, 0.0)","(0.0, 0.0, 0.0)","(0.0, 0.0, 0.0)",0,0,0,0,0,0,False,0,0,0,0,0,0,0,0,"(0.0, 6.0, 2033.5)","(0.2, 0.0, 0.0, 1.0)"
0,963790.1,0,0,0,0,0,0,0,0,0,"(0.0, 0.0)","(0.0, 0.0)","(0.0, 0.0)","(0.0, 0.0, 0.0)","(0.0, 0.0, 0.0)","(0.0, 0.0, 0.0)","(0.0, 0.0, 0.0)","(0.0, 0.0, 0.0)","(0.0, 0.0, 0.0)",0,0,0,0,0,0,False,0,0,0,0,0,0,0,0,"(0.0, 6.0, 2033.9)","(0.2, 0.0, 0.0, 1.0)"
0,963808.7,0,0,0,0,0,0,0,0,0,"(0.0, 0.0)","(0.0, 0.0)","(0.0, 0.0)","(0.0, 0.0, 0.0)","(0.0, 0.0, 0.0)","(0.0, 0.0, 0.0)","(0.0, 0.0, 0.0)","(0.0, 0.0, 0.0)","(0.0, 0.0, 0.0)",0,0,0,0,0,0,False,0,0,0,0,0,0,0,0,"(0.0, 6.0, 2034.3)","(0.2, 0.0, 0.0, 1.0)"
0,963829.1,0,0,0,0,0,0,0,0,0,"(0.0, 0.0)","(0.0, 0.0)","(0.0, 0.0)","(0.0, 0.0, 0.0)","(0.0, 0.0, 0.0)","(0.0, 0.0, 0.0)","(0.0, 0.0, 0.0)","(0.0, 0.0, 0.0)","(0.0, 0.0, 0.0)",0,0,0,0,0,0,False,0,0,0,0,0,0,0,0,"(0.0, 6.0, 2034.7)","(0.2, 0.0, 0.0, 1.0)"
0,963849.6,0,0,0,0,0,0,0,0,0,"(0.0, 0.0)","(0.0, 0.0)","(0.0, 0.0)","(0.0, 0.0, 0.0)","(0.0, 0.0, 0.0)","(0.0, 0.0, 0.0)","(0.0, 0.0, 0.0)","(0.0, 0.0, 0.0)","(0.0, 0.0, 0.0)",0,0,0,0,0,0,False,0,0,0,0,0,0,0,0,"(0.0, 6.0, 2035.1)","(0.2, 0.0, 0.0, 1.0)"
0,963869.6,0,0,0,0,0,0,0,0,0,"(0.0, 0.0)","(0.0, 0.0)","(0.0, 0.0)","(0.0, 0.0, 0.0)","(0.0, 0.0, 0.0)","(0.0, 0.0, 0.0)","(0.0, 0.0, 0.0)","(0.0, 0.0, 0.0)","(0.0, 0.0, 0.0)",0,0,0,0,0,0,False,0,0,0,0,0,0,0,0,"(0.0, 6.0, 2035.5)","(0.2, 0.0, 0.0, 1.0)"
0,963888.9,0,0,0,0,0,0,0,0,0,"(0.0, 0.0)","(0.0, 0.0)","(0.0, 0.0)","(0.0, 0.0, 0.0)","(0.0, 0.0, 0.0)","(0.0, 0.0, 0.0)","(0.0, 0.0, 0.0)","(0.0, 0.0, 0.0)","(0.0, 0.0, 0.0)",0,0,0,0,0,0,False,0,0,0,0,0,0,0,0,"(0.0, 6.0, 2035.9)","(0.2, 0.0, 0.0, 1.0)"
0,963906.9,0,0,0,0,0,0,0,0,0,"(0.0, 0.0)","(0.0, 0.0)","(0.0, 0.0)","(0.0, 0.0, 0.0)","(0.0, 0.0, 0.0)","(0.0, 0.0, 0.0)","(0.0, 0.0, 0.0)","(0.0, 0.0, 0.0)","(0.0, 0.0, 0.0)",0,0,0,0,0,0,False,0,0,0,0,0,0,0,0,"(0.0, 6.0, 2036.3)","(0.2, 0.0, 0.0, 1.0)"
0,963926.8,0,0,0,0,0,0,0,0,0,"(0.0, 0.0)","(0.0, 0.0)","(0.0, 0.0)","(0.0, 0.0, 0.0)","(0.0, 0.0, 0.0)","(0.0, 0.0, 0.0)","(0.0, 0.0, 0.0)","(0.0, 0.0, 0.0)","(0.0, 0.0, 0.0)",0,0,0,0,0,0,False,0,0,0,0,0,0,0,0,"(0.0, 6.0, 2036.7)","(0.2, 0.0, 0.0, 1.0)"
0,963946.9,0,0,0,0,0,0,0,0,0,"(0.0, 0.0)","(0.0, 0.0)","(0.0, 0.0)","(0.0, 0.0, 0.0)","(0.0, 0.0, 0.0)","(0.0, 0.0, 0.0)","(0.0, 0.0, 0.0)","(0.0, 0.0, 0.0)","(0.0, 0.0, 0.0)",0,0,0,0,0,0,False,0,0,0,0,0,0,0,0,"(0.0, 6.0, 2037.1)","(0.2, 0.0, 0.0, 1.0)"
0,963967.3,0,0,0,0,0,0,0,0,0,"(0.0, 0.0)","(0.0, 0.0)","(0.0, 0.0)","(0.0, 0.0, 0.0)","(0.0, 0.0, 0.0)","(0.0, 0.0, 0.0)","(0.0, 0.0, 0.0)","(0.0, 0.0, 0.0)","(0.0, 0.0, 0.0)",0,0,0,0,0,0,False,0,0,0,0,0,0,0,0,"(0.0, 6.0, 2037.4)","(0.2, 0.0, 0.0, 1.0)"
0,963985.7,0,0,0,0,0,0,0,0,0,"(0.0, 0.0)","(0.0, 0.0)","(0.0, 0.0)","(0.0, 0.0, 0.0)","(0.0, 0.0, 0.0)","(0.0, 0.0, 0.0)","(0.0, 0.0, 0.0)","(0.0, 0.0, 0.0)","(0.0, 0.0, 0.0)",0,0,0,0,0,0,False,0,0,0,0,0,0,0,0,"(0.0, 6.0, 2037.8)","(0.2, 0.0, 0.0, 1.0)"
0,964003.5,0,0,0,0,0,0,0,0,0,"(0.0, 0.0)","(0.0, 0.0)","(0.0, 0.0)","(0.0, 0.0, 0.0)","(0.0, 0.0, 0.0)","(0.0, 0.0, 0.0)","(0.0, 0.0, 0.0)","(0.0, 0.0, 0.0)","(0.0, 0.0, 0.0)",0,0,0,0,0,0,False,0,0,0,0,0,0,0,0,"(0.0, 6.0, 2038.2)","(0.2, 0.0, 0.0, 1.0)"
0,964033.7,0,0,0,0,0,0,0,0,0,"(0.0, 0.0)","(0.0, 0.0)","(0.0, 0.0)","(0.0, 0.0, 0.0)","(0.0, 0.0, 0.0)","(0.0, 0.0, 0.0)","(0.0, 0.0, 0.0)","(0.0, 0.0, 0.0)","(0.0, 0.0, 0.0)",0,0,0,0,0,0,False,0,0,0,0,0,0,0,0,"(0.0, 6.0, 2038.6)","(0.2, 0.0, 0.0, 1.0)"
0,964052.4,0,0,0,0,0,0,0,0,0,"(0.0, 0.0)","(0.0, 0.0)","(0.0, 0.0)","(0.0, 0.0, 0.0)","(0.0, 0.0, 0.0)","(0.0, 0.0, 0.0)","(0.0, 0.0, 0.0)","(0.0, 0.0, 0.0)","(0.0, 0.0, 0.0)",0,0,0,0,0,0,False,0,0,0,0,0,0,0,0,"(0.0, 6.0, 2039.0)","(0.2, 0.0, 0.0, 1.0)"
0,964071.9,0,0,0,0,0,0,0,0,0,"(0.0, 0.0)","(0.0, 0.0)","(0.0, 0.0)","(0.0, 0.0, 0.0)","(0.0, 0.0, 0.0)","(0.0, 0.0, 0.0)","(0.0, 0.0, 0.0)","(0.0, 0.0, 0.0)","(0.0, 0.0, 0.0)",0,0,0,0,0,0,False,0,0,0,0,0,0,0,0,"(0.0, 6.0, 2039.4)","(0.2, 0.0, 0.0, 1.0)"
0,964092.9,0,0,0,0,0,0,0,0,0,"(0.0, 0.0)","(0.0, 0.0)","(0.0, 0.0)","(0.0, 0.0, 0.0)","(0.0, 0.0, 0.0)","(0.0, 0.0, 0.0)","(0.0, 0.0, 0.0)","(0.0, 0.0, 0.0)","(0.0, 0.0, 0.0)",0,0,0,0,0,0,False,0,0,0,0,0,0,0,0,"(0.0, 6.0, 2039.8)","(0.2, 0.0, 0.0, 1.0)"
0,964113.3,0,0,0,0,0,0,0,0,0,"(0.0, 0.0)","(0.0, 0.0)","(0.0, 0.0)","(0.0, 0.0, 0.0)","(0.0, 0.0, 0.0)","(0.0, 0.0, 0.0)","(0.0, 0.0, 0.0)","(0.0, 0.0, 0.0)","(0.0, 0.0, 0.0)",0,0,0,0,0,0,False,0,0,0,0,0,0,0,0,"(0.0, 6.0, 2040.2)","(0.2, 0.0, 0.0, 1.0)"
0,964133.6,0,0,0,0,0,0,0,0,0,"(0.0, 0.0)","(0.0, 0.0)","(0.0, 0.0)","(0.0, 0.0, 0.0)","(0.0, 0.0, 0.0)","(0.0, 0.0, 0.0)","(0.0, 0.0, 0.0)","(0.0, 0.0, 0.0)","(0.0, 0.0, 0.0)",0,0,0,0,0,0,False,0,0,0,0,0,0,0,0,"(0.0, 6.0, 2040.6)","(0.2, 0.0, 0.0, 1.0)"
0,964152,0,0,0,0,0,0,0,0,0,"(0.0, 0.0)","(0.0, 0.0)","(0.0, 0.0)","(0.0, 0.0, 0.0)","(0.0, 0.0, 0.0)","(0.0, 0.0, 0.0)","(0.0, 0.0, 0.0)","(0.0, 0.0, 0.0)","(0.0, 0.0, 0.0)",0,0,0,0,0,0,False,0,0,0,0,0,0,0,0,"(0.0, 6.0, 2041.0)","(0.2, 0.0, 0.0, 1.0)"
0,964174.4,0,0,0,0,0,0,0,0,0,"(0.0, 0.0)","(0.0, 0.0)","(0.0, 0.0)","(0.0, 0.0, 0.0)","(0.0, 0.0, 0.0)","(0.0, 0.0, 0.0)","(0.0, 0.0, 0.0)","(0.0, 0.0, 0.0)","(0.0, 0.0, 0.0)",0,0,0,0,0,0,False,0,0,0,0,0,0,0,0,"(0.0, 6.0, 2041.4)","(0.2, 0.0, 0.0, 1.0)"
0,964197.3,0,0,0,0,0,0,0,0,0,"(0.0, 0.0)","(0.0, 0.0)","(0.0, 0.0)","(0.0, 0.0, 0.0)","(0.0, 0.0, 0.0)","(0.0, 0.0, 0.0)","(0.0, 0.0, 0.0)","(0.0, 0.0, 0.0)","(0.0, 0.0, 0.0)",0,0,0,0,0,0,False,0,0,0,0,0,0,0,0,"(0.0, 6.0, 2041.7)","(0.2, 0.0, 0.0, 1.0)"
0,964219.3,0,0,0,0,0,0,0,0,0,"(0.0, 0.0)","(0.0, 0.0)","(0.0, 0.0)","(0.0, 0.0, 0.0)","(0.0, 0.0, 0.0)","(0.0, 0.0, 0.0)","(0.0, 0.0, 0.0)","(0.0, 0.0, 0.0)","(0.0, 0.0, 0.0)",0,0,0,0,0,0,False,0,0,0,0,0,0,0,0,"(0.0, 6.0, 2042.1)","(0.2, 0.0, 0.0, 1.0)"
0,964241.6,0,0,0,0,0,0,0,0,0,"(0.0, 0.0)","(0.0, 0.0)","(0.0, 0.0)","(0.0, 0.0, 0.0)","(0.0, 0.0, 0.0)","(0.0, 0.0, 0.0)","(0.0, 0.0, 0.0)","(0.0, 0.0, 0.0)","(0.0, 0.0, 0.0)",0,0,0,0,0,0,False,0,0,0,0,0,0,0,0,"(0.0, 6.0, 2042.5)","(0.2, 0.0, 0.0, 1.0)"
0,964264.2,0,0,0,0,0,0,0,0,0,"(0.0, 0.0)","(0.0, 0.0)","(0.0, 0.0)","(0.0, 0.0, 0.0)","(0.0, 0.0, 0.0)","(0.0, 0.0, 0.0)","(0.0, 0.0, 0.0)","(0.0, 0.0, 0.0)","(0.0, 0.0, 0.0)",0,0,0,0,0,0,False,0,0,0,0,0,0,0,0,"(0.0, 6.0, 2043.0)","(0.2, 0.0, 0.0, 1.0)"
0,964285.8,0,0,0,0,0,0,0,0,0,"(0.0, 0.0)","(0.0, 0.0)","(0.0, 0.0)","(0.0, 0.0, 0.0)","(0.0, 0.0, 0.0)","(0.0, 0.0, 0.0)","(0.0, 0.0, 0.0)","(0.0, 0.0, 0.0)","(0.0, 0.0, 0.0)",0,0,0,0,0,0,False,0,0,0,0,0,0,0,0,"(0.0, 6.0, 2043.4)","(0.2, 0.0, 0.0, 1.0)"
0,964307.8,0,0,0,0,0,0,0,0,0,"(0.0, 0.0)","(0.0, 0.0)","(0.0, 0.0)","(0.0, 0.0, 0.0)","(0.0, 0.0, 0.0)","(0.0, 0.0, 0.0)","(0.0, 0.0, 0.0)","(0.0, 0.0, 0.0)","(0.0, 0.0, 0.0)",0,0,0,0,0,0,False,0,0,0,0,0,0,0,0,"(0.0, 6.0, 2043.8)","(0.2, 0.0, 0.0, 1.0)"
0,964330.9,0,0,0,0,0,0,0,0,0,"(0.0, 0.0)","(0.0, 0.0)","(0.0, 0.0)","(0.0, 0.0, 0.0)","(0.0, 0.0, 0.0)","(0.0, 0.0, 0.0)","(0.0, 0.0, 0.0)","(0.0, 0.0, 0.0)","(0.0, 0.0, 0.0)",0,0,0,0,0,0,False,0,0,0,0,0,0,0,0,"(0.0, 6.0, 2044.2)","(0.2, 0.0, 0.0, 1.0)"
0,964352.7,0,0,0,0,0,0,0,0,0,"(0.0, 0.0)","(0.0, 0.0)","(0.0, 0.0)","(0.0, 0.0, 0.0)","(0.0, 0.0, 0.0)","(0.0, 0.0, 0.0)","(0.0, 0.0, 0.0)","(0.0, 0.0, 0.0)","(0.0, 0.0, 0.0)",0,0,0,0,0,0,False,0,0,0,0,0,0,0,0,"(0.0, 6.0, 2044.6)","(0.2, 0.0, 0.0, 1.0)"
0,964374.3,0,0,0,0,0,0,0,0,0,"(0.0, 0.0)","(0.0, 0.0)","(0.0, 0.0)","(0.0, 0.0, 0.0)","(0.0, 0.0, 0.0)","(0.0, 0.0, 0.0)","(0.0, 0.0, 0.0)","(0.0, 0.0, 0.0)","(0.0, 0.0, 0.0)",0,0,0,0,0,0,False,0,0,0,0,0,0,0,0,"(0.0, 6.0, 2045.0)","(0.2, 0.0, 0.0, 1.0)"
0,964399.8,0,0,0,0,0,0,0,0,0,"(0.0, 0.0)","(0.0, 0.0)","(0.0, 0.0)","(0.0, 0.0, 0.0)","(0.0, 0.0, 0.0)","(0.0, 0.0, 0.0)","(0.0, 0.0, 0.0)","(0.0, 0.0, 0.0)","(0.0, 0.0, 0.0)",0,0,0,0,0,0,False,0,0,0,0,0,0,0,0,"(0.0, 6.0, 2045.4)","(0.2, 0.0, 0.0, 1.0)"
0,964420.4,0,0,0,0,0,0,0,0,0,"(0.0, 0.0)","(0.0, 0.0)","(0.0, 0.0)","(0.0, 0.0, 0.0)","(0.0, 0.0, 0.0)","(0.0, 0.0, 0.0)","(0.0, 0.0, 0.0)","(0.0, 0.0, 0.0)","(0.0, 0.0, 0.0)",0,0,0,0,0,0,False,0,0,0,0,0,0,0,0,"(0.0, 6.0, 2045.8)","(0.2, 0.0, 0.0, 1.0)"
0,964441.2,0,0,0,0,0,0,0,0,0,"(0.0, 0.0)","(0.0, 0.0)","(0.0, 0.0)","(0.0, 0.0, 0.0)","(0.0, 0.0, 0.0)","(0.0, 0.0, 0.0)","(0.0, 0.0, 0.0)","(0.0, 0.0, 0.0)","(0.0, 0.0, 0.0)",0,0,0,0,0,0,False,0,0,0,0,0,0,0,0,"(0.0, 6.0, 2046.2)","(0.2, 0.0, 0.0, 1.0)"
0,964458.8,0,0,0,0,0,0,0,0,0,"(0.0, 0.0)","(0.0, 0.0)","(0.0, 0.0)","(0.0, 0.0, 0.0)","(0.0, 0.0, 0.0)","(0.0, 0.0, 0.0)","(0.0, 0.0, 0.0)","(0.0, 0.0, 0.0)","(0.0, 0.0, 0.0)",0,0,0,0,0,0,False,0,0,0,0,0,0,0,0,"(0.0, 6.0, 2046.6)","(0.2, 0.0, 0.0, 1.0)"
0,964482.9,0,0,0,0,0,0,0,0,0,"(0.0, 0.0)","(0.0, 0.0)","(0.0, 0.0)","(0.0, 0.0, 0.0)","(0.0, 0.0, 0.0)","(0.0, 0.0, 0.0)","(0.0, 0.0, 0.0)","(0.0, 0.0, 0.0)","(0.0, 0.0, 0.0)",0,0,0,0,0,0,False,0,0,0,0,0,0,0,0,"(0.0, 6.0, 2047.0)","(0.2, 0.0, 0.0, 1.0)"
0,964503,0,0,0,0,0,0,0,0,0,"(0.0, 0.0)","(0.0, 0.0)","(0.0, 0.0)","(0.0, 0.0, 0.0)","(0.0, 0.0, 0.0)","(0.0, 0.0, 0.0)","(0.0, 0.0, 0.0)","(0.0, 0.0, 0.0)","(0.0, 0.0, 0.0)",0,0,0,0,0,0,False,0,0,0,0,0,0,0,0,"(0.0, 6.0, 2047.5)","(0.2, 0.0, 0.0, 1.0)"
0,964522.9,0,0,0,0,0,0,0,0,0,"(0.0, 0.0)","(0.0, 0.0)","(0.0, 0.0)","(0.0, 0.0, 0.0)","(0.0, 0.0, 0.0)","(0.0, 0.0, 0.0)","(0.0, 0.0, 0.0)","(0.0, 0.0, 0.0)","(0.0, 0.0, 0.0)",0,0,0,0,0,0,False,0,0,0,0,0,0,0,0,"(0.0, 6.0, 2047.9)","(0.2, 0.0, 0.0, 1.0)"
0,964540.9,0,0,0,0,0,0,0,0,0,"(0.0, 0.0)","(0.0, 0.0)","(0.0, 0.0)","(0.0, 0.0, 0.0)","(0.0, 0.0, 0.0)","(0.0, 0.0, 0.0)","(0.0, 0.0, 0.0)","(0.0, 0.0, 0.0)","(0.0, 0.0, 0.0)",0,0,0,0,0,0,False,0,0,0,0,0,0,0,0,"(0.0, 6.0, 2048.3)","(0.2, 0.0, 0.0, 1.0)"
0,964564.8,0,0,0,0,0,0,0,0,0,"(0.0, 0.0)","(0.0, 0.0)","(0.0, 0.0)","(0.0, 0.0, 0.0)","(0.0, 0.0, 0.0)","(0.0, 0.0, 0.0)","(0.0, 0.0, 0.0)","(0.0, 0.0, 0.0)","(0.0, 0.0, 0.0)",0,0,0,0,0,0,False,0,0,0,0,0,0,0,0,"(0.0, 6.0, 2048.7)","(0.2, 0.0, 0.0, 1.0)"
0,964585.8,0,0,0,0,0,0,0,0,0,"(0.0, 0.0)","(0.0, 0.0)","(0.0, 0.0)","(0.0, 0.0, 0.0)","(0.0, 0.0, 0.0)","(0.0, 0.0, 0.0)","(0.0, 0.0, 0.0)","(0.0, 0.0, 0.0)","(0.0, 0.0, 0.0)",0,0,0,0,0,0,False,0,0,0,0,0,0,0,0,"(0.0, 6.0, 2049.1)","(0.2, 0.0, 0.0, 1.0)"
0,964603.9,0,0,0,0,0,0,0,0,0,"(0.0, 0.0)","(0.0, 0.0)","(0.0, 0.0)","(0.0, 0.0, 0.0)","(0.0, 0.0, 0.0)","(0.0, 0.0, 0.0)","(0.0, 0.0, 0.0)","(0.0, 0.0, 0.0)","(0.0, 0.0, 0.0)",0,0,0,0,0,0,False,0,0,0,0,0,0,0,0,"(0.0, 6.0, 2049.5)","(0.2, 0.0, 0.0, 1.0)"
0,964623.5,0,0,0,0,0,0,0,0,0,"(0.0, 0.0)","(0.0, 0.0)","(0.0, 0.0)","(0.0, 0.0, 0.0)","(0.0, 0.0, 0.0)","(0.0, 0.0, 0.0)","(0.0, 0.0, 0.0)","(0.0, 0.0, 0.0)","(0.0, 0.0, 0.0)",0,0,0,0,0,0,False,0,0,0,0,0,0,0,0,"(0.0, 6.0, 2049.9)","(0.2, 0.0, 0.0, 1.0)"
0,964642.7,0,0,0,0,0,0,0,0,0,"(0.0, 0.0)","(0.0, 0.0)","(0.0, 0.0)","(0.0, 0.0, 0.0)","(0.0, 0.0, 0.0)","(0.0, 0.0, 0.0)","(0.0, 0.0, 0.0)","(0.0, 0.0, 0.0)","(0.0, 0.0, 0.0)",0,0,0,0,0,0,False,0,0,0,0,0,0,0,0,"(0.0, 6.0, 2050.2)","(0.2, 0.0, 0.0, 1.0)"
0,964665.1,0,0,0,0,0,0,0,0,0,"(0.0, 0.0)","(0.0, 0.0)","(0.0, 0.0)","(0.0, 0.0, 0.0)","(0.0, 0.0, 0.0)","(0.0, 0.0, 0.0)","(0.0, 0.0, 0.0)","(0.0, 0.0, 0.0)","(0.0, 0.0, 0.0)",0,0,0,0,0,0,False,0,0,0,0,0,0,0,0,"(0.0, 6.0, 2050.6)","(0.2, 0.0, 0.0, 1.0)"
0,964686.9,0,0,0,0,0,0,0,0,0,"(0.0, 0.0)","(0.0, 0.0)","(0.0, 0.0)","(0.0, 0.0, 0.0)","(0.0, 0.0, 0.0)","(0.0, 0.0, 0.0)","(0.0, 0.0, 0.0)","(0.0, 0.0, 0.0)","(0.0, 0.0, 0.0)",0,0,0,0,0,0,False,0,0,0,0,0,0,0,0,"(0.0, 6.0, 2051.0)","(0.2, 0.0, 0.0, 1.0)"
0,964706.1,0,0,0,0,0,0,0,0,0,"(0.0, 0.0)","(0.0, 0.0)","(0.0, 0.0)","(0.0, 0.0, 0.0)","(0.0, 0.0, 0.0)","(0.0, 0.0, 0.0)","(0.0, 0.0, 0.0)","(0.0, 0.0, 0.0)","(0.0, 0.0, 0.0)",0,0,0,0,0,0,False,0,0,0,0,0,0,0,0,"(0.0, 6.0, 2051.4)","(0.2, 0.0, 0.0, 1.0)"
0,964726.4,0,0,0,0,0,0,0,0,0,"(0.0, 0.0)","(0.0, 0.0)","(0.0, 0.0)","(0.0, 0.0, 0.0)","(0.0, 0.0, 0.0)","(0.0, 0.0, 0.0)","(0.0, 0.0, 0.0)","(0.0, 0.0, 0.0)","(0.0, 0.0, 0.0)",0,0,0,0,0,0,False,0,0,0,0,0,0,0,0,"(0.0, 6.0, 2051.8)","(0.2, 0.0, 0.0, 1.0)"
0,964747.3,0,0,0,0,0,0,0,0,0,"(0.0, 0.0)","(0.0, 0.0)","(0.0, 0.0)","(0.0, 0.0, 0.0)","(0.0, 0.0, 0.0)","(0.0, 0.0, 0.0)","(0.0, 0.0, 0.0)","(0.0, 0.0, 0.0)","(0.0, 0.0, 0.0)",0,0,0,0,0,0,False,0,0,0,0,0,0,0,0,"(0.0, 6.0, 2052.2)","(0.2, 0.0, 0.0, 1.0)"
0,964768.3,0,0,0,0,0,0,0,0,0,"(0.0, 0.0)","(0.0, 0.0)","(0.0, 0.0)","(0.0, 0.0, 0.0)","(0.0, 0.0, 0.0)","(0.0, 0.0, 0.0)","(0.0, 0.0, 0.0)","(0.0, 0.0, 0.0)","(0.0, 0.0, 0.0)",0,0,0,0,0,0,False,0,0,0,0,0,0,0,0,"(0.0, 6.0, 2052.6)","(0.2, 0.0, 0.0, 1.0)"
0,964789.3,0,0,0,0,0,0,0,0,0,"(0.0, 0.0)","(0.0, 0.0)","(0.0, 0.0)","(0.0, 0.0, 0.0)","(0.0, 0.0, 0.0)","(0.0, 0.0, 0.0)","(0.0, 0.0, 0.0)","(0.0, 0.0, 0.0)","(0.0, 0.0, 0.0)",0,0,0,0,0,0,False,0,0,0,0,0,0,0,0,"(0.0, 6.0, 2053.0)","(0.2, 0.0, 0.0, 1.0)"
0,964808.8,0,0,0,0,0,0,0,0,0,"(0.0, 0.0)","(0.0, 0.0)","(0.0, 0.0)","(0.0, 0.0, 0.0)","(0.0, 0.0, 0.0)","(0.0, 0.0, 0.0)","(0.0, 0.0, 0.0)","(0.0, 0.0, 0.0)","(0.0, 0.0, 0.0)",0,0,0,0,0,0,False,0,0,0,0,0,0,0,0,"(0.0, 6.0, 2053.4)","(0.2, 0.0, 0.0, 1.0)"
0,964830.4,0,0,0,0,0,0,0,0,0,"(0.0, 0.0)","(0.0, 0.0)","(0.0, 0.0)","(0.0, 0.0, 0.0)","(0.0, 0.0, 0.0)","(0.0, 0.0, 0.0)","(0.0, 0.0, 0.0)","(0.0, 0.0, 0.0)","(0.0, 0.0, 0.0)",0,0,0,0,0,0,False,0,0,0,0,0,0,0,0,"(0.0, 6.0, 2053.8)","(0.2, 0.0, 0.0, 1.0)"
0,964851.4,0,0,0,0,0,0,0,0,0,"(0.0, 0.0)","(0.0, 0.0)","(0.0, 0.0)","(0.0, 0.0, 0.0)","(0.0, 0.0, 0.0)","(0.0, 0.0, 0.0)","(0.0, 0.0, 0.0)","(0.0, 0.0, 0.0)","(0.0, 0.0, 0.0)",0,0,0,0,0,0,False,0,0,0,0,0,0,0,0,"(0.0, 6.0, 2054.2)","(0.2, 0.0, 0.0, 1.0)"
0,964871.1,0,0,0,0,0,0,0,0,0,"(0.0, 0.0)","(0.0, 0.0)","(0.0, 0.0)","(0.0, 0.0, 0.0)","(0.0, 0.0, 0.0)","(0.0, 0.0, 0.0)","(0.0, 0.0, 0.0)","(0.0, 0.0, 0.0)","(0.0, 0.0, 0.0)",0,0,0,0,0,0,False,0,0,0,0,0,0,0,0,"(0.0, 6.0, 2054.6)","(0.2, 0.0, 0.0, 1.0)"
0,964890,0,0,0,0,0,0,0,0,0,"(0.0, 0.0)","(0.0, 0.0)","(0.0, 0.0)","(0.0, 0.0, 0.0)","(0.0, 0.0, 0.0)","(0.0, 0.0, 0.0)","(0.0, 0.0, 0.0)","(0.0, 0.0, 0.0)","(0.0, 0.0, 0.0)",0,0,0,0,0,0,False,0,0,0,0,0,0,0,0,"(0.0, 6.0, 2055.0)","(0.2, 0.0, 0.0, 1.0)"
0,964914.6,0,0,0,0,0,0,0,0,0,"(0.0, 0.0)","(0.0, 0.0)","(0.0, 0.0)","(0.0, 0.0, 0.0)","(0.0, 0.0, 0.0)","(0.0, 0.0, 0.0)","(0.0, 0.0, 0.0)","(0.0, 0.0, 0.0)","(0.0, 0.0, 0.0)",0,0,0,0,0,0,False,0,0,0,0,0,0,0,0,"(0.0, 6.0, 2055.4)","(0.2, 0.0, 0.0, 1.0)"
0,964935.1,0,0,0,0,0,0,0,0,0,"(0.0, 0.0)","(0.0, 0.0)","(0.0, 0.0)","(0.0, 0.0, 0.0)","(0.0, 0.0, 0.0)","(0.0, 0.0, 0.0)","(0.0, 0.0, 0.0)","(0.0, 0.0, 0.0)","(0.0, 0.0, 0.0)",0,0,0,0,0,0,False,0,0,0,0,0,0,0,0,"(0.0, 6.0, 2055.8)","(0.2, 0.0, 0.0, 1.0)"
0,964952.5,0,0,0,0,0,0,0,0,0,"(0.0, 0.0)","(0.0, 0.0)","(0.0, 0.0)","(0.0, 0.0, 0.0)","(0.0, 0.0, 0.0)","(0.0, 0.0, 0.0)","(0.0, 0.0, 0.0)","(0.0, 0.0, 0.0)","(0.0, 0.0, 0.0)",0,0,0,0,0,0,False,0,0,0,0,0,0,0,0,"(0.0, 6.0, 2056.2)","(0.2, 0.0, 0.0, 1.0)"
0,964978.1,0,0,0,0,0,0,0,0,0,"(0.0, 0.0)","(0.0, 0.0)","(0.0, 0.0)","(0.0, 0.0, 0.0)","(0.0, 0.0, 0.0)","(0.0, 0.0, 0.0)","(0.0, 0.0, 0.0)","(0.0, 0.0, 0.0)","(0.0, 0.0, 0.0)",0,0,0,0,0,0,False,0,0,0,0,0,0,0,0,"(0.0, 6.0, 2056.6)","(0.2, 0.0, 0.0, 1.0)"
0,965002.1,0,0,0,0,0,0,0,0,0,"(0.0, 0.0)","(0.0, 0.0)","(0.0, 0.0)","(0.0, 0.0, 0.0)","(0.0, 0.0, 0.0)","(0.0, 0.0, 0.0)","(0.0, 0.0, 0.0)","(0.0, 0.0, 0.0)","(0.0, 0.0, 0.0)",0,0,0,0,0,0,False,0,0,0,0,0,0,0,0,"(0.0, 6.0, 2057.0)","(0.2, 0.0, 0.0, 1.0)"
0,965024.8,0,0,0,0,0,0,0,0,0,"(0.0, 0.0)","(0.0, 0.0)","(0.0, 0.0)","(0.0, 0.0, 0.0)","(0.0, 0.0, 0.0)","(0.0, 0.0, 0.0)","(0.0, 0.0, 0.0)","(0.0, 0.0, 0.0)","(0.0, 0.0, 0.0)",0,0,0,0,0,0,False,0,0,0,0,0,0,0,0,"(0.0, 6.0, 2057.4)","(0.2, 0.0, 0.0, 1.0)"
0,965042.5,0,0,0,0,0,0,0,0,0,"(0.0, 0.0)","(0.0, 0.0)","(0.0, 0.0)","(0.0, 0.0, 0.0)","(0.0, 0.0, 0.0)","(0.0, 0.0, 0.0)","(0.0, 0.0, 0.0)","(0.0, 0.0, 0.0)","(0.0, 0.0, 0.0)",0,0,0,0,0,0,False,0,0,0,0,0,0,0,0,"(0.0, 6.0, 2057.8)","(0.2, 0.0, 0.0, 1.0)"
0,965060.4,0,0,0,0,0,0,0,0,0,"(0.0, 0.0)","(0.0, 0.0)","(0.0, 0.0)","(0.0, 0.0, 0.0)","(0.0, 0.0, 0.0)","(0.0, 0.0, 0.0)","(0.0, 0.0, 0.0)","(0.0, 0.0, 0.0)","(0.0, 0.0, 0.0)",0,0,0,0,0,0,False,0,0,0,0,0,0,0,0,"(0.0, 6.0, 2058.2)","(0.2, 0.0, 0.0, 1.0)"
0,965081,0,0,0,0,0,0,0,0,0,"(0.0, 0.0)","(0.0, 0.0)","(0.0, 0.0)","(0.0, 0.0, 0.0)","(0.0, 0.0, 0.0)","(0.0, 0.0, 0.0)","(0.0, 0.0, 0.0)","(0.0, 0.0, 0.0)","(0.0, 0.0, 0.0)",0,0,0,0,0,0,False,0,0,0,0,0,0,0,0,"(0.0, 6.0, 2058.6)","(0.2, 0.0, 0.0, 1.0)"
0,965102.4,0,0,0,0,0,0,0,0,0,"(0.0, 0.0)","(0.0, 0.0)","(0.0, 0.0)","(0.0, 0.0, 0.0)","(0.0, 0.0, 0.0)","(0.0, 0.0, 0.0)","(0.0, 0.0, 0.0)","(0.0, 0.0, 0.0)","(0.0, 0.0, 0.0)",0,0,0,0,0,0,False,0,0,0,0,0,0,0,0,"(0.0, 6.0, 2059.0)","(0.2, 0.0, 0.0, 1.0)"
0,965129.4,0,0,0,0,0,0,0,0,0,"(0.0, 0.0)","(0.0, 0.0)","(0.0, 0.0)","(0.0, 0.0, 0.0)","(0.0, 0.0, 0.0)","(0.0, 0.0, 0.0)","(0.0, 0.0, 0.0)","(0.0, 0.0, 0.0)","(0.0, 0.0, 0.0)",0,0,0,0,0,0,False,0,0,0,0,0,0,0,0,"(0.0, 6.0, 2059.4)","(0.2, 0.0, 0.0, 1.0)"
0,965148.2,0,0,0,0,0,0,0,0,0,"(0.0, 0.0)","(0.0, 0.0)","(0.0, 0.0)","(0.0, 0.0, 0.0)","(0.0, 0.0, 0.0)","(0.0, 0.0, 0.0)","(0.0, 0.0, 0.0)","(0.0, 0.0, 0.0)","(0.0, 0.0, 0.0)",0,0,0,0,0,0,False,0,0,0,0,0,0,0,0,"(0.0, 6.0, 2059.8)","(0.2, 0.0, 0.0, 1.0)"
0,965167.6,0,0,0,0,0,0,0,0,0,"(0.0, 0.0)","(0.0, 0.0)","(0.0, 0.0)","(0.0, 0.0, 0.0)","(0.0, 0.0, 0.0)","(0.0, 0.0, 0.0)","(0.0, 0.0, 0.0)","(0.0, 0.0, 0.0)","(0.0, 0.0, 0.0)",0,0,0,0,0,0,False,0,0,0,0,0,0,0,0,"(0.0, 6.0, 2060.2)","(0.2, 0.0, 0.0, 1.0)"
0,965187.2,0,0,0,0,0,0,0,0,0,"(0.0, 0.0)","(0.0, 0.0)","(0.0, 0.0)","(0.0, 0.0, 0.0)","(0.0, 0.0, 0.0)","(0.0, 0.0, 0.0)","(0.0, 0.0, 0.0)","(0.0, 0.0, 0.0)","(0.0, 0.0, 0.0)",0,0,0,0,0,0,False,0,0,0,0,0,0,0,0,"(0.0, 6.0, 2060.6)","(0.2, 0.0, 0.0, 1.0)"
0,965207.1,0,0,0,0,0,0,0,0,0,"(0.0, 0.0)","(0.0, 0.0)","(0.0, 0.0)","(0.0, 0.0, 0.0)","(0.0, 0.0, 0.0)","(0.0, 0.0, 0.0)","(0.0, 0.0, 0.0)","(0.0, 0.0, 0.0)","(0.0, 0.0, 0.0)",0,0,0,0,0,0,False,0,0,0,0,0,0,0,0,"(0.0, 6.0, 2060.9)","(0.2, 0.0, 0.0, 1.0)"
0,965230.6,0,0,0,0,0,0,0,0,0,"(0.0, 0.0)","(0.0, 0.0)","(0.0, 0.0)","(0.0, 0.0, 0.0)","(0.0, 0.0, 0.0)","(0.0, 0.0, 0.0)","(0.0, 0.0, 0.0)","(0.0, 0.0, 0.0)","(0.0, 0.0, 0.0)",0,0,0,0,0,0,False,0,0,0,0,0,0,0,0,"(0.0, 6.0, 2061.3)","(0.2, 0.0, 0.0, 1.0)"
0,965252.7,0,0,0,0,0,0,0,0,0,"(0.0, 0.0)","(0.0, 0.0)","(0.0, 0.0)","(0.0, 0.0, 0.0)","(0.0, 0.0, 0.0)","(0.0, 0.0, 0.0)","(0.0, 0.0, 0.0)","(0.0, 0.0, 0.0)","(0.0, 0.0, 0.0)",0,0,0,0,0,0,False,0,0,0,0,0,0,0,0,"(0.0, 6.0, 2061.8)","(0.2, 0.0, 0.0, 1.0)"
0,965274,0,0,0,0,0,0,0,0,0,"(0.0, 0.0)","(0.0, 0.0)","(0.0, 0.0)","(0.0, 0.0, 0.0)","(0.0, 0.0, 0.0)","(0.0, 0.0, 0.0)","(0.0, 0.0, 0.0)","(0.0, 0.0, 0.0)","(0.0, 0.0, 0.0)",0,0,0,0,0,0,False,0,0,0,0,0,0,0,0,"(0.0, 6.0, 2062.2)","(0.2, 0.0, 0.0, 1.0)"
0,965298.3,0,0,0,0,0,0,0,0,0,"(0.0, 0.0)","(0.0, 0.0)","(0.0, 0.0)","(0.0, 0.0, 0.0)","(0.0, 0.0, 0.0)","(0.0, 0.0, 0.0)","(0.0, 0.0, 0.0)","(0.0, 0.0, 0.0)","(0.0, 0.0, 0.0)",0,0,0,0,0,0,False,0,0,0,0,0,0,0,0,"(0.0, 6.0, 2062.6)","(0.2, 0.0, 0.0, 1.0)"
0,965318.9,0,0,0,0,0,0,0,0,0,"(0.0, 0.0)","(0.0, 0.0)","(0.0, 0.0)","(0.0, 0.0, 0.0)","(0.0, 0.0, 0.0)","(0.0, 0.0, 0.0)","(0.0, 0.0, 0.0)","(0.0, 0.0, 0.0)","(0.0, 0.0, 0.0)",0,0,0,0,0,0,False,0,0,0,0,0,0,0,0,"(0.0, 6.0, 2063.0)","(0.2, 0.0, 0.0, 1.0)"
0,965344.9,0,0,0,0,0,0,0,0,0,"(0.0, 0.0)","(0.0, 0.0)","(0.0, 0.0)","(0.0, 0.0, 0.0)","(0.0, 0.0, 0.0)","(0.0, 0.0, 0.0)","(0.0, 0.0, 0.0)","(0.0, 0.0, 0.0)","(0.0, 0.0, 0.0)",0,0,0,0,0,0,False,0,0,0,0,0,0,0,0,"(0.0, 6.0, 2063.4)","(0.2, 0.0, 0.0, 1.0)"
0,965366.9,0,0,0,0,0,0,0,0,0,"(0.0, 0.0)","(0.0, 0.0)","(0.0, 0.0)","(0.0, 0.0, 0.0)","(0.0, 0.0, 0.0)","(0.0, 0.0, 0.0)","(0.0, 0.0, 0.0)","(0.0, 0.0, 0.0)","(0.0, 0.0, 0.0)",0,0,0,0,0,0,False,0,0,0,0,0,0,0,0,"(0.0, 6.0, 2063.8)","(0.2, 0.0, 0.0, 1.0)"
0,965389.1,0,0,0,0,0,0,0,0,0,"(0.0, 0.0)","(0.0, 0.0)","(0.0, 0.0)","(0.0, 0.0, 0.0)","(0.0, 0.0, 0.0)","(0.0, 0.0, 0.0)","(0.0, 0.0, 0.0)","(0.0, 0.0, 0.0)","(0.0, 0.0, 0.0)",0,0,0,0,0,0,False,0,0,0,0,0,0,0,0,"(0.0, 6.0, 2064.2)","(0.2, 0.0, 0.0, 1.0)"
0,965411.5,0,0,0,0,0,0,0,0,0,"(0.0, 0.0)","(0.0, 0.0)","(0.0, 0.0)","(0.0, 0.0, 0.0)","(0.0, 0.0, 0.0)","(0.0, 0.0, 0.0)","(0.0, 0.0, 0.0)","(0.0, 0.0, 0.0)","(0.0, 0.0, 0.0)",0,0,0,0,0,0,False,0,0,0,0,0,0,0,0,"(0.0, 6.0, 2064.6)","(0.2, 0.0, 0.0, 1.0)"
0,965433.4,0,0,0,0,0,0,0,0,0,"(0.0, 0.0)","(0.0, 0.0)","(0.0, 0.0)","(0.0, 0.0, 0.0)","(0.0, 0.0, 0.0)","(0.0, 0.0, 0.0)","(0.0, 0.0, 0.0)","(0.0, 0.0, 0.0)","(0.0, 0.0, 0.0)",0,0,0,0,0,0,False,0,0,0,0,0,0,0,0,"(0.0, 6.0, 2065.0)","(0.2, 0.0, 0.0, 1.0)"
0,965454.9,0,0,0,0,0,0,0,0,0,"(0.0, 0.0)","(0.0, 0.0)","(0.0, 0.0)","(0.0, 0.0, 0.0)","(0.0, 0.0, 0.0)","(0.0, 0.0, 0.0)","(0.0, 0.0, 0.0)","(0.0, 0.0, 0.0)","(0.0, 0.0, 0.0)",0,0,0,0,0,0,False,0,0,0,0,0,0,0,0,"(0.0, 6.0, 2065.5)","(0.2, 0.0, 0.0, 1.0)"
0,965475.3,0,0,0,0,0,0,0,0,0,"(0.0, 0.0)","(0.0, 0.0)","(0.0, 0.0)","(0.0, 0.0, 0.0)","(0.0, 0.0, 0.0)","(0.0, 0.0, 0.0)","(0.0, 0.0, 0.0)","(0.0, 0.0, 0.0)","(0.0, 0.0, 0.0)",0,0,0,0,0,0,False,0,0,0,0,0,0,0,0,"(0.0, 6.0, 2065.9)","(0.2, 0.0, 0.0, 1.0)"
0,965494.9,0,0,0,0,0,0,0,0,0,"(0.0, 0.0)","(0.0, 0.0)","(0.0, 0.0)","(0.0, 0.0, 0.0)","(0.0, 0.0, 0.0)","(0.0, 0.0, 0.0)","(0.0, 0.0, 0.0)","(0.0, 0.0, 0.0)","(0.0, 0.0, 0.0)",0,0,0,0,0,0,False,0,0,0,0,0,0,0,0,"(0.0, 6.0, 2066.3)","(0.2, 0.0, 0.0, 1.0)"
0,965515.6,0,0,0,0,0,0,0,0,0,"(0.0, 0.0)","(0.0, 0.0)","(0.0, 0.0)","(0.0, 0.0, 0.0)","(0.0, 0.0, 0.0)","(0.0, 0.0, 0.0)","(0.0, 0.0, 0.0)","(0.0, 0.0, 0.0)","(0.0, 0.0, 0.0)",0,0,0,0,0,0,False,0,0,0,0,0,0,0,0,"(0.0, 6.0, 2066.7)","(0.2, 0.0, 0.0, 1.0)"
0,965537.1,0,0,0,0,0,0,0,0,0,"(0.0, 0.0)","(0.0, 0.0)","(0.0, 0.0)","(0.0, 0.0, 0.0)","(0.0, 0.0, 0.0)","(0.0, 0.0, 0.0)","(0.0, 0.0, 0.0)","(0.0, 0.0, 0.0)","(0.0, 0.0, 0.0)",0,0,0,0,0,0,False,0,0,0,0,0,0,0,0,"(0.0, 6.0, 2067.1)","(0.2, 0.0, 0.0, 1.0)"
0,965556.6,0,0,0,0,0,0,0,0,0,"(0.0, 0.0)","(0.0, 0.0)","(0.0, 0.0)","(0.0, 0.0, 0.0)","(0.0, 0.0, 0.0)","(0.0, 0.0, 0.0)","(0.0, 0.0, 0.0)","(0.0, 0.0, 0.0)","(0.0, 0.0, 0.0)",0,0,0,0,0,0,False,0,0,0,0,0,0,0,0,"(0.0, 6.0, 2067.5)","(0.2, 0.0, 0.0, 1.0)"
0,965576.9,0,0,0,0,0,0,0,0,0,"(0.0, 0.0)","(0.0, 0.0)","(0.0, 0.0)","(0.0, 0.0, 0.0)","(0.0, 0.0, 0.0)","(0.0, 0.0, 0.0)","(0.0, 0.0, 0.0)","(0.0, 0.0, 0.0)","(0.0, 0.0, 0.0)",0,0,0,0,0,0,False,0,0,0,0,0,0,0,0,"(0.0, 6.0, 2067.9)","(0.2, 0.0, 0.0, 1.0)"
0,965597.3,0,0,0,0,0,0,0,0,0,"(0.0, 0.0)","(0.0, 0.0)","(0.0, 0.0)","(0.0, 0.0, 0.0)","(0.0, 0.0, 0.0)","(0.0, 0.0, 0.0)","(0.0, 0.0, 0.0)","(0.0, 0.0, 0.0)","(0.0, 0.0, 0.0)",0,0,0,0,0,0,False,0,0,0,0,0,0,0,0,"(0.0, 6.0, 2068.3)","(0.2, 0.0, 0.0, 1.0)"
0,965624.2,0,0,0,0,0,0,0,0,0,"(0.0, 0.0)","(0.0, 0.0)","(0.0, 0.0)","(0.0, 0.0, 0.0)","(0.0, 0.0, 0.0)","(0.0, 0.0, 0.0)","(0.0, 0.0, 0.0)","(0.0, 0.0, 0.0)","(0.0, 0.0, 0.0)",0,0,0,0,0,0,False,0,0,0,0,0,0,0,0,"(0.0, 6.0, 2068.7)","(0.2, 0.0, 0.0, 1.0)"
0,965644.1,0,0,0,0,0,0,0,0,0,"(0.0, 0.0)","(0.0, 0.0)","(0.0, 0.0)","(0.0, 0.0, 0.0)","(0.0, 0.0, 0.0)","(0.0, 0.0, 0.0)","(0.0, 0.0, 0.0)","(0.0, 0.0, 0.0)","(0.0, 0.0, 0.0)",0,0,0,0,0,0,False,0,0,0,0,0,0,0,0,"(0.0, 6.0, 2069.1)","(0.2, 0.0, 0.0, 1.0)"
0,965664.2,0,0,0,0,0,0,0,0,0,"(0.0, 0.0)","(0.0, 0.0)","(0.0, 0.0)","(0.0, 0.0, 0.0)","(0.0, 0.0, 0.0)","(0.0, 0.0, 0.0)","(0.0, 0.0, 0.0)","(0.0, 0.0, 0.0)","(0.0, 0.0, 0.0)",0,0,0,0,0,0,False,0,0,0,0,0,0,0,0,"(0.0, 6.0, 2069.5)","(0.2, 0.0, 0.0, 1.0)"
0,965685.8,0,0,0,0,0,0,0,0,0,"(0.0, 0.0)","(0.0, 0.0)","(0.0, 0.0)","(0.0, 0.0, 0.0)","(0.0, 0.0, 0.0)","(0.0, 0.0, 0.0)","(0.0, 0.0, 0.0)","(0.0, 0.0, 0.0)","(0.0, 0.0, 0.0)",0,0,0,0,0,0,False,0,0,0,0,0,0,0,0,"(0.0, 6.0, 2069.9)","(0.2, 0.0, 0.0, 1.0)"
0,965705.8,0,0,0,0,0,0,0,0,0,"(0.0, 0.0)","(0.0, 0.0)","(0.0, 0.0)","(0.0, 0.0, 0.0)","(0.0, 0.0, 0.0)","(0.0, 0.0, 0.0)","(0.0, 0.0, 0.0)","(0.0, 0.0, 0.0)","(0.0, 0.0, 0.0)",0,0,0,0,0,0,False,0,0,0,0,0,0,0,0,"(0.0, 6.0, 2070.3)","(0.2, 0.0, 0.0, 1.0)"
0,965725.6,0,0,0,0,0,0,0,0,0,"(0.0, 0.0)","(0.0, 0.0)","(0.0, 0.0)","(0.0, 0.0, 0.0)","(0.0, 0.0, 0.0)","(0.0, 0.0, 0.0)","(0.0, 0.0, 0.0)","(0.0, 0.0, 0.0)","(0.0, 0.0, 0.0)",0,0,0,0,0,0,False,0,0,0,0,0,0,0,0,"(0.0, 6.0, 2070.7)","(0.2, 0.0, 0.0, 1.0)"
0,965745.6,0,0,0,0,0,0,0,0,0,"(0.0, 0.0)","(0.0, 0.0)","(0.0, 0.0)","(0.0, 0.0, 0.0)","(0.0, 0.0, 0.0)","(0.0, 0.0, 0.0)","(0.0, 0.0, 0.0)","(0.0, 0.0, 0.0)","(0.0, 0.0, 0.0)",0,0,0,0,0,0,False,0,0,0,0,0,0,0,0,"(0.0, 6.0, 2071.1)","(0.2, 0.0, 0.0, 1.0)"
0,965769.3,0,0,0,0,0,0,0,0,0,"(0.0, 0.0)","(0.0, 0.0)","(0.0, 0.0)","(0.0, 0.0, 0.0)","(0.0, 0.0, 0.0)","(0.0, 0.0, 0.0)","(0.0, 0.0, 0.0)","(0.0, 0.0, 0.0)","(0.0, 0.0, 0.0)",0,0,0,0,0,0,False,0,0,0,0,0,0,0,0,"(0.0, 6.0, 2071.5)","(0.2, 0.0, 0.0, 1.0)"
0,965789.8,0,0,0,0,0,0,0,0,0,"(0.0, 0.0)","(0.0, 0.0)","(0.0, 0.0)","(0.0, 0.0, 0.0)","(0.0, 0.0, 0.0)","(0.0, 0.0, 0.0)","(0.0, 0.0, 0.0)","(0.0, 0.0, 0.0)","(0.0, 0.0, 0.0)",0,0,0,0,0,0,False,0,0,0,0,0,0,0,0,"(0.0, 6.0, 2071.9)","(0.2, 0.0, 0.0, 1.0)"
0,965807.9,0,0,0,0,0,0,0,0,0,"(0.0, 0.0)","(0.0, 0.0)","(0.0, 0.0)","(0.0, 0.0, 0.0)","(0.0, 0.0, 0.0)","(0.0, 0.0, 0.0)","(0.0, 0.0, 0.0)","(0.0, 0.0, 0.0)","(0.0, 0.0, 0.0)",0,0,0,0,0,0,False,0,0,0,0,0,0,0,0,"(0.0, 6.0, 2072.3)","(0.2, 0.0, 0.0, 1.0)"
0,965828.4,0,0,0,0,0,0,0,0,0,"(0.0, 0.0)","(0.0, 0.0)","(0.0, 0.0)","(0.0, 0.0, 0.0)","(0.0, 0.0, 0.0)","(0.0, 0.0, 0.0)","(0.0, 0.0, 0.0)","(0.0, 0.0, 0.0)","(0.0, 0.0, 0.0)",0,0,0,0,0,0,False,0,0,0,0,0,0,0,0,"(0.0, 6.0, 2072.7)","(0.2, 0.0, 0.0, 1.0)"
0,965848.3,0,0,0,0,0,0,0,0,0,"(0.0, 0.0)","(0.0, 0.0)","(0.0, 0.0)","(0.0, 0.0, 0.0)","(0.0, 0.0, 0.0)","(0.0, 0.0, 0.0)","(0.0, 0.0, 0.0)","(0.0, 0.0, 0.0)","(0.0, 0.0, 0.0)",0,0,0,0,0,0,False,0,0,0,0,0,0,0,0,"(0.0, 6.0, 2073.1)","(0.2, 0.0, 0.0, 1.0)"
0,965868.4,0,0,0,0,0,0,0,0,0,"(0.0, 0.0)","(0.0, 0.0)","(0.0, 0.0)","(0.0, 0.0, 0.0)","(0.0, 0.0, 0.0)","(0.0, 0.0, 0.0)","(0.0, 0.0, 0.0)","(0.0, 0.0, 0.0)","(0.0, 0.0, 0.0)",0,0,0,0,0,0,False,0,0,0,0,0,0,0,0,"(0.0, 6.0, 2073.5)","(0.2, 0.0, 0.0, 1.0)"
0,965893.2,0,0,0,0,0,0,0,0,0,"(0.0, 0.0)","(0.0, 0.0)","(0.0, 0.0)","(0.0, 0.0, 0.0)","(0.0, 0.0, 0.0)","(0.0, 0.0, 0.0)","(0.0, 0.0, 0.0)","(0.0, 0.0, 0.0)","(0.0, 0.0, 0.0)",0,0,0,0,0,0,False,0,0,0,0,0,0,0,0,"(0.0, 6.0, 2073.9)","(0.2, 0.0, 0.0, 1.0)"
0,965912.8,0,0,0,0,0,0,0,0,0,"(0.0, 0.0)","(0.0, 0.0)","(0.0, 0.0)","(0.0, 0.0, 0.0)","(0.0, 0.0, 0.0)","(0.0, 0.0, 0.0)","(0.0, 0.0, 0.0)","(0.0, 0.0, 0.0)","(0.0, 0.0, 0.0)",0,0,0,0,0,0,False,0,0,0,0,0,0,0,0,"(0.0, 6.0, 2074.3)","(0.2, 0.0, 0.0, 1.0)"
0,965931.5,0,0,0,0,0,0,0,0,0,"(0.0, 0.0)","(0.0, 0.0)","(0.0, 0.0)","(0.0, 0.0, 0.0)","(0.0, 0.0, 0.0)","(0.0, 0.0, 0.0)","(0.0, 0.0, 0.0)","(0.0, 0.0, 0.0)","(0.0, 0.0, 0.0)",0,0,0,0,0,0,False,0,0,0,0,0,0,0,0,"(0.0, 6.0, 2074.7)","(0.2, 0.0, 0.0, 1.0)"
0,965950.2,0,0,0,0,0,0,0,0,0,"(0.0, 0.0)","(0.0, 0.0)","(0.0, 0.0)","(0.0, 0.0, 0.0)","(0.0, 0.0, 0.0)","(0.0, 0.0, 0.0)","(0.0, 0.0, 0.0)","(0.0, 0.0, 0.0)","(0.0, 0.0, 0.0)",0,0,0,0,0,0,False,0,0,0,0,0,0,0,0,"(0.0, 6.0, 2075.1)","(0.2, 0.0, 0.0, 1.0)"
0,965968.6,0,0,0,0,0,0,0,0,0,"(0.0, 0.0)","(0.0, 0.0)","(0.0, 0.0)","(0.0, 0.0, 0.0)","(0.0, 0.0, 0.0)","(0.0, 0.0, 0.0)","(0.0, 0.0, 0.0)","(0.0, 0.0, 0.0)","(0.0, 0.0, 0.0)",0,0,0,0,0,0,False,0,0,0,0,0,0,0,0,"(0.0, 6.0, 2075.5)","(0.2, 0.0, 0.0, 1.0)"
0,965987.3,0,0,0,0,0,0,0,0,0,"(0.0, 0.0)","(0.0, 0.0)","(0.0, 0.0)","(0.0, 0.0, 0.0)","(0.0, 0.0, 0.0)","(0.0, 0.0, 0.0)","(0.0, 0.0, 0.0)","(0.0, 0.0, 0.0)","(0.0, 0.0, 0.0)",0,0,0,0,0,0,False,0,0,0,0,0,0,0,0,"(0.0, 6.0, 2075.9)","(0.2, 0.0, 0.0, 1.0)"
0,966006.6,0,0,0,0,0,0,0,0,0,"(0.0, 0.0)","(0.0, 0.0)","(0.0, 0.0)","(0.0, 0.0, 0.0)","(0.0, 0.0, 0.0)","(0.0, 0.0, 0.0)","(0.0, 0.0, 0.0)","(0.0, 0.0, 0.0)","(0.0, 0.0, 0.0)",0,0,0,0,0,0,False,0,0,0,0,0,0,0,0,"(0.0, 6.0, 2076.3)","(0.2, 0.0, 0.0, 1.0)"
0,966029.8,0,0,0,0,0,0,0,0,0,"(0.0, 0.0)","(0.0, 0.0)","(0.0, 0.0)","(0.0, 0.0, 0.0)","(0.0, 0.0, 0.0)","(0.0, 0.0, 0.0)","(0.0, 0.0, 0.0)","(0.0, 0.0, 0.0)","(0.0, 0.0, 0.0)",0,0,0,0,0,0,False,0,0,0,0,0,0,0,0,"(0.0, 6.0, 2076.6)","(0.2, 0.0, 0.0, 1.0)"
0,966051.3,0,0,0,0,0,0,0,0,0,"(0.0, 0.0)","(0.0, 0.0)","(0.0, 0.0)","(0.0, 0.0, 0.0)","(0.0, 0.0, 0.0)","(0.0, 0.0, 0.0)","(0.0, 0.0, 0.0)","(0.0, 0.0, 0.0)","(0.0, 0.0, 0.0)",0,0,0,0,0,0,False,0,0,0,0,0,0,0,0,"(0.0, 6.0, 2077.0)","(0.2, 0.0, 0.0, 1.0)"
0,966073.6,0,0,0,0,0,0,0,0,0,"(0.0, 0.0)","(0.0, 0.0)","(0.0, 0.0)","(0.0, 0.0, 0.0)","(0.0, 0.0, 0.0)","(0.0, 0.0, 0.0)","(0.0, 0.0, 0.0)","(0.0, 0.0, 0.0)","(0.0, 0.0, 0.0)",0,0,0,0,0,0,False,0,0,0,0,0,0,0,0,"(0.0, 6.0, 2077.4)","(0.2, 0.0, 0.0, 1.0)"
0,966096.1,0,0,0,0,0,0,0,0,0,"(0.0, 0.0)","(0.0, 0.0)","(0.0, 0.0)","(0.0, 0.0, 0.0)","(0.0, 0.0, 0.0)","(0.0, 0.0, 0.0)","(0.0, 0.0, 0.0)","(0.0, 0.0, 0.0)","(0.0, 0.0, 0.0)",0,0,0,0,0,0,False,0,0,0,0,0,0,0,0,"(0.0, 6.0, 2077.8)","(0.2, 0.0, 0.0, 1.0)"
0,966118.1,0,0,0,0,0,0,0,0,0,"(0.0, 0.0)","(0.0, 0.0)","(0.0, 0.0)","(0.0, 0.0, 0.0)","(0.0, 0.0, 0.0)","(0.0, 0.0, 0.0)","(0.0, 0.0, 0.0)","(0.0, 0.0, 0.0)","(0.0, 0.0, 0.0)",0,0,0,0,0,0,False,0,0,0,0,0,0,0,0,"(0.0, 6.0, 2078.2)","(0.2, 0.0, 0.0, 1.0)"
0,966140.2,0,0,0,0,0,0,0,0,0,"(0.0, 0.0)","(0.0, 0.0)","(0.0, 0.0)","(0.0, 0.0, 0.0)","(0.0, 0.0, 0.0)","(0.0, 0.0, 0.0)","(0.0, 0.0, 0.0)","(0.0, 0.0, 0.0)","(0.0, 0.0, 0.0)",0,0,0,0,0,0,False,0,0,0,0,0,0,0,0,"(0.0, 6.0, 2078.6)","(0.2, 0.0, 0.0, 1.0)"
0,966162.9,0,0,0,0,0,0,0,0,0,"(0.0, 0.0)","(0.0, 0.0)","(0.0, 0.0)","(0.0, 0.0, 0.0)","(0.0, 0.0, 0.0)","(0.0, 0.0, 0.0)","(0.0, 0.0, 0.0)","(0.0, 0.0, 0.0)","(0.0, 0.0, 0.0)",0,0,0,0,0,0,False,0,0,0,0,0,0,0,0,"(0.0, 6.0, 2079.0)","(0.2, 0.0, 0.0, 1.0)"
0,966185,0,0,0,0,0,0,0,0,0,"(0.0, 0.0)","(0.0, 0.0)","(0.0, 0.0)","(0.0, 0.0, 0.0)","(0.0, 0.0, 0.0)","(0.0, 0.0, 0.0)","(0.0, 0.0, 0.0)","(0.0, 0.0, 0.0)","(0.0, 0.0, 0.0)",0,0,0,0,0,0,False,0,0,0,0,0,0,0,0,"(0.0, 6.0, 2079.4)","(0.2, 0.0, 0.0, 1.0)"
0,966206.9,0,0,0,0,0,0,0,0,0,"(0.0, 0.0)","(0.0, 0.0)","(0.0, 0.0)","(0.0, 0.0, 0.0)","(0.0, 0.0, 0.0)","(0.0, 0.0, 0.0)","(0.0, 0.0, 0.0)","(0.0, 0.0, 0.0)","(0.0, 0.0, 0.0)",0,0,0,0,0,0,False,0,0,0,0,0,0,0,0,"(0.0, 6.0, 2079.8)","(0.2, 0.0, 0.0, 1.0)"
0,966230,0,0,0,0,0,0,0,0,0,"(0.0, 0.0)","(0.0, 0.0)","(0.0, 0.0)","(0.0, 0.0, 0.0)","(0.0, 0.0, 0.0)","(0.0, 0.0, 0.0)","(0.0, 0.0, 0.0)","(0.0, 0.0, 0.0)","(0.0, 0.0, 0.0)",0,0,0,0,0,0,False,0,0,0,0,0,0,0,0,"(0.0, 6.0, 2080.2)","(0.2, 0.0, 0.0, 1.0)"
0,966251.3,0,0,0,0,0,0,0,0,0,"(0.0, 0.0)","(0.0, 0.0)","(0.0, 0.0)","(0.0, 0.0, 0.0)","(0.0, 0.0, 0.0)","(0.0, 0.0, 0.0)","(0.0, 0.0, 0.0)","(0.0, 0.0, 0.0)","(0.0, 0.0, 0.0)",0,0,0,0,0,0,False,0,0,0,0,0,0,0,0,"(0.0, 6.0, 2080.7)","(0.2, 0.0, 0.0, 1.0)"
0,966273.4,0,0,0,0,0,0,0,0,0,"(0.0, 0.0)","(0.0, 0.0)","(0.0, 0.0)","(0.0, 0.0, 0.0)","(0.0, 0.0, 0.0)","(0.0, 0.0, 0.0)","(0.0, 0.0, 0.0)","(0.0, 0.0, 0.0)","(0.0, 0.0, 0.0)",0,0,0,0,0,0,False,0,0,0,0,0,0,0,0,"(0.0, 6.0, 2081.1)","(0.2, 0.0, 0.0, 1.0)"
0,966296.4,0,0,0,0,0,0,0,0,0,"(0.0, 0.0)","(0.0, 0.0)","(0.0, 0.0)","(0.0, 0.0, 0.0)","(0.0, 0.0, 0.0)","(0.0, 0.0, 0.0)","(0.0, 0.0, 0.0)","(0.0, 0.0, 0.0)","(0.0, 0.0, 0.0)",0,0,0,0,0,0,False,0,0,0,0,0,0,0,0,"(0.0, 6.0, 2081.5)","(0.2, 0.0, 0.0, 1.0)"
0,966318.6,0,0,0,0,0,0,0,0,0,"(0.0, 0.0)","(0.0, 0.0)","(0.0, 0.0)","(0.0, 0.0, 0.0)","(0.0, 0.0, 0.0)","(0.0, 0.0, 0.0)","(0.0, 0.0, 0.0)","(0.0, 0.0, 0.0)","(0.0, 0.0, 0.0)",0,0,0,0,0,0,False,0,0,0,0,0,0,0,0,"(0.0, 6.0, 2081.9)","(0.2, 0.0, 0.0, 1.0)"
0,966340.2,0,0,0,0,0,0,0,0,0,"(0.0, 0.0)","(0.0, 0.0)","(0.0, 0.0)","(0.0, 0.0, 0.0)","(0.0, 0.0, 0.0)","(0.0, 0.0, 0.0)","(0.0, 0.0, 0.0)","(0.0, 0.0, 0.0)","(0.0, 0.0, 0.0)",0,0,0,0,0,0,False,0,0,0,0,0,0,0,0,"(0.0, 6.0, 2082.3)","(0.2, 0.0, 0.0, 1.0)"
0,966362.8,0,0,0,0,0,0,0,0,0,"(0.0, 0.0)","(0.0, 0.0)","(0.0, 0.0)","(0.0, 0.0, 0.0)","(0.0, 0.0, 0.0)","(0.0, 0.0, 0.0)","(0.0, 0.0, 0.0)","(0.0, 0.0, 0.0)","(0.0, 0.0, 0.0)",0,0,0,0,0,0,False,0,0,0,0,0,0,0,0,"(0.0, 6.0, 2082.7)","(0.2, 0.0, 0.0, 1.0)"
0,966385.2,0,0,0,0,0,0,0,0,0,"(0.0, 0.0)","(0.0, 0.0)","(0.0, 0.0)","(0.0, 0.0, 0.0)","(0.0, 0.0, 0.0)","(0.0, 0.0, 0.0)","(0.0, 0.0, 0.0)","(0.0, 0.0, 0.0)","(0.0, 0.0, 0.0)",0,0,0,0,0,0,False,0,0,0,0,0,0,0,0,"(0.0, 6.0, 2083.1)","(0.2, 0.0, 0.0, 1.0)"
0,966405.8,0,0,0,0,0,0,0,0,0,"(0.0, 0.0)","(0.0, 0.0)","(0.0, 0.0)","(0.0, 0.0, 0.0)","(0.0, 0.0, 0.0)","(0.0, 0.0, 0.0)","(0.0, 0.0, 0.0)","(0.0, 0.0, 0.0)","(0.0, 0.0, 0.0)",0,0,0,0,0,0,False,0,0,0,0,0,0,0,0,"(0.0, 6.0, 2083.6)","(0.2, 0.0, 0.0, 1.0)"
0,966425.9,0,0,0,0,0,0,0,0,0,"(0.0, 0.0)","(0.0, 0.0)","(0.0, 0.0)","(0.0, 0.0, 0.0)","(0.0, 0.0, 0.0)","(0.0, 0.0, 0.0)","(0.0, 0.0, 0.0)","(0.0, 0.0, 0.0)","(0.0, 0.0, 0.0)",0,0,0,0,0,0,False,0,0,0,0,0,0,0,0,"(0.0, 6.0, 2084.0)","(0.2, 0.0, 0.0, 1.0)"
0,966446.9,0,0,0,0,0,0,0,0,0,"(0.0, 0.0)","(0.0, 0.0)","(0.0, 0.0)","(0.0, 0.0, 0.0)","(0.0, 0.0, 0.0)","(0.0, 0.0, 0.0)","(0.0, 0.0, 0.0)","(0.0, 0.0, 0.0)","(0.0, 0.0, 0.0)",0,0,0,0,0,0,False,0,0,0,0,0,0,0,0,"(0.0, 6.0, 2084.4)","(0.2, 0.0, 0.0, 1.0)"
0,966468.1,0,0,0,0,0,0,0,0,0,"(0.0, 0.0)","(0.0, 0.0)","(0.0, 0.0)","(0.0, 0.0, 0.0)","(0.0, 0.0, 0.0)","(0.0, 0.0, 0.0)","(0.0, 0.0, 0.0)","(0.0, 0.0, 0.0)","(0.0, 0.0, 0.0)",0,0,0,0,0,0,False,0,0,0,0,0,0,0,0,"(0.0, 6.0, 2084.8)","(0.2, 0.0, 0.0, 1.0)"
0,966487.6,0,0,0,0,0,0,0,0,0,"(0.0, 0.0)","(0.0, 0.0)","(0.0, 0.0)","(0.0, 0.0, 0.0)","(0.0, 0.0, 0.0)","(0.0, 0.0, 0.0)","(0.0, 0.0, 0.0)","(0.0, 0.0, 0.0)","(0.0, 0.0, 0.0)",0,0,0,0,0,0,False,0,0,0,0,0,0,0,0,"(0.0, 6.0, 2085.2)","(0.2, 0.0, 0.0, 1.0)"
0,966506,0,0,0,0,0,0,0,0,0,"(0.0, 0.0)","(0.0, 0.0)","(0.0, 0.0)","(0.0, 0.0, 0.0)","(0.0, 0.0, 0.0)","(0.0, 0.0, 0.0)","(0.0, 0.0, 0.0)","(0.0, 0.0, 0.0)","(0.0, 0.0, 0.0)",0,0,0,0,0,0,False,0,0,0,0,0,0,0,0,"(0.0, 6.0, 2085.6)","(0.2, 0.0, 0.0, 1.0)"
0,966527.4,0,0,0,0,0,0,0,0,0,"(0.0, 0.0)","(0.0, 0.0)","(0.0, 0.0)","(0.0, 0.0, 0.0)","(0.0, 0.0, 0.0)","(0.0, 0.0, 0.0)","(0.0, 0.0, 0.0)","(0.0, 0.0, 0.0)","(0.0, 0.0, 0.0)",0,0,0,0,0,0,False,0,0,0,0,0,0,0,0,"(0.0, 6.0, 2086.0)","(0.2, 0.0, 0.0, 1.0)"
0,966550.3,0,0,0,0,0,0,0,0,0,"(0.0, 0.0)","(0.0, 0.0)","(0.0, 0.0)","(0.0, 0.0, 0.0)","(0.0, 0.0, 0.0)","(0.0, 0.0, 0.0)","(0.0, 0.0, 0.0)","(0.0, 0.0, 0.0)","(0.0, 0.0, 0.0)",0,0,0,0,0,0,False,0,0,0,0,0,0,0,0,"(0.0, 6.0, 2086.4)","(0.2, 0.0, 0.0, 1.0)"
0,966580.1,0,0,0,0,0,0,0,0,0,"(0.0, 0.0)","(0.0, 0.0)","(0.0, 0.0)","(0.0, 0.0, 0.0)","(0.0, 0.0, 0.0)","(0.0, 0.0, 0.0)","(0.0, 0.0, 0.0)","(0.0, 0.0, 0.0)","(0.0, 0.0, 0.0)",0,0,0,0,0,0,False,0,0,0,0,0,0,0,0,"(0.0, 6.0, 2086.8)","(0.2, 0.0, 0.0, 1.0)"
0,966601.8,0,0,0,0,0,0,0,0,0,"(0.0, 0.0)","(0.0, 0.0)","(0.0, 0.0)","(0.0, 0.0, 0.0)","(0.0, 0.0, 0.0)","(0.0, 0.0, 0.0)","(0.0, 0.0, 0.0)","(0.0, 0.0, 0.0)","(0.0, 0.0, 0.0)",0,0,0,0,0,0,False,0,0,0,0,0,0,0,0,"(0.0, 6.0, 2087.2)","(0.2, 0.0, 0.0, 1.0)"
0,966627.4,0,0,0,0,0,0,0,0,0,"(0.0, 0.0)","(0.0, 0.0)","(0.0, 0.0)","(0.0, 0.0, 0.0)","(0.0, 0.0, 0.0)","(0.0, 0.0, 0.0)","(0.0, 0.0, 0.0)","(0.0, 0.0, 0.0)","(0.0, 0.0, 0.0)",0,0,0,0,0,0,False,0,0,0,0,0,0,0,0,"(0.0, 6.0, 2087.7)","(0.2, 0.0, 0.0, 1.0)"
0,966652.3,0,0,0,0,0,0,0,0,0,"(0.0, 0.0)","(0.0, 0.0)","(0.0, 0.0)","(0.0, 0.0, 0.0)","(0.0, 0.0, 0.0)","(0.0, 0.0, 0.0)","(0.0, 0.0, 0.0)","(0.0, 0.0, 0.0)","(0.0, 0.0, 0.0)",0,0,0,0,0,0,False,0,0,0,0,0,0,0,0,"(0.0, 6.0, 2088.1)","(0.2, 0.0, 0.0, 1.0)"
0,966670.9,0,0,0,0,0,0,0,0,0,"(0.0, 0.0)","(0.0, 0.0)","(0.0, 0.0)","(0.0, 0.0, 0.0)","(0.0, 0.0, 0.0)","(0.0, 0.0, 0.0)","(0.0, 0.0, 0.0)","(0.0, 0.0, 0.0)","(0.0, 0.0, 0.0)",0,0,0,0,0,0,False,0,0,0,0,0,0,0,0,"(0.0, 6.0, 2088.5)","(0.2, 0.0, 0.0, 1.0)"
0,966690.3,0,0,0,0,0,0,0,0,0,"(0.0, 0.0)","(0.0, 0.0)","(0.0, 0.0)","(0.0, 0.0, 0.0)","(0.0, 0.0, 0.0)","(0.0, 0.0, 0.0)","(0.0, 0.0, 0.0)","(0.0, 0.0, 0.0)","(0.0, 0.0, 0.0)",0,0,0,0,0,0,False,0,0,0,0,0,0,0,0,"(0.0, 6.0, 2088.9)","(0.2, 0.0, 0.0, 1.0)"
0,966716.9,0,0,0,0,0,0,0,0,0,"(0.0, 0.0)","(0.0, 0.0)","(0.0, 0.0)","(0.0, 0.0, 0.0)","(0.0, 0.0, 0.0)","(0.0, 0.0, 0.0)","(0.0, 0.0, 0.0)","(0.0, 0.0, 0.0)","(0.0, 0.0, 0.0)",0,0,0,0,0,0,False,0,0,0,0,0,0,0,0,"(0.0, 6.0, 2089.3)","(0.2, 0.0, 0.0, 1.0)"
0,966735.6,0,0,0,0,0,0,0,0,0,"(0.0, 0.0)","(0.0, 0.0)","(0.0, 0.0)","(0.0, 0.0, 0.0)","(0.0, 0.0, 0.0)","(0.0, 0.0, 0.0)","(0.0, 0.0, 0.0)","(0.0, 0.0, 0.0)","(0.0, 0.0, 0.0)",0,0,0,0,0,0,False,0,0,0,0,0,0,0,0,"(0.0, 6.0, 2089.8)","(0.2, 0.0, 0.0, 1.0)"
0,966755.9,0,0,0,0,0,0,0,0,0,"(0.0, 0.0)","(0.0, 0.0)","(0.0, 0.0)","(0.0, 0.0, 0.0)","(0.0, 0.0, 0.0)","(0.0, 0.0, 0.0)","(0.0, 0.0, 0.0)","(0.0, 0.0, 0.0)","(0.0, 0.0, 0.0)",0,0,0,0,0,0,False,0,0,0,0,0,0,0,0,"(0.0, 6.0, 2090.2)","(0.2, 0.0, 0.0, 1.0)"
0,966774,0,0,0,0,0,0,0,0,0,"(0.0, 0.0)","(0.0, 0.0)","(0.0, 0.0)","(0.0, 0.0, 0.0)","(0.0, 0.0, 0.0)","(0.0, 0.0, 0.0)","(0.0, 0.0, 0.0)","(0.0, 0.0, 0.0)","(0.0, 0.0, 0.0)",0,0,0,0,0,0,False,0,0,0,0,0,0,0,0,"(0.0, 6.0, 2090.6)","(0.2, 0.0, 0.0, 1.0)"
0,966793.1,0,0,0,0,0,0,0,0,0,"(0.0, 0.0)","(0.0, 0.0)","(0.0, 0.0)","(0.0, 0.0, 0.0)","(0.0, 0.0, 0.0)","(0.0, 0.0, 0.0)","(0.0, 0.0, 0.0)","(0.0, 0.0, 0.0)","(0.0, 0.0, 0.0)",0,0,0,0,0,0,False,0,0,0,0,0,0,0,0,"(0.0, 6.0, 2091.0)","(0.2, 0.0, 0.0, 1.0)"
0,966812.6,0,0,0,0,0,0,0,0,0,"(0.0, 0.0)","(0.0, 0.0)","(0.0, 0.0)","(0.0, 0.0, 0.0)","(0.0, 0.0, 0.0)","(0.0, 0.0, 0.0)","(0.0, 0.0, 0.0)","(0.0, 0.0, 0.0)","(0.0, 0.0, 0.0)",0,0,0,0,0,0,False,0,0,0,0,0,0,0,0,"(0.0, 6.0, 2091.4)","(0.2, 0.0, 0.0, 1.0)"
0,966831.9,0,0,0,0,0,0,0,0,0,"(0.0, 0.0)","(0.0, 0.0)","(0.0, 0.0)","(0.0, 0.0, 0.0)","(0.0, 0.0, 0.0)","(0.0, 0.0, 0.0)","(0.0, 0.0, 0.0)","(0.0, 0.0, 0.0)","(0.0, 0.0, 0.0)",0,0,0,0,0,0,False,0,0,0,0,0,0,0,0,"(0.0, 6.0, 2091.8)","(0.2, 0.0, 0.0, 1.0)"
0,966856.6,0,0,0,0,0,0,0,0,0,"(0.0, 0.0)","(0.0, 0.0)","(0.0, 0.0)","(0.0, 0.0, 0.0)","(0.0, 0.0, 0.0)","(0.0, 0.0, 0.0)","(0.0, 0.0, 0.0)","(0.0, 0.0, 0.0)","(0.0, 0.0, 0.0)",0,0,0,0,0,0,False,0,0,0,0,0,0,0,0,"(0.0, 6.0, 2092.2)","(0.2, 0.0, 0.0, 1.0)"
0,966876.3,0,0,0,0,0,0,0,0,0,"(0.0, 0.0)","(0.0, 0.0)","(0.0, 0.0)","(0.0, 0.0, 0.0)","(0.0, 0.0, 0.0)","(0.0, 0.0, 0.0)","(0.0, 0.0, 0.0)","(0.0, 0.0, 0.0)","(0.0, 0.0, 0.0)",0,0,0,0,0,0,False,0,0,0,0,0,0,0,0,"(0.0, 6.0, 2092.6)","(0.2, 0.0, 0.0, 1.0)"
0,966895.9,0,0,0,0,0,0,0,0,0,"(0.0, 0.0)","(0.0, 0.0)","(0.0, 0.0)","(0.0, 0.0, 0.0)","(0.0, 0.0, 0.0)","(0.0, 0.0, 0.0)","(0.0, 0.0, 0.0)","(0.0, 0.0, 0.0)","(0.0, 0.0, 0.0)",0,0,0,0,0,0,False,0,0,0,0,0,0,0,0,"(0.0, 6.0, 2093.0)","(0.2, 0.0, 0.0, 1.0)"
0,966917.9,0,0,0,0,0,0,0,0,0,"(0.0, 0.0)","(0.0, 0.0)","(0.0, 0.0)","(0.0, 0.0, 0.0)","(0.0, 0.0, 0.0)","(0.0, 0.0, 0.0)","(0.0, 0.0, 0.0)","(0.0, 0.0, 0.0)","(0.0, 0.0, 0.0)",0,0,0,0,0,0,False,0,0,0,0,0,0,0,0,"(0.0, 6.0, 2093.4)","(0.2, 0.0, 0.0, 1.0)"
0,966940.9,0,0,0,0,0,0,0,0,0,"(0.0, 0.0)","(0.0, 0.0)","(0.0, 0.0)","(0.0, 0.0, 0.0)","(0.0, 0.0, 0.0)","(0.0, 0.0, 0.0)","(0.0, 0.0, 0.0)","(0.0, 0.0, 0.0)","(0.0, 0.0, 0.0)",0,0,0,0,0,0,False,0,0,0,0,0,0,0,0,"(0.0, 6.0, 2093.8)","(0.2, 0.0, 0.0, 1.0)"
0,966962.8,0,0,0,0,0,0,0,0,0,"(0.0, 0.0)","(0.0, 0.0)","(0.0, 0.0)","(0.0, 0.0, 0.0)","(0.0, 0.0, 0.0)","(0.0, 0.0, 0.0)","(0.0, 0.0, 0.0)","(0.0, 0.0, 0.0)","(0.0, 0.0, 0.0)",0,0,0,0,0,0,False,0,0,0,0,0,0,0,0,"(0.0, 6.0, 2094.2)","(0.2, 0.0, 0.0, 1.0)"
0,966985.6,0,0,0,0,0,0,0,0,0,"(0.0, 0.0)","(0.0, 0.0)","(0.0, 0.0)","(0.0, 0.0, 0.0)","(0.0, 0.0, 0.0)","(0.0, 0.0, 0.0)","(0.0, 0.0, 0.0)","(0.0, 0.0, 0.0)","(0.0, 0.0, 0.0)",0,0,0,0,0,0,False,0,0,0,0,0,0,0,0,"(0.0, 6.0, 2094.6)","(0.2, 0.0, 0.0, 1.0)"
0,967006.3,0,0,0,0,0,0,0,0,0,"(0.0, 0.0)","(0.0, 0.0)","(0.0, 0.0)","(0.0, 0.0, 0.0)","(0.0, 0.0, 0.0)","(0.0, 0.0, 0.0)","(0.0, 0.0, 0.0)","(0.0, 0.0, 0.0)","(0.0, 0.0, 0.0)",0,0,0,0,0,0,False,0,0,0,0,0,0,0,0,"(0.0, 6.0, 2095.0)","(0.2, 0.0, 0.0, 1.0)"
0,967029.4,0,0,0,0,0,0,0,0,0,"(0.0, 0.0)","(0.0, 0.0)","(0.0, 0.0)","(0.0, 0.0, 0.0)","(0.0, 0.0, 0.0)","(0.0, 0.0, 0.0)","(0.0, 0.0, 0.0)","(0.0, 0.0, 0.0)","(0.0, 0.0, 0.0)",0,0,0,0,0,0,False,0,0,0,0,0,0,0,0,"(0.0, 6.0, 2095.4)","(0.2, 0.0, 0.0, 1.0)"
0,967051.6,0,0,0,0,0,0,0,0,0,"(0.0, 0.0)","(0.0, 0.0)","(0.0, 0.0)","(0.0, 0.0, 0.0)","(0.0, 0.0, 0.0)","(0.0, 0.0, 0.0)","(0.0, 0.0, 0.0)","(0.0, 0.0, 0.0)","(0.0, 0.0, 0.0)",0,0,0,0,0,0,False,0,0,0,0,0,0,0,0,"(0.0, 6.0, 2095.8)","(0.2, 0.0, 0.0, 1.0)"
0,967072.9,0,0,0,0,0,0,0,0,0,"(0.0, 0.0)","(0.0, 0.0)","(0.0, 0.0)","(0.0, 0.0, 0.0)","(0.0, 0.0, 0.0)","(0.0, 0.0, 0.0)","(0.0, 0.0, 0.0)","(0.0, 0.0, 0.0)","(0.0, 0.0, 0.0)",0,0,0,0,0,0,False,0,0,0,0,0,0,0,0,"(0.0, 6.0, 2096.3)","(0.2, 0.0, 0.0, 1.0)"
0,967096,0,0,0,0,0,0,0,0,0,"(0.0, 0.0)","(0.0, 0.0)","(0.0, 0.0)","(0.0, 0.0, 0.0)","(0.0, 0.0, 0.0)","(0.0, 0.0, 0.0)","(0.0, 0.0, 0.0)","(0.0, 0.0, 0.0)","(0.0, 0.0, 0.0)",0,0,0,0,0,0,False,0,0,0,0,0,0,0,0,"(0.0, 6.0, 2096.7)","(0.2, 0.0, 0.0, 1.0)"
0,967118.1,0,0,0,0,0,0,0,0,0,"(0.0, 0.0)","(0.0, 0.0)","(0.0, 0.0)","(0.0, 0.0, 0.0)","(0.0, 0.0, 0.0)","(0.0, 0.0, 0.0)","(0.0, 0.0, 0.0)","(0.0, 0.0, 0.0)","(0.0, 0.0, 0.0)",0,0,0,0,0,0,False,0,0,0,0,0,0,0,0,"(0.0, 6.0, 2097.1)","(0.2, 0.0, 0.0, 1.0)"
0,967139.7,0,0,0,0,0,0,0,0,0,"(0.0, 0.0)","(0.0, 0.0)","(0.0, 0.0)","(0.0, 0.0, 0.0)","(0.0, 0.0, 0.0)","(0.0, 0.0, 0.0)","(0.0, 0.0, 0.0)","(0.0, 0.0, 0.0)","(0.0, 0.0, 0.0)",0,0,0,0,0,0,False,0,0,0,0,0,0,0,0,"(0.0, 6.0, 2097.5)","(0.2, 0.0, 0.0, 1.0)"
0,967162.6,0,0,0,0,0,0,0,0,0,"(0.0, 0.0)","(0.0, 0.0)","(0.0, 0.0)","(0.0, 0.0, 0.0)","(0.0, 0.0, 0.0)","(0.0, 0.0, 0.0)","(0.0, 0.0, 0.0)","(0.0, 0.0, 0.0)","(0.0, 0.0, 0.0)",0,0,0,0,0,0,False,0,0,0,0,0,0,0,0,"(0.0, 6.0, 2097.9)","(0.2, 0.0, 0.0, 1.0)"
0,967185.4,0,0,0,0,0,0,0,0,0,"(0.0, 0.0)","(0.0, 0.0)","(0.0, 0.0)","(0.0, 0.0, 0.0)","(0.0, 0.0, 0.0)","(0.0, 0.0, 0.0)","(0.0, 0.0, 0.0)","(0.0, 0.0, 0.0)","(0.0, 0.0, 0.0)",0,0,0,0,0,0,False,0,0,0,0,0,0,0,0,"(0.0, 6.0, 2098.3)","(0.2, 0.0, 0.0, 1.0)"
0,967206.4,0,0,0,0,0,0,0,0,0,"(0.0, 0.0)","(0.0, 0.0)","(0.0, 0.0)","(0.0, 0.0, 0.0)","(0.0, 0.0, 0.0)","(0.0, 0.0, 0.0)","(0.0, 0.0, 0.0)","(0.0, 0.0, 0.0)","(0.0, 0.0, 0.0)",0,0,0,0,0,0,False,0,0,0,0,0,0,0,0,"(0.0, 6.0, 2098.7)","(0.2, 0.0, 0.0, 1.0)"
0,967231.8,0,0,0,0,0,0,0,0,0,"(0.0, 0.0)","(0.0, 0.0)","(0.0, 0.0)","(0.0, 0.0, 0.0)","(0.0, 0.0, 0.0)","(0.0, 0.0, 0.0)","(0.0, 0.0, 0.0)","(0.0, 0.0, 0.0)","(0.0, 0.0, 0.0)",0,0,0,0,0,0,False,0,0,0,0,0,0,0,0,"(0.0, 6.0, 2099.2)","(0.2, 0.0, 0.0, 1.0)"
0,967255.9,0,0,0,0,0,0,0,0,0,"(0.0, 0.0)","(0.0, 0.0)","(0.0, 0.0)","(0.0, 0.0, 0.0)","(0.0, 0.0, 0.0)","(0.0, 0.0, 0.0)","(0.0, 0.0, 0.0)","(0.0, 0.0, 0.0)","(0.0, 0.0, 0.0)",0,0,0,0,0,0,False,0,0,0,0,0,0,0,0,"(0.0, 6.0, 2099.6)","(0.2, 0.0, 0.0, 1.0)"
0,967273.3,0,0,0,0,0,0,0,0,0,"(0.0, 0.0)","(0.0, 0.0)","(0.0, 0.0)","(0.0, 0.0, 0.0)","(0.0, 0.0, 0.0)","(0.0, 0.0, 0.0)","(0.0, 0.0, 0.0)","(0.0, 0.0, 0.0)","(0.0, 0.0, 0.0)",0,0,0,0,0,0,False,0,0,0,0,0,0,0,0,"(0.0, 6.0, 2100.0)","(0.2, 0.0, 0.0, 1.0)"
0,967296.2,0,0,0,0,0,0,0,0,0,"(0.0, 0.0)","(0.0, 0.0)","(0.0, 0.0)","(0.0, 0.0, 0.0)","(0.0, 0.0, 0.0)","(0.0, 0.0, 0.0)","(0.0, 0.0, 0.0)","(0.0, 0.0, 0.0)","(0.0, 0.0, 0.0)",0,0,0,0,0,0,False,0,0,0,0,0,0,0,0,"(0.0, 6.0, 2100.4)","(0.2, 0.0, 0.0, 1.0)"
0,967317.9,0,0,0,0,0,0,0,0,0,"(0.0, 0.0)","(0.0, 0.0)","(0.0, 0.0)","(0.0, 0.0, 0.0)","(0.0, 0.0, 0.0)","(0.0, 0.0, 0.0)","(0.0, 0.0, 0.0)","(0.0, 0.0, 0.0)","(0.0, 0.0, 0.0)",0,0,0,0,0,0,False,0,0,0,0,0,0,0,0,"(0.0, 6.0, 2100.8)","(0.2, 0.0, 0.0, 1.0)"
0,967340.1,0,0,0,0,0,0,0,0,0,"(0.0, 0.0)","(0.0, 0.0)","(0.0, 0.0)","(0.0, 0.0, 0.0)","(0.0, 0.0, 0.0)","(0.0, 0.0, 0.0)","(0.0, 0.0, 0.0)","(0.0, 0.0, 0.0)","(0.0, 0.0, 0.0)",0,0,0,0,0,0,False,0,0,0,0,0,0,0,0,"(0.0, 6.0, 2101.3)","(0.2, 0.0, 0.0, 1.0)"
0,967362.4,0,0,0,0,0,0,0,0,0,"(0.0, 0.0)","(0.0, 0.0)","(0.0, 0.0)","(0.0, 0.0, 0.0)","(0.0, 0.0, 0.0)","(0.0, 0.0, 0.0)","(0.0, 0.0, 0.0)","(0.0, 0.0, 0.0)","(0.0, 0.0, 0.0)",0,0,0,0,0,0,False,0,0,0,0,0,0,0,0,"(0.0, 6.0, 2101.7)","(0.2, 0.0, 0.0, 1.0)"
0,967389.1,0,0,0,0,0,0,0,0,0,"(0.0, 0.0)","(0.0, 0.0)","(0.0, 0.0)","(0.0, 0.0, 0.0)","(0.0, 0.0, 0.0)","(0.0, 0.0, 0.0)","(0.0, 0.0, 0.0)","(0.0, 0.0, 0.0)","(0.0, 0.0, 0.0)",0,0,0,0,0,0,False,0,0,0,0,0,0,0,0,"(0.0, 6.0, 2102.1)","(0.2, 0.0, 0.0, 1.0)"
0,967408,0,0,0,0,0,0,0,0,0,"(0.0, 0.0)","(0.0, 0.0)","(0.0, 0.0)","(0.0, 0.0, 0.0)","(0.0, 0.0, 0.0)","(0.0, 0.0, 0.0)","(0.0, 0.0, 0.0)","(0.0, 0.0, 0.0)","(0.0, 0.0, 0.0)",0,0,0,0,0,0,False,0,0,0,0,0,0,0,0,"(0.0, 6.0, 2102.5)","(0.2, 0.0, 0.0, 1.0)"
0,967428.4,0,0,0,0,0,0,0,0,0,"(0.0, 0.0)","(0.0, 0.0)","(0.0, 0.0)","(0.0, 0.0, 0.0)","(0.0, 0.0, 0.0)","(0.0, 0.0, 0.0)","(0.0, 0.0, 0.0)","(0.0, 0.0, 0.0)","(0.0, 0.0, 0.0)",0,0,0,0,0,0,False,0,0,0,0,0,0,0,0,"(0.0, 6.0, 2102.9)","(0.2, 0.0, 0.0, 1.0)"
0,967447.3,0,0,0,0,0,0,0,0,0,"(0.0, 0.0)","(0.0, 0.0)","(0.0, 0.0)","(0.0, 0.0, 0.0)","(0.0, 0.0, 0.0)","(0.0, 0.0, 0.0)","(0.0, 0.0, 0.0)","(0.0, 0.0, 0.0)","(0.0, 0.0, 0.0)",0,0,0,0,0,0,False,0,0,0,0,0,0,0,0,"(0.0, 6.0, 2103.4)","(0.2, 0.0, 0.0, 1.0)"
0,967467.4,0,0,0,0,0,0,0,0,0,"(0.0, 0.0)","(0.0, 0.0)","(0.0, 0.0)","(0.0, 0.0, 0.0)","(0.0, 0.0, 0.0)","(0.0, 0.0, 0.0)","(0.0, 0.0, 0.0)","(0.0, 0.0, 0.0)","(0.0, 0.0, 0.0)",0,0,0,0,0,0,False,0,0,0,0,0,0,0,0,"(0.0, 6.0, 2103.8)","(0.2, 0.0, 0.0, 1.0)"
0,967490,0,0,0,0,0,0,0,0,0,"(0.0, 0.0)","(0.0, 0.0)","(0.0, 0.0)","(0.0, 0.0, 0.0)","(0.0, 0.0, 0.0)","(0.0, 0.0, 0.0)","(0.0, 0.0, 0.0)","(0.0, 0.0, 0.0)","(0.0, 0.0, 0.0)",0,0,0,0,0,0,False,0,0,0,0,0,0,0,0,"(0.0, 6.0, 2104.2)","(0.2, 0.0, 0.0, 1.0)"
0,967508.6,0,0,0,0,0,0,0,0,0,"(0.0, 0.0)","(0.0, 0.0)","(0.0, 0.0)","(0.0, 0.0, 0.0)","(0.0, 0.0, 0.0)","(0.0, 0.0, 0.0)","(0.0, 0.0, 0.0)","(0.0, 0.0, 0.0)","(0.0, 0.0, 0.0)",0,0,0,0,0,0,False,0,0,0,0,0,0,0,0,"(0.0, 6.0, 2104.6)","(0.2, 0.0, 0.0, 1.0)"
0,967528.4,0,0,0,0,0,0,0,0,0,"(0.0, 0.0)","(0.0, 0.0)","(0.0, 0.0)","(0.0, 0.0, 0.0)","(0.0, 0.0, 0.0)","(0.0, 0.0, 0.0)","(0.0, 0.0, 0.0)","(0.0, 0.0, 0.0)","(0.0, 0.0, 0.0)",0,0,0,0,0,0,False,0,0,0,0,0,0,0,0,"(0.0, 6.0, 2105.0)","(0.2, 0.0, 0.0, 1.0)"
0,967550.4,0,0,0,0,0,0,0,0,0,"(0.0, 0.0)","(0.0, 0.0)","(0.0, 0.0)","(0.0, 0.0, 0.0)","(0.0, 0.0, 0.0)","(0.0, 0.0, 0.0)","(0.0, 0.0, 0.0)","(0.0, 0.0, 0.0)","(0.0, 0.0, 0.0)",0,0,0,0,0,0,False,0,0,0,0,0,0,0,0,"(0.0, 6.0, 2105.4)","(0.2, 0.0, 0.0, 1.0)"
0,967569.6,0,0,0,0,0,0,0,0,0,"(0.0, 0.0)","(0.0, 0.0)","(0.0, 0.0)","(0.0, 0.0, 0.0)","(0.0, 0.0, 0.0)","(0.0, 0.0, 0.0)","(0.0, 0.0, 0.0)","(0.0, 0.0, 0.0)","(0.0, 0.0, 0.0)",0,0,0,0,0,0,False,0,0,0,0,0,0,0,0,"(0.0, 6.0, 2105.8)","(0.2, 0.0, 0.0, 1.0)"
0,967589.7,0,0,0,0,0,0,0,0,0,"(0.0, 0.0)","(0.0, 0.0)","(0.0, 0.0)","(0.0, 0.0, 0.0)","(0.0, 0.0, 0.0)","(0.0, 0.0, 0.0)","(0.0, 0.0, 0.0)","(0.0, 0.0, 0.0)","(0.0, 0.0, 0.0)",0,0,0,0,0,0,False,0,0,0,0,0,0,0,0,"(0.0, 6.0, 2106.2)","(0.2, 0.0, 0.0, 1.0)"
0,967608.2,0,0,0,0,0,0,0,0,0,"(0.0, 0.0)","(0.0, 0.0)","(0.0, 0.0)","(0.0, 0.0, 0.0)","(0.0, 0.0, 0.0)","(0.0, 0.0, 0.0)","(0.0, 0.0, 0.0)","(0.0, 0.0, 0.0)","(0.0, 0.0, 0.0)",0,0,0,0,0,0,False,0,0,0,0,0,0,0,0,"(0.0, 6.0, 2106.6)","(0.2, 0.0, 0.0, 1.0)"
0,967634.4,0,0,0,0,0,0,0,0,0,"(0.0, 0.0)","(0.0, 0.0)","(0.0, 0.0)","(0.0, 0.0, 0.0)","(0.0, 0.0, 0.0)","(0.0, 0.0, 0.0)","(0.0, 0.0, 0.0)","(0.0, 0.0, 0.0)","(0.0, 0.0, 0.0)",0,0,0,0,0,0,False,0,0,0,0,0,0,0,0,"(0.0, 6.0, 2107.0)","(0.2, 0.0, 0.0, 1.0)"
0,967654.8,0,0,0,0,0,0,0,0,0,"(0.0, 0.0)","(0.0, 0.0)","(0.0, 0.0)","(0.0, 0.0, 0.0)","(0.0, 0.0, 0.0)","(0.0, 0.0, 0.0)","(0.0, 0.0, 0.0)","(0.0, 0.0, 0.0)","(0.0, 0.0, 0.0)",0,0,0,0,0,0,False,0,0,0,0,0,0,0,0,"(0.0, 6.0, 2107.4)","(0.2, 0.0, 0.0, 1.0)"
0,967675.1,0,0,0,0,0,0,0,0,0,"(0.0, 0.0)","(0.0, 0.0)","(0.0, 0.0)","(0.0, 0.0, 0.0)","(0.0, 0.0, 0.0)","(0.0, 0.0, 0.0)","(0.0, 0.0, 0.0)","(0.0, 0.0, 0.0)","(0.0, 0.0, 0.0)",0,0,0,0,0,0,False,0,0,0,0,0,0,0,0,"(0.0, 6.0, 2107.8)","(0.2, 0.0, 0.0, 1.0)"
0,967697.9,0,0,0,0,0,0,0,0,0,"(0.0, 0.0)","(0.0, 0.0)","(0.0, 0.0)","(0.0, 0.0, 0.0)","(0.0, 0.0, 0.0)","(0.0, 0.0, 0.0)","(0.0, 0.0, 0.0)","(0.0, 0.0, 0.0)","(0.0, 0.0, 0.0)",0,0,0,0,0,0,False,0,0,0,0,0,0,0,0,"(0.0, 6.0, 2108.2)","(0.2, 0.0, 0.0, 1.0)"
0,967719.1,0,0,0,0,0,0,0,0,0,"(0.0, 0.0)","(0.0, 0.0)","(0.0, 0.0)","(0.0, 0.0, 0.0)","(0.0, 0.0, 0.0)","(0.0, 0.0, 0.0)","(0.0, 0.0, 0.0)","(0.0, 0.0, 0.0)","(0.0, 0.0, 0.0)",0,0,0,0,0,0,False,0,0,0,0,0,0,0,0,"(0.0, 6.0, 2108.6)","(0.2, 0.0, 0.0, 1.0)"
0,967739.5,0,0,0,0,0,0,0,0,0,"(0.0, 0.0)","(0.0, 0.0)","(0.0, 0.0)","(0.0, 0.0, 0.0)","(0.0, 0.0, 0.0)","(0.0, 0.0, 0.0)","(0.0, 0.0, 0.0)","(0.0, 0.0, 0.0)","(0.0, 0.0, 0.0)",0,0,0,0,0,0,False,0,0,0,0,0,0,0,0,"(0.0, 6.0, 2109.0)","(0.2, 0.0, 0.0, 1.0)"
0,967759.1,0,0,0,0,0,0,0,0,0,"(0.0, 0.0)","(0.0, 0.0)","(0.0, 0.0)","(0.0, 0.0, 0.0)","(0.0, 0.0, 0.0)","(0.0, 0.0, 0.0)","(0.0, 0.0, 0.0)","(0.0, 0.0, 0.0)","(0.0, 0.0, 0.0)",0,0,0,0,0,0,False,0,0,0,0,0,0,0,0,"(0.0, 6.0, 2109.4)","(0.2, 0.0, 0.0, 1.0)"
0,967780.4,0,0,0,0,0,0,0,0,0,"(0.0, 0.0)","(0.0, 0.0)","(0.0, 0.0)","(0.0, 0.0, 0.0)","(0.0, 0.0, 0.0)","(0.0, 0.0, 0.0)","(0.0, 0.0, 0.0)","(0.0, 0.0, 0.0)","(0.0, 0.0, 0.0)",0,0,0,0,0,0,False,0,0,0,0,0,0,0,0,"(0.0, 6.0, 2109.8)","(0.2, 0.0, 0.0, 1.0)"
0,967800.9,0,0,0,0,0,0,0,0,0,"(0.0, 0.0)","(0.0, 0.0)","(0.0, 0.0)","(0.0, 0.0, 0.0)","(0.0, 0.0, 0.0)","(0.0, 0.0, 0.0)","(0.0, 0.0, 0.0)","(0.0, 0.0, 0.0)","(0.0, 0.0, 0.0)",0,0,0,0,0,0,False,0,0,0,0,0,0,0,0,"(0.0, 6.0, 2110.2)","(0.2, 0.0, 0.0, 1.0)"
0,967821.7,0,0,0,0,0,0,0,0,0,"(0.0, 0.0)","(0.0, 0.0)","(0.0, 0.0)","(0.0, 0.0, 0.0)","(0.0, 0.0, 0.0)","(0.0, 0.0, 0.0)","(0.0, 0.0, 0.0)","(0.0, 0.0, 0.0)","(0.0, 0.0, 0.0)",0,0,0,0,0,0,False,0,0,0,0,0,0,0,0,"(0.0, 6.0, 2110.6)","(0.2, 0.0, 0.0, 1.0)"
0,967839.9,0,0,0,0,0,0,0,0,0,"(0.0, 0.0)","(0.0, 0.0)","(0.0, 0.0)","(0.0, 0.0, 0.0)","(0.0, 0.0, 0.0)","(0.0, 0.0, 0.0)","(0.0, 0.0, 0.0)","(0.0, 0.0, 0.0)","(0.0, 0.0, 0.0)",0,0,0,0,0,0,False,0,0,0,0,0,0,0,0,"(0.0, 6.0, 2111.0)","(0.2, 0.0, 0.0, 1.0)"
0,967862.4,0,0,0,0,0,0,0,0,0,"(0.0, 0.0)","(0.0, 0.0)","(0.0, 0.0)","(0.0, 0.0, 0.0)","(0.0, 0.0, 0.0)","(0.0, 0.0, 0.0)","(0.0, 0.0, 0.0)","(0.0, 0.0, 0.0)","(0.0, 0.0, 0.0)",0,0,0,0,0,0,False,0,0,0,0,0,0,0,0,"(0.0, 6.0, 2111.4)","(0.2, 0.0, 0.0, 1.0)"
0,967884.4,0,0,0,0,0,0,0,0,0,"(0.0, 0.0)","(0.0, 0.0)","(0.0, 0.0)","(0.0, 0.0, 0.0)","(0.0, 0.0, 0.0)","(0.0, 0.0, 0.0)","(0.0, 0.0, 0.0)","(0.0, 0.0, 0.0)","(0.0, 0.0, 0.0)",0,0,0,0,0,0,False,0,0,0,0,0,0,0,0,"(0.0, 6.0, 2111.8)","(0.2, 0.0, 0.0, 1.0)"
0,967905.8,0,0,0,0,0,0,0,0,0,"(0.0, 0.0)","(0.0, 0.0)","(0.0, 0.0)","(0.0, 0.0, 0.0)","(0.0, 0.0, 0.0)","(0.0, 0.0, 0.0)","(0.0, 0.0, 0.0)","(0.0, 0.0, 0.0)","(0.0, 0.0, 0.0)",0,0,0,0,0,0,False,0,0,0,0,0,0,0,0,"(0.0, 6.0, 2112.2)","(0.2, 0.0, 0.0, 1.0)"
0,967929.1,0,0,0,0,0,0,0,0,0,"(0.0, 0.0)","(0.0, 0.0)","(0.0, 0.0)","(0.0, 0.0, 0.0)","(0.0, 0.0, 0.0)","(0.0, 0.0, 0.0)","(0.0, 0.0, 0.0)","(0.0, 0.0, 0.0)","(0.0, 0.0, 0.0)",0,0,0,0,0,0,False,0,0,0,0,0,0,0,0,"(0.0, 6.0, 2112.6)","(0.2, 0.0, 0.0, 1.0)"
0,967951.7,0,0,0,0,0,0,0,0,0,"(0.0, 0.0)","(0.0, 0.0)","(0.0, 0.0)","(0.0, 0.0, 0.0)","(0.0, 0.0, 0.0)","(0.0, 0.0, 0.0)","(0.0, 0.0, 0.0)","(0.0, 0.0, 0.0)","(0.0, 0.0, 0.0)",0,0,0,0,0,0,False,0,0,0,0,0,0,0,0,"(0.0, 6.0, 2113.0)","(0.2, 0.0, 0.0, 1.0)"
0,967977.8,0,0,0,0,0,0,0,0,0,"(0.0, 0.0)","(0.0, 0.0)","(0.0, 0.0)","(0.0, 0.0, 0.0)","(0.0, 0.0, 0.0)","(0.0, 0.0, 0.0)","(0.0, 0.0, 0.0)","(0.0, 0.0, 0.0)","(0.0, 0.0, 0.0)",0,0,0,0,0,0,False,0,0,0,0,0,0,0,0,"(0.0, 6.0, 2113.4)","(0.2, 0.0, 0.0, 1.0)"
0,967999.3,0,0,0,0,0,0,0,0,0,"(0.0, 0.0)","(0.0, 0.0)","(0.0, 0.0)","(0.0, 0.0, 0.0)","(0.0, 0.0, 0.0)","(0.0, 0.0, 0.0)","(0.0, 0.0, 0.0)","(0.0, 0.0, 0.0)","(0.0, 0.0, 0.0)",0,0,0,0,0,0,False,0,0,0,0,0,0,0,0,"(0.0, 6.0, 2113.8)","(0.2, 0.0, 0.0, 1.0)"
0,968021.5,0,0,0,0,0,0,0,0,0,"(0.0, 0.0)","(0.0, 0.0)","(0.0, 0.0)","(0.0, 0.0, 0.0)","(0.0, 0.0, 0.0)","(0.0, 0.0, 0.0)","(0.0, 0.0, 0.0)","(0.0, 0.0, 0.0)","(0.0, 0.0, 0.0)",0,0,0,0,0,0,False,0,0,0,0,0,0,0,0,"(0.0, 6.0, 2114.2)","(0.2, 0.0, 0.0, 1.0)"
0,968041.1,0,0,0,0,0,0,0,0,0,"(0.0, 0.0)","(0.0, 0.0)","(0.0, 0.0)","(0.0, 0.0, 0.0)","(0.0, 0.0, 0.0)","(0.0, 0.0, 0.0)","(0.0, 0.0, 0.0)","(0.0, 0.0, 0.0)","(0.0, 0.0, 0.0)",0,0,0,0,0,0,False,0,0,0,0,0,0,0,0,"(0.0, 6.0, 2114.6)","(0.2, 0.0, 0.0, 1.0)"
0,968062.3,0,0,0,0,0,0,0,0,0,"(0.0, 0.0)","(0.0, 0.0)","(0.0, 0.0)","(0.0, 0.0, 0.0)","(0.0, 0.0, 0.0)","(0.0, 0.0, 0.0)","(0.0, 0.0, 0.0)","(0.0, 0.0, 0.0)","(0.0, 0.0, 0.0)",0,0,0,0,0,0,False,0,0,0,0,0,0,0,0,"(0.0, 6.0, 2115.1)","(0.2, 0.0, 0.0, 1.0)"
0,968085.3,0,0,0,0,0,0,0,0,0,"(0.0, 0.0)","(0.0, 0.0)","(0.0, 0.0)","(0.0, 0.0, 0.0)","(0.0, 0.0, 0.0)","(0.0, 0.0, 0.0)","(0.0, 0.0, 0.0)","(0.0, 0.0, 0.0)","(0.0, 0.0, 0.0)",0,0,0,0,0,0,False,0,0,0,0,0,0,0,0,"(0.0, 6.0, 2115.5)","(0.2, 0.0, 0.0, 1.0)"
0,968106.3,0,0,0,0,0,0,0,0,0,"(0.0, 0.0)","(0.0, 0.0)","(0.0, 0.0)","(0.0, 0.0, 0.0)","(0.0, 0.0, 0.0)","(0.0, 0.0, 0.0)","(0.0, 0.0, 0.0)","(0.0, 0.0, 0.0)","(0.0, 0.0, 0.0)",0,0,0,0,0,0,False,0,0,0,0,0,0,0,0,"(0.0, 6.0, 2115.9)","(0.2, 0.0, 0.0, 1.0)"
0,968129.3,0,0,0,0,0,0,0,0,0,"(0.0, 0.0)","(0.0, 0.0)","(0.0, 0.0)","(0.0, 0.0, 0.0)","(0.0, 0.0, 0.0)","(0.0, 0.0, 0.0)","(0.0, 0.0, 0.0)","(0.0, 0.0, 0.0)","(0.0, 0.0, 0.0)",0,0,0,0,0,0,False,0,0,0,0,0,0,0,0,"(0.0, 6.0, 2116.3)","(0.2, 0.0, 0.0, 1.0)"
0,968151.7,0,0,0,0,0,0,0,0,0,"(0.0, 0.0)","(0.0, 0.0)","(0.0, 0.0)","(0.0, 0.0, 0.0)","(0.0, 0.0, 0.0)","(0.0, 0.0, 0.0)","(0.0, 0.0, 0.0)","(0.0, 0.0, 0.0)","(0.0, 0.0, 0.0)",0,0,0,0,0,0,False,0,0,0,0,0,0,0,0,"(0.0, 6.0, 2116.7)","(0.2, 0.0, 0.0, 1.0)"
0,968172.4,0,0,0,0,0,0,0,0,0,"(0.0, 0.0)","(0.0, 0.0)","(0.0, 0.0)","(0.0, 0.0, 0.0)","(0.0, 0.0, 0.0)","(0.0, 0.0, 0.0)","(0.0, 0.0, 0.0)","(0.0, 0.0, 0.0)","(0.0, 0.0, 0.0)",0,0,0,0,0,0,False,0,0,0,0,0,0,0,0,"(0.0, 6.0, 2117.1)","(0.2, 0.0, 0.0, 1.0)"
0,968196.1,0,0,0,0,0,0,0,0,0,"(0.0, 0.0)","(0.0, 0.0)","(0.0, 0.0)","(0.0, 0.0, 0.0)","(0.0, 0.0, 0.0)","(0.0, 0.0, 0.0)","(0.0, 0.0, 0.0)","(0.0, 0.0, 0.0)","(0.0, 0.0, 0.0)",0,0,0,0,0,0,False,0,0,0,0,0,0,0,0,"(0.0, 6.0, 2117.5)","(0.2, 0.0, 0.0, 1.0)"
0,968220.9,0,0,0,0,0,0,0,0,0,"(0.0, 0.0)","(0.0, 0.0)","(0.0, 0.0)","(0.0, 0.0, 0.0)","(0.0, 0.0, 0.0)","(0.0, 0.0, 0.0)","(0.0, 0.0, 0.0)","(0.0, 0.0, 0.0)","(0.0, 0.0, 0.0)",0,0,0,0,0,0,False,0,0,0,0,0,0,0,0,"(0.0, 6.0, 2118.0)","(0.2, 0.0, 0.0, 1.0)"
0,968240.2,0,0,0,0,0,0,0,0,0,"(0.0, 0.0)","(0.0, 0.0)","(0.0, 0.0)","(0.0, 0.0, 0.0)","(0.0, 0.0, 0.0)","(0.0, 0.0, 0.0)","(0.0, 0.0, 0.0)","(0.0, 0.0, 0.0)","(0.0, 0.0, 0.0)",0,0,0,0,0,0,False,0,0,0,0,0,0,0,0,"(0.0, 6.0, 2118.4)","(0.2, 0.0, 0.0, 1.0)"
0,968262.1,0,0,0,0,0,0,0,0,0,"(0.0, 0.0)","(0.0, 0.0)","(0.0, 0.0)","(0.0, 0.0, 0.0)","(0.0, 0.0, 0.0)","(0.0, 0.0, 0.0)","(0.0, 0.0, 0.0)","(0.0, 0.0, 0.0)","(0.0, 0.0, 0.0)",0,0,0,0,0,0,False,0,0,0,0,0,0,0,0,"(0.0, 6.0, 2118.8)","(0.2, 0.0, 0.0, 1.0)"
0,968284.6,0,0,0,0,0,0,0,0,0,"(0.0, 0.0)","(0.0, 0.0)","(0.0, 0.0)","(0.0, 0.0, 0.0)","(0.0, 0.0, 0.0)","(0.0, 0.0, 0.0)","(0.0, 0.0, 0.0)","(0.0, 0.0, 0.0)","(0.0, 0.0, 0.0)",0,0,0,0,0,0,False,0,0,0,0,0,0,0,0,"(0.0, 6.0, 2119.2)","(0.2, 0.0, 0.0, 1.0)"
0,968308.4,0,0,0,0,0,0,0,0,0,"(0.0, 0.0)","(0.0, 0.0)","(0.0, 0.0)","(0.0, 0.0, 0.0)","(0.0, 0.0, 0.0)","(0.0, 0.0, 0.0)","(0.0, 0.0, 0.0)","(0.0, 0.0, 0.0)","(0.0, 0.0, 0.0)",0,0,0,0,0,0,False,0,0,0,0,0,0,0,0,"(0.0, 6.0, 2119.6)","(0.2, 0.0, 0.0, 1.0)"
0,968328.7,0,0,0,0,0,0,0,0,0,"(0.0, 0.0)","(0.0, 0.0)","(0.0, 0.0)","(0.0, 0.0, 0.0)","(0.0, 0.0, 0.0)","(0.0, 0.0, 0.0)","(0.0, 0.0, 0.0)","(0.0, 0.0, 0.0)","(0.0, 0.0, 0.0)",0,0,0,0,0,0,False,0,0,0,0,0,0,0,0,"(0.0, 6.0, 2120.1)","(0.2, 0.0, 0.0, 1.0)"
0,968351.3,0,0,0,0,0,0,0,0,0,"(0.0, 0.0)","(0.0, 0.0)","(0.0, 0.0)","(0.0, 0.0, 0.0)","(0.0, 0.0, 0.0)","(0.0, 0.0, 0.0)","(0.0, 0.0, 0.0)","(0.0, 0.0, 0.0)","(0.0, 0.0, 0.0)",0,0,0,0,0,0,False,0,0,0,0,0,0,0,0,"(0.0, 6.0, 2120.5)","(0.2, 0.0, 0.0, 1.0)"
0,968372.3,0,0,0,0,0,0,0,0,0,"(0.0, 0.0)","(0.0, 0.0)","(0.0, 0.0)","(0.0, 0.0, 0.0)","(0.0, 0.0, 0.0)","(0.0, 0.0, 0.0)","(0.0, 0.0, 0.0)","(0.0, 0.0, 0.0)","(0.0, 0.0, 0.0)",0,0,0,0,0,0,False,0,0,0,0,0,0,0,0,"(0.0, 6.0, 2120.9)","(0.2, 0.0, 0.0, 1.0)"
0,968394.8,0,0,0,0,0,0,0,0,0,"(0.0, 0.0)","(0.0, 0.0)","(0.0, 0.0)","(0.0, 0.0, 0.0)","(0.0, 0.0, 0.0)","(0.0, 0.0, 0.0)","(0.0, 0.0, 0.0)","(0.0, 0.0, 0.0)","(0.0, 0.0, 0.0)",0,0,0,0,0,0,False,0,0,0,0,0,0,0,0,"(0.0, 6.0, 2121.3)","(0.2, 0.0, 0.0, 1.0)"
0,968414.3,0,0,0,0,0,0,0,0,0,"(0.0, 0.0)","(0.0, 0.0)","(0.0, 0.0)","(0.0, 0.0, 0.0)","(0.0, 0.0, 0.0)","(0.0, 0.0, 0.0)","(0.0, 0.0, 0.0)","(0.0, 0.0, 0.0)","(0.0, 0.0, 0.0)",0,0,0,0,0,0,False,0,0,0,0,0,0,0,0,"(0.0, 6.0, 2121.7)","(0.2, 0.0, 0.0, 1.0)"
0,968434.8,0,0,0,0,0,0,0,0,0,"(0.0, 0.0)","(0.0, 0.0)","(0.0, 0.0)","(0.0, 0.0, 0.0)","(0.0, 0.0, 0.0)","(0.0, 0.0, 0.0)","(0.0, 0.0, 0.0)","(0.0, 0.0, 0.0)","(0.0, 0.0, 0.0)",0,0,0,0,0,0,False,0,0,0,0,0,0,0,0,"(0.0, 6.0, 2122.1)","(0.2, 0.0, 0.0, 1.0)"
0,968454.9,0,0,0,0,0,0,0,0,0,"(0.0, 0.0)","(0.0, 0.0)","(0.0, 0.0)","(0.0, 0.0, 0.0)","(0.0, 0.0, 0.0)","(0.0, 0.0, 0.0)","(0.0, 0.0, 0.0)","(0.0, 0.0, 0.0)","(0.0, 0.0, 0.0)",0,0,0,0,0,0,False,0,0,0,0,0,0,0,0,"(0.0, 6.0, 2122.5)","(0.2, 0.0, 0.0, 1.0)"
0,968473.7,0,0,0,0,0,0,0,0,0,"(0.0, 0.0)","(0.0, 0.0)","(0.0, 0.0)","(0.0, 0.0, 0.0)","(0.0, 0.0, 0.0)","(0.0, 0.0, 0.0)","(0.0, 0.0, 0.0)","(0.0, 0.0, 0.0)","(0.0, 0.0, 0.0)",0,0,0,0,0,0,False,0,0,0,0,0,0,0,0,"(0.0, 6.0, 2122.9)","(0.2, 0.0, 0.0, 1.0)"
0,968498.9,0,0,0,0,0,0,0,0,0,"(0.0, 0.0)","(0.0, 0.0)","(0.0, 0.0)","(0.0, 0.0, 0.0)","(0.0, 0.0, 0.0)","(0.0, 0.0, 0.0)","(0.0, 0.0, 0.0)","(0.0, 0.0, 0.0)","(0.0, 0.0, 0.0)",0,0,0,0,0,0,False,0,0,0,0,0,0,0,0,"(0.0, 6.0, 2123.3)","(0.2, 0.0, 0.0, 1.0)"
0,968519.1,0,0,0,0,0,0,0,0,0,"(0.0, 0.0)","(0.0, 0.0)","(0.0, 0.0)","(0.0, 0.0, 0.0)","(0.0, 0.0, 0.0)","(0.0, 0.0, 0.0)","(0.0, 0.0, 0.0)","(0.0, 0.0, 0.0)","(0.0, 0.0, 0.0)",0,0,0,0,0,0,False,0,0,0,0,0,0,0,0,"(0.0, 6.0, 2123.8)","(0.2, 0.0, 0.0, 1.0)"
0,968538.3,0,0,0,0,0,0,0,0,0,"(0.0, 0.0)","(0.0, 0.0)","(0.0, 0.0)","(0.0, 0.0, 0.0)","(0.0, 0.0, 0.0)","(0.0, 0.0, 0.0)","(0.0, 0.0, 0.0)","(0.0, 0.0, 0.0)","(0.0, 0.0, 0.0)",0,0,0,0,0,0,False,0,0,0,0,0,0,0,0,"(0.0, 6.0, 2124.2)","(0.2, 0.0, 0.0, 1.0)"
0,968558,0,0,0,0,0,0,0,0,0,"(0.0, 0.0)","(0.0, 0.0)","(0.0, 0.0)","(0.0, 0.0, 0.0)","(0.0, 0.0, 0.0)","(0.0, 0.0, 0.0)","(0.0, 0.0, 0.0)","(0.0, 0.0, 0.0)","(0.0, 0.0, 0.0)",0,0,0,0,0,0,False,0,0,0,0,0,0,0,0,"(0.0, 6.0, 2124.6)","(0.2, 0.0, 0.0, 1.0)"
0,968576.6,0,0,0,0,0,0,0,0,0,"(0.0, 0.0)","(0.0, 0.0)","(0.0, 0.0)","(0.0, 0.0, 0.0)","(0.0, 0.0, 0.0)","(0.0, 0.0, 0.0)","(0.0, 0.0, 0.0)","(0.0, 0.0, 0.0)","(0.0, 0.0, 0.0)",0,0,0,0,0,0,False,0,0,0,0,0,0,0,0,"(0.0, 6.0, 2125.0)","(0.2, 0.0, 0.0, 1.0)"
0,968595.1,0,0,0,0,0,0,0,0,0,"(0.0, 0.0)","(0.0, 0.0)","(0.0, 0.0)","(0.0, 0.0, 0.0)","(0.0, 0.0, 0.0)","(0.0, 0.0, 0.0)","(0.0, 0.0, 0.0)","(0.0, 0.0, 0.0)","(0.0, 0.0, 0.0)",0,0,0,0,0,0,False,0,0,0,0,0,0,0,0,"(0.0, 6.0, 2125.3)","(0.2, 0.0, 0.0, 1.0)"
0,968614.9,0,0,0,0,0,0,0,0,0,"(0.0, 0.0)","(0.0, 0.0)","(0.0, 0.0)","(0.0, 0.0, 0.0)","(0.0, 0.0, 0.0)","(0.0, 0.0, 0.0)","(0.0, 0.0, 0.0)","(0.0, 0.0, 0.0)","(0.0, 0.0, 0.0)",0,0,0,0,0,0,False,0,0,0,0,0,0,0,0,"(0.0, 6.0, 2125.7)","(0.2, 0.0, 0.0, 1.0)"
0,968636.8,0,0,0,0,0,0,0,0,0,"(0.0, 0.0)","(0.0, 0.0)","(0.0, 0.0)","(0.0, 0.0, 0.0)","(0.0, 0.0, 0.0)","(0.0, 0.0, 0.0)","(0.0, 0.0, 0.0)","(0.0, 0.0, 0.0)","(0.0, 0.0, 0.0)",0,0,0,0,0,0,False,0,0,0,0,0,0,0,0,"(0.0, 6.0, 2126.1)","(0.2, 0.0, 0.0, 1.0)"
0,968657.7,0,0,0,0,0,0,0,0,0,"(0.0, 0.0)","(0.0, 0.0)","(0.0, 0.0)","(0.0, 0.0, 0.0)","(0.0, 0.0, 0.0)","(0.0, 0.0, 0.0)","(0.0, 0.0, 0.0)","(0.0, 0.0, 0.0)","(0.0, 0.0, 0.0)",0,0,0,0,0,0,False,0,0,0,0,0,0,0,0,"(0.0, 6.0, 2126.5)","(0.2, 0.0, 0.0, 1.0)"
0,968678.6,0,0,0,0,0,0,0,0,0,"(0.0, 0.0)","(0.0, 0.0)","(0.0, 0.0)","(0.0, 0.0, 0.0)","(0.0, 0.0, 0.0)","(0.0, 0.0, 0.0)","(0.0, 0.0, 0.0)","(0.0, 0.0, 0.0)","(0.0, 0.0, 0.0)",0,0,0,0,0,0,False,0,0,0,0,0,0,0,0,"(0.0, 6.0, 2126.9)","(0.2, 0.0, 0.0, 1.0)"
0,968698.6,0,0,0,0,0,0,0,0,0,"(0.0, 0.0)","(0.0, 0.0)","(0.0, 0.0)","(0.0, 0.0, 0.0)","(0.0, 0.0, 0.0)","(0.0, 0.0, 0.0)","(0.0, 0.0, 0.0)","(0.0, 0.0, 0.0)","(0.0, 0.0, 0.0)",0,0,0,0,0,0,False,0,0,0,0,0,0,0,0,"(0.0, 6.0, 2127.3)","(0.2, 0.0, 0.0, 1.0)"
0,968717.8,0,0,0,0,0,0,0,0,0,"(0.0, 0.0)","(0.0, 0.0)","(0.0, 0.0)","(0.0, 0.0, 0.0)","(0.0, 0.0, 0.0)","(0.0, 0.0, 0.0)","(0.0, 0.0, 0.0)","(0.0, 0.0, 0.0)","(0.0, 0.0, 0.0)",0,0,0,0,0,0,False,0,0,0,0,0,0,0,0,"(0.0, 6.0, 2127.7)","(0.2, 0.0, 0.0, 1.0)"
0,968735.6,0,0,0,0,0,0,0,0,0,"(0.0, 0.0)","(0.0, 0.0)","(0.0, 0.0)","(0.0, 0.0, 0.0)","(0.0, 0.0, 0.0)","(0.0, 0.0, 0.0)","(0.0, 0.0, 0.0)","(0.0, 0.0, 0.0)","(0.0, 0.0, 0.0)",0,0,0,0,0,0,False,0,0,0,0,0,0,0,0,"(0.0, 6.0, 2128.1)","(0.2, 0.0, 0.0, 1.0)"
0,968755.2,0,0,0,0,0,0,0,0,0,"(0.0, 0.0)","(0.0, 0.0)","(0.0, 0.0)","(0.0, 0.0, 0.0)","(0.0, 0.0, 0.0)","(0.0, 0.0, 0.0)","(0.0, 0.0, 0.0)","(0.0, 0.0, 0.0)","(0.0, 0.0, 0.0)",0,0,0,0,0,0,False,0,0,0,0,0,0,0,0,"(0.0, 6.0, 2128.5)","(0.2, 0.0, 0.0, 1.0)"
0,968772.8,0,0,0,0,0,0,0,0,0,"(0.0, 0.0)","(0.0, 0.0)","(0.0, 0.0)","(0.0, 0.0, 0.0)","(0.0, 0.0, 0.0)","(0.0, 0.0, 0.0)","(0.0, 0.0, 0.0)","(0.0, 0.0, 0.0)","(0.0, 0.0, 0.0)",0,0,0,0,0,0,False,0,0,0,0,0,0,0,0,"(0.0, 6.0, 2128.8)","(0.2, 0.0, 0.0, 1.0)"
0,968791.6,0,0,0,0,0,0,0,0,0,"(0.0, 0.0)","(0.0, 0.0)","(0.0, 0.0)","(0.0, 0.0, 0.0)","(0.0, 0.0, 0.0)","(0.0, 0.0, 0.0)","(0.0, 0.0, 0.0)","(0.0, 0.0, 0.0)","(0.0, 0.0, 0.0)",0,0,0,0,0,0,False,0,0,0,0,0,0,0,0,"(0.0, 6.0, 2129.2)","(0.2, 0.0, 0.0, 1.0)"
0,968815.4,0,0,0,0,0,0,0,0,0,"(0.0, 0.0)","(0.0, 0.0)","(0.0, 0.0)","(0.0, 0.0, 0.0)","(0.0, 0.0, 0.0)","(0.0, 0.0, 0.0)","(0.0, 0.0, 0.0)","(0.0, 0.0, 0.0)","(0.0, 0.0, 0.0)",0,0,0,0,0,0,False,0,0,0,0,0,0,0,0,"(0.0, 6.0, 2129.6)","(0.2, 0.0, 0.0, 1.0)"
0,968839.1,0,0,0,0,0,0,0,0,0,"(0.0, 0.0)","(0.0, 0.0)","(0.0, 0.0)","(0.0, 0.0, 0.0)","(0.0, 0.0, 0.0)","(0.0, 0.0, 0.0)","(0.0, 0.0, 0.0)","(0.0, 0.0, 0.0)","(0.0, 0.0, 0.0)",0,0,0,0,0,0,False,0,0,0,0,0,0,0,0,"(0.0, 6.0, 2130.0)","(0.2, 0.0, 0.0, 1.0)"
0,968861.6,0,0,0,0,0,0,0,0,0,"(0.0, 0.0)","(0.0, 0.0)","(0.0, 0.0)","(0.0, 0.0, 0.0)","(0.0, 0.0, 0.0)","(0.0, 0.0, 0.0)","(0.0, 0.0, 0.0)","(0.0, 0.0, 0.0)","(0.0, 0.0, 0.0)",0,0,0,0,0,0,False,0,0,0,0,0,0,0,0,"(0.0, 6.0, 2130.4)","(0.2, 0.0, 0.0, 1.0)"
0,968883.9,0,0,0,0,0,0,0,0,0,"(0.0, 0.0)","(0.0, 0.0)","(0.0, 0.0)","(0.0, 0.0, 0.0)","(0.0, 0.0, 0.0)","(0.0, 0.0, 0.0)","(0.0, 0.0, 0.0)","(0.0, 0.0, 0.0)","(0.0, 0.0, 0.0)",0,0,0,0,0,0,False,0,0,0,0,0,0,0,0,"(0.0, 6.0, 2130.8)","(0.2, 0.0, 0.0, 1.0)"
0,968906,0,0,0,0,0,0,0,0,0,"(0.0, 0.0)","(0.0, 0.0)","(0.0, 0.0)","(0.0, 0.0, 0.0)","(0.0, 0.0, 0.0)","(0.0, 0.0, 0.0)","(0.0, 0.0, 0.0)","(0.0, 0.0, 0.0)","(0.0, 0.0, 0.0)",0,0,0,0,0,0,False,0,0,0,0,0,0,0,0,"(0.0, 6.0, 2131.2)","(0.2, 0.0, 0.0, 1.0)"
0,968928.6,0,0,0,0,0,0,0,0,0,"(0.0, 0.0)","(0.0, 0.0)","(0.0, 0.0)","(0.0, 0.0, 0.0)","(0.0, 0.0, 0.0)","(0.0, 0.0, 0.0)","(0.0, 0.0, 0.0)","(0.0, 0.0, 0.0)","(0.0, 0.0, 0.0)",0,0,0,0,0,0,False,0,0,0,0,0,0,0,0,"(0.0, 6.0, 2131.6)","(0.2, 0.0, 0.0, 1.0)"
0,968954.1,0,0,0,0,0,0,0,0,0,"(0.0, 0.0)","(0.0, 0.0)","(0.0, 0.0)","(0.0, 0.0, 0.0)","(0.0, 0.0, 0.0)","(0.0, 0.0, 0.0)","(0.0, 0.0, 0.0)","(0.0, 0.0, 0.0)","(0.0, 0.0, 0.0)",0,0,0,0,0,0,False,0,0,0,0,0,0,0,0,"(0.0, 6.0, 2132.0)","(0.2, 0.0, 0.0, 1.0)"
0,968975.4,0,0,0,0,0,0,0,0,0,"(0.0, 0.0)","(0.0, 0.0)","(0.0, 0.0)","(0.0, 0.0, 0.0)","(0.0, 0.0, 0.0)","(0.0, 0.0, 0.0)","(0.0, 0.0, 0.0)","(0.0, 0.0, 0.0)","(0.0, 0.0, 0.0)",0,0,0,0,0,0,False,0,0,0,0,0,0,0,0,"(0.0, 6.0, 2132.4)","(0.2, 0.0, 0.0, 1.0)"
0,968995.2,0,0,0,0,0,0,0,0,0,"(0.0, 0.0)","(0.0, 0.0)","(0.0, 0.0)","(0.0, 0.0, 0.0)","(0.0, 0.0, 0.0)","(0.0, 0.0, 0.0)","(0.0, 0.0, 0.0)","(0.0, 0.0, 0.0)","(0.0, 0.0, 0.0)",0,0,0,0,0,0,False,0,0,0,0,0,0,0,0,"(0.0, 6.0, 2132.8)","(0.2, 0.0, 0.0, 1.0)"
0,969017.9,0,0,0,0,0,0,0,0,0,"(0.0, 0.0)","(0.0, 0.0)","(0.0, 0.0)","(0.0, 0.0, 0.0)","(0.0, 0.0, 0.0)","(0.0, 0.0, 0.0)","(0.0, 0.0, 0.0)","(0.0, 0.0, 0.0)","(0.0, 0.0, 0.0)",0,0,0,0,0,0,False,0,0,0,0,0,0,0,0,"(0.0, 6.0, 2133.2)","(0.2, 0.0, 0.0, 1.0)"
0,969038.8,0,0,0,0,0,0,0,0,0,"(0.0, 0.0)","(0.0, 0.0)","(0.0, 0.0)","(0.0, 0.0, 0.0)","(0.0, 0.0, 0.0)","(0.0, 0.0, 0.0)","(0.0, 0.0, 0.0)","(0.0, 0.0, 0.0)","(0.0, 0.0, 0.0)",0,0,0,0,0,0,False,0,0,0,0,0,0,0,0,"(0.0, 6.0, 2133.6)","(0.2, 0.0, 0.0, 1.0)"
0,969061.9,0,0,0,0,0,0,0,0,0,"(0.0, 0.0)","(0.0, 0.0)","(0.0, 0.0)","(0.0, 0.0, 0.0)","(0.0, 0.0, 0.0)","(0.0, 0.0, 0.0)","(0.0, 0.0, 0.0)","(0.0, 0.0, 0.0)","(0.0, 0.0, 0.0)",0,0,0,0,0,0,False,0,0,0,0,0,0,0,0,"(0.0, 6.0, 2134.0)","(0.2, 0.0, 0.0, 1.0)"
0,969084.8,0,0,0,0,0,0,0,0,0,"(0.0, 0.0)","(0.0, 0.0)","(0.0, 0.0)","(0.0, 0.0, 0.0)","(0.0, 0.0, 0.0)","(0.0, 0.0, 0.0)","(0.0, 0.0, 0.0)","(0.0, 0.0, 0.0)","(0.0, 0.0, 0.0)",0,0,0,0,0,0,False,0,0,0,0,0,0,0,0,"(0.0, 6.0, 2134.5)","(0.2, 0.0, 0.0, 1.0)"
0,969105.8,0,0,0,0,0,0,0,0,0,"(0.0, 0.0)","(0.0, 0.0)","(0.0, 0.0)","(0.0, 0.0, 0.0)","(0.0, 0.0, 0.0)","(0.0, 0.0, 0.0)","(0.0, 0.0, 0.0)","(0.0, 0.0, 0.0)","(0.0, 0.0, 0.0)",0,0,0,0,0,0,False,0,0,0,0,0,0,0,0,"(0.0, 6.0, 2134.9)","(0.2, 0.0, 0.0, 1.0)"
0,969128.7,0,0,0,0,0,0,0,0,0,"(0.0, 0.0)","(0.0, 0.0)","(0.0, 0.0)","(0.0, 0.0, 0.0)","(0.0, 0.0, 0.0)","(0.0, 0.0, 0.0)","(0.0, 0.0, 0.0)","(0.0, 0.0, 0.0)","(0.0, 0.0, 0.0)",0,0,0,0,0,0,False,0,0,0,0,0,0,0,0,"(0.0, 6.0, 2135.3)","(0.2, 0.0, 0.0, 1.0)"
0,969151.2,0,0,0,0,0,0,0,0,0,"(0.0, 0.0)","(0.0, 0.0)","(0.0, 0.0)","(0.0, 0.0, 0.0)","(0.0, 0.0, 0.0)","(0.0, 0.0, 0.0)","(0.0, 0.0, 0.0)","(0.0, 0.0, 0.0)","(0.0, 0.0, 0.0)",0,0,0,0,0,0,False,0,0,0,0,0,0,0,0,"(0.0, 6.0, 2135.7)","(0.2, 0.0, 0.0, 1.0)"
0,969172.7,0,0,0,0,0,0,0,0,0,"(0.0, 0.0)","(0.0, 0.0)","(0.0, 0.0)","(0.0, 0.0, 0.0)","(0.0, 0.0, 0.0)","(0.0, 0.0, 0.0)","(0.0, 0.0, 0.0)","(0.0, 0.0, 0.0)","(0.0, 0.0, 0.0)",0,0,0,0,0,0,False,0,0,0,0,0,0,0,0,"(0.0, 6.0, 2136.1)","(0.2, 0.0, 0.0, 1.0)"
0,969198.4,0,0,0,0,0,0,0,0,0,"(0.0, 0.0)","(0.0, 0.0)","(0.0, 0.0)","(0.0, 0.0, 0.0)","(0.0, 0.0, 0.0)","(0.0, 0.0, 0.0)","(0.0, 0.0, 0.0)","(0.0, 0.0, 0.0)","(0.0, 0.0, 0.0)",0,0,0,0,0,0,False,0,0,0,0,0,0,0,0,"(0.0, 6.0, 2136.5)","(0.2, 0.0, 0.0, 1.0)"
0,969224.6,0,0,0,0,0,0,0,0,0,"(0.0, 0.0)","(0.0, 0.0)","(0.0, 0.0)","(0.0, 0.0, 0.0)","(0.0, 0.0, 0.0)","(0.0, 0.0, 0.0)","(0.0, 0.0, 0.0)","(0.0, 0.0, 0.0)","(0.0, 0.0, 0.0)",0,0,0,0,0,0,False,0,0,0,0,0,0,0,0,"(0.0, 6.0, 2137.0)","(0.2, 0.0, 0.0, 1.0)"
0,969245.8,0,0,0,0,0,0,0,0,0,"(0.0, 0.0)","(0.0, 0.0)","(0.0, 0.0)","(0.0, 0.0, 0.0)","(0.0, 0.0, 0.0)","(0.0, 0.0, 0.0)","(0.0, 0.0, 0.0)","(0.0, 0.0, 0.0)","(0.0, 0.0, 0.0)",0,0,0,0,0,0,False,0,0,0,0,0,0,0,0,"(0.0, 6.0, 2137.4)","(0.2, 0.0, 0.0, 1.0)"
0,969267.9,0,0,0,0,0,0,0,0,0,"(0.0, 0.0)","(0.0, 0.0)","(0.0, 0.0)","(0.0, 0.0, 0.0)","(0.0, 0.0, 0.0)","(0.0, 0.0, 0.0)","(0.0, 0.0, 0.0)","(0.0, 0.0, 0.0)","(0.0, 0.0, 0.0)",0,0,0,0,0,0,False,0,0,0,0,0,0,0,0,"(0.0, 6.0, 2137.8)","(0.2, 0.0, 0.0, 1.0)"
0,969289.9,0,0,0,0,0,0,0,0,0,"(0.0, 0.0)","(0.0, 0.0)","(0.0, 0.0)","(0.0, 0.0, 0.0)","(0.0, 0.0, 0.0)","(0.0, 0.0, 0.0)","(0.0, 0.0, 0.0)","(0.0, 0.0, 0.0)","(0.0, 0.0, 0.0)",0,0,0,0,0,0,False,0,0,0,0,0,0,0,0,"(0.0, 6.0, 2138.2)","(0.2, 0.0, 0.0, 1.0)"
0,969310.9,0,0,0,0,0,0,0,0,0,"(0.0, 0.0)","(0.0, 0.0)","(0.0, 0.0)","(0.0, 0.0, 0.0)","(0.0, 0.0, 0.0)","(0.0, 0.0, 0.0)","(0.0, 0.0, 0.0)","(0.0, 0.0, 0.0)","(0.0, 0.0, 0.0)",0,0,0,0,0,0,False,0,0,0,0,0,0,0,0,"(0.0, 6.0, 2138.7)","(0.2, 0.0, 0.0, 1.0)"
0,969336.7,0,0,0,0,0,0,0,0,0,"(0.0, 0.0)","(0.0, 0.0)","(0.0, 0.0)","(0.0, 0.0, 0.0)","(0.0, 0.0, 0.0)","(0.0, 0.0, 0.0)","(0.0, 0.0, 0.0)","(0.0, 0.0, 0.0)","(0.0, 0.0, 0.0)",0,0,0,0,0,0,False,0,0,0,0,0,0,0,0,"(0.0, 6.0, 2139.1)","(0.2, 0.0, 0.0, 1.0)"
0,969357.3,0,0,0,0,0,0,0,0,0,"(0.0, 0.0)","(0.0, 0.0)","(0.0, 0.0)","(0.0, 0.0, 0.0)","(0.0, 0.0, 0.0)","(0.0, 0.0, 0.0)","(0.0, 0.0, 0.0)","(0.0, 0.0, 0.0)","(0.0, 0.0, 0.0)",0,0,0,0,0,0,False,0,0,0,0,0,0,0,0,"(0.0, 6.0, 2139.5)","(0.2, 0.0, 0.0, 1.0)"
0,969376.2,0,0,0,0,0,0,0,0,0,"(0.0, 0.0)","(0.0, 0.0)","(0.0, 0.0)","(0.0, 0.0, 0.0)","(0.0, 0.0, 0.0)","(0.0, 0.0, 0.0)","(0.0, 0.0, 0.0)","(0.0, 0.0, 0.0)","(0.0, 0.0, 0.0)",0,0,0,0,0,0,False,0,0,0,0,0,0,0,0,"(0.0, 6.0, 2139.9)","(0.2, 0.0, 0.0, 1.0)"
0,969396.6,0,0,0,0,0,0,0,0,0,"(0.0, 0.0)","(0.0, 0.0)","(0.0, 0.0)","(0.0, 0.0, 0.0)","(0.0, 0.0, 0.0)","(0.0, 0.0, 0.0)","(0.0, 0.0, 0.0)","(0.0, 0.0, 0.0)","(0.0, 0.0, 0.0)",0,0,0,0,0,0,False,0,0,0,0,0,0,0,0,"(0.0, 6.0, 2140.4)","(0.2, 0.0, 0.0, 1.0)"
0,969417.6,0,0,0,0,0,0,0,0,0,"(0.0, 0.0)","(0.0, 0.0)","(0.0, 0.0)","(0.0, 0.0, 0.0)","(0.0, 0.0, 0.0)","(0.0, 0.0, 0.0)","(0.0, 0.0, 0.0)","(0.0, 0.0, 0.0)","(0.0, 0.0, 0.0)",0,0,0,0,0,0,False,0,0,0,0,0,0,0,0,"(0.0, 6.0, 2140.8)","(0.2, 0.0, 0.0, 1.0)"
0,969436.2,0,0,0,0,0,0,0,0,0,"(0.0, 0.0)","(0.0, 0.0)","(0.0, 0.0)","(0.0, 0.0, 0.0)","(0.0, 0.0, 0.0)","(0.0, 0.0, 0.0)","(0.0, 0.0, 0.0)","(0.0, 0.0, 0.0)","(0.0, 0.0, 0.0)",0,0,0,0,0,0,False,0,0,0,0,0,0,0,0,"(0.0, 6.0, 2141.2)","(0.2, 0.0, 0.0, 1.0)"
0,969455.1,0,0,0,0,0,0,0,0,0,"(0.0, 0.0)","(0.0, 0.0)","(0.0, 0.0)","(0.0, 0.0, 0.0)","(0.0, 0.0, 0.0)","(0.0, 0.0, 0.0)","(0.0, 0.0, 0.0)","(0.0, 0.0, 0.0)","(0.0, 0.0, 0.0)",0,0,0,0,0,0,False,0,0,0,0,0,0,0,0,"(0.0, 6.0, 2141.6)","(0.2, 0.0, 0.0, 1.0)"
0,969473.2,0,0,0,0,0,0,0,0,0,"(0.0, 0.0)","(0.0, 0.0)","(0.0, 0.0)","(0.0, 0.0, 0.0)","(0.0, 0.0, 0.0)","(0.0, 0.0, 0.0)","(0.0, 0.0, 0.0)","(0.0, 0.0, 0.0)","(0.0, 0.0, 0.0)",0,0,0,0,0,0,False,0,0,0,0,0,0,0,0,"(0.0, 6.0, 2142.0)","(0.2, 0.0, 0.0, 1.0)"
0,969491.9,0,0,0,0,0,0,0,0,0,"(0.0, 0.0)","(0.0, 0.0)","(0.0, 0.0)","(0.0, 0.0, 0.0)","(0.0, 0.0, 0.0)","(0.0, 0.0, 0.0)","(0.0, 0.0, 0.0)","(0.0, 0.0, 0.0)","(0.0, 0.0, 0.0)",0,0,0,0,0,0,False,0,0,0,0,0,0,0,0,"(0.0, 6.0, 2142.4)","(0.2, 0.0, 0.0, 1.0)"
0,969511,0,0,0,0,0,0,0,0,0,"(0.0, 0.0)","(0.0, 0.0)","(0.0, 0.0)","(0.0, 0.0, 0.0)","(0.0, 0.0, 0.0)","(0.0, 0.0, 0.0)","(0.0, 0.0, 0.0)","(0.0, 0.0, 0.0)","(0.0, 0.0, 0.0)",0,0,0,0,0,0,False,0,0,0,0,0,0,0,0,"(0.0, 6.0, 2142.8)","(0.2, 0.0, 0.0, 1.0)"
0,969532.1,0,0,0,0,0,0,0,0,0,"(0.0, 0.0)","(0.0, 0.0)","(0.0, 0.0)","(0.0, 0.0, 0.0)","(0.0, 0.0, 0.0)","(0.0, 0.0, 0.0)","(0.0, 0.0, 0.0)","(0.0, 0.0, 0.0)","(0.0, 0.0, 0.0)",0,0,0,0,0,0,False,0,0,0,0,0,0,0,0,"(0.0, 6.0, 2143.2)","(0.2, 0.0, 0.0, 1.0)"
0,969556.3,0,0,0,0,0,0,0,0,0,"(0.0, 0.0)","(0.0, 0.0)","(0.0, 0.0)","(0.0, 0.0, 0.0)","(0.0, 0.0, 0.0)","(0.0, 0.0, 0.0)","(0.0, 0.0, 0.0)","(0.0, 0.0, 0.0)","(0.0, 0.0, 0.0)",0,0,0,0,0,0,False,0,0,0,0,0,0,0,0,"(0.0, 6.0, 2143.6)","(0.2, 0.0, 0.0, 1.0)"
0,969574.3,0,0,0,0,0,0,0,0,0,"(0.0, 0.0)","(0.0, 0.0)","(0.0, 0.0)","(0.0, 0.0, 0.0)","(0.0, 0.0, 0.0)","(0.0, 0.0, 0.0)","(0.0, 0.0, 0.0)","(0.0, 0.0, 0.0)","(0.0, 0.0, 0.0)",0,0,0,0,0,0,False,0,0,0,0,0,0,0,0,"(0.0, 6.0, 2143.9)","(0.2, 0.0, 0.0, 1.0)"
0,969598.3,0,0,0,0,0,0,0,0,0,"(0.0, 0.0)","(0.0, 0.0)","(0.0, 0.0)","(0.0, 0.0, 0.0)","(0.0, 0.0, 0.0)","(0.0, 0.0, 0.0)","(0.0, 0.0, 0.0)","(0.0, 0.0, 0.0)","(0.0, 0.0, 0.0)",0,0,0,0,0,0,False,0,0,0,0,0,0,0,0,"(0.0, 6.0, 2144.3)","(0.2, 0.0, 0.0, 1.0)"
0,969618.7,0,0,0,0,0,0,0,0,0,"(0.0, 0.0)","(0.0, 0.0)","(0.0, 0.0)","(0.0, 0.0, 0.0)","(0.0, 0.0, 0.0)","(0.0, 0.0, 0.0)","(0.0, 0.0, 0.0)","(0.0, 0.0, 0.0)","(0.0, 0.0, 0.0)",0,0,0,0,0,0,False,0,0,0,0,0,0,0,0,"(0.0, 6.0, 2144.7)","(0.2, 0.0, 0.0, 1.0)"
0,969637.3,0,0,0,0,0,0,0,0,0,"(0.0, 0.0)","(0.0, 0.0)","(0.0, 0.0)","(0.0, 0.0, 0.0)","(0.0, 0.0, 0.0)","(0.0, 0.0, 0.0)","(0.0, 0.0, 0.0)","(0.0, 0.0, 0.0)","(0.0, 0.0, 0.0)",0,0,0,0,0,0,False,0,0,0,0,0,0,0,0,"(0.0, 6.0, 2145.1)","(0.2, 0.0, 0.0, 1.0)"
0,969659.8,0,0,0,0,0,0,0,0,0,"(0.0, 0.0)","(0.0, 0.0)","(0.0, 0.0)","(0.0, 0.0, 0.0)","(0.0, 0.0, 0.0)","(0.0, 0.0, 0.0)","(0.0, 0.0, 0.0)","(0.0, 0.0, 0.0)","(0.0, 0.0, 0.0)",0,0,0,0,0,0,False,0,0,0,0,0,0,0,0,"(0.0, 6.0, 2145.5)","(0.2, 0.0, 0.0, 1.0)"
0,969680.3,0,0,0,0,0,0,0,0,0,"(0.0, 0.0)","(0.0, 0.0)","(0.0, 0.0)","(0.0, 0.0, 0.0)","(0.0, 0.0, 0.0)","(0.0, 0.0, 0.0)","(0.0, 0.0, 0.0)","(0.0, 0.0, 0.0)","(0.0, 0.0, 0.0)",0,0,0,0,0,0,False,0,0,0,0,0,0,0,0,"(0.0, 6.0, 2145.9)","(0.2, 0.0, 0.0, 1.0)"
0,969700.3,0,0,0,0,0,0,0,0,0,"(0.0, 0.0)","(0.0, 0.0)","(0.0, 0.0)","(0.0, 0.0, 0.0)","(0.0, 0.0, 0.0)","(0.0, 0.0, 0.0)","(0.0, 0.0, 0.0)","(0.0, 0.0, 0.0)","(0.0, 0.0, 0.0)",0,0,0,0,0,0,False,0,0,0,0,0,0,0,0,"(0.0, 6.0, 2146.3)","(0.2, 0.0, 0.0, 1.0)"
0,969721.4,0,0,0,0,0,0,0,0,0,"(0.0, 0.0)","(0.0, 0.0)","(0.0, 0.0)","(0.0, 0.0, 0.0)","(0.0, 0.0, 0.0)","(0.0, 0.0, 0.0)","(0.0, 0.0, 0.0)","(0.0, 0.0, 0.0)","(0.0, 0.0, 0.0)",0,0,0,0,0,0,False,0,0,0,0,0,0,0,0,"(0.0, 6.0, 2146.7)","(0.2, 0.0, 0.0, 1.0)"
0,969741.4,0,0,0,0,0,0,0,0,0,"(0.0, 0.0)","(0.0, 0.0)","(0.0, 0.0)","(0.0, 0.0, 0.0)","(0.0, 0.0, 0.0)","(0.0, 0.0, 0.0)","(0.0, 0.0, 0.0)","(0.0, 0.0, 0.0)","(0.0, 0.0, 0.0)",0,0,0,0,0,0,False,0,0,0,0,0,0,0,0,"(0.0, 6.0, 2147.1)","(0.2, 0.0, 0.0, 1.0)"
0,969767.9,0,0,0,0,0,0,0,0,0,"(0.0, 0.0)","(0.0, 0.0)","(0.0, 0.0)","(0.0, 0.0, 0.0)","(0.0, 0.0, 0.0)","(0.0, 0.0, 0.0)","(0.0, 0.0, 0.0)","(0.0, 0.0, 0.0)","(0.0, 0.0, 0.0)",0,0,0,0,0,0,False,0,0,0,0,0,0,0,0,"(0.0, 6.0, 2147.5)","(0.2, 0.0, 0.0, 1.0)"
0,969789.1,0,0,0,0,0,0,0,0,0,"(0.0, 0.0)","(0.0, 0.0)","(0.0, 0.0)","(0.0, 0.0, 0.0)","(0.0, 0.0, 0.0)","(0.0, 0.0, 0.0)","(0.0, 0.0, 0.0)","(0.0, 0.0, 0.0)","(0.0, 0.0, 0.0)",0,0,0,0,0,0,False,0,0,0,0,0,0,0,0,"(0.0, 6.0, 2147.9)","(0.2, 0.0, 0.0, 1.0)"
0,969806.9,0,0,0,0,0,0,0,0,0,"(0.0, 0.0)","(0.0, 0.0)","(0.0, 0.0)","(0.0, 0.0, 0.0)","(0.0, 0.0, 0.0)","(0.0, 0.0, 0.0)","(0.0, 0.0, 0.0)","(0.0, 0.0, 0.0)","(0.0, 0.0, 0.0)",0,0,0,0,0,0,False,0,0,0,0,0,0,0,0,"(0.0, 6.0, 2148.3)","(0.2, 0.0, 0.0, 1.0)"
0,969828.3,0,0,0,0,0,0,0,0,0,"(0.0, 0.0)","(0.0, 0.0)","(0.0, 0.0)","(0.0, 0.0, 0.0)","(0.0, 0.0, 0.0)","(0.0, 0.0, 0.0)","(0.0, 0.0, 0.0)","(0.0, 0.0, 0.0)","(0.0, 0.0, 0.0)",0,0,0,0,0,0,False,0,0,0,0,0,0,0,0,"(0.0, 6.0, 2148.7)","(0.2, 0.0, 0.0, 1.0)"
0,969849.8,0,0,0,0,0,0,0,0,0,"(0.0, 0.0)","(0.0, 0.0)","(0.0, 0.0)","(0.0, 0.0, 0.0)","(0.0, 0.0, 0.0)","(0.0, 0.0, 0.0)","(0.0, 0.0, 0.0)","(0.0, 0.0, 0.0)","(0.0, 0.0, 0.0)",0,0,0,0,0,0,False,0,0,0,0,0,0,0,0,"(0.0, 6.0, 2149.1)","(0.2, 0.0, 0.0, 1.0)"
0,969871.9,0,0,0,0,0,0,0,0,0,"(0.0, 0.0)","(0.0, 0.0)","(0.0, 0.0)","(0.0, 0.0, 0.0)","(0.0, 0.0, 0.0)","(0.0, 0.0, 0.0)","(0.0, 0.0, 0.0)","(0.0, 0.0, 0.0)","(0.0, 0.0, 0.0)",0,0,0,0,0,0,False,0,0,0,0,0,0,0,0,"(0.0, 6.0, 2149.5)","(0.2, 0.0, 0.0, 1.0)"
0,969894.5,0,0,0,0,0,0,0,0,0,"(0.0, 0.0)","(0.0, 0.0)","(0.0, 0.0)","(0.0, 0.0, 0.0)","(0.0, 0.0, 0.0)","(0.0, 0.0, 0.0)","(0.0, 0.0, 0.0)","(0.0, 0.0, 0.0)","(0.0, 0.0, 0.0)",0,0,0,0,0,0,False,0,0,0,0,0,0,0,0,"(0.0, 6.0, 2149.9)","(0.2, 0.0, 0.0, 1.0)"
0,969922.2,0,0,0,0,0,0,0,0,0,"(0.0, 0.0)","(0.0, 0.0)","(0.0, 0.0)","(0.0, 0.0, 0.0)","(0.0, 0.0, 0.0)","(0.0, 0.0, 0.0)","(0.0, 0.0, 0.0)","(0.0, 0.0, 0.0)","(0.0, 0.0, 0.0)",0,0,0,0,0,0,False,0,0,0,0,0,0,0,0,"(0.0, 6.0, 2150.3)","(0.2, 0.0, 0.0, 1.0)"
0,969941.4,0,0,0,0,0,0,0,0,0,"(0.0, 0.0)","(0.0, 0.0)","(0.0, 0.0)","(0.0, 0.0, 0.0)","(0.0, 0.0, 0.0)","(0.0, 0.0, 0.0)","(0.0, 0.0, 0.0)","(0.0, 0.0, 0.0)","(0.0, 0.0, 0.0)",0,0,0,0,0,0,False,0,0,0,0,0,0,0,0,"(0.0, 6.0, 2150.7)","(0.2, 0.0, 0.0, 1.0)"
0,969961.4,0,0,0,0,0,0,0,0,0,"(0.0, 0.0)","(0.0, 0.0)","(0.0, 0.0)","(0.0, 0.0, 0.0)","(0.0, 0.0, 0.0)","(0.0, 0.0, 0.0)","(0.0, 0.0, 0.0)","(0.0, 0.0, 0.0)","(0.0, 0.0, 0.0)",0,0,0,0,0,0,False,0,0,0,0,0,0,0,0,"(0.0, 6.0, 2151.2)","(0.2, 0.0, 0.0, 1.0)"
0,969983.8,0,0,0,0,0,0,0,0,0,"(0.0, 0.0)","(0.0, 0.0)","(0.0, 0.0)","(0.0, 0.0, 0.0)","(0.0, 0.0, 0.0)","(0.0, 0.0, 0.0)","(0.0, 0.0, 0.0)","(0.0, 0.0, 0.0)","(0.0, 0.0, 0.0)",0,0,0,0,0,0,False,0,0,0,0,0,0,0,0,"(0.0, 6.0, 2151.6)","(0.2, 0.0, 0.0, 1.0)"
0,970005.5,0,0,0,0,0,0,0,0,0,"(0.0, 0.0)","(0.0, 0.0)","(0.0, 0.0)","(0.0, 0.0, 0.0)","(0.0, 0.0, 0.0)","(0.0, 0.0, 0.0)","(0.0, 0.0, 0.0)","(0.0, 0.0, 0.0)","(0.0, 0.0, 0.0)",0,0,0,0,0,0,False,0,0,0,0,0,0,0,0,"(0.0, 6.0, 2152.0)","(0.2, 0.0, 0.0, 1.0)"
0,970028.3,0,0,0,0,0,0,0,0,0,"(0.0, 0.0)","(0.0, 0.0)","(0.0, 0.0)","(0.0, 0.0, 0.0)","(0.0, 0.0, 0.0)","(0.0, 0.0, 0.0)","(0.0, 0.0, 0.0)","(0.0, 0.0, 0.0)","(0.0, 0.0, 0.0)",0,0,0,0,0,0,False,0,0,0,0,0,0,0,0,"(0.0, 6.0, 2152.4)","(0.2, 0.0, 0.0, 1.0)"
0,970050.9,0,0,0,0,0,0,0,0,0,"(0.0, 0.0)","(0.0, 0.0)","(0.0, 0.0)","(0.0, 0.0, 0.0)","(0.0, 0.0, 0.0)","(0.0, 0.0, 0.0)","(0.0, 0.0, 0.0)","(0.0, 0.0, 0.0)","(0.0, 0.0, 0.0)",0,0,0,0,0,0,False,0,0,0,0,0,0,0,0,"(0.0, 6.0, 2152.8)","(0.2, 0.0, 0.0, 1.0)"
0,970071.7,0,0,0,0,0,0,0,0,0,"(0.0, 0.0)","(0.0, 0.0)","(0.0, 0.0)","(0.0, 0.0, 0.0)","(0.0, 0.0, 0.0)","(0.0, 0.0, 0.0)","(0.0, 0.0, 0.0)","(0.0, 0.0, 0.0)","(0.0, 0.0, 0.0)",0,0,0,0,0,0,False,0,0,0,0,0,0,0,0,"(0.0, 6.0, 2153.2)","(0.2, 0.0, 0.0, 1.0)"
0,970098,0,0,0,0,0,0,0,0,0,"(0.0, 0.0)","(0.0, 0.0)","(0.0, 0.0)","(0.0, 0.0, 0.0)","(0.0, 0.0, 0.0)","(0.0, 0.0, 0.0)","(0.0, 0.0, 0.0)","(0.0, 0.0, 0.0)","(0.0, 0.0, 0.0)",0,0,0,0,0,0,False,0,0,0,0,0,0,0,0,"(0.0, 6.0, 2153.6)","(0.2, 0.0, 0.0, 1.0)"
0,970119.8,0,0,0,0,0,0,0,0,0,"(0.0, 0.0)","(0.0, 0.0)","(0.0, 0.0)","(0.0, 0.0, 0.0)","(0.0, 0.0, 0.0)","(0.0, 0.0, 0.0)","(0.0, 0.0, 0.0)","(0.0, 0.0, 0.0)","(0.0, 0.0, 0.0)",0,0,0,0,0,0,False,0,0,0,0,0,0,0,0,"(0.0, 6.0, 2154.1)","(0.2, 0.0, 0.0, 1.0)"
0,970140.9,0,0,0,0,0,0,0,0,0,"(0.0, 0.0)","(0.0, 0.0)","(0.0, 0.0)","(0.0, 0.0, 0.0)","(0.0, 0.0, 0.0)","(0.0, 0.0, 0.0)","(0.0, 0.0, 0.0)","(0.0, 0.0, 0.0)","(0.0, 0.0, 0.0)",0,0,0,0,0,0,False,0,0,0,0,0,0,0,0,"(0.0, 6.0, 2154.5)","(0.2, 0.0, 0.0, 1.0)"
0,970166.4,0,0,0,0,0,0,0,0,0,"(0.0, 0.0)","(0.0, 0.0)","(0.0, 0.0)","(0.0, 0.0, 0.0)","(0.0, 0.0, 0.0)","(0.0, 0.0, 0.0)","(0.0, 0.0, 0.0)","(0.0, 0.0, 0.0)","(0.0, 0.0, 0.0)",0,0,0,0,0,0,False,0,0,0,0,0,0,0,0,"(0.0, 6.0, 2154.9)","(0.2, 0.0, 0.0, 1.0)"
0,970186.7,0,0,0,0,0,0,0,0,0,"(0.0, 0.0)","(0.0, 0.0)","(0.0, 0.0)","(0.0, 0.0, 0.0)","(0.0, 0.0, 0.0)","(0.0, 0.0, 0.0)","(0.0, 0.0, 0.0)","(0.0, 0.0, 0.0)","(0.0, 0.0, 0.0)",0,0,0,0,0,0,False,0,0,0,0,0,0,0,0,"(0.0, 6.0, 2155.3)","(0.2, 0.0, 0.0, 1.0)"
0,970206.8,0,0,0,0,0,0,0,0,0,"(0.0, 0.0)","(0.0, 0.0)","(0.0, 0.0)","(0.0, 0.0, 0.0)","(0.0, 0.0, 0.0)","(0.0, 0.0, 0.0)","(0.0, 0.0, 0.0)","(0.0, 0.0, 0.0)","(0.0, 0.0, 0.0)",0,0,0,0,0,0,False,0,0,0,0,0,0,0,0,"(0.0, 6.0, 2155.7)","(0.2, 0.0, 0.0, 1.0)"
0,970227.9,0,0,0,0,0,0,0,0,0,"(0.0, 0.0)","(0.0, 0.0)","(0.0, 0.0)","(0.0, 0.0, 0.0)","(0.0, 0.0, 0.0)","(0.0, 0.0, 0.0)","(0.0, 0.0, 0.0)","(0.0, 0.0, 0.0)","(0.0, 0.0, 0.0)",0,0,0,0,0,0,False,0,0,0,0,0,0,0,0,"(0.0, 6.0, 2156.2)","(0.2, 0.0, 0.0, 1.0)"
0,970250.6,0,0,0,0,0,0,0,0,0,"(0.0, 0.0)","(0.0, 0.0)","(0.0, 0.0)","(0.0, 0.0, 0.0)","(0.0, 0.0, 0.0)","(0.0, 0.0, 0.0)","(0.0, 0.0, 0.0)","(0.0, 0.0, 0.0)","(0.0, 0.0, 0.0)",0,0,0,0,0,0,False,0,0,0,0,0,0,0,0,"(0.0, 6.0, 2156.6)","(0.2, 0.0, 0.0, 1.0)"
0,970271.8,0,0,0,0,0,0,0,0,0,"(0.0, 0.0)","(0.0, 0.0)","(0.0, 0.0)","(0.0, 0.0, 0.0)","(0.0, 0.0, 0.0)","(0.0, 0.0, 0.0)","(0.0, 0.0, 0.0)","(0.0, 0.0, 0.0)","(0.0, 0.0, 0.0)",0,0,0,0,0,0,False,0,0,0,0,0,0,0,0,"(0.0, 6.0, 2157.0)","(0.2, 0.0, 0.0, 1.0)"
0,970294.8,0,0,0,0,0,0,0,0,0,"(0.0, 0.0)","(0.0, 0.0)","(0.0, 0.0)","(0.0, 0.0, 0.0)","(0.0, 0.0, 0.0)","(0.0, 0.0, 0.0)","(0.0, 0.0, 0.0)","(0.0, 0.0, 0.0)","(0.0, 0.0, 0.0)",0,0,0,0,0,0,False,0,0,0,0,0,0,0,0,"(0.0, 6.0, 2157.4)","(0.2, 0.0, 0.0, 1.0)"
0,970316.8,0,0,0,0,0,0,0,0,0,"(0.0, 0.0)","(0.0, 0.0)","(0.0, 0.0)","(0.0, 0.0, 0.0)","(0.0, 0.0, 0.0)","(0.0, 0.0, 0.0)","(0.0, 0.0, 0.0)","(0.0, 0.0, 0.0)","(0.0, 0.0, 0.0)",0,0,0,0,0,0,False,0,0,0,0,0,0,0,0,"(0.0, 6.0, 2157.8)","(0.2, 0.0, 0.0, 1.0)"
0,970338.9,0,0,0,0,0,0,0,0,0,"(0.0, 0.0)","(0.0, 0.0)","(0.0, 0.0)","(0.0, 0.0, 0.0)","(0.0, 0.0, 0.0)","(0.0, 0.0, 0.0)","(0.0, 0.0, 0.0)","(0.0, 0.0, 0.0)","(0.0, 0.0, 0.0)",0,0,0,0,0,0,False,0,0,0,0,0,0,0,0,"(0.0, 6.0, 2158.2)","(0.2, 0.0, 0.0, 1.0)"
0,970357.8,0,0,0,0,0,0,0,0,0,"(0.0, 0.0)","(0.0, 0.0)","(0.0, 0.0)","(0.0, 0.0, 0.0)","(0.0, 0.0, 0.0)","(0.0, 0.0, 0.0)","(0.0, 0.0, 0.0)","(0.0, 0.0, 0.0)","(0.0, 0.0, 0.0)",0,0,0,0,0,0,False,0,0,0,0,0,0,0,0,"(0.0, 6.0, 2158.7)","(0.2, 0.0, 0.0, 1.0)"
0,970377.2,0,0,0,0,0,0,0,0,0,"(0.0, 0.0)","(0.0, 0.0)","(0.0, 0.0)","(0.0, 0.0, 0.0)","(0.0, 0.0, 0.0)","(0.0, 0.0, 0.0)","(0.0, 0.0, 0.0)","(0.0, 0.0, 0.0)","(0.0, 0.0, 0.0)",0,0,0,0,0,0,False,0,0,0,0,0,0,0,0,"(0.0, 6.0, 2159.1)","(0.2, 0.0, 0.0, 1.0)"
0,970395.8,0,0,0,0,0,0,0,0,0,"(0.0, 0.0)","(0.0, 0.0)","(0.0, 0.0)","(0.0, 0.0, 0.0)","(0.0, 0.0, 0.0)","(0.0, 0.0, 0.0)","(0.0, 0.0, 0.0)","(0.0, 0.0, 0.0)","(0.0, 0.0, 0.0)",0,0,0,0,0,0,False,0,0,0,0,0,0,0,0,"(0.0, 6.0, 2159.5)","(0.2, 0.0, 0.0, 1.0)"
0,970415.5,0,0,0,0,0,0,0,0,0,"(0.0, 0.0)","(0.0, 0.0)","(0.0, 0.0)","(0.0, 0.0, 0.0)","(0.0, 0.0, 0.0)","(0.0, 0.0, 0.0)","(0.0, 0.0, 0.0)","(0.0, 0.0, 0.0)","(0.0, 0.0, 0.0)",0,0,0,0,0,0,False,0,0,0,0,0,0,0,0,"(0.0, 6.0, 2159.9)","(0.2, 0.0, 0.0, 1.0)"
0,970435.1,0,0,0,0,0,0,0,0,0,"(0.0, 0.0)","(0.0, 0.0)","(0.0, 0.0)","(0.0, 0.0, 0.0)","(0.0, 0.0, 0.0)","(0.0, 0.0, 0.0)","(0.0, 0.0, 0.0)","(0.0, 0.0, 0.0)","(0.0, 0.0, 0.0)",0,0,0,0,0,0,False,0,0,0,0,0,0,0,0,"(0.0, 6.0, 2160.3)","(0.2, 0.0, 0.0, 1.0)"
0,970454.6,0,0,0,0,0,0,0,0,0,"(0.0, 0.0)","(0.0, 0.0)","(0.0, 0.0)","(0.0, 0.0, 0.0)","(0.0, 0.0, 0.0)","(0.0, 0.0, 0.0)","(0.0, 0.0, 0.0)","(0.0, 0.0, 0.0)","(0.0, 0.0, 0.0)",0,0,0,0,0,0,False,0,0,0,0,0,0,0,0,"(0.0, 6.0, 2160.7)","(0.2, 0.0, 0.0, 1.0)"
0,970473.6,0,0,0,0,0,0,0,0,0,"(0.0, 0.0)","(0.0, 0.0)","(0.0, 0.0)","(0.0, 0.0, 0.0)","(0.0, 0.0, 0.0)","(0.0, 0.0, 0.0)","(0.0, 0.0, 0.0)","(0.0, 0.0, 0.0)","(0.0, 0.0, 0.0)",0,0,0,0,0,0,False,0,0,0,0,0,0,0,0,"(0.0, 6.0, 2161.0)","(0.2, 0.0, 0.0, 1.0)"
0,970492.6,0,0,0,0,0,0,0,0,0,"(0.0, 0.0)","(0.0, 0.0)","(0.0, 0.0)","(0.0, 0.0, 0.0)","(0.0, 0.0, 0.0)","(0.0, 0.0, 0.0)","(0.0, 0.0, 0.0)","(0.0, 0.0, 0.0)","(0.0, 0.0, 0.0)",0,0,0,0,0,0,False,0,0,0,0,0,0,0,0,"(0.0, 6.0, 2161.4)","(0.2, 0.0, 0.0, 1.0)"
0,970512.4,0,0,0,0,0,0,0,0,0,"(0.0, 0.0)","(0.0, 0.0)","(0.0, 0.0)","(0.0, 0.0, 0.0)","(0.0, 0.0, 0.0)","(0.0, 0.0, 0.0)","(0.0, 0.0, 0.0)","(0.0, 0.0, 0.0)","(0.0, 0.0, 0.0)",0,0,0,0,0,0,False,0,0,0,0,0,0,0,0,"(0.0, 6.0, 2161.8)","(0.2, 0.0, 0.0, 1.0)"
0,970532.6,0,0,0,0,0,0,0,0,0,"(0.0, 0.0)","(0.0, 0.0)","(0.0, 0.0)","(0.0, 0.0, 0.0)","(0.0, 0.0, 0.0)","(0.0, 0.0, 0.0)","(0.0, 0.0, 0.0)","(0.0, 0.0, 0.0)","(0.0, 0.0, 0.0)",0,0,0,0,0,0,False,0,0,0,0,0,0,0,0,"(0.0, 6.0, 2162.2)","(0.2, 0.0, 0.0, 1.0)"
0,970552.6,0,0,0,0,0,0,0,0,0,"(0.0, 0.0)","(0.0, 0.0)","(0.0, 0.0)","(0.0, 0.0, 0.0)","(0.0, 0.0, 0.0)","(0.0, 0.0, 0.0)","(0.0, 0.0, 0.0)","(0.0, 0.0, 0.0)","(0.0, 0.0, 0.0)",0,0,0,0,0,0,False,0,0,0,0,0,0,0,0,"(0.0, 6.0, 2162.6)","(0.2, 0.0, 0.0, 1.0)"
0,970572.6,0,0,0,0,0,0,0,0,0,"(0.0, 0.0)","(0.0, 0.0)","(0.0, 0.0)","(0.0, 0.0, 0.0)","(0.0, 0.0, 0.0)","(0.0, 0.0, 0.0)","(0.0, 0.0, 0.0)","(0.0, 0.0, 0.0)","(0.0, 0.0, 0.0)",0,0,0,0,0,0,False,0,0,0,0,0,0,0,0,"(0.0, 6.0, 2163.0)","(0.2, 0.0, 0.0, 1.0)"
0,970590.9,0,0,0,0,0,0,0,0,0,"(0.0, 0.0)","(0.0, 0.0)","(0.0, 0.0)","(0.0, 0.0, 0.0)","(0.0, 0.0, 0.0)","(0.0, 0.0, 0.0)","(0.0, 0.0, 0.0)","(0.0, 0.0, 0.0)","(0.0, 0.0, 0.0)",0,0,0,0,0,0,False,0,0,0,0,0,0,0,0,"(0.0, 6.0, 2163.4)","(0.2, 0.0, 0.0, 1.0)"
0,970609.4,0,0,0,0,0,0,0,0,0,"(0.0, 0.0)","(0.0, 0.0)","(0.0, 0.0)","(0.0, 0.0, 0.0)","(0.0, 0.0, 0.0)","(0.0, 0.0, 0.0)","(0.0, 0.0, 0.0)","(0.0, 0.0, 0.0)","(0.0, 0.0, 0.0)",0,0,0,0,0,0,False,0,0,0,0,0,0,0,0,"(0.0, 6.0, 2163.7)","(0.2, 0.0, 0.0, 1.0)"
0,970630,0,0,0,0,0,0,0,0,0,"(0.0, 0.0)","(0.0, 0.0)","(0.0, 0.0)","(0.0, 0.0, 0.0)","(0.0, 0.0, 0.0)","(0.0, 0.0, 0.0)","(0.0, 0.0, 0.0)","(0.0, 0.0, 0.0)","(0.0, 0.0, 0.0)",0,0,0,0,0,0,False,0,0,0,0,0,0,0,0,"(0.0, 6.0, 2164.1)","(0.2, 0.0, 0.0, 1.0)"
0,970649.8,0,0,0,0,0,0,0,0,0,"(0.0, 0.0)","(0.0, 0.0)","(0.0, 0.0)","(0.0, 0.0, 0.0)","(0.0, 0.0, 0.0)","(0.0, 0.0, 0.0)","(0.0, 0.0, 0.0)","(0.0, 0.0, 0.0)","(0.0, 0.0, 0.0)",0,0,0,0,0,0,False,0,0,0,0,0,0,0,0,"(0.0, 6.0, 2164.5)","(0.2, 0.0, 0.0, 1.0)"
0,970668.6,0,0,0,0,0,0,0,0,0,"(0.0, 0.0)","(0.0, 0.0)","(0.0, 0.0)","(0.0, 0.0, 0.0)","(0.0, 0.0, 0.0)","(0.0, 0.0, 0.0)","(0.0, 0.0, 0.0)","(0.0, 0.0, 0.0)","(0.0, 0.0, 0.0)",0,0,0,0,0,0,False,0,0,0,0,0,0,0,0,"(0.0, 6.0, 2164.9)","(0.2, 0.0, 0.0, 1.0)"
0,970687.6,0,0,0,0,0,0,0,0,0,"(0.0, 0.0)","(0.0, 0.0)","(0.0, 0.0)","(0.0, 0.0, 0.0)","(0.0, 0.0, 0.0)","(0.0, 0.0, 0.0)","(0.0, 0.0, 0.0)","(0.0, 0.0, 0.0)","(0.0, 0.0, 0.0)",0,0,0,0,0,0,False,0,0,0,0,0,0,0,0,"(0.0, 6.0, 2165.2)","(0.2, 0.0, 0.0, 1.0)"
0,970706.1,0,0,0,0,0,0,0,0,0,"(0.0, 0.0)","(0.0, 0.0)","(0.0, 0.0)","(0.0, 0.0, 0.0)","(0.0, 0.0, 0.0)","(0.0, 0.0, 0.0)","(0.0, 0.0, 0.0)","(0.0, 0.0, 0.0)","(0.0, 0.0, 0.0)",0,0,0,0,0,0,False,0,0,0,0,0,0,0,0,"(0.0, 6.0, 2165.6)","(0.2, 0.0, 0.0, 1.0)"
0,970726.7,0,0,0,0,0,0,0,0,0,"(0.0, 0.0)","(0.0, 0.0)","(0.0, 0.0)","(0.0, 0.0, 0.0)","(0.0, 0.0, 0.0)","(0.0, 0.0, 0.0)","(0.0, 0.0, 0.0)","(0.0, 0.0, 0.0)","(0.0, 0.0, 0.0)",0,0,0,0,0,0,False,0,0,0,0,0,0,0,0,"(0.0, 6.0, 2166.0)","(0.2, 0.0, 0.0, 1.0)"
0,970748.8,0,0,0,0,0,0,0,0,0,"(0.0, 0.0)","(0.0, 0.0)","(0.0, 0.0)","(0.0, 0.0, 0.0)","(0.0, 0.0, 0.0)","(0.0, 0.0, 0.0)","(0.0, 0.0, 0.0)","(0.0, 0.0, 0.0)","(0.0, 0.0, 0.0)",0,0,0,0,0,0,False,0,0,0,0,0,0,0,0,"(0.0, 6.0, 2166.4)","(0.2, 0.0, 0.0, 1.0)"
0,970769.7,0,0,0,0,0,0,0,0,0,"(0.0, 0.0)","(0.0, 0.0)","(0.0, 0.0)","(0.0, 0.0, 0.0)","(0.0, 0.0, 0.0)","(0.0, 0.0, 0.0)","(0.0, 0.0, 0.0)","(0.0, 0.0, 0.0)","(0.0, 0.0, 0.0)",0,0,0,0,0,0,False,0,0,0,0,0,0,0,0,"(0.0, 6.0, 2166.8)","(0.2, 0.0, 0.0, 1.0)"
0,970796.6,0,0,0,0,0,0,0,0,0,"(0.0, 0.0)","(0.0, 0.0)","(0.0, 0.0)","(0.0, 0.0, 0.0)","(0.0, 0.0, 0.0)","(0.0, 0.0, 0.0)","(0.0, 0.0, 0.0)","(0.0, 0.0, 0.0)","(0.0, 0.0, 0.0)",0,0,0,0,0,0,False,0,0,0,0,0,0,0,0,"(0.0, 6.0, 2167.2)","(0.2, 0.0, 0.0, 1.0)"
0,970816.4,0,0,0,0,0,0,0,0,0,"(0.0, 0.0)","(0.0, 0.0)","(0.0, 0.0)","(0.0, 0.0, 0.0)","(0.0, 0.0, 0.0)","(0.0, 0.0, 0.0)","(0.0, 0.0, 0.0)","(0.0, 0.0, 0.0)","(0.0, 0.0, 0.0)",0,0,0,0,0,0,False,0,0,0,0,0,0,0,0,"(0.0, 6.0, 2167.5)","(0.2, 0.0, 0.0, 1.0)"
0,970837.9,0,0,0,0,0,0,0,0,0,"(0.0, 0.0)","(0.0, 0.0)","(0.0, 0.0)","(0.0, 0.0, 0.0)","(0.0, 0.0, 0.0)","(0.0, 0.0, 0.0)","(0.0, 0.0, 0.0)","(0.0, 0.0, 0.0)","(0.0, 0.0, 0.0)",0,0,0,0,0,0,False,0,0,0,0,0,0,0,0,"(0.0, 6.0, 2167.9)","(0.2, 0.0, 0.0, 1.0)"
0,970860.9,0,0,0,0,0,0,0,0,0,"(0.0, 0.0)","(0.0, 0.0)","(0.0, 0.0)","(0.0, 0.0, 0.0)","(0.0, 0.0, 0.0)","(0.0, 0.0, 0.0)","(0.0, 0.0, 0.0)","(0.0, 0.0, 0.0)","(0.0, 0.0, 0.0)",0,0,0,0,0,0,False,0,0,0,0,0,0,0,0,"(0.0, 6.0, 2168.3)","(0.2, 0.0, 0.0, 1.0)"
0,970884.1,0,0,0,0,0,0,0,0,0,"(0.0, 0.0)","(0.0, 0.0)","(0.0, 0.0)","(0.0, 0.0, 0.0)","(0.0, 0.0, 0.0)","(0.0, 0.0, 0.0)","(0.0, 0.0, 0.0)","(0.0, 0.0, 0.0)","(0.0, 0.0, 0.0)",0,0,0,0,0,0,False,0,0,0,0,0,0,0,0,"(0.0, 6.0, 2168.7)","(0.2, 0.0, 0.0, 1.0)"
0,970904.8,0,0,0,0,0,0,0,0,0,"(0.0, 0.0)","(0.0, 0.0)","(0.0, 0.0)","(0.0, 0.0, 0.0)","(0.0, 0.0, 0.0)","(0.0, 0.0, 0.0)","(0.0, 0.0, 0.0)","(0.0, 0.0, 0.0)","(0.0, 0.0, 0.0)",0,0,0,0,0,0,False,0,0,0,0,0,0,0,0,"(0.0, 6.0, 2169.1)","(0.2, 0.0, 0.0, 1.0)"
0,970927.9,0,0,0,0,0,0,0,0,0,"(0.0, 0.0)","(0.0, 0.0)","(0.0, 0.0)","(0.0, 0.0, 0.0)","(0.0, 0.0, 0.0)","(0.0, 0.0, 0.0)","(0.0, 0.0, 0.0)","(0.0, 0.0, 0.0)","(0.0, 0.0, 0.0)",0,0,0,0,0,0,False,0,0,0,0,0,0,0,0,"(0.0, 6.0, 2169.5)","(0.2, 0.0, 0.0, 1.0)"
0,970950.4,0,0,0,0,0,0,0,0,0,"(0.0, 0.0)","(0.0, 0.0)","(0.0, 0.0)","(0.0, 0.0, 0.0)","(0.0, 0.0, 0.0)","(0.0, 0.0, 0.0)","(0.0, 0.0, 0.0)","(0.0, 0.0, 0.0)","(0.0, 0.0, 0.0)",0,0,0,0,0,0,False,0,0,0,0,0,0,0,0,"(0.0, 6.0, 2170.0)","(0.2, 0.0, 0.0, 1.0)"
0,970971.6,0,0,0,0,0,0,0,0,0,"(0.0, 0.0)","(0.0, 0.0)","(0.0, 0.0)","(0.0, 0.0, 0.0)","(0.0, 0.0, 0.0)","(0.0, 0.0, 0.0)","(0.0, 0.0, 0.0)","(0.0, 0.0, 0.0)","(0.0, 0.0, 0.0)",0,0,0,0,0,0,False,0,0,0,0,0,0,0,0,"(0.0, 6.0, 2170.4)","(0.2, 0.0, 0.0, 1.0)"
0,970994.1,0,0,0,0,0,0,0,0,0,"(0.0, 0.0)","(0.0, 0.0)","(0.0, 0.0)","(0.0, 0.0, 0.0)","(0.0, 0.0, 0.0)","(0.0, 0.0, 0.0)","(0.0, 0.0, 0.0)","(0.0, 0.0, 0.0)","(0.0, 0.0, 0.0)",0,0,0,0,0,0,False,0,0,0,0,0,0,0,0,"(0.0, 6.0, 2170.8)","(0.2, 0.0, 0.0, 1.0)"
0,971016.9,0,0,0,0,0,0,0,0,0,"(0.0, 0.0)","(0.0, 0.0)","(0.0, 0.0)","(0.0, 0.0, 0.0)","(0.0, 0.0, 0.0)","(0.0, 0.0, 0.0)","(0.0, 0.0, 0.0)","(0.0, 0.0, 0.0)","(0.0, 0.0, 0.0)",0,0,0,0,0,0,False,0,0,0,0,0,0,0,0,"(0.0, 6.0, 2171.2)","(0.2, 0.0, 0.0, 1.0)"
0,971038,0,0,0,0,0,0,0,0,0,"(0.0, 0.0)","(0.0, 0.0)","(0.0, 0.0)","(0.0, 0.0, 0.0)","(0.0, 0.0, 0.0)","(0.0, 0.0, 0.0)","(0.0, 0.0, 0.0)","(0.0, 0.0, 0.0)","(0.0, 0.0, 0.0)",0,0,0,0,0,0,False,0,0,0,0,0,0,0,0,"(0.0, 6.0, 2171.6)","(0.2, 0.0, 0.0, 1.0)"
0,971060.9,0,0,0,0,0,0,0,0,0,"(0.0, 0.0)","(0.0, 0.0)","(0.0, 0.0)","(0.0, 0.0, 0.0)","(0.0, 0.0, 0.0)","(0.0, 0.0, 0.0)","(0.0, 0.0, 0.0)","(0.0, 0.0, 0.0)","(0.0, 0.0, 0.0)",0,0,0,0,0,0,False,0,0,0,0,0,0,0,0,"(0.0, 6.0, 2172.0)","(0.2, 0.0, 0.0, 1.0)"
0,971083.6,0,0,0,0,0,0,0,0,0,"(0.0, 0.0)","(0.0, 0.0)","(0.0, 0.0)","(0.0, 0.0, 0.0)","(0.0, 0.0, 0.0)","(0.0, 0.0, 0.0)","(0.0, 0.0, 0.0)","(0.0, 0.0, 0.0)","(0.0, 0.0, 0.0)",0,0,0,0,0,0,False,0,0,0,0,0,0,0,0,"(0.0, 6.0, 2172.4)","(0.2, 0.0, 0.0, 1.0)"
0,971104.9,0,0,0,0,0,0,0,0,0,"(0.0, 0.0)","(0.0, 0.0)","(0.0, 0.0)","(0.0, 0.0, 0.0)","(0.0, 0.0, 0.0)","(0.0, 0.0, 0.0)","(0.0, 0.0, 0.0)","(0.0, 0.0, 0.0)","(0.0, 0.0, 0.0)",0,0,0,0,0,0,False,0,0,0,0,0,0,0,0,"(0.0, 6.0, 2172.8)","(0.2, 0.0, 0.0, 1.0)"
0,971130.4,0,0,0,0,0,0,0,0,0,"(0.0, 0.0)","(0.0, 0.0)","(0.0, 0.0)","(0.0, 0.0, 0.0)","(0.0, 0.0, 0.0)","(0.0, 0.0, 0.0)","(0.0, 0.0, 0.0)","(0.0, 0.0, 0.0)","(0.0, 0.0, 0.0)",0,0,0,0,0,0,False,0,0,0,0,0,0,0,0,"(0.0, 6.0, 2173.3)","(0.2, 0.0, 0.0, 1.0)"
0,971150.8,0,0,0,0,0,0,0,0,0,"(0.0, 0.0)","(0.0, 0.0)","(0.0, 0.0)","(0.0, 0.0, 0.0)","(0.0, 0.0, 0.0)","(0.0, 0.0, 0.0)","(0.0, 0.0, 0.0)","(0.0, 0.0, 0.0)","(0.0, 0.0, 0.0)",0,0,0,0,0,0,False,0,0,0,0,0,0,0,0,"(0.0, 6.0, 2173.7)","(0.2, 0.0, 0.0, 1.0)"
0,971171.2,0,0,0,0,0,0,0,0,0,"(0.0, 0.0)","(0.0, 0.0)","(0.0, 0.0)","(0.0, 0.0, 0.0)","(0.0, 0.0, 0.0)","(0.0, 0.0, 0.0)","(0.0, 0.0, 0.0)","(0.0, 0.0, 0.0)","(0.0, 0.0, 0.0)",0,0,0,0,0,0,False,0,0,0,0,0,0,0,0,"(0.0, 6.0, 2174.1)","(0.2, 0.0, 0.0, 1.0)"
0,971194.1,0,0,0,0,0,0,0,0,0,"(0.0, 0.0)","(0.0, 0.0)","(0.0, 0.0)","(0.0, 0.0, 0.0)","(0.0, 0.0, 0.0)","(0.0, 0.0, 0.0)","(0.0, 0.0, 0.0)","(0.0, 0.0, 0.0)","(0.0, 0.0, 0.0)",0,0,0,0,0,0,False,0,0,0,0,0,0,0,0,"(0.0, 6.0, 2174.5)","(0.2, 0.0, 0.0, 1.0)"
0,971216.9,0,0,0,0,0,0,0,0,0,"(0.0, 0.0)","(0.0, 0.0)","(0.0, 0.0)","(0.0, 0.0, 0.0)","(0.0, 0.0, 0.0)","(0.0, 0.0, 0.0)","(0.0, 0.0, 0.0)","(0.0, 0.0, 0.0)","(0.0, 0.0, 0.0)",0,0,0,0,0,0,False,0,0,0,0,0,0,0,0,"(0.0, 6.0, 2174.9)","(0.2, 0.0, 0.0, 1.0)"
0,971237.8,0,0,0,0,0,0,0,0,0,"(0.0, 0.0)","(0.0, 0.0)","(0.0, 0.0)","(0.0, 0.0, 0.0)","(0.0, 0.0, 0.0)","(0.0, 0.0, 0.0)","(0.0, 0.0, 0.0)","(0.0, 0.0, 0.0)","(0.0, 0.0, 0.0)",0,0,0,0,0,0,False,0,0,0,0,0,0,0,0,"(0.0, 6.0, 2175.3)","(0.2, 0.0, 0.0, 1.0)"
0,971261.1,0,0,0,0,0,0,0,0,0,"(0.0, 0.0)","(0.0, 0.0)","(0.0, 0.0)","(0.0, 0.0, 0.0)","(0.0, 0.0, 0.0)","(0.0, 0.0, 0.0)","(0.0, 0.0, 0.0)","(0.0, 0.0, 0.0)","(0.0, 0.0, 0.0)",0,0,0,0,0,0,False,0,0,0,0,0,0,0,0,"(0.0, 6.0, 2175.8)","(0.2, 0.0, 0.0, 1.0)"
0,971283.7,0,0,0,0,0,0,0,0,0,"(0.0, 0.0)","(0.0, 0.0)","(0.0, 0.0)","(0.0, 0.0, 0.0)","(0.0, 0.0, 0.0)","(0.0, 0.0, 0.0)","(0.0, 0.0, 0.0)","(0.0, 0.0, 0.0)","(0.0, 0.0, 0.0)",0,0,0,0,0,0,False,0,0,0,0,0,0,0,0,"(0.0, 6.0, 2176.2)","(0.2, 0.0, 0.0, 1.0)"
0,971304.8,0,0,0,0,0,0,0,0,0,"(0.0, 0.0)","(0.0, 0.0)","(0.0, 0.0)","(0.0, 0.0, 0.0)","(0.0, 0.0, 0.0)","(0.0, 0.0, 0.0)","(0.0, 0.0, 0.0)","(0.0, 0.0, 0.0)","(0.0, 0.0, 0.0)",0,0,0,0,0,0,False,0,0,0,0,0,0,0,0,"(0.0, 6.0, 2176.6)","(0.2, 0.0, 0.0, 1.0)"
0,971324.1,0,0,0,0,0,0,0,0,0,"(0.0, 0.0)","(0.0, 0.0)","(0.0, 0.0)","(0.0, 0.0, 0.0)","(0.0, 0.0, 0.0)","(0.0, 0.0, 0.0)","(0.0, 0.0, 0.0)","(0.0, 0.0, 0.0)","(0.0, 0.0, 0.0)",0,0,0,0,0,0,False,0,0,0,0,0,0,0,0,"(0.0, 6.0, 2177.0)","(0.2, 0.0, 0.0, 1.0)"
0,971344.8,0,0,0,0,0,0,0,0,0,"(0.0, 0.0)","(0.0, 0.0)","(0.0, 0.0)","(0.0, 0.0, 0.0)","(0.0, 0.0, 0.0)","(0.0, 0.0, 0.0)","(0.0, 0.0, 0.0)","(0.0, 0.0, 0.0)","(0.0, 0.0, 0.0)",0,0,0,0,0,0,False,0,0,0,0,0,0,0,0,"(0.0, 6.0, 2177.4)","(0.2, 0.0, 0.0, 1.0)"
0,971369.6,0,0,0,0,0,0,0,0,0,"(0.0, 0.0)","(0.0, 0.0)","(0.0, 0.0)","(0.0, 0.0, 0.0)","(0.0, 0.0, 0.0)","(0.0, 0.0, 0.0)","(0.0, 0.0, 0.0)","(0.0, 0.0, 0.0)","(0.0, 0.0, 0.0)",0,0,0,0,0,0,False,0,0,0,0,0,0,0,0,"(0.0, 6.0, 2177.8)","(0.2, 0.0, 0.0, 1.0)"
0,971389.1,0,0,0,0,0,0,0,0,0,"(0.0, 0.0)","(0.0, 0.0)","(0.0, 0.0)","(0.0, 0.0, 0.0)","(0.0, 0.0, 0.0)","(0.0, 0.0, 0.0)","(0.0, 0.0, 0.0)","(0.0, 0.0, 0.0)","(0.0, 0.0, 0.0)",0,0,0,0,0,0,False,0,0,0,0,0,0,0,0,"(0.0, 6.0, 2178.2)","(0.2, 0.0, 0.0, 1.0)"
0,971409.5,0,0,0,0,0,0,0,0,0,"(0.0, 0.0)","(0.0, 0.0)","(0.0, 0.0)","(0.0, 0.0, 0.0)","(0.0, 0.0, 0.0)","(0.0, 0.0, 0.0)","(0.0, 0.0, 0.0)","(0.0, 0.0, 0.0)","(0.0, 0.0, 0.0)",0,0,0,0,0,0,False,0,0,0,0,0,0,0,0,"(0.0, 6.0, 2178.7)","(0.2, 0.0, 0.0, 1.0)"
0,971428.5,0,0,0,0,0,0,0,0,0,"(0.0, 0.0)","(0.0, 0.0)","(0.0, 0.0)","(0.0, 0.0, 0.0)","(0.0, 0.0, 0.0)","(0.0, 0.0, 0.0)","(0.0, 0.0, 0.0)","(0.0, 0.0, 0.0)","(0.0, 0.0, 0.0)",0,0,0,0,0,0,False,0,0,0,0,0,0,0,0,"(0.0, 6.0, 2179.1)","(0.2, 0.0, 0.0, 1.0)"
0,971449.7,0,0,0,0,0,0,0,0,0,"(0.0, 0.0)","(0.0, 0.0)","(0.0, 0.0)","(0.0, 0.0, 0.0)","(0.0, 0.0, 0.0)","(0.0, 0.0, 0.0)","(0.0, 0.0, 0.0)","(0.0, 0.0, 0.0)","(0.0, 0.0, 0.0)",0,0,0,0,0,0,False,0,0,0,0,0,0,0,0,"(0.0, 6.0, 2179.5)","(0.2, 0.0, 0.0, 1.0)"
0,971468.7,0,0,0,0,0,0,0,0,0,"(0.0, 0.0)","(0.0, 0.0)","(0.0, 0.0)","(0.0, 0.0, 0.0)","(0.0, 0.0, 0.0)","(0.0, 0.0, 0.0)","(0.0, 0.0, 0.0)","(0.0, 0.0, 0.0)","(0.0, 0.0, 0.0)",0,0,0,0,0,0,False,0,0,0,0,0,0,0,0,"(0.0, 6.0, 2179.9)","(0.2, 0.0, 0.0, 1.0)"
0,971487.5,0,0,0,0,0,0,0,0,0,"(0.0, 0.0)","(0.0, 0.0)","(0.0, 0.0)","(0.0, 0.0, 0.0)","(0.0, 0.0, 0.0)","(0.0, 0.0, 0.0)","(0.0, 0.0, 0.0)","(0.0, 0.0, 0.0)","(0.0, 0.0, 0.0)",0,0,0,0,0,0,False,0,0,0,0,0,0,0,0,"(0.0, 6.0, 2180.3)","(0.2, 0.0, 0.0, 1.0)"
0,971505.6,0,0,0,0,0,0,0,0,0,"(0.0, 0.0)","(0.0, 0.0)","(0.0, 0.0)","(0.0, 0.0, 0.0)","(0.0, 0.0, 0.0)","(0.0, 0.0, 0.0)","(0.0, 0.0, 0.0)","(0.0, 0.0, 0.0)","(0.0, 0.0, 0.0)",0,0,0,0,0,0,False,0,0,0,0,0,0,0,0,"(0.0, 6.0, 2180.7)","(0.2, 0.0, 0.0, 1.0)"
0,971530.1,0,0,0,0,0,0,0,0,0,"(0.0, 0.0)","(0.0, 0.0)","(0.0, 0.0)","(0.0, 0.0, 0.0)","(0.0, 0.0, 0.0)","(0.0, 0.0, 0.0)","(0.0, 0.0, 0.0)","(0.0, 0.0, 0.0)","(0.0, 0.0, 0.0)",0,0,0,0,0,0,False,0,0,0,0,0,0,0,0,"(0.0, 6.0, 2181.1)","(0.2, 0.0, 0.0, 1.0)"
0,971550,0,0,0,0,0,0,0,0,0,"(0.0, 0.0)","(0.0, 0.0)","(0.0, 0.0)","(0.0, 0.0, 0.0)","(0.0, 0.0, 0.0)","(0.0, 0.0, 0.0)","(0.0, 0.0, 0.0)","(0.0, 0.0, 0.0)","(0.0, 0.0, 0.0)",0,0,0,0,0,0,False,0,0,0,0,0,0,0,0,"(0.0, 6.0, 2181.4)","(0.2, 0.0, 0.0, 1.0)"
0,971570.1,0,0,0,0,0,0,0,0,0,"(0.0, 0.0)","(0.0, 0.0)","(0.0, 0.0)","(0.0, 0.0, 0.0)","(0.0, 0.0, 0.0)","(0.0, 0.0, 0.0)","(0.0, 0.0, 0.0)","(0.0, 0.0, 0.0)","(0.0, 0.0, 0.0)",0,0,0,0,0,0,False,0,0,0,0,0,0,0,0,"(0.0, 6.0, 2181.8)","(0.2, 0.0, 0.0, 1.0)"
0,971588.8,0,0,0,0,0,0,0,0,0,"(0.0, 0.0)","(0.0, 0.0)","(0.0, 0.0)","(0.0, 0.0, 0.0)","(0.0, 0.0, 0.0)","(0.0, 0.0, 0.0)","(0.0, 0.0, 0.0)","(0.0, 0.0, 0.0)","(0.0, 0.0, 0.0)",0,0,0,0,0,0,False,0,0,0,0,0,0,0,0,"(0.0, 6.0, 2182.2)","(0.2, 0.0, 0.0, 1.0)"
0,971607.9,0,0,0,0,0,0,0,0,0,"(0.0, 0.0)","(0.0, 0.0)","(0.0, 0.0)","(0.0, 0.0, 0.0)","(0.0, 0.0, 0.0)","(0.0, 0.0, 0.0)","(0.0, 0.0, 0.0)","(0.0, 0.0, 0.0)","(0.0, 0.0, 0.0)",0,0,0,0,0,0,False,0,0,0,0,0,0,0,0,"(0.0, 6.0, 2182.6)","(0.2, 0.0, 0.0, 1.0)"
0,971628.6,0,0,0,0,0,0,0,0,0,"(0.0, 0.0)","(0.0, 0.0)","(0.0, 0.0)","(0.0, 0.0, 0.0)","(0.0, 0.0, 0.0)","(0.0, 0.0, 0.0)","(0.0, 0.0, 0.0)","(0.0, 0.0, 0.0)","(0.0, 0.0, 0.0)",0,0,0,0,0,0,False,0,0,0,0,0,0,0,0,"(0.0, 6.0, 2183.0)","(0.2, 0.0, 0.0, 1.0)"
0,971658.9,0,0,0,0,0,0,0,0,0,"(0.0, 0.0)","(0.0, 0.0)","(0.0, 0.0)","(0.0, 0.0, 0.0)","(0.0, 0.0, 0.0)","(0.0, 0.0, 0.0)","(0.0, 0.0, 0.0)","(0.0, 0.0, 0.0)","(0.0, 0.0, 0.0)",0,0,0,0,0,0,False,0,0,0,0,0,0,0,0,"(0.0, 6.0, 2183.4)","(0.2, 0.0, 0.0, 1.0)"
0,971677.6,0,0,0,0,0,0,0,0,0,"(0.0, 0.0)","(0.0, 0.0)","(0.0, 0.0)","(0.0, 0.0, 0.0)","(0.0, 0.0, 0.0)","(0.0, 0.0, 0.0)","(0.0, 0.0, 0.0)","(0.0, 0.0, 0.0)","(0.0, 0.0, 0.0)",0,0,0,0,0,0,False,0,0,0,0,0,0,0,0,"(0.0, 6.0, 2183.8)","(0.2, 0.0, 0.0, 1.0)"
0,971696.6,0,0,0,0,0,0,0,0,0,"(0.0, 0.0)","(0.0, 0.0)","(0.0, 0.0)","(0.0, 0.0, 0.0)","(0.0, 0.0, 0.0)","(0.0, 0.0, 0.0)","(0.0, 0.0, 0.0)","(0.0, 0.0, 0.0)","(0.0, 0.0, 0.0)",0,0,0,0,0,0,False,0,0,0,0,0,0,0,0,"(0.0, 6.0, 2184.2)","(0.2, 0.0, 0.0, 1.0)"
0,971716.8,0,0,0,0,0,0,0,0,0,"(0.0, 0.0)","(0.0, 0.0)","(0.0, 0.0)","(0.0, 0.0, 0.0)","(0.0, 0.0, 0.0)","(0.0, 0.0, 0.0)","(0.0, 0.0, 0.0)","(0.0, 0.0, 0.0)","(0.0, 0.0, 0.0)",0,0,0,0,0,0,False,0,0,0,0,0,0,0,0,"(0.0, 6.0, 2184.6)","(0.2, 0.0, 0.0, 1.0)"
0,971735.5,0,0,0,0,0,0,0,0,0,"(0.0, 0.0)","(0.0, 0.0)","(0.0, 0.0)","(0.0, 0.0, 0.0)","(0.0, 0.0, 0.0)","(0.0, 0.0, 0.0)","(0.0, 0.0, 0.0)","(0.0, 0.0, 0.0)","(0.0, 0.0, 0.0)",0,0,0,0,0,0,False,0,0,0,0,0,0,0,0,"(0.0, 6.0, 2185.0)","(0.2, 0.0, 0.0, 1.0)"
0,971753.9,0,0,0,0,0,0,0,0,0,"(0.0, 0.0)","(0.0, 0.0)","(0.0, 0.0)","(0.0, 0.0, 0.0)","(0.0, 0.0, 0.0)","(0.0, 0.0, 0.0)","(0.0, 0.0, 0.0)","(0.0, 0.0, 0.0)","(0.0, 0.0, 0.0)",0,0,0,0,0,0,False,0,0,0,0,0,0,0,0,"(0.0, 6.0, 2185.4)","(0.2, 0.0, 0.0, 1.0)"
0,971774.2,0,0,0,0,0,0,0,0,0,"(0.0, 0.0)","(0.0, 0.0)","(0.0, 0.0)","(0.0, 0.0, 0.0)","(0.0, 0.0, 0.0)","(0.0, 0.0, 0.0)","(0.0, 0.0, 0.0)","(0.0, 0.0, 0.0)","(0.0, 0.0, 0.0)",0,0,0,0,0,0,False,0,0,0,0,0,0,0,0,"(0.0, 6.0, 2185.8)","(0.2, 0.0, 0.0, 1.0)"
0,971792.3,0,0,0,0,0,0,0,0,0,"(0.0, 0.0)","(0.0, 0.0)","(0.0, 0.0)","(0.0, 0.0, 0.0)","(0.0, 0.0, 0.0)","(0.0, 0.0, 0.0)","(0.0, 0.0, 0.0)","(0.0, 0.0, 0.0)","(0.0, 0.0, 0.0)",0,0,0,0,0,0,False,0,0,0,0,0,0,0,0,"(0.0, 6.0, 2186.2)","(0.2, 0.0, 0.0, 1.0)"
0,971811.6,0,0,0,0,0,0,0,0,0,"(0.0, 0.0)","(0.0, 0.0)","(0.0, 0.0)","(0.0, 0.0, 0.0)","(0.0, 0.0, 0.0)","(0.0, 0.0, 0.0)","(0.0, 0.0, 0.0)","(0.0, 0.0, 0.0)","(0.0, 0.0, 0.0)",0,0,0,0,0,0,False,0,0,0,0,0,0,0,0,"(0.0, 6.0, 2186.5)","(0.2, 0.0, 0.0, 1.0)"
0,971830.2,0,0,0,0,0,0,0,0,0,"(0.0, 0.0)","(0.0, 0.0)","(0.0, 0.0)","(0.0, 0.0, 0.0)","(0.0, 0.0, 0.0)","(0.0, 0.0, 0.0)","(0.0, 0.0, 0.0)","(0.0, 0.0, 0.0)","(0.0, 0.0, 0.0)",0,0,0,0,0,0,False,0,0,0,0,0,0,0,0,"(0.0, 6.0, 2186.9)","(0.2, 0.0, 0.0, 1.0)"
0,971855.8,0,0,0,0,0,0,0,0,0,"(0.0, 0.0)","(0.0, 0.0)","(0.0, 0.0)","(0.0, 0.0, 0.0)","(0.0, 0.0, 0.0)","(0.0, 0.0, 0.0)","(0.0, 0.0, 0.0)","(0.0, 0.0, 0.0)","(0.0, 0.0, 0.0)",0,0,0,0,0,0,False,0,0,0,0,0,0,0,0,"(0.0, 6.0, 2187.3)","(0.2, 0.0, 0.0, 1.0)"
0,971876.1,0,0,0,0,0,0,0,0,0,"(0.0, 0.0)","(0.0, 0.0)","(0.0, 0.0)","(0.0, 0.0, 0.0)","(0.0, 0.0, 0.0)","(0.0, 0.0, 0.0)","(0.0, 0.0, 0.0)","(0.0, 0.0, 0.0)","(0.0, 0.0, 0.0)",0,0,0,0,0,0,False,0,0,0,0,0,0,0,0,"(0.0, 6.0, 2187.7)","(0.2, 0.0, 0.0, 1.0)"
0,971895.3,0,0,0,0,0,0,0,0,0,"(0.0, 0.0)","(0.0, 0.0)","(0.0, 0.0)","(0.0, 0.0, 0.0)","(0.0, 0.0, 0.0)","(0.0, 0.0, 0.0)","(0.0, 0.0, 0.0)","(0.0, 0.0, 0.0)","(0.0, 0.0, 0.0)",0,0,0,0,0,0,False,0,0,0,0,0,0,0,0,"(0.0, 6.0, 2188.1)","(0.2, 0.0, 0.0, 1.0)"
0,971916.3,0,0,0,0,0,0,0,0,0,"(0.0, 0.0)","(0.0, 0.0)","(0.0, 0.0)","(0.0, 0.0, 0.0)","(0.0, 0.0, 0.0)","(0.0, 0.0, 0.0)","(0.0, 0.0, 0.0)","(0.0, 0.0, 0.0)","(0.0, 0.0, 0.0)",0,0,0,0,0,0,False,0,0,0,0,0,0,0,0,"(0.0, 6.0, 2188.5)","(0.2, 0.0, 0.0, 1.0)"
0,971938.1,0,0,0,0,0,0,0,0,0,"(0.0, 0.0)","(0.0, 0.0)","(0.0, 0.0)","(0.0, 0.0, 0.0)","(0.0, 0.0, 0.0)","(0.0, 0.0, 0.0)","(0.0, 0.0, 0.0)","(0.0, 0.0, 0.0)","(0.0, 0.0, 0.0)",0,0,0,0,0,0,False,0,0,0,0,0,0,0,0,"(0.0, 6.0, 2188.9)","(0.2, 0.0, 0.0, 1.0)"
0,971959.8,0,0,0,0,0,0,0,0,0,"(0.0, 0.0)","(0.0, 0.0)","(0.0, 0.0)","(0.0, 0.0, 0.0)","(0.0, 0.0, 0.0)","(0.0, 0.0, 0.0)","(0.0, 0.0, 0.0)","(0.0, 0.0, 0.0)","(0.0, 0.0, 0.0)",0,0,0,0,0,0,False,0,0,0,0,0,0,0,0,"(0.0, 6.0, 2189.3)","(0.2, 0.0, 0.0, 1.0)"
0,971984.3,0,0,0,0,0,0,0,0,0,"(0.0, 0.0)","(0.0, 0.0)","(0.0, 0.0)","(0.0, 0.0, 0.0)","(0.0, 0.0, 0.0)","(0.0, 0.0, 0.0)","(0.0, 0.0, 0.0)","(0.0, 0.0, 0.0)","(0.0, 0.0, 0.0)",0,0,0,0,0,0,False,0,0,0,0,0,0,0,0,"(0.0, 6.0, 2189.7)","(0.2, 0.0, 0.0, 1.0)"
0,972006.5,0,0,0,0,0,0,0,0,0,"(0.0, 0.0)","(0.0, 0.0)","(0.0, 0.0)","(0.0, 0.0, 0.0)","(0.0, 0.0, 0.0)","(0.0, 0.0, 0.0)","(0.0, 0.0, 0.0)","(0.0, 0.0, 0.0)","(0.0, 0.0, 0.0)",0,0,0,0,0,0,False,0,0,0,0,0,0,0,0,"(0.0, 6.0, 2190.1)","(0.2, 0.0, 0.0, 1.0)"
0,972026.9,0,0,0,0,0,0,0,0,0,"(0.0, 0.0)","(0.0, 0.0)","(0.0, 0.0)","(0.0, 0.0, 0.0)","(0.0, 0.0, 0.0)","(0.0, 0.0, 0.0)","(0.0, 0.0, 0.0)","(0.0, 0.0, 0.0)","(0.0, 0.0, 0.0)",0,0,0,0,0,0,False,0,0,0,0,0,0,0,0,"(0.0, 6.0, 2190.5)","(0.2, 0.0, 0.0, 1.0)"
0,972052.9,0,0,0,0,0,0,0,0,0,"(0.0, 0.0)","(0.0, 0.0)","(0.0, 0.0)","(0.0, 0.0, 0.0)","(0.0, 0.0, 0.0)","(0.0, 0.0, 0.0)","(0.0, 0.0, 0.0)","(0.0, 0.0, 0.0)","(0.0, 0.0, 0.0)",0,0,0,0,0,0,False,0,0,0,0,0,0,0,0,"(0.0, 6.0, 2190.9)","(0.2, 0.0, 0.0, 1.0)"
0,972071.4,0,0,0,0,0,0,0,0,0,"(0.0, 0.0)","(0.0, 0.0)","(0.0, 0.0)","(0.0, 0.0, 0.0)","(0.0, 0.0, 0.0)","(0.0, 0.0, 0.0)","(0.0, 0.0, 0.0)","(0.0, 0.0, 0.0)","(0.0, 0.0, 0.0)",0,0,0,0,0,0,False,0,0,0,0,0,0,0,0,"(0.0, 6.0, 2191.3)","(0.2, 0.0, 0.0, 1.0)"
0,972093.1,0,0,0,0,0,0,0,0,0,"(0.0, 0.0)","(0.0, 0.0)","(0.0, 0.0)","(0.0, 0.0, 0.0)","(0.0, 0.0, 0.0)","(0.0, 0.0, 0.0)","(0.0, 0.0, 0.0)","(0.0, 0.0, 0.0)","(0.0, 0.0, 0.0)",0,0,0,0,0,0,False,0,0,0,0,0,0,0,0,"(0.0, 6.0, 2191.7)","(0.2, 0.0, 0.0, 1.0)"
0,972116.6,0,0,0,0,0,0,0,0,0,"(0.0, 0.0)","(0.0, 0.0)","(0.0, 0.0)","(0.0, 0.0, 0.0)","(0.0, 0.0, 0.0)","(0.0, 0.0, 0.0)","(0.0, 0.0, 0.0)","(0.0, 0.0, 0.0)","(0.0, 0.0, 0.0)",0,0,0,0,0,0,False,0,0,0,0,0,0,0,0,"(0.0, 6.0, 2192.1)","(0.2, 0.0, 0.0, 1.0)"
0,972137.8,0,0,0,0,0,0,0,0,0,"(0.0, 0.0)","(0.0, 0.0)","(0.0, 0.0)","(0.0, 0.0, 0.0)","(0.0, 0.0, 0.0)","(0.0, 0.0, 0.0)","(0.0, 0.0, 0.0)","(0.0, 0.0, 0.0)","(0.0, 0.0, 0.0)",0,0,0,0,0,0,False,0,0,0,0,0,0,0,0,"(0.0, 6.0, 2192.5)","(0.2, 0.0, 0.0, 1.0)"
0,972162.4,0,0,0,0,0,0,0,0,0,"(0.0, 0.0)","(0.0, 0.0)","(0.0, 0.0)","(0.0, 0.0, 0.0)","(0.0, 0.0, 0.0)","(0.0, 0.0, 0.0)","(0.0, 0.0, 0.0)","(0.0, 0.0, 0.0)","(0.0, 0.0, 0.0)",0,0,0,0,0,0,False,0,0,0,0,0,0,0,0,"(0.0, 6.0, 2192.9)","(0.2, 0.0, 0.0, 1.0)"
0,972183.1,0,0,0,0,0,0,0,0,0,"(0.0, 0.0)","(0.0, 0.0)","(0.0, 0.0)","(0.0, 0.0, 0.0)","(0.0, 0.0, 0.0)","(0.0, 0.0, 0.0)","(0.0, 0.0, 0.0)","(0.0, 0.0, 0.0)","(0.0, 0.0, 0.0)",0,0,0,0,0,0,False,0,0,0,0,0,0,0,0,"(0.0, 6.0, 2193.3)","(0.2, 0.0, 0.0, 1.0)"
0,972204.3,0,0,0,0,0,0,0,0,0,"(0.0, 0.0)","(0.0, 0.0)","(0.0, 0.0)","(0.0, 0.0, 0.0)","(0.0, 0.0, 0.0)","(0.0, 0.0, 0.0)","(0.0, 0.0, 0.0)","(0.0, 0.0, 0.0)","(0.0, 0.0, 0.0)",0,0,0,0,0,0,False,0,0,0,0,0,0,0,0,"(0.0, 6.0, 2193.7)","(0.2, 0.0, 0.0, 1.0)"
0,972227,0,0,0,0,0,0,0,0,0,"(0.0, 0.0)","(0.0, 0.0)","(0.0, 0.0)","(0.0, 0.0, 0.0)","(0.0, 0.0, 0.0)","(0.0, 0.0, 0.0)","(0.0, 0.0, 0.0)","(0.0, 0.0, 0.0)","(0.0, 0.0, 0.0)",0,0,0,0,0,0,False,0,0,0,0,0,0,0,0,"(0.0, 6.0, 2194.2)","(0.2, 0.0, 0.0, 1.0)"
0,972250.3,0,0,0,0,0,0,0,0,0,"(0.0, 0.0)","(0.0, 0.0)","(0.0, 0.0)","(0.0, 0.0, 0.0)","(0.0, 0.0, 0.0)","(0.0, 0.0, 0.0)","(0.0, 0.0, 0.0)","(0.0, 0.0, 0.0)","(0.0, 0.0, 0.0)",0,0,0,0,0,0,False,0,0,0,0,0,0,0,0,"(0.0, 6.0, 2194.6)","(0.2, 0.0, 0.0, 1.0)"
0,972270.8,0,0,0,0,0,0,0,0,0,"(0.0, 0.0)","(0.0, 0.0)","(0.0, 0.0)","(0.0, 0.0, 0.0)","(0.0, 0.0, 0.0)","(0.0, 0.0, 0.0)","(0.0, 0.0, 0.0)","(0.0, 0.0, 0.0)","(0.0, 0.0, 0.0)",0,0,0,0,0,0,False,0,0,0,0,0,0,0,0,"(0.0, 6.0, 2195.0)","(0.2, 0.0, 0.0, 1.0)"
0,972293.3,0,0,0,0,0,0,0,0,0,"(0.0, 0.0)","(0.0, 0.0)","(0.0, 0.0)","(0.0, 0.0, 0.0)","(0.0, 0.0, 0.0)","(0.0, 0.0, 0.0)","(0.0, 0.0, 0.0)","(0.0, 0.0, 0.0)","(0.0, 0.0, 0.0)",0,0,0,0,0,0,False,0,0,0,0,0,0,0,0,"(0.0, 6.0, 2195.4)","(0.2, 0.0, 0.0, 1.0)"
0,972315.1,0,0,0,0,0,0,0,0,0,"(0.0, 0.0)","(0.0, 0.0)","(0.0, 0.0)","(0.0, 0.0, 0.0)","(0.0, 0.0, 0.0)","(0.0, 0.0, 0.0)","(0.0, 0.0, 0.0)","(0.0, 0.0, 0.0)","(0.0, 0.0, 0.0)",0,0,0,0,0,0,False,0,0,0,0,0,0,0,0,"(0.0, 6.0, 2195.8)","(0.2, 0.0, 0.0, 1.0)"
0,972335.9,0,0,0,0,0,0,0,0,0,"(0.0, 0.0)","(0.0, 0.0)","(0.0, 0.0)","(0.0, 0.0, 0.0)","(0.0, 0.0, 0.0)","(0.0, 0.0, 0.0)","(0.0, 0.0, 0.0)","(0.0, 0.0, 0.0)","(0.0, 0.0, 0.0)",0,0,0,0,0,0,False,0,0,0,0,0,0,0,0,"(0.0, 6.0, 2196.2)","(0.2, 0.0, 0.0, 1.0)"
0,972354.9,0,0,0,0,0,0,0,0,0,"(0.0, 0.0)","(0.0, 0.0)","(0.0, 0.0)","(0.0, 0.0, 0.0)","(0.0, 0.0, 0.0)","(0.0, 0.0, 0.0)","(0.0, 0.0, 0.0)","(0.0, 0.0, 0.0)","(0.0, 0.0, 0.0)",0,0,0,0,0,0,False,0,0,0,0,0,0,0,0,"(0.0, 6.0, 2196.6)","(0.2, 0.0, 0.0, 1.0)"
0,972385.7,0,0,0,0,0,0,0,0,0,"(0.0, 0.0)","(0.0, 0.0)","(0.0, 0.0)","(0.0, 0.0, 0.0)","(0.0, 0.0, 0.0)","(0.0, 0.0, 0.0)","(0.0, 0.0, 0.0)","(0.0, 0.0, 0.0)","(0.0, 0.0, 0.0)",0,0,0,0,0,0,False,0,0,0,0,0,0,0,0,"(0.0, 6.0, 2197.1)","(0.2, 0.0, 0.0, 1.0)"
0,972405.7,0,0,0,0,0,0,0,0,0,"(0.0, 0.0)","(0.0, 0.0)","(0.0, 0.0)","(0.0, 0.0, 0.0)","(0.0, 0.0, 0.0)","(0.0, 0.0, 0.0)","(0.0, 0.0, 0.0)","(0.0, 0.0, 0.0)","(0.0, 0.0, 0.0)",0,0,0,0,0,0,False,0,0,0,0,0,0,0,0,"(0.0, 6.0, 2197.5)","(0.2, 0.0, 0.0, 1.0)"
0,972424.2,0,0,0,0,0,0,0,0,0,"(0.0, 0.0)","(0.0, 0.0)","(0.0, 0.0)","(0.0, 0.0, 0.0)","(0.0, 0.0, 0.0)","(0.0, 0.0, 0.0)","(0.0, 0.0, 0.0)","(0.0, 0.0, 0.0)","(0.0, 0.0, 0.0)",0,0,0,0,0,0,False,0,0,0,0,0,0,0,0,"(0.0, 6.0, 2197.9)","(0.2, 0.0, 0.0, 1.0)"
0,972444.3,0,0,0,0,0,0,0,0,0,"(0.0, 0.0)","(0.0, 0.0)","(0.0, 0.0)","(0.0, 0.0, 0.0)","(0.0, 0.0, 0.0)","(0.0, 0.0, 0.0)","(0.0, 0.0, 0.0)","(0.0, 0.0, 0.0)","(0.0, 0.0, 0.0)",0,0,0,0,0,0,False,0,0,0,0,0,0,0,0,"(0.0, 6.0, 2198.3)","(0.2, 0.0, 0.0, 1.0)"
0,972462.8,0,0,0,0,0,0,0,0,0,"(0.0, 0.0)","(0.0, 0.0)","(0.0, 0.0)","(0.0, 0.0, 0.0)","(0.0, 0.0, 0.0)","(0.0, 0.0, 0.0)","(0.0, 0.0, 0.0)","(0.0, 0.0, 0.0)","(0.0, 0.0, 0.0)",0,0,0,0,0,0,False,0,0,0,0,0,0,0,0,"(0.0, 6.0, 2198.7)","(0.2, 0.0, 0.0, 1.0)"
0,972485.5,0,0,0,0,0,0,0,0,0,"(0.0, 0.0)","(0.0, 0.0)","(0.0, 0.0)","(0.0, 0.0, 0.0)","(0.0, 0.0, 0.0)","(0.0, 0.0, 0.0)","(0.0, 0.0, 0.0)","(0.0, 0.0, 0.0)","(0.0, 0.0, 0.0)",0,0,0,0,0,0,False,0,0,0,0,0,0,0,0,"(0.0, 6.0, 2199.1)","(0.2, 0.0, 0.0, 1.0)"
0,972504.6,0,0,0,0,0,0,0,0,0,"(0.0, 0.0)","(0.0, 0.0)","(0.0, 0.0)","(0.0, 0.0, 0.0)","(0.0, 0.0, 0.0)","(0.0, 0.0, 0.0)","(0.0, 0.0, 0.0)","(0.0, 0.0, 0.0)","(0.0, 0.0, 0.0)",0,0,0,0,0,0,False,0,0,0,0,0,0,0,0,"(0.0, 6.0, 2199.5)","(0.2, 0.0, 0.0, 1.0)"
0,972524.4,0,0,0,0,0,0,0,0,0,"(0.0, 0.0)","(0.0, 0.0)","(0.0, 0.0)","(0.0, 0.0, 0.0)","(0.0, 0.0, 0.0)","(0.0, 0.0, 0.0)","(0.0, 0.0, 0.0)","(0.0, 0.0, 0.0)","(0.0, 0.0, 0.0)",0,0,0,0,0,0,False,0,0,0,0,0,0,0,0,"(0.0, 6.0, 2199.9)","(0.2, 0.0, 0.0, 1.0)"
0,972543.5,0,0,0,0,0,0,0,0,0,"(0.0, 0.0)","(0.0, 0.0)","(0.0, 0.0)","(0.0, 0.0, 0.0)","(0.0, 0.0, 0.0)","(0.0, 0.0, 0.0)","(0.0, 0.0, 0.0)","(0.0, 0.0, 0.0)","(0.0, 0.0, 0.0)",0,0,0,0,0,0,False,0,0,0,0,0,0,0,0,"(0.0, 6.0, 2200.3)","(0.2, 0.0, 0.0, 1.0)"
0,972562.9,0,0,0,0,0,0,0,0,0,"(0.0, 0.0)","(0.0, 0.0)","(0.0, 0.0)","(0.0, 0.0, 0.0)","(0.0, 0.0, 0.0)","(0.0, 0.0, 0.0)","(0.0, 0.0, 0.0)","(0.0, 0.0, 0.0)","(0.0, 0.0, 0.0)",0,0,0,0,0,0,False,0,0,0,0,0,0,0,0,"(0.0, 6.0, 2200.7)","(0.2, 0.0, 0.0, 1.0)"
0,972582.8,0,0,0,0,0,0,0,0,0,"(0.0, 0.0)","(0.0, 0.0)","(0.0, 0.0)","(0.0, 0.0, 0.0)","(0.0, 0.0, 0.0)","(0.0, 0.0, 0.0)","(0.0, 0.0, 0.0)","(0.0, 0.0, 0.0)","(0.0, 0.0, 0.0)",0,0,0,0,0,0,False,0,0,0,0,0,0,0,0,"(0.0, 6.0, 2201.1)","(0.2, 0.0, 0.0, 1.0)"
0,972604.9,0,0,0,0,0,0,0,0,0,"(0.0, 0.0)","(0.0, 0.0)","(0.0, 0.0)","(0.0, 0.0, 0.0)","(0.0, 0.0, 0.0)","(0.0, 0.0, 0.0)","(0.0, 0.0, 0.0)","(0.0, 0.0, 0.0)","(0.0, 0.0, 0.0)",0,0,0,0,0,0,False,0,0,0,0,0,0,0,0,"(0.0, 6.0, 2201.5)","(0.2, 0.0, 0.0, 1.0)"
0,972628.9,0,0,0,0,0,0,0,0,0,"(0.0, 0.0)","(0.0, 0.0)","(0.0, 0.0)","(0.0, 0.0, 0.0)","(0.0, 0.0, 0.0)","(0.0, 0.0, 0.0)","(0.0, 0.0, 0.0)","(0.0, 0.0, 0.0)","(0.0, 0.0, 0.0)",0,0,0,0,0,0,False,0,0,0,0,0,0,0,0,"(0.0, 6.0, 2201.9)","(0.2, 0.0, 0.0, 1.0)"
0,972648.4,0,0,0,0,0,0,0,0,0,"(0.0, 0.0)","(0.0, 0.0)","(0.0, 0.0)","(0.0, 0.0, 0.0)","(0.0, 0.0, 0.0)","(0.0, 0.0, 0.0)","(0.0, 0.0, 0.0)","(0.0, 0.0, 0.0)","(0.0, 0.0, 0.0)",0,0,0,0,0,0,False,0,0,0,0,0,0,0,0,"(0.0, 6.0, 2202.3)","(0.2, 0.0, 0.0, 1.0)"
0,972667.1,0,0,0,0,0,0,0,0,0,"(0.0, 0.0)","(0.0, 0.0)","(0.0, 0.0)","(0.0, 0.0, 0.0)","(0.0, 0.0, 0.0)","(0.0, 0.0, 0.0)","(0.0, 0.0, 0.0)","(0.0, 0.0, 0.0)","(0.0, 0.0, 0.0)",0,0,0,0,0,0,False,0,0,0,0,0,0,0,0,"(0.0, 6.0, 2202.7)","(0.2, 0.0, 0.0, 1.0)"
0,972690.3,0,0,0,0,0,0,0,0,0,"(0.0, 0.0)","(0.0, 0.0)","(0.0, 0.0)","(0.0, 0.0, 0.0)","(0.0, 0.0, 0.0)","(0.0, 0.0, 0.0)","(0.0, 0.0, 0.0)","(0.0, 0.0, 0.0)","(0.0, 0.0, 0.0)",0,0,0,0,0,0,False,0,0,0,0,0,0,0,0,"(0.0, 6.0, 2203.1)","(0.2, 0.0, 0.0, 1.0)"
0,972713.9,0,0,0,0,0,0,0,0,0,"(0.0, 0.0)","(0.0, 0.0)","(0.0, 0.0)","(0.0, 0.0, 0.0)","(0.0, 0.0, 0.0)","(0.0, 0.0, 0.0)","(0.0, 0.0, 0.0)","(0.0, 0.0, 0.0)","(0.0, 0.0, 0.0)",0,0,0,0,0,0,False,0,0,0,0,0,0,0,0,"(0.0, 6.0, 2203.5)","(0.2, 0.0, 0.0, 1.0)"
0,972734.1,0,0,0,0,0,0,0,0,0,"(0.0, 0.0)","(0.0, 0.0)","(0.0, 0.0)","(0.0, 0.0, 0.0)","(0.0, 0.0, 0.0)","(0.0, 0.0, 0.0)","(0.0, 0.0, 0.0)","(0.0, 0.0, 0.0)","(0.0, 0.0, 0.0)",0,0,0,0,0,0,False,0,0,0,0,0,0,0,0,"(0.0, 6.0, 2203.9)","(0.2, 0.0, 0.0, 1.0)"
0,972757.7,0,0,0,0,0,0,0,0,0,"(0.0, 0.0)","(0.0, 0.0)","(0.0, 0.0)","(0.0, 0.0, 0.0)","(0.0, 0.0, 0.0)","(0.0, 0.0, 0.0)","(0.0, 0.0, 0.0)","(0.0, 0.0, 0.0)","(0.0, 0.0, 0.0)",0,0,0,0,0,0,False,0,0,0,0,0,0,0,0,"(0.0, 6.0, 2204.3)","(0.2, 0.0, 0.0, 1.0)"
0,972777.9,0,0,0,0,0,0,0,0,0,"(0.0, 0.0)","(0.0, 0.0)","(0.0, 0.0)","(0.0, 0.0, 0.0)","(0.0, 0.0, 0.0)","(0.0, 0.0, 0.0)","(0.0, 0.0, 0.0)","(0.0, 0.0, 0.0)","(0.0, 0.0, 0.0)",0,0,0,0,0,0,False,0,0,0,0,0,0,0,0,"(0.0, 6.0, 2204.7)","(0.2, 0.0, 0.0, 1.0)"
0,972798.8,0,0,0,0,0,0,0,0,0,"(0.0, 0.0)","(0.0, 0.0)","(0.0, 0.0)","(0.0, 0.0, 0.0)","(0.0, 0.0, 0.0)","(0.0, 0.0, 0.0)","(0.0, 0.0, 0.0)","(0.0, 0.0, 0.0)","(0.0, 0.0, 0.0)",0,0,0,0,0,0,False,0,0,0,0,0,0,0,0,"(0.0, 6.0, 2205.1)","(0.2, 0.0, 0.0, 1.0)"
0,972817.9,0,0,0,0,0,0,0,0,0,"(0.0, 0.0)","(0.0, 0.0)","(0.0, 0.0)","(0.0, 0.0, 0.0)","(0.0, 0.0, 0.0)","(0.0, 0.0, 0.0)","(0.0, 0.0, 0.0)","(0.0, 0.0, 0.0)","(0.0, 0.0, 0.0)",0,0,0,0,0,0,False,0,0,0,0,0,0,0,0,"(0.0, 6.0, 2205.5)","(0.2, 0.0, 0.0, 1.0)"
0,972838.8,0,0,0,0,0,0,0,0,0,"(0.0, 0.0)","(0.0, 0.0)","(0.0, 0.0)","(0.0, 0.0, 0.0)","(0.0, 0.0, 0.0)","(0.0, 0.0, 0.0)","(0.0, 0.0, 0.0)","(0.0, 0.0, 0.0)","(0.0, 0.0, 0.0)",0,0,0,0,0,0,False,0,0,0,0,0,0,0,0,"(0.0, 6.0, 2205.9)","(0.2, 0.0, 0.0, 1.0)"
0,972859.8,0,0,0,0,0,0,0,0,0,"(0.0, 0.0)","(0.0, 0.0)","(0.0, 0.0)","(0.0, 0.0, 0.0)","(0.0, 0.0, 0.0)","(0.0, 0.0, 0.0)","(0.0, 0.0, 0.0)","(0.0, 0.0, 0.0)","(0.0, 0.0, 0.0)",0,0,0,0,0,0,False,0,0,0,0,0,0,0,0,"(0.0, 6.0, 2206.3)","(0.2, 0.0, 0.0, 1.0)"
0,972883.1,0,0,0,0,0,0,0,0,0,"(0.0, 0.0)","(0.0, 0.0)","(0.0, 0.0)","(0.0, 0.0, 0.0)","(0.0, 0.0, 0.0)","(0.0, 0.0, 0.0)","(0.0, 0.0, 0.0)","(0.0, 0.0, 0.0)","(0.0, 0.0, 0.0)",0,0,0,0,0,0,False,0,0,0,0,0,0,0,0,"(0.0, 6.0, 2206.7)","(0.2, 0.0, 0.0, 1.0)"
0,972903.8,0,0,0,0,0,0,0,0,0,"(0.0, 0.0)","(0.0, 0.0)","(0.0, 0.0)","(0.0, 0.0, 0.0)","(0.0, 0.0, 0.0)","(0.0, 0.0, 0.0)","(0.0, 0.0, 0.0)","(0.0, 0.0, 0.0)","(0.0, 0.0, 0.0)",0,0,0,0,0,0,False,0,0,0,0,0,0,0,0,"(0.0, 6.0, 2207.1)","(0.2, 0.0, 0.0, 1.0)"
0,972926.6,0,0,0,0,0,0,0,0,0,"(0.0, 0.0)","(0.0, 0.0)","(0.0, 0.0)","(0.0, 0.0, 0.0)","(0.0, 0.0, 0.0)","(0.0, 0.0, 0.0)","(0.0, 0.0, 0.0)","(0.0, 0.0, 0.0)","(0.0, 0.0, 0.0)",0,0,0,0,0,0,False,0,0,0,0,0,0,0,0,"(0.0, 6.0, 2207.5)","(0.2, 0.0, 0.0, 1.0)"
0,972949.9,0,0,0,0,0,0,0,0,0,"(0.0, 0.0)","(0.0, 0.0)","(0.0, 0.0)","(0.0, 0.0, 0.0)","(0.0, 0.0, 0.0)","(0.0, 0.0, 0.0)","(0.0, 0.0, 0.0)","(0.0, 0.0, 0.0)","(0.0, 0.0, 0.0)",0,0,0,0,0,0,False,0,0,0,0,0,0,0,0,"(0.0, 6.0, 2207.9)","(0.2, 0.0, 0.0, 1.0)"
0,972970.5,0,0,0,0,0,0,0,0,0,"(0.0, 0.0)","(0.0, 0.0)","(0.0, 0.0)","(0.0, 0.0, 0.0)","(0.0, 0.0, 0.0)","(0.0, 0.0, 0.0)","(0.0, 0.0, 0.0)","(0.0, 0.0, 0.0)","(0.0, 0.0, 0.0)",0,0,0,0,0,0,False,0,0,0,0,0,0,0,0,"(0.0, 6.0, 2208.3)","(0.2, 0.0, 0.0, 1.0)"
0,972993,0,0,0,0,0,0,0,0,0,"(0.0, 0.0)","(0.0, 0.0)","(0.0, 0.0)","(0.0, 0.0, 0.0)","(0.0, 0.0, 0.0)","(0.0, 0.0, 0.0)","(0.0, 0.0, 0.0)","(0.0, 0.0, 0.0)","(0.0, 0.0, 0.0)",0,0,0,0,0,0,False,0,0,0,0,0,0,0,0,"(0.0, 6.0, 2208.7)","(0.2, 0.0, 0.0, 1.0)"
0,973016.4,0,0,0,0,0,0,0,0,0,"(0.0, 0.0)","(0.0, 0.0)","(0.0, 0.0)","(0.0, 0.0, 0.0)","(0.0, 0.0, 0.0)","(0.0, 0.0, 0.0)","(0.0, 0.0, 0.0)","(0.0, 0.0, 0.0)","(0.0, 0.0, 0.0)",0,0,0,0,0,0,False,0,0,0,0,0,0,0,0,"(0.0, 6.0, 2209.2)","(0.2, 0.0, 0.0, 1.0)"
0,973043.3,0,0,0,0,0,0,0,0,0,"(0.0, 0.0)","(0.0, 0.0)","(0.0, 0.0)","(0.0, 0.0, 0.0)","(0.0, 0.0, 0.0)","(0.0, 0.0, 0.0)","(0.0, 0.0, 0.0)","(0.0, 0.0, 0.0)","(0.0, 0.0, 0.0)",0,0,0,0,0,0,False,0,0,0,0,0,0,0,0,"(0.0, 6.0, 2209.6)","(0.2, 0.0, 0.0, 1.0)"
0,973063.1,0,0,0,0,0,0,0,0,0,"(0.0, 0.0)","(0.0, 0.0)","(0.0, 0.0)","(0.0, 0.0, 0.0)","(0.0, 0.0, 0.0)","(0.0, 0.0, 0.0)","(0.0, 0.0, 0.0)","(0.0, 0.0, 0.0)","(0.0, 0.0, 0.0)",0,0,0,0,0,0,False,0,0,0,0,0,0,0,0,"(0.0, 6.0, 2210.0)","(0.2, 0.0, 0.0, 1.0)"
0,973083.2,0,0,0,0,0,0,0,0,0,"(0.0, 0.0)","(0.0, 0.0)","(0.0, 0.0)","(0.0, 0.0, 0.0)","(0.0, 0.0, 0.0)","(0.0, 0.0, 0.0)","(0.0, 0.0, 0.0)","(0.0, 0.0, 0.0)","(0.0, 0.0, 0.0)",0,0,0,0,0,0,False,0,0,0,0,0,0,0,0,"(0.0, 6.0, 2210.4)","(0.2, 0.0, 0.0, 1.0)"
0,973103.7,0,0,0,0,0,0,0,0,0,"(0.0, 0.0)","(0.0, 0.0)","(0.0, 0.0)","(0.0, 0.0, 0.0)","(0.0, 0.0, 0.0)","(0.0, 0.0, 0.0)","(0.0, 0.0, 0.0)","(0.0, 0.0, 0.0)","(0.0, 0.0, 0.0)",0,0,0,0,0,0,False,0,0,0,0,0,0,0,0,"(0.0, 6.0, 2210.8)","(0.2, 0.0, 0.0, 1.0)"
0,973126.1,0,0,0,0,0,0,0,0,0,"(0.0, 0.0)","(0.0, 0.0)","(0.0, 0.0)","(0.0, 0.0, 0.0)","(0.0, 0.0, 0.0)","(0.0, 0.0, 0.0)","(0.0, 0.0, 0.0)","(0.0, 0.0, 0.0)","(0.0, 0.0, 0.0)",0,0,0,0,0,0,False,0,0,0,0,0,0,0,0,"(0.0, 6.0, 2211.2)","(0.2, 0.0, 0.0, 1.0)"
0,973151.9,0,0,0,0,0,0,0,0,0,"(0.0, 0.0)","(0.0, 0.0)","(0.0, 0.0)","(0.0, 0.0, 0.0)","(0.0, 0.0, 0.0)","(0.0, 0.0, 0.0)","(0.0, 0.0, 0.0)","(0.0, 0.0, 0.0)","(0.0, 0.0, 0.0)",0,0,0,0,0,0,False,0,0,0,0,0,0,0,0,"(0.0, 6.0, 2211.7)","(0.2, 0.0, 0.0, 1.0)"
0,973171.8,0,0,0,0,0,0,0,0,0,"(0.0, 0.0)","(0.0, 0.0)","(0.0, 0.0)","(0.0, 0.0, 0.0)","(0.0, 0.0, 0.0)","(0.0, 0.0, 0.0)","(0.0, 0.0, 0.0)","(0.0, 0.0, 0.0)","(0.0, 0.0, 0.0)",0,0,0,0,0,0,False,0,0,0,0,0,0,0,0,"(0.0, 6.0, 2212.1)","(0.2, 0.0, 0.0, 1.0)"
0,973192.5,0,0,0,0,0,0,0,0,0,"(0.0, 0.0)","(0.0, 0.0)","(0.0, 0.0)","(0.0, 0.0, 0.0)","(0.0, 0.0, 0.0)","(0.0, 0.0, 0.0)","(0.0, 0.0, 0.0)","(0.0, 0.0, 0.0)","(0.0, 0.0, 0.0)",0,0,0,0,0,0,False,0,0,0,0,0,0,0,0,"(0.0, 6.0, 2212.5)","(0.2, 0.0, 0.0, 1.0)"
0,973226.4,0,0,0,0,0,0,0,0,0,"(0.0, 0.0)","(0.0, 0.0)","(0.0, 0.0)","(0.0, 0.0, 0.0)","(0.0, 0.0, 0.0)","(0.0, 0.0, 0.0)","(0.0, 0.0, 0.0)","(0.0, 0.0, 0.0)","(0.0, 0.0, 0.0)",0,0,0,0,0,0,False,0,0,0,0,0,0,0,0,"(0.0, 6.0, 2212.9)","(0.2, 0.0, 0.0, 1.0)"
0,973252.3,0,0,0,0,0,0,0,0,0,"(0.0, 0.0)","(0.0, 0.0)","(0.0, 0.0)","(0.0, 0.0, 0.0)","(0.0, 0.0, 0.0)","(0.0, 0.0, 0.0)","(0.0, 0.0, 0.0)","(0.0, 0.0, 0.0)","(0.0, 0.0, 0.0)",0,0,0,0,0,0,False,0,0,0,0,0,0,0,0,"(0.0, 6.0, 2213.4)","(0.2, 0.0, 0.0, 1.0)"
0,973272.1,0,0,0,0,0,0,0,0,0,"(0.0, 0.0)","(0.0, 0.0)","(0.0, 0.0)","(0.0, 0.0, 0.0)","(0.0, 0.0, 0.0)","(0.0, 0.0, 0.0)","(0.0, 0.0, 0.0)","(0.0, 0.0, 0.0)","(0.0, 0.0, 0.0)",0,0,0,0,0,0,False,0,0,0,0,0,0,0,0,"(0.0, 6.0, 2213.8)","(0.2, 0.0, 0.0, 1.0)"
0,973292.9,0,0,0,0,0,0,0,0,0,"(0.0, 0.0)","(0.0, 0.0)","(0.0, 0.0)","(0.0, 0.0, 0.0)","(0.0, 0.0, 0.0)","(0.0, 0.0, 0.0)","(0.0, 0.0, 0.0)","(0.0, 0.0, 0.0)","(0.0, 0.0, 0.0)",0,0,0,0,0,0,False,0,0,0,0,0,0,0,0,"(0.0, 6.0, 2214.2)","(0.2, 0.0, 0.0, 1.0)"
0,973318,0,0,0,0,0,0,0,0,0,"(0.0, 0.0)","(0.0, 0.0)","(0.0, 0.0)","(0.0, 0.0, 0.0)","(0.0, 0.0, 0.0)","(0.0, 0.0, 0.0)","(0.0, 0.0, 0.0)","(0.0, 0.0, 0.0)","(0.0, 0.0, 0.0)",0,0,0,0,0,0,False,0,0,0,0,0,0,0,0,"(0.0, 6.0, 2214.7)","(0.2, 0.0, 0.0, 1.0)"
0,973338.2,0,0,0,0,0,0,0,0,0,"(0.0, 0.0)","(0.0, 0.0)","(0.0, 0.0)","(0.0, 0.0, 0.0)","(0.0, 0.0, 0.0)","(0.0, 0.0, 0.0)","(0.0, 0.0, 0.0)","(0.0, 0.0, 0.0)","(0.0, 0.0, 0.0)",0,0,0,0,0,0,False,0,0,0,0,0,0,0,0,"(0.0, 6.0, 2215.1)","(0.2, 0.0, 0.0, 1.0)"
0,973357.1,0,0,0,0,0,0,0,0,0,"(0.0, 0.0)","(0.0, 0.0)","(0.0, 0.0)","(0.0, 0.0, 0.0)","(0.0, 0.0, 0.0)","(0.0, 0.0, 0.0)","(0.0, 0.0, 0.0)","(0.0, 0.0, 0.0)","(0.0, 0.0, 0.0)",0,0,0,0,0,0,False,0,0,0,0,0,0,0,0,"(0.0, 6.0, 2215.5)","(0.2, 0.0, 0.0, 1.0)"
0,973377,0,0,0,0,0,0,0,0,0,"(0.0, 0.0)","(0.0, 0.0)","(0.0, 0.0)","(0.0, 0.0, 0.0)","(0.0, 0.0, 0.0)","(0.0, 0.0, 0.0)","(0.0, 0.0, 0.0)","(0.0, 0.0, 0.0)","(0.0, 0.0, 0.0)",0,0,0,0,0,0,False,0,0,0,0,0,0,0,0,"(0.0, 6.0, 2216.0)","(0.2, 0.0, 0.0, 1.0)"
0,973396.8,0,0,0,0,0,0,0,0,0,"(0.0, 0.0)","(0.0, 0.0)","(0.0, 0.0)","(0.0, 0.0, 0.0)","(0.0, 0.0, 0.0)","(0.0, 0.0, 0.0)","(0.0, 0.0, 0.0)","(0.0, 0.0, 0.0)","(0.0, 0.0, 0.0)",0,0,0,0,0,0,False,0,0,0,0,0,0,0,0,"(0.0, 6.0, 2216.4)","(0.2, 0.0, 0.0, 1.0)"
0,973417.8,0,0,0,0,0,0,0,0,0,"(0.0, 0.0)","(0.0, 0.0)","(0.0, 0.0)","(0.0, 0.0, 0.0)","(0.0, 0.0, 0.0)","(0.0, 0.0, 0.0)","(0.0, 0.0, 0.0)","(0.0, 0.0, 0.0)","(0.0, 0.0, 0.0)",0,0,0,0,0,0,False,0,0,0,0,0,0,0,0,"(0.0, 6.0, 2216.8)","(0.2, 0.0, 0.0, 1.0)"
0,973438.8,0,0,0,0,0,0,0,0,0,"(0.0, 0.0)","(0.0, 0.0)","(0.0, 0.0)","(0.0, 0.0, 0.0)","(0.0, 0.0, 0.0)","(0.0, 0.0, 0.0)","(0.0, 0.0, 0.0)","(0.0, 0.0, 0.0)","(0.0, 0.0, 0.0)",0,0,0,0,0,0,False,0,0,0,0,0,0,0,0,"(0.0, 6.0, 2217.2)","(0.2, 0.0, 0.0, 1.0)"
0,973456.8,0,0,0,0,0,0,0,0,0,"(0.0, 0.0)","(0.0, 0.0)","(0.0, 0.0)","(0.0, 0.0, 0.0)","(0.0, 0.0, 0.0)","(0.0, 0.0, 0.0)","(0.0, 0.0, 0.0)","(0.0, 0.0, 0.0)","(0.0, 0.0, 0.0)",0,0,0,0,0,0,False,0,0,0,0,0,0,0,0,"(0.0, 6.0, 2217.6)","(0.2, 0.0, 0.0, 1.0)"
0,973476.8,0,0,0,0,0,0,0,0,0,"(0.0, 0.0)","(0.0, 0.0)","(0.0, 0.0)","(0.0, 0.0, 0.0)","(0.0, 0.0, 0.0)","(0.0, 0.0, 0.0)","(0.0, 0.0, 0.0)","(0.0, 0.0, 0.0)","(0.0, 0.0, 0.0)",0,0,0,0,0,0,False,0,0,0,0,0,0,0,0,"(0.0, 6.0, 2218.0)","(0.2, 0.0, 0.0, 1.0)"
0,973496.8,0,0,0,0,0,0,0,0,0,"(0.0, 0.0)","(0.0, 0.0)","(0.0, 0.0)","(0.0, 0.0, 0.0)","(0.0, 0.0, 0.0)","(0.0, 0.0, 0.0)","(0.0, 0.0, 0.0)","(0.0, 0.0, 0.0)","(0.0, 0.0, 0.0)",0,0,0,0,0,0,False,0,0,0,0,0,0,0,0,"(0.0, 6.0, 2218.4)","(0.2, 0.0, 0.0, 1.0)"
0,973516.8,0,0,0,0,0,0,0,0,0,"(0.0, 0.0)","(0.0, 0.0)","(0.0, 0.0)","(0.0, 0.0, 0.0)","(0.0, 0.0, 0.0)","(0.0, 0.0, 0.0)","(0.0, 0.0, 0.0)","(0.0, 0.0, 0.0)","(0.0, 0.0, 0.0)",0,0,0,0,0,0,False,0,0,0,0,0,0,0,0,"(0.0, 6.0, 2218.8)","(0.2, 0.0, 0.0, 1.0)"
0,973537,0,0,0,0,0,0,0,0,0,"(0.0, 0.0)","(0.0, 0.0)","(0.0, 0.0)","(0.0, 0.0, 0.0)","(0.0, 0.0, 0.0)","(0.0, 0.0, 0.0)","(0.0, 0.0, 0.0)","(0.0, 0.0, 0.0)","(0.0, 0.0, 0.0)",0,0,0,0,0,0,False,0,0,0,0,0,0,0,0,"(0.0, 6.0, 2219.2)","(0.2, 0.0, 0.0, 1.0)"
0,973555.1,0,0,0,0,0,0,0,0,0,"(0.0, 0.0)","(0.0, 0.0)","(0.0, 0.0)","(0.0, 0.0, 0.0)","(0.0, 0.0, 0.0)","(0.0, 0.0, 0.0)","(0.0, 0.0, 0.0)","(0.0, 0.0, 0.0)","(0.0, 0.0, 0.0)",0,0,0,0,0,0,False,0,0,0,0,0,0,0,0,"(0.0, 6.0, 2219.6)","(0.2, 0.0, 0.0, 1.0)"
0,973574.3,0,0,0,0,0,0,0,0,0,"(0.0, 0.0)","(0.0, 0.0)","(0.0, 0.0)","(0.0, 0.0, 0.0)","(0.0, 0.0, 0.0)","(0.0, 0.0, 0.0)","(0.0, 0.0, 0.0)","(0.0, 0.0, 0.0)","(0.0, 0.0, 0.0)",0,0,0,0,0,0,False,0,0,0,0,0,0,0,0,"(0.0, 6.0, 2220.0)","(0.2, 0.0, 0.0, 1.0)"
0,973594.2,0,0,0,0,0,0,0,0,0,"(0.0, 0.0)","(0.0, 0.0)","(0.0, 0.0)","(0.0, 0.0, 0.0)","(0.0, 0.0, 0.0)","(0.0, 0.0, 0.0)","(0.0, 0.0, 0.0)","(0.0, 0.0, 0.0)","(0.0, 0.0, 0.0)",0,0,0,0,0,0,False,0,0,0,0,0,0,0,0,"(0.0, 6.0, 2220.4)","(0.2, 0.0, 0.0, 1.0)"
0,973624.7,0,0,0,0,0,0,0,0,0,"(0.0, 0.0)","(0.0, 0.0)","(0.0, 0.0)","(0.0, 0.0, 0.0)","(0.0, 0.0, 0.0)","(0.0, 0.0, 0.0)","(0.0, 0.0, 0.0)","(0.0, 0.0, 0.0)","(0.0, 0.0, 0.0)",0,0,0,0,0,0,False,0,0,0,0,0,0,0,0,"(0.0, 6.0, 2220.8)","(0.2, 0.0, 0.0, 1.0)"
0,973644.2,0,0,0,0,0,0,0,0,0,"(0.0, 0.0)","(0.0, 0.0)","(0.0, 0.0)","(0.0, 0.0, 0.0)","(0.0, 0.0, 0.0)","(0.0, 0.0, 0.0)","(0.0, 0.0, 0.0)","(0.0, 0.0, 0.0)","(0.0, 0.0, 0.0)",0,0,0,0,0,0,False,0,0,0,0,0,0,0,0,"(0.0, 6.0, 2221.2)","(0.2, 0.0, 0.0, 1.0)"
0,973665.9,0,0,0,0,0,0,0,0,0,"(0.0, 0.0)","(0.0, 0.0)","(0.0, 0.0)","(0.0, 0.0, 0.0)","(0.0, 0.0, 0.0)","(0.0, 0.0, 0.0)","(0.0, 0.0, 0.0)","(0.0, 0.0, 0.0)","(0.0, 0.0, 0.0)",0,0,0,0,0,0,False,0,0,0,0,0,0,0,0,"(0.0, 6.0, 2221.6)","(0.2, 0.0, 0.0, 1.0)"
0,973686.2,0,0,0,0,0,0,0,0,0,"(0.0, 0.0)","(0.0, 0.0)","(0.0, 0.0)","(0.0, 0.0, 0.0)","(0.0, 0.0, 0.0)","(0.0, 0.0, 0.0)","(0.0, 0.0, 0.0)","(0.0, 0.0, 0.0)","(0.0, 0.0, 0.0)",0,0,0,0,0,0,False,0,0,0,0,0,0,0,0,"(0.0, 6.0, 2222.0)","(0.2, 0.0, 0.0, 1.0)"
0,973704.3,0,0,0,0,0,0,0,0,0,"(0.0, 0.0)","(0.0, 0.0)","(0.0, 0.0)","(0.0, 0.0, 0.0)","(0.0, 0.0, 0.0)","(0.0, 0.0, 0.0)","(0.0, 0.0, 0.0)","(0.0, 0.0, 0.0)","(0.0, 0.0, 0.0)",0,0,0,0,0,0,False,0,0,0,0,0,0,0,0,"(0.0, 6.0, 2222.4)","(0.2, 0.0, 0.0, 1.0)"
0,973721.9,0,0,0,0,0,0,0,0,0,"(0.0, 0.0)","(0.0, 0.0)","(0.0, 0.0)","(0.0, 0.0, 0.0)","(0.0, 0.0, 0.0)","(0.0, 0.0, 0.0)","(0.0, 0.0, 0.0)","(0.0, 0.0, 0.0)","(0.0, 0.0, 0.0)",0,0,0,0,0,0,False,0,0,0,0,0,0,0,0,"(0.0, 6.0, 2222.8)","(0.2, 0.0, 0.0, 1.0)"
0,973746.2,0,0,0,0,0,0,0,0,0,"(0.0, 0.0)","(0.0, 0.0)","(0.0, 0.0)","(0.0, 0.0, 0.0)","(0.0, 0.0, 0.0)","(0.0, 0.0, 0.0)","(0.0, 0.0, 0.0)","(0.0, 0.0, 0.0)","(0.0, 0.0, 0.0)",0,0,0,0,0,0,False,0,0,0,0,0,0,0,0,"(0.0, 6.0, 2223.2)","(0.2, 0.0, 0.0, 1.0)"
0,973769.4,0,0,0,0,0,0,0,0,0,"(0.0, 0.0)","(0.0, 0.0)","(0.0, 0.0)","(0.0, 0.0, 0.0)","(0.0, 0.0, 0.0)","(0.0, 0.0, 0.0)","(0.0, 0.0, 0.0)","(0.0, 0.0, 0.0)","(0.0, 0.0, 0.0)",0,0,0,0,0,0,False,0,0,0,0,0,0,0,0,"(0.0, 6.0, 2223.6)","(0.2, 0.0, 0.0, 1.0)"
0,973792.1,0,0,0,0,0,0,0,0,0,"(0.0, 0.0)","(0.0, 0.0)","(0.0, 0.0)","(0.0, 0.0, 0.0)","(0.0, 0.0, 0.0)","(0.0, 0.0, 0.0)","(0.0, 0.0, 0.0)","(0.0, 0.0, 0.0)","(0.0, 0.0, 0.0)",0,0,0,0,0,0,False,0,0,0,0,0,0,0,0,"(0.0, 6.0, 2224.0)","(0.2, 0.0, 0.0, 1.0)"
0,973814.3,0,0,0,0,0,0,0,0,0,"(0.0, 0.0)","(0.0, 0.0)","(0.0, 0.0)","(0.0, 0.0, 0.0)","(0.0, 0.0, 0.0)","(0.0, 0.0, 0.0)","(0.0, 0.0, 0.0)","(0.0, 0.0, 0.0)","(0.0, 0.0, 0.0)",0,0,0,0,0,0,False,0,0,0,0,0,0,0,0,"(0.0, 6.0, 2224.4)","(0.2, 0.0, 0.0, 1.0)"
0,973837,0,0,0,0,0,0,0,0,0,"(0.0, 0.0)","(0.0, 0.0)","(0.0, 0.0)","(0.0, 0.0, 0.0)","(0.0, 0.0, 0.0)","(0.0, 0.0, 0.0)","(0.0, 0.0, 0.0)","(0.0, 0.0, 0.0)","(0.0, 0.0, 0.0)",0,0,0,0,0,0,False,0,0,0,0,0,0,0,0,"(0.0, 6.0, 2224.8)","(0.2, 0.0, 0.0, 1.0)"
0,973859.1,0,0,0,0,0,0,0,0,0,"(0.0, 0.0)","(0.0, 0.0)","(0.0, 0.0)","(0.0, 0.0, 0.0)","(0.0, 0.0, 0.0)","(0.0, 0.0, 0.0)","(0.0, 0.0, 0.0)","(0.0, 0.0, 0.0)","(0.0, 0.0, 0.0)",0,0,0,0,0,0,False,0,0,0,0,0,0,0,0,"(0.0, 6.0, 2225.2)","(0.2, 0.0, 0.0, 1.0)"
0,973882,0,0,0,0,0,0,0,0,0,"(0.0, 0.0)","(0.0, 0.0)","(0.0, 0.0)","(0.0, 0.0, 0.0)","(0.0, 0.0, 0.0)","(0.0, 0.0, 0.0)","(0.0, 0.0, 0.0)","(0.0, 0.0, 0.0)","(0.0, 0.0, 0.0)",0,0,0,0,0,0,False,0,0,0,0,0,0,0,0,"(0.0, 6.0, 2225.6)","(0.2, 0.0, 0.0, 1.0)"
0,973903.3,0,0,0,0,0,0,0,0,0,"(0.0, 0.0)","(0.0, 0.0)","(0.0, 0.0)","(0.0, 0.0, 0.0)","(0.0, 0.0, 0.0)","(0.0, 0.0, 0.0)","(0.0, 0.0, 0.0)","(0.0, 0.0, 0.0)","(0.0, 0.0, 0.0)",0,0,0,0,0,0,False,0,0,0,0,0,0,0,0,"(0.0, 6.0, 2226.0)","(0.2, 0.0, 0.0, 1.0)"
0,973925.6,0,0,0,0,0,0,0,0,0,"(0.0, 0.0)","(0.0, 0.0)","(0.0, 0.0)","(0.0, 0.0, 0.0)","(0.0, 0.0, 0.0)","(0.0, 0.0, 0.0)","(0.0, 0.0, 0.0)","(0.0, 0.0, 0.0)","(0.0, 0.0, 0.0)",0,0,0,0,0,0,False,0,0,0,0,0,0,0,0,"(0.0, 6.0, 2226.4)","(0.2, 0.0, 0.0, 1.0)"
0,973949.1,0,0,0,0,0,0,0,0,0,"(0.0, 0.0)","(0.0, 0.0)","(0.0, 0.0)","(0.0, 0.0, 0.0)","(0.0, 0.0, 0.0)","(0.0, 0.0, 0.0)","(0.0, 0.0, 0.0)","(0.0, 0.0, 0.0)","(0.0, 0.0, 0.0)",0,0,0,0,0,0,False,0,0,0,0,0,0,0,0,"(0.0, 6.0, 2226.8)","(0.2, 0.0, 0.0, 1.0)"
0,973970.1,0,0,0,0,0,0,0,0,0,"(0.0, 0.0)","(0.0, 0.0)","(0.0, 0.0)","(0.0, 0.0, 0.0)","(0.0, 0.0, 0.0)","(0.0, 0.0, 0.0)","(0.0, 0.0, 0.0)","(0.0, 0.0, 0.0)","(0.0, 0.0, 0.0)",0,0,0,0,0,0,False,0,0,0,0,0,0,0,0,"(0.0, 6.0, 2227.3)","(0.2, 0.0, 0.0, 1.0)"
0,973992.9,0,0,0,0,0,0,0,0,0,"(0.0, 0.0)","(0.0, 0.0)","(0.0, 0.0)","(0.0, 0.0, 0.0)","(0.0, 0.0, 0.0)","(0.0, 0.0, 0.0)","(0.0, 0.0, 0.0)","(0.0, 0.0, 0.0)","(0.0, 0.0, 0.0)",0,0,0,0,0,0,False,0,0,0,0,0,0,0,0,"(0.0, 6.0, 2227.7)","(0.2, 0.0, 0.0, 1.0)"
0,974015.6,0,0,0,0,0,0,0,0,0,"(0.0, 0.0)","(0.0, 0.0)","(0.0, 0.0)","(0.0, 0.0, 0.0)","(0.0, 0.0, 0.0)","(0.0, 0.0, 0.0)","(0.0, 0.0, 0.0)","(0.0, 0.0, 0.0)","(0.0, 0.0, 0.0)",0,0,0,0,0,0,False,0,0,0,0,0,0,0,0,"(0.0, 6.0, 2228.1)","(0.2, 0.0, 0.0, 1.0)"
0,974036.8,0,0,0,0,0,0,0,0,0,"(0.0, 0.0)","(0.0, 0.0)","(0.0, 0.0)","(0.0, 0.0, 0.0)","(0.0, 0.0, 0.0)","(0.0, 0.0, 0.0)","(0.0, 0.0, 0.0)","(0.0, 0.0, 0.0)","(0.0, 0.0, 0.0)",0,0,0,0,0,0,False,0,0,0,0,0,0,0,0,"(0.0, 6.0, 2228.5)","(0.2, 0.0, 0.0, 1.0)"
0,974058.9,0,0,0,0,0,0,0,0,0,"(0.0, 0.0)","(0.0, 0.0)","(0.0, 0.0)","(0.0, 0.0, 0.0)","(0.0, 0.0, 0.0)","(0.0, 0.0, 0.0)","(0.0, 0.0, 0.0)","(0.0, 0.0, 0.0)","(0.0, 0.0, 0.0)",0,0,0,0,0,0,False,0,0,0,0,0,0,0,0,"(0.0, 6.0, 2228.9)","(0.2, 0.0, 0.0, 1.0)"
0,974082.4,0,0,0,0,0,0,0,0,0,"(0.0, 0.0)","(0.0, 0.0)","(0.0, 0.0)","(0.0, 0.0, 0.0)","(0.0, 0.0, 0.0)","(0.0, 0.0, 0.0)","(0.0, 0.0, 0.0)","(0.0, 0.0, 0.0)","(0.0, 0.0, 0.0)",0,0,0,0,0,0,False,0,0,0,0,0,0,0,0,"(0.0, 6.0, 2229.4)","(0.2, 0.0, 0.0, 1.0)"
0,974109.9,0,0,0,0,0,0,0,0,0,"(0.0, 0.0)","(0.0, 0.0)","(0.0, 0.0)","(0.0, 0.0, 0.0)","(0.0, 0.0, 0.0)","(0.0, 0.0, 0.0)","(0.0, 0.0, 0.0)","(0.0, 0.0, 0.0)","(0.0, 0.0, 0.0)",0,0,0,0,0,0,False,0,0,0,0,0,0,0,0,"(0.0, 6.0, 2229.8)","(0.2, 0.0, 0.0, 1.0)"
0,974132.1,0,0,0,0,0,0,0,0,0,"(0.0, 0.0)","(0.0, 0.0)","(0.0, 0.0)","(0.0, 0.0, 0.0)","(0.0, 0.0, 0.0)","(0.0, 0.0, 0.0)","(0.0, 0.0, 0.0)","(0.0, 0.0, 0.0)","(0.0, 0.0, 0.0)",0,0,0,0,0,0,False,0,0,0,0,0,0,0,0,"(0.0, 6.0, 2230.2)","(0.2, 0.0, 0.0, 1.0)"
0,974153.5,0,0,0,0,0,0,0,0,0,"(0.0, 0.0)","(0.0, 0.0)","(0.0, 0.0)","(0.0, 0.0, 0.0)","(0.0, 0.0, 0.0)","(0.0, 0.0, 0.0)","(0.0, 0.0, 0.0)","(0.0, 0.0, 0.0)","(0.0, 0.0, 0.0)",0,0,0,0,0,0,False,0,0,0,0,0,0,0,0,"(0.0, 6.0, 2230.6)","(0.2, 0.0, 0.0, 1.0)"
0,974176.1,0,0,0,0,0,0,0,0,0,"(0.0, 0.0)","(0.0, 0.0)","(0.0, 0.0)","(0.0, 0.0, 0.0)","(0.0, 0.0, 0.0)","(0.0, 0.0, 0.0)","(0.0, 0.0, 0.0)","(0.0, 0.0, 0.0)","(0.0, 0.0, 0.0)",0,0,0,0,0,0,False,0,0,0,0,0,0,0,0,"(0.0, 6.0, 2231.1)","(0.2, 0.0, 0.0, 1.0)"
0,974196.8,0,0,0,0,0,0,0,0,0,"(0.0, 0.0)","(0.0, 0.0)","(0.0, 0.0)","(0.0, 0.0, 0.0)","(0.0, 0.0, 0.0)","(0.0, 0.0, 0.0)","(0.0, 0.0, 0.0)","(0.0, 0.0, 0.0)","(0.0, 0.0, 0.0)",0,0,0,0,0,0,False,0,0,0,0,0,0,0,0,"(0.0, 6.0, 2231.5)","(0.2, 0.0, 0.0, 1.0)"
0,974218.7,0,0,0,0,0,0,0,0,0,"(0.0, 0.0)","(0.0, 0.0)","(0.0, 0.0)","(0.0, 0.0, 0.0)","(0.0, 0.0, 0.0)","(0.0, 0.0, 0.0)","(0.0, 0.0, 0.0)","(0.0, 0.0, 0.0)","(0.0, 0.0, 0.0)",0,0,0,0,0,0,False,0,0,0,0,0,0,0,0,"(0.0, 6.0, 2231.9)","(0.2, 0.0, 0.0, 1.0)"
0,974242.1,0,0,0,0,0,0,0,0,0,"(0.0, 0.0)","(0.0, 0.0)","(0.0, 0.0)","(0.0, 0.0, 0.0)","(0.0, 0.0, 0.0)","(0.0, 0.0, 0.0)","(0.0, 0.0, 0.0)","(0.0, 0.0, 0.0)","(0.0, 0.0, 0.0)",0,0,0,0,0,0,False,0,0,0,0,0,0,0,0,"(0.0, 6.0, 2232.3)","(0.2, 0.0, 0.0, 1.0)"
0,974264.3,0,0,0,0,0,0,0,0,0,"(0.0, 0.0)","(0.0, 0.0)","(0.0, 0.0)","(0.0, 0.0, 0.0)","(0.0, 0.0, 0.0)","(0.0, 0.0, 0.0)","(0.0, 0.0, 0.0)","(0.0, 0.0, 0.0)","(0.0, 0.0, 0.0)",0,0,0,0,0,0,False,0,0,0,0,0,0,0,0,"(0.0, 6.0, 2232.8)","(0.2, 0.0, 0.0, 1.0)"
0,974299.8,0,0,0,0,0,0,0,0,0,"(0.0, 0.0)","(0.0, 0.0)","(0.0, 0.0)","(0.0, 0.0, 0.0)","(0.0, 0.0, 0.0)","(0.0, 0.0, 0.0)","(0.0, 0.0, 0.0)","(0.0, 0.0, 0.0)","(0.0, 0.0, 0.0)",0,0,0,0,0,0,False,0,0,0,0,0,0,0,0,"(0.0, 6.0, 2233.2)","(0.2, 0.0, 0.0, 1.0)"
0,974321.6,0,0,0,0,0,0,0,0,0,"(0.0, 0.0)","(0.0, 0.0)","(0.0, 0.0)","(0.0, 0.0, 0.0)","(0.0, 0.0, 0.0)","(0.0, 0.0, 0.0)","(0.0, 0.0, 0.0)","(0.0, 0.0, 0.0)","(0.0, 0.0, 0.0)",0,0,0,0,0,0,False,0,0,0,0,0,0,0,0,"(0.0, 6.0, 2233.7)","(0.2, 0.0, 0.0, 1.0)"
0,974343.1,0,0,0,0,0,0,0,0,0,"(0.0, 0.0)","(0.0, 0.0)","(0.0, 0.0)","(0.0, 0.0, 0.0)","(0.0, 0.0, 0.0)","(0.0, 0.0, 0.0)","(0.0, 0.0, 0.0)","(0.0, 0.0, 0.0)","(0.0, 0.0, 0.0)",0,0,0,0,0,0,False,0,0,0,0,0,0,0,0,"(0.0, 6.0, 2234.1)","(0.2, 0.0, 0.0, 1.0)"
0,974364.3,0,0,0,0,0,0,0,0,0,"(0.0, 0.0)","(0.0, 0.0)","(0.0, 0.0)","(0.0, 0.0, 0.0)","(0.0, 0.0, 0.0)","(0.0, 0.0, 0.0)","(0.0, 0.0, 0.0)","(0.0, 0.0, 0.0)","(0.0, 0.0, 0.0)",0,0,0,0,0,0,False,0,0,0,0,0,0,0,0,"(0.0, 6.0, 2234.5)","(0.2, 0.0, 0.0, 1.0)"
0,974384.8,0,0,0,0,0,0,0,0,0,"(0.0, 0.0)","(0.0, 0.0)","(0.0, 0.0)","(0.0, 0.0, 0.0)","(0.0, 0.0, 0.0)","(0.0, 0.0, 0.0)","(0.0, 0.0, 0.0)","(0.0, 0.0, 0.0)","(0.0, 0.0, 0.0)",0,0,0,0,0,0,False,0,0,0,0,0,0,0,0,"(0.0, 6.0, 2235.0)","(0.2, 0.0, 0.0, 1.0)"
0,974405.5,0,0,0,0,0,0,0,0,0,"(0.0, 0.0)","(0.0, 0.0)","(0.0, 0.0)","(0.0, 0.0, 0.0)","(0.0, 0.0, 0.0)","(0.0, 0.0, 0.0)","(0.0, 0.0, 0.0)","(0.0, 0.0, 0.0)","(0.0, 0.0, 0.0)",0,0,0,0,0,0,False,0,0,0,0,0,0,0,0,"(0.0, 6.0, 2235.4)","(0.2, 0.0, 0.0, 1.0)"
0,974424.1,0,0,0,0,0,0,0,0,0,"(0.0, 0.0)","(0.0, 0.0)","(0.0, 0.0)","(0.0, 0.0, 0.0)","(0.0, 0.0, 0.0)","(0.0, 0.0, 0.0)","(0.0, 0.0, 0.0)","(0.0, 0.0, 0.0)","(0.0, 0.0, 0.0)",0,0,0,0,0,0,False,0,0,0,0,0,0,0,0,"(0.0, 6.0, 2235.8)","(0.2, 0.0, 0.0, 1.0)"
0,974443.4,0,0,0,0,0,0,0,0,0,"(0.0, 0.0)","(0.0, 0.0)","(0.0, 0.0)","(0.0, 0.0, 0.0)","(0.0, 0.0, 0.0)","(0.0, 0.0, 0.0)","(0.0, 0.0, 0.0)","(0.0, 0.0, 0.0)","(0.0, 0.0, 0.0)",0,0,0,0,0,0,False,0,0,0,0,0,0,0,0,"(0.0, 6.0, 2236.2)","(0.2, 0.0, 0.0, 1.0)"
0,974461.9,0,0,0,0,0,0,0,0,0,"(0.0, 0.0)","(0.0, 0.0)","(0.0, 0.0)","(0.0, 0.0, 0.0)","(0.0, 0.0, 0.0)","(0.0, 0.0, 0.0)","(0.0, 0.0, 0.0)","(0.0, 0.0, 0.0)","(0.0, 0.0, 0.0)",0,0,0,0,0,0,False,0,0,0,0,0,0,0,0,"(0.0, 6.0, 2236.6)","(0.2, 0.0, 0.0, 1.0)"
0,974481.9,0,0,0,0,0,0,0,0,0,"(0.0, 0.0)","(0.0, 0.0)","(0.0, 0.0)","(0.0, 0.0, 0.0)","(0.0, 0.0, 0.0)","(0.0, 0.0, 0.0)","(0.0, 0.0, 0.0)","(0.0, 0.0, 0.0)","(0.0, 0.0, 0.0)",0,0,0,0,0,0,False,0,0,0,0,0,0,0,0,"(0.0, 6.0, 2237.1)","(0.2, 0.0, 0.0, 1.0)"
0,974501.3,0,0,0,0,0,0,0,0,0,"(0.0, 0.0)","(0.0, 0.0)","(0.0, 0.0)","(0.0, 0.0, 0.0)","(0.0, 0.0, 0.0)","(0.0, 0.0, 0.0)","(0.0, 0.0, 0.0)","(0.0, 0.0, 0.0)","(0.0, 0.0, 0.0)",0,0,0,0,0,0,False,0,0,0,0,0,0,0,0,"(0.0, 6.0, 2237.5)","(0.2, 0.0, 0.0, 1.0)"
0,974519.5,0,0,0,0,0,0,0,0,0,"(0.0, 0.0)","(0.0, 0.0)","(0.0, 0.0)","(0.0, 0.0, 0.0)","(0.0, 0.0, 0.0)","(0.0, 0.0, 0.0)","(0.0, 0.0, 0.0)","(0.0, 0.0, 0.0)","(0.0, 0.0, 0.0)",0,0,0,0,0,0,False,0,0,0,0,0,0,0,0,"(0.0, 6.0, 2237.9)","(0.2, 0.0, 0.0, 1.0)"
0,974538.1,0,0,0,0,0,0,0,0,0,"(0.0, 0.0)","(0.0, 0.0)","(0.0, 0.0)","(0.0, 0.0, 0.0)","(0.0, 0.0, 0.0)","(0.0, 0.0, 0.0)","(0.0, 0.0, 0.0)","(0.0, 0.0, 0.0)","(0.0, 0.0, 0.0)",0,0,0,0,0,0,False,0,0,0,0,0,0,0,0,"(0.0, 6.0, 2238.3)","(0.2, 0.0, 0.0, 1.0)"
0,974555.9,0,0,0,0,0,0,0,0,0,"(0.0, 0.0)","(0.0, 0.0)","(0.0, 0.0)","(0.0, 0.0, 0.0)","(0.0, 0.0, 0.0)","(0.0, 0.0, 0.0)","(0.0, 0.0, 0.0)","(0.0, 0.0, 0.0)","(0.0, 0.0, 0.0)",0,0,0,0,0,0,False,0,0,0,0,0,0,0,0,"(0.0, 6.0, 2238.6)","(0.2, 0.0, 0.0, 1.0)"
0,974574.9,0,0,0,0,0,0,0,0,0,"(0.0, 0.0)","(0.0, 0.0)","(0.0, 0.0)","(0.0, 0.0, 0.0)","(0.0, 0.0, 0.0)","(0.0, 0.0, 0.0)","(0.0, 0.0, 0.0)","(0.0, 0.0, 0.0)","(0.0, 0.0, 0.0)",0,0,0,0,0,0,False,0,0,0,0,0,0,0,0,"(0.0, 6.0, 2239.0)","(0.2, 0.0, 0.0, 1.0)"
0,974600.7,0,0,0,0,0,0,0,0,0,"(0.0, 0.0)","(0.0, 0.0)","(0.0, 0.0)","(0.0, 0.0, 0.0)","(0.0, 0.0, 0.0)","(0.0, 0.0, 0.0)","(0.0, 0.0, 0.0)","(0.0, 0.0, 0.0)","(0.0, 0.0, 0.0)",0,0,0,0,0,0,False,0,0,0,0,0,0,0,0,"(0.0, 6.0, 2239.4)","(0.2, 0.0, 0.0, 1.0)"
0,974621,0,0,0,0,0,0,0,0,0,"(0.0, 0.0)","(0.0, 0.0)","(0.0, 0.0)","(0.0, 0.0, 0.0)","(0.0, 0.0, 0.0)","(0.0, 0.0, 0.0)","(0.0, 0.0, 0.0)","(0.0, 0.0, 0.0)","(0.0, 0.0, 0.0)",0,0,0,0,0,0,False,0,0,0,0,0,0,0,0,"(0.0, 6.0, 2239.8)","(0.2, 0.0, 0.0, 1.0)"
0,974640.8,0,0,0,0,0,0,0,0,0,"(0.0, 0.0)","(0.0, 0.0)","(0.0, 0.0)","(0.0, 0.0, 0.0)","(0.0, 0.0, 0.0)","(0.0, 0.0, 0.0)","(0.0, 0.0, 0.0)","(0.0, 0.0, 0.0)","(0.0, 0.0, 0.0)",0,0,0,0,0,0,False,0,0,0,0,0,0,0,0,"(0.0, 6.0, 2240.2)","(0.2, 0.0, 0.0, 1.0)"
0,974658.4,0,0,0,0,0,0,0,0,0,"(0.0, 0.0)","(0.0, 0.0)","(0.0, 0.0)","(0.0, 0.0, 0.0)","(0.0, 0.0, 0.0)","(0.0, 0.0, 0.0)","(0.0, 0.0, 0.0)","(0.0, 0.0, 0.0)","(0.0, 0.0, 0.0)",0,0,0,0,0,0,False,0,0,0,0,0,0,0,0,"(0.0, 6.0, 2240.6)","(0.2, 0.0, 0.0, 1.0)"
0,974677.1,0,0,0,0,0,0,0,0,0,"(0.0, 0.0)","(0.0, 0.0)","(0.0, 0.0)","(0.0, 0.0, 0.0)","(0.0, 0.0, 0.0)","(0.0, 0.0, 0.0)","(0.0, 0.0, 0.0)","(0.0, 0.0, 0.0)","(0.0, 0.0, 0.0)",0,0,0,0,0,0,False,0,0,0,0,0,0,0,0,"(0.0, 6.0, 2241.0)","(0.2, 0.0, 0.0, 1.0)"
0,974695.4,0,0,0,0,0,0,0,0,0,"(0.0, 0.0)","(0.0, 0.0)","(0.0, 0.0)","(0.0, 0.0, 0.0)","(0.0, 0.0, 0.0)","(0.0, 0.0, 0.0)","(0.0, 0.0, 0.0)","(0.0, 0.0, 0.0)","(0.0, 0.0, 0.0)",0,0,0,0,0,0,False,0,0,0,0,0,0,0,0,"(0.0, 6.0, 2241.4)","(0.2, 0.0, 0.0, 1.0)"
0,974716.9,0,0,0,0,0,0,0,0,0,"(0.0, 0.0)","(0.0, 0.0)","(0.0, 0.0)","(0.0, 0.0, 0.0)","(0.0, 0.0, 0.0)","(0.0, 0.0, 0.0)","(0.0, 0.0, 0.0)","(0.0, 0.0, 0.0)","(0.0, 0.0, 0.0)",0,0,0,0,0,0,False,0,0,0,0,0,0,0,0,"(0.0, 6.0, 2241.7)","(0.2, 0.0, 0.0, 1.0)"
0,974741.7,0,0,0,0,0,0,0,0,0,"(0.0, 0.0)","(0.0, 0.0)","(0.0, 0.0)","(0.0, 0.0, 0.0)","(0.0, 0.0, 0.0)","(0.0, 0.0, 0.0)","(0.0, 0.0, 0.0)","(0.0, 0.0, 0.0)","(0.0, 0.0, 0.0)",0,0,0,0,0,0,False,0,0,0,0,0,0,0,0,"(0.0, 6.0, 2242.1)","(0.2, 0.0, 0.0, 1.0)"
0,974761.9,0,0,0,0,0,0,0,0,0,"(0.0, 0.0)","(0.0, 0.0)","(0.0, 0.0)","(0.0, 0.0, 0.0)","(0.0, 0.0, 0.0)","(0.0, 0.0, 0.0)","(0.0, 0.0, 0.0)","(0.0, 0.0, 0.0)","(0.0, 0.0, 0.0)",0,0,0,0,0,0,False,0,0,0,0,0,0,0,0,"(0.0, 6.0, 2242.5)","(0.2, 0.0, 0.0, 1.0)"
0,974781.9,0,0,0,0,0,0,0,0,0,"(0.0, 0.0)","(0.0, 0.0)","(0.0, 0.0)","(0.0, 0.0, 0.0)","(0.0, 0.0, 0.0)","(0.0, 0.0, 0.0)","(0.0, 0.0, 0.0)","(0.0, 0.0, 0.0)","(0.0, 0.0, 0.0)",0,0,0,0,0,0,False,0,0,0,0,0,0,0,0,"(0.0, 6.0, 2242.9)","(0.2, 0.0, 0.0, 1.0)"
0,974803.1,0,0,0,0,0,0,0,0,0,"(0.0, 0.0)","(0.0, 0.0)","(0.0, 0.0)","(0.0, 0.0, 0.0)","(0.0, 0.0, 0.0)","(0.0, 0.0, 0.0)","(0.0, 0.0, 0.0)","(0.0, 0.0, 0.0)","(0.0, 0.0, 0.0)",0,0,0,0,0,0,False,0,0,0,0,0,0,0,0,"(0.0, 6.0, 2243.3)","(0.2, 0.0, 0.0, 1.0)"
0,974828.1,0,0,0,0,0,0,0,0,0,"(0.0, 0.0)","(0.0, 0.0)","(0.0, 0.0)","(0.0, 0.0, 0.0)","(0.0, 0.0, 0.0)","(0.0, 0.0, 0.0)","(0.0, 0.0, 0.0)","(0.0, 0.0, 0.0)","(0.0, 0.0, 0.0)",0,0,0,0,0,0,False,0,0,0,0,0,0,0,0,"(0.0, 6.0, 2243.7)","(0.2, 0.0, 0.0, 1.0)"
0,974849.1,0,0,0,0,0,0,0,0,0,"(0.0, 0.0)","(0.0, 0.0)","(0.0, 0.0)","(0.0, 0.0, 0.0)","(0.0, 0.0, 0.0)","(0.0, 0.0, 0.0)","(0.0, 0.0, 0.0)","(0.0, 0.0, 0.0)","(0.0, 0.0, 0.0)",0,0,0,0,0,0,False,0,0,0,0,0,0,0,0,"(0.0, 6.0, 2244.1)","(0.2, 0.0, 0.0, 1.0)"
0,974869.8,0,0,0,0,0,0,0,0,0,"(0.0, 0.0)","(0.0, 0.0)","(0.0, 0.0)","(0.0, 0.0, 0.0)","(0.0, 0.0, 0.0)","(0.0, 0.0, 0.0)","(0.0, 0.0, 0.0)","(0.0, 0.0, 0.0)","(0.0, 0.0, 0.0)",0,0,0,0,0,0,False,0,0,0,0,0,0,0,0,"(0.0, 6.0, 2244.5)","(0.2, 0.0, 0.0, 1.0)"
0,974891.9,0,0,0,0,0,0,0,0,0,"(0.0, 0.0)","(0.0, 0.0)","(0.0, 0.0)","(0.0, 0.0, 0.0)","(0.0, 0.0, 0.0)","(0.0, 0.0, 0.0)","(0.0, 0.0, 0.0)","(0.0, 0.0, 0.0)","(0.0, 0.0, 0.0)",0,0,0,0,0,0,False,0,0,0,0,0,0,0,0,"(0.0, 6.0, 2244.9)","(0.2, 0.0, 0.0, 1.0)"
0,974915.3,0,0,0,0,0,0,0,0,0,"(0.0, 0.0)","(0.0, 0.0)","(0.0, 0.0)","(0.0, 0.0, 0.0)","(0.0, 0.0, 0.0)","(0.0, 0.0, 0.0)","(0.0, 0.0, 0.0)","(0.0, 0.0, 0.0)","(0.0, 0.0, 0.0)",0,0,0,0,0,0,False,0,0,0,0,0,0,0,0,"(0.0, 6.0, 2245.3)","(0.2, 0.0, 0.0, 1.0)"
0,974936.6,0,0,0,0,0,0,0,0,0,"(0.0, 0.0)","(0.0, 0.0)","(0.0, 0.0)","(0.0, 0.0, 0.0)","(0.0, 0.0, 0.0)","(0.0, 0.0, 0.0)","(0.0, 0.0, 0.0)","(0.0, 0.0, 0.0)","(0.0, 0.0, 0.0)",0,0,0,0,0,0,False,0,0,0,0,0,0,0,0,"(0.0, 6.0, 2245.7)","(0.2, 0.0, 0.0, 1.0)"
0,974966.3,0,0,0,0,0,0,0,0,0,"(0.0, 0.0)","(0.0, 0.0)","(0.0, 0.0)","(0.0, 0.0, 0.0)","(0.0, 0.0, 0.0)","(0.0, 0.0, 0.0)","(0.0, 0.0, 0.0)","(0.0, 0.0, 0.0)","(0.0, 0.0, 0.0)",0,0,0,0,0,0,False,0,0,0,0,0,0,0,0,"(0.0, 6.0, 2246.1)","(0.2, 0.0, 0.0, 1.0)"
0,974986.3,0,0,0,0,0,0,0,0,0,"(0.0, 0.0)","(0.0, 0.0)","(0.0, 0.0)","(0.0, 0.0, 0.0)","(0.0, 0.0, 0.0)","(0.0, 0.0, 0.0)","(0.0, 0.0, 0.0)","(0.0, 0.0, 0.0)","(0.0, 0.0, 0.0)",0,0,0,0,0,0,False,0,0,0,0,0,0,0,0,"(0.0, 6.0, 2246.5)","(0.2, 0.0, 0.0, 1.0)"
0,975005.6,0,0,0,0,0,0,0,0,0,"(0.0, 0.0)","(0.0, 0.0)","(0.0, 0.0)","(0.0, 0.0, 0.0)","(0.0, 0.0, 0.0)","(0.0, 0.0, 0.0)","(0.0, 0.0, 0.0)","(0.0, 0.0, 0.0)","(0.0, 0.0, 0.0)",0,0,0,0,0,0,False,0,0,0,0,0,0,0,0,"(0.0, 6.0, 2247.0)","(0.2, 0.0, 0.0, 1.0)"
0,975024.9,0,0,0,0,0,0,0,0,0,"(0.0, 0.0)","(0.0, 0.0)","(0.0, 0.0)","(0.0, 0.0, 0.0)","(0.0, 0.0, 0.0)","(0.0, 0.0, 0.0)","(0.0, 0.0, 0.0)","(0.0, 0.0, 0.0)","(0.0, 0.0, 0.0)",0,0,0,0,0,0,False,0,0,0,0,0,0,0,0,"(0.0, 6.0, 2247.4)","(0.2, 0.0, 0.0, 1.0)"
0,975048.2,0,0,0,0,0,0,0,0,0,"(0.0, 0.0)","(0.0, 0.0)","(0.0, 0.0)","(0.0, 0.0, 0.0)","(0.0, 0.0, 0.0)","(0.0, 0.0, 0.0)","(0.0, 0.0, 0.0)","(0.0, 0.0, 0.0)","(0.0, 0.0, 0.0)",0,0,0,0,0,0,False,0,0,0,0,0,0,0,0,"(0.0, 6.0, 2247.8)","(0.2, 0.0, 0.0, 1.0)"
0,975069.7,0,0,0,0,0,0,0,0,0,"(0.0, 0.0)","(0.0, 0.0)","(0.0, 0.0)","(0.0, 0.0, 0.0)","(0.0, 0.0, 0.0)","(0.0, 0.0, 0.0)","(0.0, 0.0, 0.0)","(0.0, 0.0, 0.0)","(0.0, 0.0, 0.0)",0,0,0,0,0,0,False,0,0,0,0,0,0,0,0,"(0.0, 6.0, 2248.2)","(0.2, 0.0, 0.0, 1.0)"
0,975091.9,0,0,0,0,0,0,0,0,0,"(0.0, 0.0)","(0.0, 0.0)","(0.0, 0.0)","(0.0, 0.0, 0.0)","(0.0, 0.0, 0.0)","(0.0, 0.0, 0.0)","(0.0, 0.0, 0.0)","(0.0, 0.0, 0.0)","(0.0, 0.0, 0.0)",0,0,0,0,0,0,False,0,0,0,0,0,0,0,0,"(0.0, 6.0, 2248.6)","(0.2, 0.0, 0.0, 1.0)"
0,975114.7,0,0,0,0,0,0,0,0,0,"(0.0, 0.0)","(0.0, 0.0)","(0.0, 0.0)","(0.0, 0.0, 0.0)","(0.0, 0.0, 0.0)","(0.0, 0.0, 0.0)","(0.0, 0.0, 0.0)","(0.0, 0.0, 0.0)","(0.0, 0.0, 0.0)",0,0,0,0,0,0,False,0,0,0,0,0,0,0,0,"(0.0, 6.0, 2249.0)","(0.2, 0.0, 0.0, 1.0)"
0,975139.5,0,0,0,0,0,0,0,0,0,"(0.0, 0.0)","(0.0, 0.0)","(0.0, 0.0)","(0.0, 0.0, 0.0)","(0.0, 0.0, 0.0)","(0.0, 0.0, 0.0)","(0.0, 0.0, 0.0)","(0.0, 0.0, 0.0)","(0.0, 0.0, 0.0)",0,0,0,0,0,0,False,0,0,0,0,0,0,0,0,"(0.0, 6.0, 2249.4)","(0.2, 0.0, 0.0, 1.0)"
0,975159.9,0,0,0,0,0,0,0,0,0,"(0.0, 0.0)","(0.0, 0.0)","(0.0, 0.0)","(0.0, 0.0, 0.0)","(0.0, 0.0, 0.0)","(0.0, 0.0, 0.0)","(0.0, 0.0, 0.0)","(0.0, 0.0, 0.0)","(0.0, 0.0, 0.0)",0,0,0,0,0,0,False,0,0,0,0,0,0,0,0,"(0.0, 6.0, 2249.9)","(0.2, 0.0, 0.0, 1.0)"
0,975181.9,0,0,0,0,0,0,0,0,0,"(0.0, 0.0)","(0.0, 0.0)","(0.0, 0.0)","(0.0, 0.0, 0.0)","(0.0, 0.0, 0.0)","(0.0, 0.0, 0.0)","(0.0, 0.0, 0.0)","(0.0, 0.0, 0.0)","(0.0, 0.0, 0.0)",0,0,0,0,0,0,False,0,0,0,0,0,0,0,0,"(0.0, 6.0, 2250.3)","(0.2, 0.0, 0.0, 1.0)"
0,975202.5,0,0,0,0,0,0,0,0,0,"(0.0, 0.0)","(0.0, 0.0)","(0.0, 0.0)","(0.0, 0.0, 0.0)","(0.0, 0.0, 0.0)","(0.0, 0.0, 0.0)","(0.0, 0.0, 0.0)","(0.0, 0.0, 0.0)","(0.0, 0.0, 0.0)",0,0,0,0,0,0,False,0,0,0,0,0,0,0,0,"(0.0, 6.0, 2250.7)","(0.2, 0.0, 0.0, 1.0)"
0,975224.8,0,0,0,0,0,0,0,0,0,"(0.0, 0.0)","(0.0, 0.0)","(0.0, 0.0)","(0.0, 0.0, 0.0)","(0.0, 0.0, 0.0)","(0.0, 0.0, 0.0)","(0.0, 0.0, 0.0)","(0.0, 0.0, 0.0)","(0.0, 0.0, 0.0)",0,0,0,0,0,0,False,0,0,0,0,0,0,0,0,"(0.0, 6.0, 2251.1)","(0.2, 0.0, 0.0, 1.0)"
0,975248.1,0,0,0,0,0,0,0,0,0,"(0.0, 0.0)","(0.0, 0.0)","(0.0, 0.0)","(0.0, 0.0, 0.0)","(0.0, 0.0, 0.0)","(0.0, 0.0, 0.0)","(0.0, 0.0, 0.0)","(0.0, 0.0, 0.0)","(0.0, 0.0, 0.0)",0,0,0,0,0,0,False,0,0,0,0,0,0,0,0,"(0.0, 6.0, 2251.5)","(0.2, 0.0, 0.0, 1.0)"
0,975269.6,0,0,0,0,0,0,0,0,0,"(0.0, 0.0)","(0.0, 0.0)","(0.0, 0.0)","(0.0, 0.0, 0.0)","(0.0, 0.0, 0.0)","(0.0, 0.0, 0.0)","(0.0, 0.0, 0.0)","(0.0, 0.0, 0.0)","(0.0, 0.0, 0.0)",0,0,0,0,0,0,False,0,0,0,0,0,0,0,0,"(0.0, 6.0, 2251.9)","(0.2, 0.0, 0.0, 1.0)"
0,975288.4,0,0,0,0,0,0,0,0,0,"(0.0, 0.0)","(0.0, 0.0)","(0.0, 0.0)","(0.0, 0.0, 0.0)","(0.0, 0.0, 0.0)","(0.0, 0.0, 0.0)","(0.0, 0.0, 0.0)","(0.0, 0.0, 0.0)","(0.0, 0.0, 0.0)",0,0,0,0,0,0,False,0,0,0,0,0,0,0,0,"(0.0, 6.0, 2252.3)","(0.2, 0.0, 0.0, 1.0)"
0,975308.8,0,0,0,0,0,0,0,0,0,"(0.0, 0.0)","(0.0, 0.0)","(0.0, 0.0)","(0.0, 0.0, 0.0)","(0.0, 0.0, 0.0)","(0.0, 0.0, 0.0)","(0.0, 0.0, 0.0)","(0.0, 0.0, 0.0)","(0.0, 0.0, 0.0)",0,0,0,0,0,0,False,0,0,0,0,0,0,0,0,"(0.0, 6.0, 2252.8)","(0.2, 0.0, 0.0, 1.0)"
0,975329.6,0,0,0,0,0,0,0,0,0,"(0.0, 0.0)","(0.0, 0.0)","(0.0, 0.0)","(0.0, 0.0, 0.0)","(0.0, 0.0, 0.0)","(0.0, 0.0, 0.0)","(0.0, 0.0, 0.0)","(0.0, 0.0, 0.0)","(0.0, 0.0, 0.0)",0,0,0,0,0,0,False,0,0,0,0,0,0,0,0,"(0.0, 6.0, 2253.2)","(0.2, 0.0, 0.0, 1.0)"
0,975356.6,0,0,0,0,0,0,0,0,0,"(0.0, 0.0)","(0.0, 0.0)","(0.0, 0.0)","(0.0, 0.0, 0.0)","(0.0, 0.0, 0.0)","(0.0, 0.0, 0.0)","(0.0, 0.0, 0.0)","(0.0, 0.0, 0.0)","(0.0, 0.0, 0.0)",0,0,0,0,0,0,False,0,0,0,0,0,0,0,0,"(0.0, 6.0, 2253.6)","(0.2, 0.0, 0.0, 1.0)"
0,975374.9,0,0,0,0,0,0,0,0,0,"(0.0, 0.0)","(0.0, 0.0)","(0.0, 0.0)","(0.0, 0.0, 0.0)","(0.0, 0.0, 0.0)","(0.0, 0.0, 0.0)","(0.0, 0.0, 0.0)","(0.0, 0.0, 0.0)","(0.0, 0.0, 0.0)",0,0,0,0,0,0,False,0,0,0,0,0,0,0,0,"(0.0, 6.0, 2254.0)","(0.2, 0.0, 0.0, 1.0)"
0,975394.2,0,0,0,0,0,0,0,0,0,"(0.0, 0.0)","(0.0, 0.0)","(0.0, 0.0)","(0.0, 0.0, 0.0)","(0.0, 0.0, 0.0)","(0.0, 0.0, 0.0)","(0.0, 0.0, 0.0)","(0.0, 0.0, 0.0)","(0.0, 0.0, 0.0)",0,0,0,0,0,0,False,0,0,0,0,0,0,0,0,"(0.0, 6.0, 2254.4)","(0.2, 0.0, 0.0, 1.0)"
0,975413.6,0,0,0,0,0,0,0,0,0,"(0.0, 0.0)","(0.0, 0.0)","(0.0, 0.0)","(0.0, 0.0, 0.0)","(0.0, 0.0, 0.0)","(0.0, 0.0, 0.0)","(0.0, 0.0, 0.0)","(0.0, 0.0, 0.0)","(0.0, 0.0, 0.0)",0,0,0,0,0,0,False,0,0,0,0,0,0,0,0,"(0.0, 6.0, 2254.8)","(0.2, 0.0, 0.0, 1.0)"
0,975433.9,0,0,0,0,0,0,0,0,0,"(0.0, 0.0)","(0.0, 0.0)","(0.0, 0.0)","(0.0, 0.0, 0.0)","(0.0, 0.0, 0.0)","(0.0, 0.0, 0.0)","(0.0, 0.0, 0.0)","(0.0, 0.0, 0.0)","(0.0, 0.0, 0.0)",0,0,0,0,0,0,False,0,0,0,0,0,0,0,0,"(0.0, 6.0, 2255.2)","(0.2, 0.0, 0.0, 1.0)"
0,975454.1,0,0,0,0,0,0,0,0,0,"(0.0, 0.0)","(0.0, 0.0)","(0.0, 0.0)","(0.0, 0.0, 0.0)","(0.0, 0.0, 0.0)","(0.0, 0.0, 0.0)","(0.0, 0.0, 0.0)","(0.0, 0.0, 0.0)","(0.0, 0.0, 0.0)",0,0,0,0,0,0,False,0,0,0,0,0,0,0,0,"(0.0, 6.0, 2255.6)","(0.2, 0.0, 0.0, 1.0)"
0,975473.6,0,0,0,0,0,0,0,0,0,"(0.0, 0.0)","(0.0, 0.0)","(0.0, 0.0)","(0.0, 0.0, 0.0)","(0.0, 0.0, 0.0)","(0.0, 0.0, 0.0)","(0.0, 0.0, 0.0)","(0.0, 0.0, 0.0)","(0.0, 0.0, 0.0)",0,0,0,0,0,0,False,0,0,0,0,0,0,0,0,"(0.0, 6.0, 2256.0)","(0.2, 0.0, 0.0, 1.0)"
0,975492.6,0,0,0,0,0,0,0,0,0,"(0.0, 0.0)","(0.0, 0.0)","(0.0, 0.0)","(0.0, 0.0, 0.0)","(0.0, 0.0, 0.0)","(0.0, 0.0, 0.0)","(0.0, 0.0, 0.0)","(0.0, 0.0, 0.0)","(0.0, 0.0, 0.0)",0,0,0,0,0,0,False,0,0,0,0,0,0,0,0,"(0.0, 6.0, 2256.4)","(0.2, 0.0, 0.0, 1.0)"
0,975513.5,0,0,0,0,0,0,0,0,0,"(0.0, 0.0)","(0.0, 0.0)","(0.0, 0.0)","(0.0, 0.0, 0.0)","(0.0, 0.0, 0.0)","(0.0, 0.0, 0.0)","(0.0, 0.0, 0.0)","(0.0, 0.0, 0.0)","(0.0, 0.0, 0.0)",0,0,0,0,0,0,False,0,0,0,0,0,0,0,0,"(0.0, 6.0, 2256.8)","(0.2, 0.0, 0.0, 1.0)"
0,975534.4,0,0,0,0,0,0,0,0,0,"(0.0, 0.0)","(0.0, 0.0)","(0.0, 0.0)","(0.0, 0.0, 0.0)","(0.0, 0.0, 0.0)","(0.0, 0.0, 0.0)","(0.0, 0.0, 0.0)","(0.0, 0.0, 0.0)","(0.0, 0.0, 0.0)",0,0,0,0,0,0,False,0,0,0,0,0,0,0,0,"(0.0, 6.0, 2257.2)","(0.2, 0.0, 0.0, 1.0)"
0,975553.8,0,0,0,0,0,0,0,0,0,"(0.0, 0.0)","(0.0, 0.0)","(0.0, 0.0)","(0.0, 0.0, 0.0)","(0.0, 0.0, 0.0)","(0.0, 0.0, 0.0)","(0.0, 0.0, 0.0)","(0.0, 0.0, 0.0)","(0.0, 0.0, 0.0)",0,0,0,0,0,0,False,0,0,0,0,0,0,0,0,"(0.0, 6.0, 2257.6)","(0.2, 0.0, 0.0, 1.0)"
0,975578.5,0,0,0,0,0,0,0,0,0,"(0.0, 0.0)","(0.0, 0.0)","(0.0, 0.0)","(0.0, 0.0, 0.0)","(0.0, 0.0, 0.0)","(0.0, 0.0, 0.0)","(0.0, 0.0, 0.0)","(0.0, 0.0, 0.0)","(0.0, 0.0, 0.0)",0,0,0,0,0,0,False,0,0,0,0,0,0,0,0,"(0.0, 6.0, 2258.0)","(0.2, 0.0, 0.0, 1.0)"
0,975598.7,0,0,0,0,0,0,0,0,0,"(0.0, 0.0)","(0.0, 0.0)","(0.0, 0.0)","(0.0, 0.0, 0.0)","(0.0, 0.0, 0.0)","(0.0, 0.0, 0.0)","(0.0, 0.0, 0.0)","(0.0, 0.0, 0.0)","(0.0, 0.0, 0.0)",0,0,0,0,0,0,False,0,0,0,0,0,0,0,0,"(0.0, 6.0, 2258.4)","(0.2, 0.0, 0.0, 1.0)"
0,975619.4,0,0,0,0,0,0,0,0,0,"(0.0, 0.0)","(0.0, 0.0)","(0.0, 0.0)","(0.0, 0.0, 0.0)","(0.0, 0.0, 0.0)","(0.0, 0.0, 0.0)","(0.0, 0.0, 0.0)","(0.0, 0.0, 0.0)","(0.0, 0.0, 0.0)",0,0,0,0,0,0,False,0,0,0,0,0,0,0,0,"(0.0, 6.0, 2258.8)","(0.2, 0.0, 0.0, 1.0)"
0,975639.6,0,0,0,0,0,0,0,0,0,"(0.0, 0.0)","(0.0, 0.0)","(0.0, 0.0)","(0.0, 0.0, 0.0)","(0.0, 0.0, 0.0)","(0.0, 0.0, 0.0)","(0.0, 0.0, 0.0)","(0.0, 0.0, 0.0)","(0.0, 0.0, 0.0)",0,0,0,0,0,0,False,0,0,0,0,0,0,0,0,"(0.0, 6.0, 2259.2)","(0.2, 0.0, 0.0, 1.0)"
0,975658.3,0,0,0,0,0,0,0,0,0,"(0.0, 0.0)","(0.0, 0.0)","(0.0, 0.0)","(0.0, 0.0, 0.0)","(0.0, 0.0, 0.0)","(0.0, 0.0, 0.0)","(0.0, 0.0, 0.0)","(0.0, 0.0, 0.0)","(0.0, 0.0, 0.0)",0,0,0,0,0,0,False,0,0,0,0,0,0,0,0,"(0.0, 6.0, 2259.5)","(0.2, 0.0, 0.0, 1.0)"
0,975678.9,0,0,0,0,0,0,0,0,0,"(0.0, 0.0)","(0.0, 0.0)","(0.0, 0.0)","(0.0, 0.0, 0.0)","(0.0, 0.0, 0.0)","(0.0, 0.0, 0.0)","(0.0, 0.0, 0.0)","(0.0, 0.0, 0.0)","(0.0, 0.0, 0.0)",0,0,0,0,0,0,False,0,0,0,0,0,0,0,0,"(0.0, 6.0, 2259.9)","(0.2, 0.0, 0.0, 1.0)"
0,975699.1,0,0,0,0,0,0,0,0,0,"(0.0, 0.0)","(0.0, 0.0)","(0.0, 0.0)","(0.0, 0.0, 0.0)","(0.0, 0.0, 0.0)","(0.0, 0.0, 0.0)","(0.0, 0.0, 0.0)","(0.0, 0.0, 0.0)","(0.0, 0.0, 0.0)",0,0,0,0,0,0,False,0,0,0,0,0,0,0,0,"(0.0, 6.0, 2260.3)","(0.2, 0.0, 0.0, 1.0)"
0,975726.9,0,0,0,0,0,0,0,0,0,"(0.0, 0.0)","(0.0, 0.0)","(0.0, 0.0)","(0.0, 0.0, 0.0)","(0.0, 0.0, 0.0)","(0.0, 0.0, 0.0)","(0.0, 0.0, 0.0)","(0.0, 0.0, 0.0)","(0.0, 0.0, 0.0)",0,0,0,0,0,0,False,0,0,0,0,0,0,0,0,"(0.0, 6.0, 2260.7)","(0.2, 0.0, 0.0, 1.0)"
0,975747.4,0,0,0,0,0,0,0,0,0,"(0.0, 0.0)","(0.0, 0.0)","(0.0, 0.0)","(0.0, 0.0, 0.0)","(0.0, 0.0, 0.0)","(0.0, 0.0, 0.0)","(0.0, 0.0, 0.0)","(0.0, 0.0, 0.0)","(0.0, 0.0, 0.0)",0,0,0,0,0,0,False,0,0,0,0,0,0,0,0,"(0.0, 6.0, 2261.1)","(0.2, 0.0, 0.0, 1.0)"
0,975769.2,0,0,0,0,0,0,0,0,0,"(0.0, 0.0)","(0.0, 0.0)","(0.0, 0.0)","(0.0, 0.0, 0.0)","(0.0, 0.0, 0.0)","(0.0, 0.0, 0.0)","(0.0, 0.0, 0.0)","(0.0, 0.0, 0.0)","(0.0, 0.0, 0.0)",0,0,0,0,0,0,False,0,0,0,0,0,0,0,0,"(0.0, 6.0, 2261.5)","(0.2, 0.0, 0.0, 1.0)"
0,975791.4,0,0,0,0,0,0,0,0,0,"(0.0, 0.0)","(0.0, 0.0)","(0.0, 0.0)","(0.0, 0.0, 0.0)","(0.0, 0.0, 0.0)","(0.0, 0.0, 0.0)","(0.0, 0.0, 0.0)","(0.0, 0.0, 0.0)","(0.0, 0.0, 0.0)",0,0,0,0,0,0,False,0,0,0,0,0,0,0,0,"(0.0, 6.0, 2261.9)","(0.2, 0.0, 0.0, 1.0)"
0,975814.8,0,0,0,0,0,0,0,0,0,"(0.0, 0.0)","(0.0, 0.0)","(0.0, 0.0)","(0.0, 0.0, 0.0)","(0.0, 0.0, 0.0)","(0.0, 0.0, 0.0)","(0.0, 0.0, 0.0)","(0.0, 0.0, 0.0)","(0.0, 0.0, 0.0)",0,0,0,0,0,0,False,0,0,0,0,0,0,0,0,"(0.0, 6.0, 2262.4)","(0.2, 0.0, 0.0, 1.0)"
0,975836,0,0,0,0,0,0,0,0,0,"(0.0, 0.0)","(0.0, 0.0)","(0.0, 0.0)","(0.0, 0.0, 0.0)","(0.0, 0.0, 0.0)","(0.0, 0.0, 0.0)","(0.0, 0.0, 0.0)","(0.0, 0.0, 0.0)","(0.0, 0.0, 0.0)",0,0,0,0,0,0,False,0,0,0,0,0,0,0,0,"(0.0, 6.0, 2262.8)","(0.2, 0.0, 0.0, 1.0)"
0,975858.6,0,0,0,0,0,0,0,0,0,"(0.0, 0.0)","(0.0, 0.0)","(0.0, 0.0)","(0.0, 0.0, 0.0)","(0.0, 0.0, 0.0)","(0.0, 0.0, 0.0)","(0.0, 0.0, 0.0)","(0.0, 0.0, 0.0)","(0.0, 0.0, 0.0)",0,0,0,0,0,0,False,0,0,0,0,0,0,0,0,"(0.0, 6.0, 2263.2)","(0.2, 0.0, 0.0, 1.0)"
0,975889.6,0,0,0,0,0,0,0,0,0,"(0.0, 0.0)","(0.0, 0.0)","(0.0, 0.0)","(0.0, 0.0, 0.0)","(0.0, 0.0, 0.0)","(0.0, 0.0, 0.0)","(0.0, 0.0, 0.0)","(0.0, 0.0, 0.0)","(0.0, 0.0, 0.0)",0,0,0,0,0,0,False,0,0,0,0,0,0,0,0,"(0.0, 6.0, 2263.6)","(0.2, 0.0, 0.0, 1.0)"
0,975908.8,0,0,0,0,0,0,0,0,0,"(0.0, 0.0)","(0.0, 0.0)","(0.0, 0.0)","(0.0, 0.0, 0.0)","(0.0, 0.0, 0.0)","(0.0, 0.0, 0.0)","(0.0, 0.0, 0.0)","(0.0, 0.0, 0.0)","(0.0, 0.0, 0.0)",0,0,0,0,0,0,False,0,0,0,0,0,0,0,0,"(0.0, 6.0, 2264.0)","(0.2, 0.0, 0.0, 1.0)"
0,975927.9,0,0,0,0,0,0,0,0,0,"(0.0, 0.0)","(0.0, 0.0)","(0.0, 0.0)","(0.0, 0.0, 0.0)","(0.0, 0.0, 0.0)","(0.0, 0.0, 0.0)","(0.0, 0.0, 0.0)","(0.0, 0.0, 0.0)","(0.0, 0.0, 0.0)",0,0,0,0,0,0,False,0,0,0,0,0,0,0,0,"(0.0, 6.0, 2264.4)","(0.2, 0.0, 0.0, 1.0)"
0,975947.8,0,0,0,0,0,0,0,0,0,"(0.0, 0.0)","(0.0, 0.0)","(0.0, 0.0)","(0.0, 0.0, 0.0)","(0.0, 0.0, 0.0)","(0.0, 0.0, 0.0)","(0.0, 0.0, 0.0)","(0.0, 0.0, 0.0)","(0.0, 0.0, 0.0)",0,0,0,0,0,0,False,0,0,0,0,0,0,0,0,"(0.0, 6.0, 2264.9)","(0.2, 0.0, 0.0, 1.0)"
0,975968.9,0,0,0,0,0,0,0,0,0,"(0.0, 0.0)","(0.0, 0.0)","(0.0, 0.0)","(0.0, 0.0, 0.0)","(0.0, 0.0, 0.0)","(0.0, 0.0, 0.0)","(0.0, 0.0, 0.0)","(0.0, 0.0, 0.0)","(0.0, 0.0, 0.0)",0,0,0,0,0,0,False,0,0,0,0,0,0,0,0,"(0.0, 6.0, 2265.3)","(0.2, 0.0, 0.0, 1.0)"
0,975991,0,0,0,0,0,0,0,0,0,"(0.0, 0.0)","(0.0, 0.0)","(0.0, 0.0)","(0.0, 0.0, 0.0)","(0.0, 0.0, 0.0)","(0.0, 0.0, 0.0)","(0.0, 0.0, 0.0)","(0.0, 0.0, 0.0)","(0.0, 0.0, 0.0)",0,0,0,0,0,0,False,0,0,0,0,0,0,0,0,"(0.0, 6.0, 2265.7)","(0.2, 0.0, 0.0, 1.0)"
0,976013.8,0,0,0,0,0,0,0,0,0,"(0.0, 0.0)","(0.0, 0.0)","(0.0, 0.0)","(0.0, 0.0, 0.0)","(0.0, 0.0, 0.0)","(0.0, 0.0, 0.0)","(0.0, 0.0, 0.0)","(0.0, 0.0, 0.0)","(0.0, 0.0, 0.0)",0,0,0,0,0,0,False,0,0,0,0,0,0,0,0,"(0.0, 6.0, 2266.1)","(0.2, 0.0, 0.0, 1.0)"
0,976035.4,0,0,0,0,0,0,0,0,0,"(0.0, 0.0)","(0.0, 0.0)","(0.0, 0.0)","(0.0, 0.0, 0.0)","(0.0, 0.0, 0.0)","(0.0, 0.0, 0.0)","(0.0, 0.0, 0.0)","(0.0, 0.0, 0.0)","(0.0, 0.0, 0.0)",0,0,0,0,0,0,False,0,0,0,0,0,0,0,0,"(0.0, 6.0, 2266.5)","(0.2, 0.0, 0.0, 1.0)"
0,976057.9,0,0,0,0,0,0,0,0,0,"(0.0, 0.0)","(0.0, 0.0)","(0.0, 0.0)","(0.0, 0.0, 0.0)","(0.0, 0.0, 0.0)","(0.0, 0.0, 0.0)","(0.0, 0.0, 0.0)","(0.0, 0.0, 0.0)","(0.0, 0.0, 0.0)",0,0,0,0,0,0,False,0,0,0,0,0,0,0,0,"(0.0, 6.0, 2266.9)","(0.2, 0.0, 0.0, 1.0)"
0,976080.6,0,0,0,0,0,0,0,0,0,"(0.0, 0.0)","(0.0, 0.0)","(0.0, 0.0)","(0.0, 0.0, 0.0)","(0.0, 0.0, 0.0)","(0.0, 0.0, 0.0)","(0.0, 0.0, 0.0)","(0.0, 0.0, 0.0)","(0.0, 0.0, 0.0)",0,0,0,0,0,0,False,0,0,0,0,0,0,0,0,"(0.0, 6.0, 2267.3)","(0.2, 0.0, 0.0, 1.0)"
0,976104.7,0,0,0,0,0,0,0,0,0,"(0.0, 0.0)","(0.0, 0.0)","(0.0, 0.0)","(0.0, 0.0, 0.0)","(0.0, 0.0, 0.0)","(0.0, 0.0, 0.0)","(0.0, 0.0, 0.0)","(0.0, 0.0, 0.0)","(0.0, 0.0, 0.0)",0,0,0,0,0,0,False,0,0,0,0,0,0,0,0,"(0.0, 6.0, 2267.8)","(0.2, 0.0, 0.0, 1.0)"
0,976124.3,0,0,0,0,0,0,0,0,0,"(0.0, 0.0)","(0.0, 0.0)","(0.0, 0.0)","(0.0, 0.0, 0.0)","(0.0, 0.0, 0.0)","(0.0, 0.0, 0.0)","(0.0, 0.0, 0.0)","(0.0, 0.0, 0.0)","(0.0, 0.0, 0.0)",0,0,0,0,0,0,False,0,0,0,0,0,0,0,0,"(0.0, 6.0, 2268.2)","(0.2, 0.0, 0.0, 1.0)"
0,976147.4,0,0,0,0,0,0,0,0,0,"(0.0, 0.0)","(0.0, 0.0)","(0.0, 0.0)","(0.0, 0.0, 0.0)","(0.0, 0.0, 0.0)","(0.0, 0.0, 0.0)","(0.0, 0.0, 0.0)","(0.0, 0.0, 0.0)","(0.0, 0.0, 0.0)",0,0,0,0,0,0,False,0,0,0,0,0,0,0,0,"(0.0, 6.0, 2268.6)","(0.2, 0.0, 0.0, 1.0)"
0,976168.8,0,0,0,0,0,0,0,0,0,"(0.0, 0.0)","(0.0, 0.0)","(0.0, 0.0)","(0.0, 0.0, 0.0)","(0.0, 0.0, 0.0)","(0.0, 0.0, 0.0)","(0.0, 0.0, 0.0)","(0.0, 0.0, 0.0)","(0.0, 0.0, 0.0)",0,0,0,0,0,0,False,0,0,0,0,0,0,0,0,"(0.0, 6.0, 2269.0)","(0.2, 0.0, 0.0, 1.0)"
0,976191,0,0,0,0,0,0,0,0,0,"(0.0, 0.0)","(0.0, 0.0)","(0.0, 0.0)","(0.0, 0.0, 0.0)","(0.0, 0.0, 0.0)","(0.0, 0.0, 0.0)","(0.0, 0.0, 0.0)","(0.0, 0.0, 0.0)","(0.0, 0.0, 0.0)",0,0,0,0,0,0,False,0,0,0,0,0,0,0,0,"(0.0, 6.0, 2269.4)","(0.2, 0.0, 0.0, 1.0)"
0,976214.1,0,0,0,0,0,0,0,0,0,"(0.0, 0.0)","(0.0, 0.0)","(0.0, 0.0)","(0.0, 0.0, 0.0)","(0.0, 0.0, 0.0)","(0.0, 0.0, 0.0)","(0.0, 0.0, 0.0)","(0.0, 0.0, 0.0)","(0.0, 0.0, 0.0)",0,0,0,0,0,0,False,0,0,0,0,0,0,0,0,"(0.0, 6.0, 2269.9)","(0.2, 0.0, 0.0, 1.0)"
0,976240.3,0,0,0,0,0,0,0,0,0,"(0.0, 0.0)","(0.0, 0.0)","(0.0, 0.0)","(0.0, 0.0, 0.0)","(0.0, 0.0, 0.0)","(0.0, 0.0, 0.0)","(0.0, 0.0, 0.0)","(0.0, 0.0, 0.0)","(0.0, 0.0, 0.0)",0,0,0,0,0,0,False,0,0,0,0,0,0,0,0,"(0.0, 6.0, 2270.3)","(0.2, 0.0, 0.0, 1.0)"
0,976260.1,0,0,0,0,0,0,0,0,0,"(0.0, 0.0)","(0.0, 0.0)","(0.0, 0.0)","(0.0, 0.0, 0.0)","(0.0, 0.0, 0.0)","(0.0, 0.0, 0.0)","(0.0, 0.0, 0.0)","(0.0, 0.0, 0.0)","(0.0, 0.0, 0.0)",0,0,0,0,0,0,False,0,0,0,0,0,0,0,0,"(0.0, 6.0, 2270.7)","(0.2, 0.0, 0.0, 1.0)"
0,976280.3,0,0,0,0,0,0,0,0,0,"(0.0, 0.0)","(0.0, 0.0)","(0.0, 0.0)","(0.0, 0.0, 0.0)","(0.0, 0.0, 0.0)","(0.0, 0.0, 0.0)","(0.0, 0.0, 0.0)","(0.0, 0.0, 0.0)","(0.0, 0.0, 0.0)",0,0,0,0,0,0,False,0,0,0,0,0,0,0,0,"(0.0, 6.0, 2271.1)","(0.2, 0.0, 0.0, 1.0)"
0,976301.3,0,0,0,0,0,0,0,0,0,"(0.0, 0.0)","(0.0, 0.0)","(0.0, 0.0)","(0.0, 0.0, 0.0)","(0.0, 0.0, 0.0)","(0.0, 0.0, 0.0)","(0.0, 0.0, 0.0)","(0.0, 0.0, 0.0)","(0.0, 0.0, 0.0)",0,0,0,0,0,0,False,0,0,0,0,0,0,0,0,"(0.0, 6.0, 2271.5)","(0.2, 0.0, 0.0, 1.0)"
0,976319.9,0,0,0,0,0,0,0,0,0,"(0.0, 0.0)","(0.0, 0.0)","(0.0, 0.0)","(0.0, 0.0, 0.0)","(0.0, 0.0, 0.0)","(0.0, 0.0, 0.0)","(0.0, 0.0, 0.0)","(0.0, 0.0, 0.0)","(0.0, 0.0, 0.0)",0,0,0,0,0,0,False,0,0,0,0,0,0,0,0,"(0.0, 6.0, 2271.9)","(0.2, 0.0, 0.0, 1.0)"
0,976339.8,0,0,0,0,0,0,0,0,0,"(0.0, 0.0)","(0.0, 0.0)","(0.0, 0.0)","(0.0, 0.0, 0.0)","(0.0, 0.0, 0.0)","(0.0, 0.0, 0.0)","(0.0, 0.0, 0.0)","(0.0, 0.0, 0.0)","(0.0, 0.0, 0.0)",0,0,0,0,0,0,False,0,0,0,0,0,0,0,0,"(0.0, 6.0, 2272.4)","(0.2, 0.0, 0.0, 1.0)"
0,976359.4,0,0,0,0,0,0,0,0,0,"(0.0, 0.0)","(0.0, 0.0)","(0.0, 0.0)","(0.0, 0.0, 0.0)","(0.0, 0.0, 0.0)","(0.0, 0.0, 0.0)","(0.0, 0.0, 0.0)","(0.0, 0.0, 0.0)","(0.0, 0.0, 0.0)",0,0,0,0,0,0,False,0,0,0,0,0,0,0,0,"(0.0, 6.0, 2272.8)","(0.2, 0.0, 0.0, 1.0)"
0,976380.1,0,0,0,0,0,0,0,0,0,"(0.0, 0.0)","(0.0, 0.0)","(0.0, 0.0)","(0.0, 0.0, 0.0)","(0.0, 0.0, 0.0)","(0.0, 0.0, 0.0)","(0.0, 0.0, 0.0)","(0.0, 0.0, 0.0)","(0.0, 0.0, 0.0)",0,0,0,0,0,0,False,0,0,0,0,0,0,0,0,"(0.0, 6.0, 2273.2)","(0.2, 0.0, 0.0, 1.0)"
0,976406.6,0,0,0,0,0,0,0,0,0,"(0.0, 0.0)","(0.0, 0.0)","(0.0, 0.0)","(0.0, 0.0, 0.0)","(0.0, 0.0, 0.0)","(0.0, 0.0, 0.0)","(0.0, 0.0, 0.0)","(0.0, 0.0, 0.0)","(0.0, 0.0, 0.0)",0,0,0,0,0,0,False,0,0,0,0,0,0,0,0,"(0.0, 6.0, 2273.6)","(0.2, 0.0, 0.0, 1.0)"
0,976427.9,0,0,0,0,0,0,0,0,0,"(0.0, 0.0)","(0.0, 0.0)","(0.0, 0.0)","(0.0, 0.0, 0.0)","(0.0, 0.0, 0.0)","(0.0, 0.0, 0.0)","(0.0, 0.0, 0.0)","(0.0, 0.0, 0.0)","(0.0, 0.0, 0.0)",0,0,0,0,0,0,False,0,0,0,0,0,0,0,0,"(0.0, 6.0, 2274.0)","(0.2, 0.0, 0.0, 1.0)"
0,976455.9,0,0,0,0,0,0,0,0,0,"(0.0, 0.0)","(0.0, 0.0)","(0.0, 0.0)","(0.0, 0.0, 0.0)","(0.0, 0.0, 0.0)","(0.0, 0.0, 0.0)","(0.0, 0.0, 0.0)","(0.0, 0.0, 0.0)","(0.0, 0.0, 0.0)",0,0,0,0,0,0,False,0,0,0,0,0,0,0,0,"(0.0, 6.0, 2274.4)","(0.2, 0.0, 0.0, 1.0)"
0,976476.7,0,0,0,0,0,0,0,0,0,"(0.0, 0.0)","(0.0, 0.0)","(0.0, 0.0)","(0.0, 0.0, 0.0)","(0.0, 0.0, 0.0)","(0.0, 0.0, 0.0)","(0.0, 0.0, 0.0)","(0.0, 0.0, 0.0)","(0.0, 0.0, 0.0)",0,0,0,0,0,0,False,0,0,0,0,0,0,0,0,"(0.0, 6.0, 2274.8)","(0.2, 0.0, 0.0, 1.0)"
0,976496.9,0,0,0,0,0,0,0,0,0,"(0.0, 0.0)","(0.0, 0.0)","(0.0, 0.0)","(0.0, 0.0, 0.0)","(0.0, 0.0, 0.0)","(0.0, 0.0, 0.0)","(0.0, 0.0, 0.0)","(0.0, 0.0, 0.0)","(0.0, 0.0, 0.0)",0,0,0,0,0,0,False,0,0,0,0,0,0,0,0,"(0.0, 6.0, 2275.2)","(0.2, 0.0, 0.0, 1.0)"
0,976518.3,0,0,0,0,0,0,0,0,0,"(0.0, 0.0)","(0.0, 0.0)","(0.0, 0.0)","(0.0, 0.0, 0.0)","(0.0, 0.0, 0.0)","(0.0, 0.0, 0.0)","(0.0, 0.0, 0.0)","(0.0, 0.0, 0.0)","(0.0, 0.0, 0.0)",0,0,0,0,0,0,False,0,0,0,0,0,0,0,0,"(0.0, 6.0, 2275.7)","(0.2, 0.0, 0.0, 1.0)"
0,976538,0,0,0,0,0,0,0,0,0,"(0.0, 0.0)","(0.0, 0.0)","(0.0, 0.0)","(0.0, 0.0, 0.0)","(0.0, 0.0, 0.0)","(0.0, 0.0, 0.0)","(0.0, 0.0, 0.0)","(0.0, 0.0, 0.0)","(0.0, 0.0, 0.0)",0,0,0,0,0,0,False,0,0,0,0,0,0,0,0,"(0.0, 6.0, 2276.1)","(0.2, 0.0, 0.0, 1.0)"
0,976559.4,0,0,0,0,0,0,0,0,0,"(0.0, 0.0)","(0.0, 0.0)","(0.0, 0.0)","(0.0, 0.0, 0.0)","(0.0, 0.0, 0.0)","(0.0, 0.0, 0.0)","(0.0, 0.0, 0.0)","(0.0, 0.0, 0.0)","(0.0, 0.0, 0.0)",0,0,0,0,0,0,False,0,0,0,0,0,0,0,0,"(0.0, 6.0, 2276.5)","(0.2, 0.0, 0.0, 1.0)"
0,976581.1,0,0,0,0,0,0,0,0,0,"(0.0, 0.0)","(0.0, 0.0)","(0.0, 0.0)","(0.0, 0.0, 0.0)","(0.0, 0.0, 0.0)","(0.0, 0.0, 0.0)","(0.0, 0.0, 0.0)","(0.0, 0.0, 0.0)","(0.0, 0.0, 0.0)",0,0,0,0,0,0,False,0,0,0,0,0,0,0,0,"(0.0, 6.0, 2276.9)","(0.2, 0.0, 0.0, 1.0)"
0,976603.5,0,0,0,0,0,0,0,0,0,"(0.0, 0.0)","(0.0, 0.0)","(0.0, 0.0)","(0.0, 0.0, 0.0)","(0.0, 0.0, 0.0)","(0.0, 0.0, 0.0)","(0.0, 0.0, 0.0)","(0.0, 0.0, 0.0)","(0.0, 0.0, 0.0)",0,0,0,0,0,0,False,0,0,0,0,0,0,0,0,"(0.0, 6.0, 2277.3)","(0.2, 0.0, 0.0, 1.0)"
0,976624.3,0,0,0,0,0,0,0,0,0,"(0.0, 0.0)","(0.0, 0.0)","(0.0, 0.0)","(0.0, 0.0, 0.0)","(0.0, 0.0, 0.0)","(0.0, 0.0, 0.0)","(0.0, 0.0, 0.0)","(0.0, 0.0, 0.0)","(0.0, 0.0, 0.0)",0,0,0,0,0,0,False,0,0,0,0,0,0,0,0,"(0.0, 6.0, 2277.7)","(0.2, 0.0, 0.0, 1.0)"
0,976647,0,0,0,0,0,0,0,0,0,"(0.0, 0.0)","(0.0, 0.0)","(0.0, 0.0)","(0.0, 0.0, 0.0)","(0.0, 0.0, 0.0)","(0.0, 0.0, 0.0)","(0.0, 0.0, 0.0)","(0.0, 0.0, 0.0)","(0.0, 0.0, 0.0)",0,0,0,0,0,0,False,0,0,0,0,0,0,0,0,"(0.0, 6.0, 2278.1)","(0.2, 0.0, 0.0, 1.0)"
0,976668.3,0,0,0,0,0,0,0,0,0,"(0.0, 0.0)","(0.0, 0.0)","(0.0, 0.0)","(0.0, 0.0, 0.0)","(0.0, 0.0, 0.0)","(0.0, 0.0, 0.0)","(0.0, 0.0, 0.0)","(0.0, 0.0, 0.0)","(0.0, 0.0, 0.0)",0,0,0,0,0,0,False,0,0,0,0,0,0,0,0,"(0.0, 6.0, 2278.5)","(0.2, 0.0, 0.0, 1.0)"
0,976688.4,0,0,0,0,0,0,0,0,0,"(0.0, 0.0)","(0.0, 0.0)","(0.0, 0.0)","(0.0, 0.0, 0.0)","(0.0, 0.0, 0.0)","(0.0, 0.0, 0.0)","(0.0, 0.0, 0.0)","(0.0, 0.0, 0.0)","(0.0, 0.0, 0.0)",0,0,0,0,0,0,False,0,0,0,0,0,0,0,0,"(0.0, 6.0, 2279.0)","(0.2, 0.0, 0.0, 1.0)"
0,976708.9,0,0,0,0,0,0,0,0,0,"(0.0, 0.0)","(0.0, 0.0)","(0.0, 0.0)","(0.0, 0.0, 0.0)","(0.0, 0.0, 0.0)","(0.0, 0.0, 0.0)","(0.0, 0.0, 0.0)","(0.0, 0.0, 0.0)","(0.0, 0.0, 0.0)",0,0,0,0,0,0,False,0,0,0,0,0,0,0,0,"(0.0, 6.0, 2279.4)","(0.2, 0.0, 0.0, 1.0)"
0,976727.5,0,0,0,0,0,0,0,0,0,"(0.0, 0.0)","(0.0, 0.0)","(0.0, 0.0)","(0.0, 0.0, 0.0)","(0.0, 0.0, 0.0)","(0.0, 0.0, 0.0)","(0.0, 0.0, 0.0)","(0.0, 0.0, 0.0)","(0.0, 0.0, 0.0)",0,0,0,0,0,0,False,0,0,0,0,0,0,0,0,"(0.0, 6.0, 2279.8)","(0.2, 0.0, 0.0, 1.0)"
0,976748.5,0,0,0,0,0,0,0,0,0,"(0.0, 0.0)","(0.0, 0.0)","(0.0, 0.0)","(0.0, 0.0, 0.0)","(0.0, 0.0, 0.0)","(0.0, 0.0, 0.0)","(0.0, 0.0, 0.0)","(0.0, 0.0, 0.0)","(0.0, 0.0, 0.0)",0,0,0,0,0,0,False,0,0,0,0,0,0,0,0,"(0.0, 6.0, 2280.2)","(0.2, 0.0, 0.0, 1.0)"
0,976767.3,0,0,0,0,0,0,0,0,0,"(0.0, 0.0)","(0.0, 0.0)","(0.0, 0.0)","(0.0, 0.0, 0.0)","(0.0, 0.0, 0.0)","(0.0, 0.0, 0.0)","(0.0, 0.0, 0.0)","(0.0, 0.0, 0.0)","(0.0, 0.0, 0.0)",0,0,0,0,0,0,False,0,0,0,0,0,0,0,0,"(0.0, 6.0, 2280.6)","(0.2, 0.0, 0.0, 1.0)"
0,976786.8,0,0,0,0,0,0,0,0,0,"(0.0, 0.0)","(0.0, 0.0)","(0.0, 0.0)","(0.0, 0.0, 0.0)","(0.0, 0.0, 0.0)","(0.0, 0.0, 0.0)","(0.0, 0.0, 0.0)","(0.0, 0.0, 0.0)","(0.0, 0.0, 0.0)",0,0,0,0,0,0,False,0,0,0,0,0,0,0,0,"(0.0, 6.0, 2281.0)","(0.2, 0.0, 0.0, 1.0)"
0,976806.9,0,0,0,0,0,0,0,0,0,"(0.0, 0.0)","(0.0, 0.0)","(0.0, 0.0)","(0.0, 0.0, 0.0)","(0.0, 0.0, 0.0)","(0.0, 0.0, 0.0)","(0.0, 0.0, 0.0)","(0.0, 0.0, 0.0)","(0.0, 0.0, 0.0)",0,0,0,0,0,0,False,0,0,0,0,0,0,0,0,"(0.0, 6.0, 2281.4)","(0.2, 0.0, 0.0, 1.0)"
0,976825.8,0,0,0,0,0,0,0,0,0,"(0.0, 0.0)","(0.0, 0.0)","(0.0, 0.0)","(0.0, 0.0, 0.0)","(0.0, 0.0, 0.0)","(0.0, 0.0, 0.0)","(0.0, 0.0, 0.0)","(0.0, 0.0, 0.0)","(0.0, 0.0, 0.0)",0,0,0,0,0,0,False,0,0,0,0,0,0,0,0,"(0.0, 6.0, 2281.7)","(0.2, 0.0, 0.0, 1.0)"
0,976846.8,0,0,0,0,0,0,0,0,0,"(0.0, 0.0)","(0.0, 0.0)","(0.0, 0.0)","(0.0, 0.0, 0.0)","(0.0, 0.0, 0.0)","(0.0, 0.0, 0.0)","(0.0, 0.0, 0.0)","(0.0, 0.0, 0.0)","(0.0, 0.0, 0.0)",0,0,0,0,0,0,False,0,0,0,0,0,0,0,0,"(0.0, 6.0, 2282.1)","(0.2, 0.0, 0.0, 1.0)"
0,976869,0,0,0,0,0,0,0,0,0,"(0.0, 0.0)","(0.0, 0.0)","(0.0, 0.0)","(0.0, 0.0, 0.0)","(0.0, 0.0, 0.0)","(0.0, 0.0, 0.0)","(0.0, 0.0, 0.0)","(0.0, 0.0, 0.0)","(0.0, 0.0, 0.0)",0,0,0,0,0,0,False,0,0,0,0,0,0,0,0,"(0.0, 6.0, 2282.5)","(0.2, 0.0, 0.0, 1.0)"
0,976890.9,0,0,0,0,0,0,0,0,0,"(0.0, 0.0)","(0.0, 0.0)","(0.0, 0.0)","(0.0, 0.0, 0.0)","(0.0, 0.0, 0.0)","(0.0, 0.0, 0.0)","(0.0, 0.0, 0.0)","(0.0, 0.0, 0.0)","(0.0, 0.0, 0.0)",0,0,0,0,0,0,False,0,0,0,0,0,0,0,0,"(0.0, 6.0, 2282.9)","(0.2, 0.0, 0.0, 1.0)"
0,976914.1,0,0,0,0,0,0,0,0,0,"(0.0, 0.0)","(0.0, 0.0)","(0.0, 0.0)","(0.0, 0.0, 0.0)","(0.0, 0.0, 0.0)","(0.0, 0.0, 0.0)","(0.0, 0.0, 0.0)","(0.0, 0.0, 0.0)","(0.0, 0.0, 0.0)",0,0,0,0,0,0,False,0,0,0,0,0,0,0,0,"(0.0, 6.0, 2283.3)","(0.2, 0.0, 0.0, 1.0)"
0,976935.6,0,0,0,0,0,0,0,0,0,"(0.0, 0.0)","(0.0, 0.0)","(0.0, 0.0)","(0.0, 0.0, 0.0)","(0.0, 0.0, 0.0)","(0.0, 0.0, 0.0)","(0.0, 0.0, 0.0)","(0.0, 0.0, 0.0)","(0.0, 0.0, 0.0)",0,0,0,0,0,0,False,0,0,0,0,0,0,0,0,"(0.0, 6.0, 2283.7)","(0.2, 0.0, 0.0, 1.0)"
0,976957.5,0,0,0,0,0,0,0,0,0,"(0.0, 0.0)","(0.0, 0.0)","(0.0, 0.0)","(0.0, 0.0, 0.0)","(0.0, 0.0, 0.0)","(0.0, 0.0, 0.0)","(0.0, 0.0, 0.0)","(0.0, 0.0, 0.0)","(0.0, 0.0, 0.0)",0,0,0,0,0,0,False,0,0,0,0,0,0,0,0,"(0.0, 6.0, 2284.1)","(0.2, 0.0, 0.0, 1.0)"
0,976980.6,0,0,0,0,0,0,0,0,0,"(0.0, 0.0)","(0.0, 0.0)","(0.0, 0.0)","(0.0, 0.0, 0.0)","(0.0, 0.0, 0.0)","(0.0, 0.0, 0.0)","(0.0, 0.0, 0.0)","(0.0, 0.0, 0.0)","(0.0, 0.0, 0.0)",0,0,0,0,0,0,False,0,0,0,0,0,0,0,0,"(0.0, 6.0, 2284.5)","(0.2, 0.0, 0.0, 1.0)"
0,977006.9,0,0,0,0,0,0,0,0,0,"(0.0, 0.0)","(0.0, 0.0)","(0.0, 0.0)","(0.0, 0.0, 0.0)","(0.0, 0.0, 0.0)","(0.0, 0.0, 0.0)","(0.0, 0.0, 0.0)","(0.0, 0.0, 0.0)","(0.0, 0.0, 0.0)",0,0,0,0,0,0,False,0,0,0,0,0,0,0,0,"(0.0, 6.0, 2285.0)","(0.2, 0.0, 0.0, 1.0)"
0,977026.6,0,0,0,0,0,0,0,0,0,"(0.0, 0.0)","(0.0, 0.0)","(0.0, 0.0)","(0.0, 0.0, 0.0)","(0.0, 0.0, 0.0)","(0.0, 0.0, 0.0)","(0.0, 0.0, 0.0)","(0.0, 0.0, 0.0)","(0.0, 0.0, 0.0)",0,0,0,0,0,0,False,0,0,0,0,0,0,0,0,"(0.0, 6.0, 2285.4)","(0.2, 0.0, 0.0, 1.0)"
0,977047,0,0,0,0,0,0,0,0,0,"(0.0, 0.0)","(0.0, 0.0)","(0.0, 0.0)","(0.0, 0.0, 0.0)","(0.0, 0.0, 0.0)","(0.0, 0.0, 0.0)","(0.0, 0.0, 0.0)","(0.0, 0.0, 0.0)","(0.0, 0.0, 0.0)",0,0,0,0,0,0,False,0,0,0,0,0,0,0,0,"(0.0, 6.0, 2285.8)","(0.2, 0.0, 0.0, 1.0)"
0,977068.8,0,0,0,0,0,0,0,0,0,"(0.0, 0.0)","(0.0, 0.0)","(0.0, 0.0)","(0.0, 0.0, 0.0)","(0.0, 0.0, 0.0)","(0.0, 0.0, 0.0)","(0.0, 0.0, 0.0)","(0.0, 0.0, 0.0)","(0.0, 0.0, 0.0)",0,0,0,0,0,0,False,0,0,0,0,0,0,0,0,"(0.0, 6.0, 2286.2)","(0.2, 0.0, 0.0, 1.0)"
0,977091.4,0,0,0,0,0,0,0,0,0,"(0.0, 0.0)","(0.0, 0.0)","(0.0, 0.0)","(0.0, 0.0, 0.0)","(0.0, 0.0, 0.0)","(0.0, 0.0, 0.0)","(0.0, 0.0, 0.0)","(0.0, 0.0, 0.0)","(0.0, 0.0, 0.0)",0,0,0,0,0,0,False,0,0,0,0,0,0,0,0,"(0.0, 6.0, 2286.6)","(0.2, 0.0, 0.0, 1.0)"
0,977116.1,0,0,0,0,0,0,0,0,0,"(0.0, 0.0)","(0.0, 0.0)","(0.0, 0.0)","(0.0, 0.0, 0.0)","(0.0, 0.0, 0.0)","(0.0, 0.0, 0.0)","(0.0, 0.0, 0.0)","(0.0, 0.0, 0.0)","(0.0, 0.0, 0.0)",0,0,0,0,0,0,False,0,0,0,0,0,0,0,0,"(0.0, 6.0, 2287.0)","(0.2, 0.0, 0.0, 1.0)"
0,977138.6,0,0,0,0,0,0,0,0,0,"(0.0, 0.0)","(0.0, 0.0)","(0.0, 0.0)","(0.0, 0.0, 0.0)","(0.0, 0.0, 0.0)","(0.0, 0.0, 0.0)","(0.0, 0.0, 0.0)","(0.0, 0.0, 0.0)","(0.0, 0.0, 0.0)",0,0,0,0,0,0,False,0,0,0,0,0,0,0,0,"(0.0, 6.0, 2287.4)","(0.2, 0.0, 0.0, 1.0)"
0,977158.1,0,0,0,0,0,0,0,0,0,"(0.0, 0.0)","(0.0, 0.0)","(0.0, 0.0)","(0.0, 0.0, 0.0)","(0.0, 0.0, 0.0)","(0.0, 0.0, 0.0)","(0.0, 0.0, 0.0)","(0.0, 0.0, 0.0)","(0.0, 0.0, 0.0)",0,0,0,0,0,0,False,0,0,0,0,0,0,0,0,"(0.0, 6.0, 2287.8)","(0.2, 0.0, 0.0, 1.0)"
0,977184.1,0,0,0,0,0,0,0,0,0,"(0.0, 0.0)","(0.0, 0.0)","(0.0, 0.0)","(0.0, 0.0, 0.0)","(0.0, 0.0, 0.0)","(0.0, 0.0, 0.0)","(0.0, 0.0, 0.0)","(0.0, 0.0, 0.0)","(0.0, 0.0, 0.0)",0,0,0,0,0,0,False,0,0,0,0,0,0,0,0,"(0.0, 6.0, 2288.3)","(0.2, 0.0, 0.0, 1.0)"
0,977205.9,0,0,0,0,0,0,0,0,0,"(0.0, 0.0)","(0.0, 0.0)","(0.0, 0.0)","(0.0, 0.0, 0.0)","(0.0, 0.0, 0.0)","(0.0, 0.0, 0.0)","(0.0, 0.0, 0.0)","(0.0, 0.0, 0.0)","(0.0, 0.0, 0.0)",0,0,0,0,0,0,False,0,0,0,0,0,0,0,0,"(0.0, 6.0, 2288.7)","(0.2, 0.0, 0.0, 1.0)"
0,977224.4,0,0,0,0,0,0,0,0,0,"(0.0, 0.0)","(0.0, 0.0)","(0.0, 0.0)","(0.0, 0.0, 0.0)","(0.0, 0.0, 0.0)","(0.0, 0.0, 0.0)","(0.0, 0.0, 0.0)","(0.0, 0.0, 0.0)","(0.0, 0.0, 0.0)",0,0,0,0,0,0,False,0,0,0,0,0,0,0,0,"(0.0, 6.0, 2289.1)","(0.2, 0.0, 0.0, 1.0)"
0,977247,0,0,0,0,0,0,0,0,0,"(0.0, 0.0)","(0.0, 0.0)","(0.0, 0.0)","(0.0, 0.0, 0.0)","(0.0, 0.0, 0.0)","(0.0, 0.0, 0.0)","(0.0, 0.0, 0.0)","(0.0, 0.0, 0.0)","(0.0, 0.0, 0.0)",0,0,0,0,0,0,False,0,0,0,0,0,0,0,0,"(0.0, 6.0, 2289.5)","(0.2, 0.0, 0.0, 1.0)"
0,977267.5,0,0,0,0,0,0,0,0,0,"(0.0, 0.0)","(0.0, 0.0)","(0.0, 0.0)","(0.0, 0.0, 0.0)","(0.0, 0.0, 0.0)","(0.0, 0.0, 0.0)","(0.0, 0.0, 0.0)","(0.0, 0.0, 0.0)","(0.0, 0.0, 0.0)",0,0,0,0,0,0,False,0,0,0,0,0,0,0,0,"(0.0, 6.0, 2289.9)","(0.2, 0.0, 0.0, 1.0)"
0,977287.3,0,0,0,0,0,0,0,0,0,"(0.0, 0.0)","(0.0, 0.0)","(0.0, 0.0)","(0.0, 0.0, 0.0)","(0.0, 0.0, 0.0)","(0.0, 0.0, 0.0)","(0.0, 0.0, 0.0)","(0.0, 0.0, 0.0)","(0.0, 0.0, 0.0)",0,0,0,0,0,0,False,0,0,0,0,0,0,0,0,"(0.0, 6.0, 2290.3)","(0.2, 0.0, 0.0, 1.0)"
0,977306.6,0,0,0,0,0,0,0,0,0,"(0.0, 0.0)","(0.0, 0.0)","(0.0, 0.0)","(0.0, 0.0, 0.0)","(0.0, 0.0, 0.0)","(0.0, 0.0, 0.0)","(0.0, 0.0, 0.0)","(0.0, 0.0, 0.0)","(0.0, 0.0, 0.0)",0,0,0,0,0,0,False,0,0,0,0,0,0,0,0,"(0.0, 6.0, 2290.7)","(0.2, 0.0, 0.0, 1.0)"
0,977325.8,0,0,0,0,0,0,0,0,0,"(0.0, 0.0)","(0.0, 0.0)","(0.0, 0.0)","(0.0, 0.0, 0.0)","(0.0, 0.0, 0.0)","(0.0, 0.0, 0.0)","(0.0, 0.0, 0.0)","(0.0, 0.0, 0.0)","(0.0, 0.0, 0.0)",0,0,0,0,0,0,False,0,0,0,0,0,0,0,0,"(0.0, 6.0, 2291.1)","(0.2, 0.0, 0.0, 1.0)"
0,977350.9,0,0,0,0,0,0,0,0,0,"(0.0, 0.0)","(0.0, 0.0)","(0.0, 0.0)","(0.0, 0.0, 0.0)","(0.0, 0.0, 0.0)","(0.0, 0.0, 0.0)","(0.0, 0.0, 0.0)","(0.0, 0.0, 0.0)","(0.0, 0.0, 0.0)",0,0,0,0,0,0,False,0,0,0,0,0,0,0,0,"(0.0, 6.0, 2291.6)","(0.2, 0.0, 0.0, 1.0)"
0,977370.3,0,0,0,0,0,0,0,0,0,"(0.0, 0.0)","(0.0, 0.0)","(0.0, 0.0)","(0.0, 0.0, 0.0)","(0.0, 0.0, 0.0)","(0.0, 0.0, 0.0)","(0.0, 0.0, 0.0)","(0.0, 0.0, 0.0)","(0.0, 0.0, 0.0)",0,0,0,0,0,0,False,0,0,0,0,0,0,0,0,"(0.0, 6.0, 2292.0)","(0.2, 0.0, 0.0, 1.0)"
0,977389.4,0,0,0,0,0,0,0,0,0,"(0.0, 0.0)","(0.0, 0.0)","(0.0, 0.0)","(0.0, 0.0, 0.0)","(0.0, 0.0, 0.0)","(0.0, 0.0, 0.0)","(0.0, 0.0, 0.0)","(0.0, 0.0, 0.0)","(0.0, 0.0, 0.0)",0,0,0,0,0,0,False,0,0,0,0,0,0,0,0,"(0.0, 6.0, 2292.4)","(0.2, 0.0, 0.0, 1.0)"
0,977409.6,0,0,0,0,0,0,0,0,0,"(0.0, 0.0)","(0.0, 0.0)","(0.0, 0.0)","(0.0, 0.0, 0.0)","(0.0, 0.0, 0.0)","(0.0, 0.0, 0.0)","(0.0, 0.0, 0.0)","(0.0, 0.0, 0.0)","(0.0, 0.0, 0.0)",0,0,0,0,0,0,False,0,0,0,0,0,0,0,0,"(0.0, 6.0, 2292.8)","(0.2, 0.0, 0.0, 1.0)"
0,977431.8,0,0,0,0,0,0,0,0,0,"(0.0, 0.0)","(0.0, 0.0)","(0.0, 0.0)","(0.0, 0.0, 0.0)","(0.0, 0.0, 0.0)","(0.0, 0.0, 0.0)","(0.0, 0.0, 0.0)","(0.0, 0.0, 0.0)","(0.0, 0.0, 0.0)",0,0,0,0,0,0,False,0,0,0,0,0,0,0,0,"(0.0, 6.0, 2293.2)","(0.2, 0.0, 0.0, 1.0)"
0,977457.3,0,0,0,0,0,0,0,0,0,"(0.0, 0.0)","(0.0, 0.0)","(0.0, 0.0)","(0.0, 0.0, 0.0)","(0.0, 0.0, 0.0)","(0.0, 0.0, 0.0)","(0.0, 0.0, 0.0)","(0.0, 0.0, 0.0)","(0.0, 0.0, 0.0)",0,0,0,0,0,0,False,0,0,0,0,0,0,0,0,"(0.0, 6.0, 2293.6)","(0.2, 0.0, 0.0, 1.0)"
0,977482.5,0,0,0,0,0,0,0,0,0,"(0.0, 0.0)","(0.0, 0.0)","(0.0, 0.0)","(0.0, 0.0, 0.0)","(0.0, 0.0, 0.0)","(0.0, 0.0, 0.0)","(0.0, 0.0, 0.0)","(0.0, 0.0, 0.0)","(0.0, 0.0, 0.0)",0,0,0,0,0,0,False,0,0,0,0,0,0,0,0,"(0.0, 6.0, 2294.0)","(0.2, 0.0, 0.0, 1.0)"
0,977502.6,0,0,0,0,0,0,0,0,0,"(0.0, 0.0)","(0.0, 0.0)","(0.0, 0.0)","(0.0, 0.0, 0.0)","(0.0, 0.0, 0.0)","(0.0, 0.0, 0.0)","(0.0, 0.0, 0.0)","(0.0, 0.0, 0.0)","(0.0, 0.0, 0.0)",0,0,0,0,0,0,False,0,0,0,0,0,0,0,0,"(0.0, 6.0, 2294.4)","(0.2, 0.0, 0.0, 1.0)"
0,977521.3,0,0,0,0,0,0,0,0,0,"(0.0, 0.0)","(0.0, 0.0)","(0.0, 0.0)","(0.0, 0.0, 0.0)","(0.0, 0.0, 0.0)","(0.0, 0.0, 0.0)","(0.0, 0.0, 0.0)","(0.0, 0.0, 0.0)","(0.0, 0.0, 0.0)",0,0,0,0,0,0,False,0,0,0,0,0,0,0,0,"(0.0, 6.0, 2294.8)","(0.2, 0.0, 0.0, 1.0)"
0,977542.3,0,0,0,0,0,0,0,0,0,"(0.0, 0.0)","(0.0, 0.0)","(0.0, 0.0)","(0.0, 0.0, 0.0)","(0.0, 0.0, 0.0)","(0.0, 0.0, 0.0)","(0.0, 0.0, 0.0)","(0.0, 0.0, 0.0)","(0.0, 0.0, 0.0)",0,0,0,0,0,0,False,0,0,0,0,0,0,0,0,"(0.0, 6.0, 2295.2)","(0.2, 0.0, 0.0, 1.0)"
0,977562.6,0,0,0,0,0,0,0,0,0,"(0.0, 0.0)","(0.0, 0.0)","(0.0, 0.0)","(0.0, 0.0, 0.0)","(0.0, 0.0, 0.0)","(0.0, 0.0, 0.0)","(0.0, 0.0, 0.0)","(0.0, 0.0, 0.0)","(0.0, 0.0, 0.0)",0,0,0,0,0,0,False,0,0,0,0,0,0,0,0,"(0.0, 6.0, 2295.6)","(0.2, 0.0, 0.0, 1.0)"
0,977583.9,0,0,0,0,0,0,0,0,0,"(0.0, 0.0)","(0.0, 0.0)","(0.0, 0.0)","(0.0, 0.0, 0.0)","(0.0, 0.0, 0.0)","(0.0, 0.0, 0.0)","(0.0, 0.0, 0.0)","(0.0, 0.0, 0.0)","(0.0, 0.0, 0.0)",0,0,0,0,0,0,False,0,0,0,0,0,0,0,0,"(0.0, 6.0, 2296.0)","(0.2, 0.0, 0.0, 1.0)"
0,977602.9,0,0,0,0,0,0,0,0,0,"(0.0, 0.0)","(0.0, 0.0)","(0.0, 0.0)","(0.0, 0.0, 0.0)","(0.0, 0.0, 0.0)","(0.0, 0.0, 0.0)","(0.0, 0.0, 0.0)","(0.0, 0.0, 0.0)","(0.0, 0.0, 0.0)",0,0,0,0,0,0,False,0,0,0,0,0,0,0,0,"(0.0, 6.0, 2296.4)","(0.2, 0.0, 0.0, 1.0)"
0,977621.8,0,0,0,0,0,0,0,0,0,"(0.0, 0.0)","(0.0, 0.0)","(0.0, 0.0)","(0.0, 0.0, 0.0)","(0.0, 0.0, 0.0)","(0.0, 0.0, 0.0)","(0.0, 0.0, 0.0)","(0.0, 0.0, 0.0)","(0.0, 0.0, 0.0)",0,0,0,0,0,0,False,0,0,0,0,0,0,0,0,"(0.0, 6.0, 2296.8)","(0.2, 0.0, 0.0, 1.0)"
0,977641.8,0,0,0,0,0,0,0,0,0,"(0.0, 0.0)","(0.0, 0.0)","(0.0, 0.0)","(0.0, 0.0, 0.0)","(0.0, 0.0, 0.0)","(0.0, 0.0, 0.0)","(0.0, 0.0, 0.0)","(0.0, 0.0, 0.0)","(0.0, 0.0, 0.0)",0,0,0,0,0,0,False,0,0,0,0,0,0,0,0,"(0.0, 6.0, 2297.2)","(0.2, 0.0, 0.0, 1.0)"
0,977663.6,0,0,0,0,0,0,0,0,0,"(0.0, 0.0)","(0.0, 0.0)","(0.0, 0.0)","(0.0, 0.0, 0.0)","(0.0, 0.0, 0.0)","(0.0, 0.0, 0.0)","(0.0, 0.0, 0.0)","(0.0, 0.0, 0.0)","(0.0, 0.0, 0.0)",0,0,0,0,0,0,False,0,0,0,0,0,0,0,0,"(0.0, 6.0, 2297.6)","(0.2, 0.0, 0.0, 1.0)"
0,977684.6,0,0,0,0,0,0,0,0,0,"(0.0, 0.0)","(0.0, 0.0)","(0.0, 0.0)","(0.0, 0.0, 0.0)","(0.0, 0.0, 0.0)","(0.0, 0.0, 0.0)","(0.0, 0.0, 0.0)","(0.0, 0.0, 0.0)","(0.0, 0.0, 0.0)",0,0,0,0,0,0,False,0,0,0,0,0,0,0,0,"(0.0, 6.0, 2298.0)","(0.2, 0.0, 0.0, 1.0)"
0,977705.6,0,0,0,0,0,0,0,0,0,"(0.0, 0.0)","(0.0, 0.0)","(0.0, 0.0)","(0.0, 0.0, 0.0)","(0.0, 0.0, 0.0)","(0.0, 0.0, 0.0)","(0.0, 0.0, 0.0)","(0.0, 0.0, 0.0)","(0.0, 0.0, 0.0)",0,0,0,0,0,0,False,0,0,0,0,0,0,0,0,"(0.0, 6.0, 2298.4)","(0.2, 0.0, 0.0, 1.0)"
0,977724.8,0,0,0,0,0,0,0,0,0,"(0.0, 0.0)","(0.0, 0.0)","(0.0, 0.0)","(0.0, 0.0, 0.0)","(0.0, 0.0, 0.0)","(0.0, 0.0, 0.0)","(0.0, 0.0, 0.0)","(0.0, 0.0, 0.0)","(0.0, 0.0, 0.0)",0,0,0,0,0,0,False,0,0,0,0,0,0,0,0,"(0.0, 6.0, 2298.8)","(0.2, 0.0, 0.0, 1.0)"
0,977747,0,0,0,0,0,0,0,0,0,"(0.0, 0.0)","(0.0, 0.0)","(0.0, 0.0)","(0.0, 0.0, 0.0)","(0.0, 0.0, 0.0)","(0.0, 0.0, 0.0)","(0.0, 0.0, 0.0)","(0.0, 0.0, 0.0)","(0.0, 0.0, 0.0)",0,0,0,0,0,0,False,0,0,0,0,0,0,0,0,"(0.0, 6.0, 2299.2)","(0.2, 0.0, 0.0, 1.0)"
0,977768.1,0,0,0,0,0,0,0,0,0,"(0.0, 0.0)","(0.0, 0.0)","(0.0, 0.0)","(0.0, 0.0, 0.0)","(0.0, 0.0, 0.0)","(0.0, 0.0, 0.0)","(0.0, 0.0, 0.0)","(0.0, 0.0, 0.0)","(0.0, 0.0, 0.0)",0,0,0,0,0,0,False,0,0,0,0,0,0,0,0,"(0.0, 6.0, 2299.6)","(0.2, 0.0, 0.0, 1.0)"
0,977790.4,0,0,0,0,0,0,0,0,0,"(0.0, 0.0)","(0.0, 0.0)","(0.0, 0.0)","(0.0, 0.0, 0.0)","(0.0, 0.0, 0.0)","(0.0, 0.0, 0.0)","(0.0, 0.0, 0.0)","(0.0, 0.0, 0.0)","(0.0, 0.0, 0.0)",0,0,0,0,0,0,False,0,0,0,0,0,0,0,0,"(0.0, 6.0, 2300.0)","(0.2, 0.0, 0.0, 1.0)"
0,977813.2,0,0,0,0,0,0,0,0,0,"(0.0, 0.0)","(0.0, 0.0)","(0.0, 0.0)","(0.0, 0.0, 0.0)","(0.0, 0.0, 0.0)","(0.0, 0.0, 0.0)","(0.0, 0.0, 0.0)","(0.0, 0.0, 0.0)","(0.0, 0.0, 0.0)",0,0,0,0,0,0,False,0,0,0,0,0,0,0,0,"(0.0, 6.0, 2300.4)","(0.2, 0.0, 0.0, 1.0)"
0,977835.5,0,0,0,0,0,0,0,0,0,"(0.0, 0.0)","(0.0, 0.0)","(0.0, 0.0)","(0.0, 0.0, 0.0)","(0.0, 0.0, 0.0)","(0.0, 0.0, 0.0)","(0.0, 0.0, 0.0)","(0.0, 0.0, 0.0)","(0.0, 0.0, 0.0)",0,0,0,0,0,0,False,0,0,0,0,0,0,0,0,"(0.0, 6.0, 2300.8)","(0.2, 0.0, 0.0, 1.0)"
0,977857.1,0,0,0,0,0,0,0,0,0,"(0.0, 0.0)","(0.0, 0.0)","(0.0, 0.0)","(0.0, 0.0, 0.0)","(0.0, 0.0, 0.0)","(0.0, 0.0, 0.0)","(0.0, 0.0, 0.0)","(0.0, 0.0, 0.0)","(0.0, 0.0, 0.0)",0,0,0,0,0,0,False,0,0,0,0,0,0,0,0,"(0.0, 6.0, 2301.2)","(0.2, 0.0, 0.0, 1.0)"
0,977879.9,0,0,0,0,0,0,0,0,0,"(0.0, 0.0)","(0.0, 0.0)","(0.0, 0.0)","(0.0, 0.0, 0.0)","(0.0, 0.0, 0.0)","(0.0, 0.0, 0.0)","(0.0, 0.0, 0.0)","(0.0, 0.0, 0.0)","(0.0, 0.0, 0.0)",0,0,0,0,0,0,False,0,0,0,0,0,0,0,0,"(0.0, 6.0, 2301.6)","(0.2, 0.0, 0.0, 1.0)"
0,977904.9,0,0,0,0,0,0,0,0,0,"(0.0, 0.0)","(0.0, 0.0)","(0.0, 0.0)","(0.0, 0.0, 0.0)","(0.0, 0.0, 0.0)","(0.0, 0.0, 0.0)","(0.0, 0.0, 0.0)","(0.0, 0.0, 0.0)","(0.0, 0.0, 0.0)",0,0,0,0,0,0,False,0,0,0,0,0,0,0,0,"(0.0, 6.0, 2302.0)","(0.2, 0.0, 0.0, 1.0)"
0,977924.3,0,0,0,0,0,0,0,0,0,"(0.0, 0.0)","(0.0, 0.0)","(0.0, 0.0)","(0.0, 0.0, 0.0)","(0.0, 0.0, 0.0)","(0.0, 0.0, 0.0)","(0.0, 0.0, 0.0)","(0.0, 0.0, 0.0)","(0.0, 0.0, 0.0)",0,0,0,0,0,0,False,0,0,0,0,0,0,0,0,"(0.0, 6.0, 2302.4)","(0.2, 0.0, 0.0, 1.0)"
0,977946.5,0,0,0,0,0,0,0,0,0,"(0.0, 0.0)","(0.0, 0.0)","(0.0, 0.0)","(0.0, 0.0, 0.0)","(0.0, 0.0, 0.0)","(0.0, 0.0, 0.0)","(0.0, 0.0, 0.0)","(0.0, 0.0, 0.0)","(0.0, 0.0, 0.0)",0,0,0,0,0,0,False,0,0,0,0,0,0,0,0,"(0.0, 6.0, 2302.8)","(0.2, 0.0, 0.0, 1.0)"
0,977968.2,0,0,0,0,0,0,0,0,0,"(0.0, 0.0)","(0.0, 0.0)","(0.0, 0.0)","(0.0, 0.0, 0.0)","(0.0, 0.0, 0.0)","(0.0, 0.0, 0.0)","(0.0, 0.0, 0.0)","(0.0, 0.0, 0.0)","(0.0, 0.0, 0.0)",0,0,0,0,0,0,False,0,0,0,0,0,0,0,0,"(0.0, 6.0, 2303.3)","(0.2, 0.0, 0.0, 1.0)"
0,977990.3,0,0,0,0,0,0,0,0,0,"(0.0, 0.0)","(0.0, 0.0)","(0.0, 0.0)","(0.0, 0.0, 0.0)","(0.0, 0.0, 0.0)","(0.0, 0.0, 0.0)","(0.0, 0.0, 0.0)","(0.0, 0.0, 0.0)","(0.0, 0.0, 0.0)",0,0,0,0,0,0,False,0,0,0,0,0,0,0,0,"(0.0, 6.0, 2303.7)","(0.2, 0.0, 0.0, 1.0)"
0,978013,0,0,0,0,0,0,0,0,0,"(0.0, 0.0)","(0.0, 0.0)","(0.0, 0.0)","(0.0, 0.0, 0.0)","(0.0, 0.0, 0.0)","(0.0, 0.0, 0.0)","(0.0, 0.0, 0.0)","(0.0, 0.0, 0.0)","(0.0, 0.0, 0.0)",0,0,0,0,0,0,False,0,0,0,0,0,0,0,0,"(0.0, 6.0, 2304.1)","(0.2, 0.0, 0.0, 1.0)"
0,978035.1,0,0,0,0,0,0,0,0,0,"(0.0, 0.0)","(0.0, 0.0)","(0.0, 0.0)","(0.0, 0.0, 0.0)","(0.0, 0.0, 0.0)","(0.0, 0.0, 0.0)","(0.0, 0.0, 0.0)","(0.0, 0.0, 0.0)","(0.0, 0.0, 0.0)",0,0,0,0,0,0,False,0,0,0,0,0,0,0,0,"(0.0, 6.0, 2304.5)","(0.2, 0.0, 0.0, 1.0)"
0,978057,0,0,0,0,0,0,0,0,0,"(0.0, 0.0)","(0.0, 0.0)","(0.0, 0.0)","(0.0, 0.0, 0.0)","(0.0, 0.0, 0.0)","(0.0, 0.0, 0.0)","(0.0, 0.0, 0.0)","(0.0, 0.0, 0.0)","(0.0, 0.0, 0.0)",0,0,0,0,0,0,False,0,0,0,0,0,0,0,0,"(0.0, 6.0, 2304.9)","(0.2, 0.0, 0.0, 1.0)"
0,978079.6,0,0,0,0,0,0,0,0,0,"(0.0, 0.0)","(0.0, 0.0)","(0.0, 0.0)","(0.0, 0.0, 0.0)","(0.0, 0.0, 0.0)","(0.0, 0.0, 0.0)","(0.0, 0.0, 0.0)","(0.0, 0.0, 0.0)","(0.0, 0.0, 0.0)",0,0,0,0,0,0,False,0,0,0,0,0,0,0,0,"(0.0, 6.0, 2305.3)","(0.2, 0.0, 0.0, 1.0)"
0,978101.6,0,0,0,0,0,0,0,0,0,"(0.0, 0.0)","(0.0, 0.0)","(0.0, 0.0)","(0.0, 0.0, 0.0)","(0.0, 0.0, 0.0)","(0.0, 0.0, 0.0)","(0.0, 0.0, 0.0)","(0.0, 0.0, 0.0)","(0.0, 0.0, 0.0)",0,0,0,0,0,0,False,0,0,0,0,0,0,0,0,"(0.0, 6.0, 2305.7)","(0.2, 0.0, 0.0, 1.0)"
0,978124.3,0,0,0,0,0,0,0,0,0,"(0.0, 0.0)","(0.0, 0.0)","(0.0, 0.0)","(0.0, 0.0, 0.0)","(0.0, 0.0, 0.0)","(0.0, 0.0, 0.0)","(0.0, 0.0, 0.0)","(0.0, 0.0, 0.0)","(0.0, 0.0, 0.0)",0,0,0,0,0,0,False,0,0,0,0,0,0,0,0,"(0.0, 6.0, 2306.2)","(0.2, 0.0, 0.0, 1.0)"
0,978146.6,0,0,0,0,0,0,0,0,0,"(0.0, 0.0)","(0.0, 0.0)","(0.0, 0.0)","(0.0, 0.0, 0.0)","(0.0, 0.0, 0.0)","(0.0, 0.0, 0.0)","(0.0, 0.0, 0.0)","(0.0, 0.0, 0.0)","(0.0, 0.0, 0.0)",0,0,0,0,0,0,False,0,0,0,0,0,0,0,0,"(0.0, 6.0, 2306.6)","(0.2, 0.0, 0.0, 1.0)"
0,978173.1,0,0,0,0,0,0,0,0,0,"(0.0, 0.0)","(0.0, 0.0)","(0.0, 0.0)","(0.0, 0.0, 0.0)","(0.0, 0.0, 0.0)","(0.0, 0.0, 0.0)","(0.0, 0.0, 0.0)","(0.0, 0.0, 0.0)","(0.0, 0.0, 0.0)",0,0,0,0,0,0,False,0,0,0,0,0,0,0,0,"(0.0, 6.0, 2307.0)","(0.2, 0.0, 0.0, 1.0)"
0,978192.7,0,0,0,0,0,0,0,0,0,"(0.0, 0.0)","(0.0, 0.0)","(0.0, 0.0)","(0.0, 0.0, 0.0)","(0.0, 0.0, 0.0)","(0.0, 0.0, 0.0)","(0.0, 0.0, 0.0)","(0.0, 0.0, 0.0)","(0.0, 0.0, 0.0)",0,0,0,0,0,0,False,0,0,0,0,0,0,0,0,"(0.0, 6.0, 2307.4)","(0.2, 0.0, 0.0, 1.0)"
0,978213.7,0,0,0,0,0,0,0,0,0,"(0.0, 0.0)","(0.0, 0.0)","(0.0, 0.0)","(0.0, 0.0, 0.0)","(0.0, 0.0, 0.0)","(0.0, 0.0, 0.0)","(0.0, 0.0, 0.0)","(0.0, 0.0, 0.0)","(0.0, 0.0, 0.0)",0,0,0,0,0,0,False,0,0,0,0,0,0,0,0,"(0.0, 6.0, 2307.8)","(0.2, 0.0, 0.0, 1.0)"
0,978235.8,0,0,0,0,0,0,0,0,0,"(0.0, 0.0)","(0.0, 0.0)","(0.0, 0.0)","(0.0, 0.0, 0.0)","(0.0, 0.0, 0.0)","(0.0, 0.0, 0.0)","(0.0, 0.0, 0.0)","(0.0, 0.0, 0.0)","(0.0, 0.0, 0.0)",0,0,0,0,0,0,False,0,0,0,0,0,0,0,0,"(0.0, 6.0, 2308.3)","(0.2, 0.0, 0.0, 1.0)"
0,978256.3,0,0,0,0,0,0,0,0,0,"(0.0, 0.0)","(0.0, 0.0)","(0.0, 0.0)","(0.0, 0.0, 0.0)","(0.0, 0.0, 0.0)","(0.0, 0.0, 0.0)","(0.0, 0.0, 0.0)","(0.0, 0.0, 0.0)","(0.0, 0.0, 0.0)",0,0,0,0,0,0,False,0,0,0,0,0,0,0,0,"(0.0, 6.0, 2308.7)","(0.2, 0.0, 0.0, 1.0)"
0,978275.4,0,0,0,0,0,0,0,0,0,"(0.0, 0.0)","(0.0, 0.0)","(0.0, 0.0)","(0.0, 0.0, 0.0)","(0.0, 0.0, 0.0)","(0.0, 0.0, 0.0)","(0.0, 0.0, 0.0)","(0.0, 0.0, 0.0)","(0.0, 0.0, 0.0)",0,0,0,0,0,0,False,0,0,0,0,0,0,0,0,"(0.0, 6.0, 2309.1)","(0.2, 0.0, 0.0, 1.0)"
0,978296,0,0,0,0,0,0,0,0,0,"(0.0, 0.0)","(0.0, 0.0)","(0.0, 0.0)","(0.0, 0.0, 0.0)","(0.0, 0.0, 0.0)","(0.0, 0.0, 0.0)","(0.0, 0.0, 0.0)","(0.0, 0.0, 0.0)","(0.0, 0.0, 0.0)",0,0,0,0,0,0,False,0,0,0,0,0,0,0,0,"(0.0, 6.0, 2309.5)","(0.2, 0.0, 0.0, 1.0)"
0,978315.5,0,0,0,0,0,0,0,0,0,"(0.0, 0.0)","(0.0, 0.0)","(0.0, 0.0)","(0.0, 0.0, 0.0)","(0.0, 0.0, 0.0)","(0.0, 0.0, 0.0)","(0.0, 0.0, 0.0)","(0.0, 0.0, 0.0)","(0.0, 0.0, 0.0)",0,0,0,0,0,0,False,0,0,0,0,0,0,0,0,"(0.0, 6.0, 2309.9)","(0.2, 0.0, 0.0, 1.0)"
0,978334.6,0,0,0,0,0,0,0,0,0,"(0.0, 0.0)","(0.0, 0.0)","(0.0, 0.0)","(0.0, 0.0, 0.0)","(0.0, 0.0, 0.0)","(0.0, 0.0, 0.0)","(0.0, 0.0, 0.0)","(0.0, 0.0, 0.0)","(0.0, 0.0, 0.0)",0,0,0,0,0,0,False,0,0,0,0,0,0,0,0,"(0.0, 6.0, 2310.3)","(0.2, 0.0, 0.0, 1.0)"
0,978356.8,0,0,0,0,0,0,0,0,0,"(0.0, 0.0)","(0.0, 0.0)","(0.0, 0.0)","(0.0, 0.0, 0.0)","(0.0, 0.0, 0.0)","(0.0, 0.0, 0.0)","(0.0, 0.0, 0.0)","(0.0, 0.0, 0.0)","(0.0, 0.0, 0.0)",0,0,0,0,0,0,False,0,0,0,0,0,0,0,0,"(0.0, 6.0, 2310.7)","(0.2, 0.0, 0.0, 1.0)"
0,978377.8,0,0,0,0,0,0,0,0,0,"(0.0, 0.0)","(0.0, 0.0)","(0.0, 0.0)","(0.0, 0.0, 0.0)","(0.0, 0.0, 0.0)","(0.0, 0.0, 0.0)","(0.0, 0.0, 0.0)","(0.0, 0.0, 0.0)","(0.0, 0.0, 0.0)",0,0,0,0,0,0,False,0,0,0,0,0,0,0,0,"(0.0, 6.0, 2311.1)","(0.2, 0.0, 0.0, 1.0)"
0,978396,0,0,0,0,0,0,0,0,0,"(0.0, 0.0)","(0.0, 0.0)","(0.0, 0.0)","(0.0, 0.0, 0.0)","(0.0, 0.0, 0.0)","(0.0, 0.0, 0.0)","(0.0, 0.0, 0.0)","(0.0, 0.0, 0.0)","(0.0, 0.0, 0.0)",0,0,0,0,0,0,False,0,0,0,0,0,0,0,0,"(0.0, 6.0, 2311.5)","(0.2, 0.0, 0.0, 1.0)"
0,978415.4,0,0,0,0,0,0,0,0,0,"(0.0, 0.0)","(0.0, 0.0)","(0.0, 0.0)","(0.0, 0.0, 0.0)","(0.0, 0.0, 0.0)","(0.0, 0.0, 0.0)","(0.0, 0.0, 0.0)","(0.0, 0.0, 0.0)","(0.0, 0.0, 0.0)",0,0,0,0,0,0,False,0,0,0,0,0,0,0,0,"(0.0, 6.0, 2311.9)","(0.2, 0.0, 0.0, 1.0)"
0,978433.8,0,0,0,0,0,0,0,0,0,"(0.0, 0.0)","(0.0, 0.0)","(0.0, 0.0)","(0.0, 0.0, 0.0)","(0.0, 0.0, 0.0)","(0.0, 0.0, 0.0)","(0.0, 0.0, 0.0)","(0.0, 0.0, 0.0)","(0.0, 0.0, 0.0)",0,0,0,0,0,0,False,0,0,0,0,0,0,0,0,"(0.0, 6.0, 2312.3)","(0.2, 0.0, 0.0, 1.0)"
0,978453.3,0,0,0,0,0,0,0,0,0,"(0.0, 0.0)","(0.0, 0.0)","(0.0, 0.0)","(0.0, 0.0, 0.0)","(0.0, 0.0, 0.0)","(0.0, 0.0, 0.0)","(0.0, 0.0, 0.0)","(0.0, 0.0, 0.0)","(0.0, 0.0, 0.0)",0,0,0,0,0,0,False,0,0,0,0,0,0,0,0,"(0.0, 6.0, 2312.7)","(0.2, 0.0, 0.0, 1.0)"
0,978477.5,0,0,0,0,0,0,0,0,0,"(0.0, 0.0)","(0.0, 0.0)","(0.0, 0.0)","(0.0, 0.0, 0.0)","(0.0, 0.0, 0.0)","(0.0, 0.0, 0.0)","(0.0, 0.0, 0.0)","(0.0, 0.0, 0.0)","(0.0, 0.0, 0.0)",0,0,0,0,0,0,False,0,0,0,0,0,0,0,0,"(0.0, 6.0, 2313.1)","(0.2, 0.0, 0.0, 1.0)"
0,978504.8,0,0,0,0,0,0,0,0,0,"(0.0, 0.0)","(0.0, 0.0)","(0.0, 0.0)","(0.0, 0.0, 0.0)","(0.0, 0.0, 0.0)","(0.0, 0.0, 0.0)","(0.0, 0.0, 0.0)","(0.0, 0.0, 0.0)","(0.0, 0.0, 0.0)",0,0,0,0,0,0,False,0,0,0,0,0,0,0,0,"(0.0, 6.0, 2313.5)","(0.2, 0.0, 0.0, 1.0)"
0,978523.1,0,0,0,0,0,0,0,0,0,"(0.0, 0.0)","(0.0, 0.0)","(0.0, 0.0)","(0.0, 0.0, 0.0)","(0.0, 0.0, 0.0)","(0.0, 0.0, 0.0)","(0.0, 0.0, 0.0)","(0.0, 0.0, 0.0)","(0.0, 0.0, 0.0)",0,0,0,0,0,0,False,0,0,0,0,0,0,0,0,"(0.0, 6.0, 2313.9)","(0.2, 0.0, 0.0, 1.0)"
0,978543.1,0,0,0,0,0,0,0,0,0,"(0.0, 0.0)","(0.0, 0.0)","(0.0, 0.0)","(0.0, 0.0, 0.0)","(0.0, 0.0, 0.0)","(0.0, 0.0, 0.0)","(0.0, 0.0, 0.0)","(0.0, 0.0, 0.0)","(0.0, 0.0, 0.0)",0,0,0,0,0,0,False,0,0,0,0,0,0,0,0,"(0.0, 6.0, 2314.3)","(0.2, 0.0, 0.0, 1.0)"
0,978561.9,0,0,0,0,0,0,0,0,0,"(0.0, 0.0)","(0.0, 0.0)","(0.0, 0.0)","(0.0, 0.0, 0.0)","(0.0, 0.0, 0.0)","(0.0, 0.0, 0.0)","(0.0, 0.0, 0.0)","(0.0, 0.0, 0.0)","(0.0, 0.0, 0.0)",0,0,0,0,0,0,False,0,0,0,0,0,0,0,0,"(0.0, 6.0, 2314.7)","(0.2, 0.0, 0.0, 1.0)"
0,978580.4,0,0,0,0,0,0,0,0,0,"(0.0, 0.0)","(0.0, 0.0)","(0.0, 0.0)","(0.0, 0.0, 0.0)","(0.0, 0.0, 0.0)","(0.0, 0.0, 0.0)","(0.0, 0.0, 0.0)","(0.0, 0.0, 0.0)","(0.0, 0.0, 0.0)",0,0,0,0,0,0,False,0,0,0,0,0,0,0,0,"(0.0, 6.0, 2315.1)","(0.2, 0.0, 0.0, 1.0)"
0,978599.9,0,0,0,0,0,0,0,0,0,"(0.0, 0.0)","(0.0, 0.0)","(0.0, 0.0)","(0.0, 0.0, 0.0)","(0.0, 0.0, 0.0)","(0.0, 0.0, 0.0)","(0.0, 0.0, 0.0)","(0.0, 0.0, 0.0)","(0.0, 0.0, 0.0)",0,0,0,0,0,0,False,0,0,0,0,0,0,0,0,"(0.0, 6.0, 2315.5)","(0.2, 0.0, 0.0, 1.0)"
0,978617.9,0,0,0,0,0,0,0,0,0,"(0.0, 0.0)","(0.0, 0.0)","(0.0, 0.0)","(0.0, 0.0, 0.0)","(0.0, 0.0, 0.0)","(0.0, 0.0, 0.0)","(0.0, 0.0, 0.0)","(0.0, 0.0, 0.0)","(0.0, 0.0, 0.0)",0,0,0,0,0,0,False,0,0,0,0,0,0,0,0,"(0.0, 6.0, 2315.8)","(0.2, 0.0, 0.0, 1.0)"
0,978636.7,0,0,0,0,0,0,0,0,0,"(0.0, 0.0)","(0.0, 0.0)","(0.0, 0.0)","(0.0, 0.0, 0.0)","(0.0, 0.0, 0.0)","(0.0, 0.0, 0.0)","(0.0, 0.0, 0.0)","(0.0, 0.0, 0.0)","(0.0, 0.0, 0.0)",0,0,0,0,0,0,False,0,0,0,0,0,0,0,0,"(0.0, 6.0, 2316.2)","(0.2, 0.0, 0.0, 1.0)"
0,978654.8,0,0,0,0,0,0,0,0,0,"(0.0, 0.0)","(0.0, 0.0)","(0.0, 0.0)","(0.0, 0.0, 0.0)","(0.0, 0.0, 0.0)","(0.0, 0.0, 0.0)","(0.0, 0.0, 0.0)","(0.0, 0.0, 0.0)","(0.0, 0.0, 0.0)",0,0,0,0,0,0,False,0,0,0,0,0,0,0,0,"(0.0, 6.0, 2316.6)","(0.2, 0.0, 0.0, 1.0)"
0,978673.8,0,0,0,0,0,0,0,0,0,"(0.0, 0.0)","(0.0, 0.0)","(0.0, 0.0)","(0.0, 0.0, 0.0)","(0.0, 0.0, 0.0)","(0.0, 0.0, 0.0)","(0.0, 0.0, 0.0)","(0.0, 0.0, 0.0)","(0.0, 0.0, 0.0)",0,0,0,0,0,0,False,0,0,0,0,0,0,0,0,"(0.0, 6.0, 2317.0)","(0.2, 0.0, 0.0, 1.0)"
0,978691.9,0,0,0,0,0,0,0,0,0,"(0.0, 0.0)","(0.0, 0.0)","(0.0, 0.0)","(0.0, 0.0, 0.0)","(0.0, 0.0, 0.0)","(0.0, 0.0, 0.0)","(0.0, 0.0, 0.0)","(0.0, 0.0, 0.0)","(0.0, 0.0, 0.0)",0,0,0,0,0,0,False,0,0,0,0,0,0,0,0,"(0.0, 6.0, 2317.4)","(0.2, 0.0, 0.0, 1.0)"
0,978710.4,0,0,0,0,0,0,0,0,0,"(0.0, 0.0)","(0.0, 0.0)","(0.0, 0.0)","(0.0, 0.0, 0.0)","(0.0, 0.0, 0.0)","(0.0, 0.0, 0.0)","(0.0, 0.0, 0.0)","(0.0, 0.0, 0.0)","(0.0, 0.0, 0.0)",0,0,0,0,0,0,False,0,0,0,0,0,0,0,0,"(0.0, 6.0, 2317.7)","(0.2, 0.0, 0.0, 1.0)"
0,978729.1,0,0,0,0,0,0,0,0,0,"(0.0, 0.0)","(0.0, 0.0)","(0.0, 0.0)","(0.0, 0.0, 0.0)","(0.0, 0.0, 0.0)","(0.0, 0.0, 0.0)","(0.0, 0.0, 0.0)","(0.0, 0.0, 0.0)","(0.0, 0.0, 0.0)",0,0,0,0,0,0,False,0,0,0,0,0,0,0,0,"(0.0, 6.0, 2318.1)","(0.2, 0.0, 0.0, 1.0)"
0,978751.9,0,0,0,0,0,0,0,0,0,"(0.0, 0.0)","(0.0, 0.0)","(0.0, 0.0)","(0.0, 0.0, 0.0)","(0.0, 0.0, 0.0)","(0.0, 0.0, 0.0)","(0.0, 0.0, 0.0)","(0.0, 0.0, 0.0)","(0.0, 0.0, 0.0)",0,0,0,0,0,0,False,0,0,0,0,0,0,0,0,"(0.0, 6.0, 2318.5)","(0.2, 0.0, 0.0, 1.0)"
0,978770.2,0,0,0,0,0,0,0,0,0,"(0.0, 0.0)","(0.0, 0.0)","(0.0, 0.0)","(0.0, 0.0, 0.0)","(0.0, 0.0, 0.0)","(0.0, 0.0, 0.0)","(0.0, 0.0, 0.0)","(0.0, 0.0, 0.0)","(0.0, 0.0, 0.0)",0,0,0,0,0,0,False,0,0,0,0,0,0,0,0,"(0.0, 6.0, 2318.8)","(0.2, 0.0, 0.0, 1.0)"
0,978789.9,0,0,0,0,0,0,0,0,0,"(0.0, 0.0)","(0.0, 0.0)","(0.0, 0.0)","(0.0, 0.0, 0.0)","(0.0, 0.0, 0.0)","(0.0, 0.0, 0.0)","(0.0, 0.0, 0.0)","(0.0, 0.0, 0.0)","(0.0, 0.0, 0.0)",0,0,0,0,0,0,False,0,0,0,0,0,0,0,0,"(0.0, 6.0, 2319.2)","(0.2, 0.0, 0.0, 1.0)"
0,978812.8,0,0,0,0,0,0,0,0,0,"(0.0, 0.0)","(0.0, 0.0)","(0.0, 0.0)","(0.0, 0.0, 0.0)","(0.0, 0.0, 0.0)","(0.0, 0.0, 0.0)","(0.0, 0.0, 0.0)","(0.0, 0.0, 0.0)","(0.0, 0.0, 0.0)",0,0,0,0,0,0,False,0,0,0,0,0,0,0,0,"(0.0, 6.0, 2319.6)","(0.2, 0.0, 0.0, 1.0)"
0,978834.8,0,0,0,0,0,0,0,0,0,"(0.0, 0.0)","(0.0, 0.0)","(0.0, 0.0)","(0.0, 0.0, 0.0)","(0.0, 0.0, 0.0)","(0.0, 0.0, 0.0)","(0.0, 0.0, 0.0)","(0.0, 0.0, 0.0)","(0.0, 0.0, 0.0)",0,0,0,0,0,0,False,0,0,0,0,0,0,0,0,"(0.0, 6.0, 2320.0)","(0.2, 0.0, 0.0, 1.0)"
0,978856.3,0,0,0,0,0,0,0,0,0,"(0.0, 0.0)","(0.0, 0.0)","(0.0, 0.0)","(0.0, 0.0, 0.0)","(0.0, 0.0, 0.0)","(0.0, 0.0, 0.0)","(0.0, 0.0, 0.0)","(0.0, 0.0, 0.0)","(0.0, 0.0, 0.0)",0,0,0,0,0,0,False,0,0,0,0,0,0,0,0,"(0.0, 6.0, 2320.4)","(0.2, 0.0, 0.0, 1.0)"
0,978879.5,0,0,0,0,0,0,0,0,0,"(0.0, 0.0)","(0.0, 0.0)","(0.0, 0.0)","(0.0, 0.0, 0.0)","(0.0, 0.0, 0.0)","(0.0, 0.0, 0.0)","(0.0, 0.0, 0.0)","(0.0, 0.0, 0.0)","(0.0, 0.0, 0.0)",0,0,0,0,0,0,False,0,0,0,0,0,0,0,0,"(0.0, 6.0, 2320.8)","(0.2, 0.0, 0.0, 1.0)"
0,978901.2,0,0,0,0,0,0,0,0,0,"(0.0, 0.0)","(0.0, 0.0)","(0.0, 0.0)","(0.0, 0.0, 0.0)","(0.0, 0.0, 0.0)","(0.0, 0.0, 0.0)","(0.0, 0.0, 0.0)","(0.0, 0.0, 0.0)","(0.0, 0.0, 0.0)",0,0,0,0,0,0,False,0,0,0,0,0,0,0,0,"(0.0, 6.0, 2321.1)","(0.2, 0.0, 0.0, 1.0)"
0,978923.1,0,0,0,0,0,0,0,0,0,"(0.0, 0.0)","(0.0, 0.0)","(0.0, 0.0)","(0.0, 0.0, 0.0)","(0.0, 0.0, 0.0)","(0.0, 0.0, 0.0)","(0.0, 0.0, 0.0)","(0.0, 0.0, 0.0)","(0.0, 0.0, 0.0)",0,0,0,0,0,0,False,0,0,0,0,0,0,0,0,"(0.0, 6.0, 2321.5)","(0.2, 0.0, 0.0, 1.0)"
0,978946.3,0,0,0,0,0,0,0,0,0,"(0.0, 0.0)","(0.0, 0.0)","(0.0, 0.0)","(0.0, 0.0, 0.0)","(0.0, 0.0, 0.0)","(0.0, 0.0, 0.0)","(0.0, 0.0, 0.0)","(0.0, 0.0, 0.0)","(0.0, 0.0, 0.0)",0,0,0,0,0,0,False,0,0,0,0,0,0,0,0,"(0.0, 6.0, 2321.9)","(0.2, 0.0, 0.0, 1.0)"
0,978968.2,0,0,0,0,0,0,0,0,0,"(0.0, 0.0)","(0.0, 0.0)","(0.0, 0.0)","(0.0, 0.0, 0.0)","(0.0, 0.0, 0.0)","(0.0, 0.0, 0.0)","(0.0, 0.0, 0.0)","(0.0, 0.0, 0.0)","(0.0, 0.0, 0.0)",0,0,0,0,0,0,False,0,0,0,0,0,0,0,0,"(0.0, 6.0, 2322.3)","(0.2, 0.0, 0.0, 1.0)"
0,978990.1,0,0,0,0,0,0,0,0,0,"(0.0, 0.0)","(0.0, 0.0)","(0.0, 0.0)","(0.0, 0.0, 0.0)","(0.0, 0.0, 0.0)","(0.0, 0.0, 0.0)","(0.0, 0.0, 0.0)","(0.0, 0.0, 0.0)","(0.0, 0.0, 0.0)",0,0,0,0,0,0,False,0,0,0,0,0,0,0,0,"(0.0, 6.0, 2322.7)","(0.2, 0.0, 0.0, 1.0)"
0,979012.6,0,0,0,0,0,0,0,0,0,"(0.0, 0.0)","(0.0, 0.0)","(0.0, 0.0)","(0.0, 0.0, 0.0)","(0.0, 0.0, 0.0)","(0.0, 0.0, 0.0)","(0.0, 0.0, 0.0)","(0.0, 0.0, 0.0)","(0.0, 0.0, 0.0)",0,0,0,0,0,0,False,0,0,0,0,0,0,0,0,"(0.0, 6.0, 2323.2)","(0.2, 0.0, 0.0, 1.0)"
0,979034.8,0,0,0,0,0,0,0,0,0,"(0.0, 0.0)","(0.0, 0.0)","(0.0, 0.0)","(0.0, 0.0, 0.0)","(0.0, 0.0, 0.0)","(0.0, 0.0, 0.0)","(0.0, 0.0, 0.0)","(0.0, 0.0, 0.0)","(0.0, 0.0, 0.0)",0,0,0,0,0,0,False,0,0,0,0,0,0,0,0,"(0.0, 6.0, 2323.6)","(0.2, 0.0, 0.0, 1.0)"
0,979056.4,0,0,0,0,0,0,0,0,0,"(0.0, 0.0)","(0.0, 0.0)","(0.0, 0.0)","(0.0, 0.0, 0.0)","(0.0, 0.0, 0.0)","(0.0, 0.0, 0.0)","(0.0, 0.0, 0.0)","(0.0, 0.0, 0.0)","(0.0, 0.0, 0.0)",0,0,0,0,0,0,False,0,0,0,0,0,0,0,0,"(0.0, 6.0, 2324.0)","(0.2, 0.0, 0.0, 1.0)"
0,979079.1,0,0,0,0,0,0,0,0,0,"(0.0, 0.0)","(0.0, 0.0)","(0.0, 0.0)","(0.0, 0.0, 0.0)","(0.0, 0.0, 0.0)","(0.0, 0.0, 0.0)","(0.0, 0.0, 0.0)","(0.0, 0.0, 0.0)","(0.0, 0.0, 0.0)",0,0,0,0,0,0,False,0,0,0,0,0,0,0,0,"(0.0, 6.0, 2324.4)","(0.2, 0.0, 0.0, 1.0)"
0,979101.6,0,0,0,0,0,0,0,0,0,"(0.0, 0.0)","(0.0, 0.0)","(0.0, 0.0)","(0.0, 0.0, 0.0)","(0.0, 0.0, 0.0)","(0.0, 0.0, 0.0)","(0.0, 0.0, 0.0)","(0.0, 0.0, 0.0)","(0.0, 0.0, 0.0)",0,0,0,0,0,0,False,0,0,0,0,0,0,0,0,"(0.0, 6.0, 2324.8)","(0.2, 0.0, 0.0, 1.0)"
0,979123.3,0,0,0,0,0,0,0,0,0,"(0.0, 0.0)","(0.0, 0.0)","(0.0, 0.0)","(0.0, 0.0, 0.0)","(0.0, 0.0, 0.0)","(0.0, 0.0, 0.0)","(0.0, 0.0, 0.0)","(0.0, 0.0, 0.0)","(0.0, 0.0, 0.0)",0,0,0,0,0,0,False,0,0,0,0,0,0,0,0,"(0.0, 6.0, 2325.2)","(0.2, 0.0, 0.0, 1.0)"
0,979146.1,0,0,0,0,0,0,0,0,0,"(0.0, 0.0)","(0.0, 0.0)","(0.0, 0.0)","(0.0, 0.0, 0.0)","(0.0, 0.0, 0.0)","(0.0, 0.0, 0.0)","(0.0, 0.0, 0.0)","(0.0, 0.0, 0.0)","(0.0, 0.0, 0.0)",0,0,0,0,0,0,False,0,0,0,0,0,0,0,0,"(0.0, 6.0, 2325.6)","(0.2, 0.0, 0.0, 1.0)"
0,979167.8,0,0,0,0,0,0,0,0,0,"(0.0, 0.0)","(0.0, 0.0)","(0.0, 0.0)","(0.0, 0.0, 0.0)","(0.0, 0.0, 0.0)","(0.0, 0.0, 0.0)","(0.0, 0.0, 0.0)","(0.0, 0.0, 0.0)","(0.0, 0.0, 0.0)",0,0,0,0,0,0,False,0,0,0,0,0,0,0,0,"(0.0, 6.0, 2326.0)","(0.2, 0.0, 0.0, 1.0)"
0,979189.6,0,0,0,0,0,0,0,0,0,"(0.0, 0.0)","(0.0, 0.0)","(0.0, 0.0)","(0.0, 0.0, 0.0)","(0.0, 0.0, 0.0)","(0.0, 0.0, 0.0)","(0.0, 0.0, 0.0)","(0.0, 0.0, 0.0)","(0.0, 0.0, 0.0)",0,0,0,0,0,0,False,0,0,0,0,0,0,0,0,"(0.0, 6.0, 2326.4)","(0.2, 0.0, 0.0, 1.0)"
0,979215.4,0,0,0,0,0,0,0,0,0,"(0.0, 0.0)","(0.0, 0.0)","(0.0, 0.0)","(0.0, 0.0, 0.0)","(0.0, 0.0, 0.0)","(0.0, 0.0, 0.0)","(0.0, 0.0, 0.0)","(0.0, 0.0, 0.0)","(0.0, 0.0, 0.0)",0,0,0,0,0,0,False,0,0,0,0,0,0,0,0,"(0.0, 6.0, 2326.9)","(0.2, 0.0, 0.0, 1.0)"
0,979236.3,0,0,0,0,0,0,0,0,0,"(0.0, 0.0)","(0.0, 0.0)","(0.0, 0.0)","(0.0, 0.0, 0.0)","(0.0, 0.0, 0.0)","(0.0, 0.0, 0.0)","(0.0, 0.0, 0.0)","(0.0, 0.0, 0.0)","(0.0, 0.0, 0.0)",0,0,0,0,0,0,False,0,0,0,0,0,0,0,0,"(0.0, 6.0, 2327.3)","(0.2, 0.0, 0.0, 1.0)"
0,979255.9,0,0,0,0,0,0,0,0,0,"(0.0, 0.0)","(0.0, 0.0)","(0.0, 0.0)","(0.0, 0.0, 0.0)","(0.0, 0.0, 0.0)","(0.0, 0.0, 0.0)","(0.0, 0.0, 0.0)","(0.0, 0.0, 0.0)","(0.0, 0.0, 0.0)",0,0,0,0,0,0,False,0,0,0,0,0,0,0,0,"(0.0, 6.0, 2327.7)","(0.2, 0.0, 0.0, 1.0)"
0,979276.1,0,0,0,0,0,0,0,0,0,"(0.0, 0.0)","(0.0, 0.0)","(0.0, 0.0)","(0.0, 0.0, 0.0)","(0.0, 0.0, 0.0)","(0.0, 0.0, 0.0)","(0.0, 0.0, 0.0)","(0.0, 0.0, 0.0)","(0.0, 0.0, 0.0)",0,0,0,0,0,0,False,0,0,0,0,0,0,0,0,"(0.0, 6.0, 2328.1)","(0.2, 0.0, 0.0, 1.0)"
0,979296.8,0,0,0,0,0,0,0,0,0,"(0.0, 0.0)","(0.0, 0.0)","(0.0, 0.0)","(0.0, 0.0, 0.0)","(0.0, 0.0, 0.0)","(0.0, 0.0, 0.0)","(0.0, 0.0, 0.0)","(0.0, 0.0, 0.0)","(0.0, 0.0, 0.0)",0,0,0,0,0,0,False,0,0,0,0,0,0,0,0,"(0.0, 6.0, 2328.5)","(0.2, 0.0, 0.0, 1.0)"
0,979317.2,0,0,0,0,0,0,0,0,0,"(0.0, 0.0)","(0.0, 0.0)","(0.0, 0.0)","(0.0, 0.0, 0.0)","(0.0, 0.0, 0.0)","(0.0, 0.0, 0.0)","(0.0, 0.0, 0.0)","(0.0, 0.0, 0.0)","(0.0, 0.0, 0.0)",0,0,0,0,0,0,False,0,0,0,0,0,0,0,0,"(0.0, 6.0, 2328.9)","(0.2, 0.0, 0.0, 1.0)"
0,979337.3,0,0,0,0,0,0,0,0,0,"(0.0, 0.0)","(0.0, 0.0)","(0.0, 0.0)","(0.0, 0.0, 0.0)","(0.0, 0.0, 0.0)","(0.0, 0.0, 0.0)","(0.0, 0.0, 0.0)","(0.0, 0.0, 0.0)","(0.0, 0.0, 0.0)",0,0,0,0,0,0,False,0,0,0,0,0,0,0,0,"(0.0, 6.0, 2329.3)","(0.2, 0.0, 0.0, 1.0)"
0,979356.1,0,0,0,0,0,0,0,0,0,"(0.0, 0.0)","(0.0, 0.0)","(0.0, 0.0)","(0.0, 0.0, 0.0)","(0.0, 0.0, 0.0)","(0.0, 0.0, 0.0)","(0.0, 0.0, 0.0)","(0.0, 0.0, 0.0)","(0.0, 0.0, 0.0)",0,0,0,0,0,0,False,0,0,0,0,0,0,0,0,"(0.0, 6.0, 2329.7)","(0.2, 0.0, 0.0, 1.0)"
0,979381.2,0,0,0,0,0,0,0,0,0,"(0.0, 0.0)","(0.0, 0.0)","(0.0, 0.0)","(0.0, 0.0, 0.0)","(0.0, 0.0, 0.0)","(0.0, 0.0, 0.0)","(0.0, 0.0, 0.0)","(0.0, 0.0, 0.0)","(0.0, 0.0, 0.0)",0,0,0,0,0,0,False,0,0,0,0,0,0,0,0,"(0.0, 6.0, 2330.1)","(0.2, 0.0, 0.0, 1.0)"
0,979401.7,0,0,0,0,0,0,0,0,0,"(0.0, 0.0)","(0.0, 0.0)","(0.0, 0.0)","(0.0, 0.0, 0.0)","(0.0, 0.0, 0.0)","(0.0, 0.0, 0.0)","(0.0, 0.0, 0.0)","(0.0, 0.0, 0.0)","(0.0, 0.0, 0.0)",0,0,0,0,0,0,False,0,0,0,0,0,0,0,0,"(0.0, 6.0, 2330.5)","(0.2, 0.0, 0.0, 1.0)"
0,979420.2,0,0,0,0,0,0,0,0,0,"(0.0, 0.0)","(0.0, 0.0)","(0.0, 0.0)","(0.0, 0.0, 0.0)","(0.0, 0.0, 0.0)","(0.0, 0.0, 0.0)","(0.0, 0.0, 0.0)","(0.0, 0.0, 0.0)","(0.0, 0.0, 0.0)",0,0,0,0,0,0,False,0,0,0,0,0,0,0,0,"(0.0, 6.0, 2330.9)","(0.2, 0.0, 0.0, 1.0)"
0,979439.6,0,0,0,0,0,0,0,0,0,"(0.0, 0.0)","(0.0, 0.0)","(0.0, 0.0)","(0.0, 0.0, 0.0)","(0.0, 0.0, 0.0)","(0.0, 0.0, 0.0)","(0.0, 0.0, 0.0)","(0.0, 0.0, 0.0)","(0.0, 0.0, 0.0)",0,0,0,0,0,0,False,0,0,0,0,0,0,0,0,"(0.0, 6.0, 2331.3)","(0.2, 0.0, 0.0, 1.0)"
0,979459.6,0,0,0,0,0,0,0,0,0,"(0.0, 0.0)","(0.0, 0.0)","(0.0, 0.0)","(0.0, 0.0, 0.0)","(0.0, 0.0, 0.0)","(0.0, 0.0, 0.0)","(0.0, 0.0, 0.0)","(0.0, 0.0, 0.0)","(0.0, 0.0, 0.0)",0,0,0,0,0,0,False,0,0,0,0,0,0,0,0,"(0.0, 6.0, 2331.7)","(0.2, 0.0, 0.0, 1.0)"
0,979479.6,0,0,0,0,0,0,0,0,0,"(0.0, 0.0)","(0.0, 0.0)","(0.0, 0.0)","(0.0, 0.0, 0.0)","(0.0, 0.0, 0.0)","(0.0, 0.0, 0.0)","(0.0, 0.0, 0.0)","(0.0, 0.0, 0.0)","(0.0, 0.0, 0.0)",0,0,0,0,0,0,False,0,0,0,0,0,0,0,0,"(0.0, 6.0, 2332.1)","(0.2, 0.0, 0.0, 1.0)"
0,979498.9,0,0,0,0,0,0,0,0,0,"(0.0, 0.0)","(0.0, 0.0)","(0.0, 0.0)","(0.0, 0.0, 0.0)","(0.0, 0.0, 0.0)","(0.0, 0.0, 0.0)","(0.0, 0.0, 0.0)","(0.0, 0.0, 0.0)","(0.0, 0.0, 0.0)",0,0,0,0,0,0,False,0,0,0,0,0,0,0,0,"(0.0, 6.0, 2332.5)","(0.2, 0.0, 0.0, 1.0)"
0,979524.9,0,0,0,0,0,0,0,0,0,"(0.0, 0.0)","(0.0, 0.0)","(0.0, 0.0)","(0.0, 0.0, 0.0)","(0.0, 0.0, 0.0)","(0.0, 0.0, 0.0)","(0.0, 0.0, 0.0)","(0.0, 0.0, 0.0)","(0.0, 0.0, 0.0)",0,0,0,0,0,0,False,0,0,0,0,0,0,0,0,"(0.0, 6.0, 2332.9)","(0.2, 0.0, 0.0, 1.0)"
0,979546,0,0,0,0,0,0,0,0,0,"(0.0, 0.0)","(0.0, 0.0)","(0.0, 0.0)","(0.0, 0.0, 0.0)","(0.0, 0.0, 0.0)","(0.0, 0.0, 0.0)","(0.0, 0.0, 0.0)","(0.0, 0.0, 0.0)","(0.0, 0.0, 0.0)",0,0,0,0,0,0,False,0,0,0,0,0,0,0,0,"(0.0, 6.0, 2333.3)","(0.2, 0.0, 0.0, 1.0)"
0,979565.1,0,0,0,0,0,0,0,0,0,"(0.0, 0.0)","(0.0, 0.0)","(0.0, 0.0)","(0.0, 0.0, 0.0)","(0.0, 0.0, 0.0)","(0.0, 0.0, 0.0)","(0.0, 0.0, 0.0)","(0.0, 0.0, 0.0)","(0.0, 0.0, 0.0)",0,0,0,0,0,0,False,0,0,0,0,0,0,0,0,"(0.0, 6.0, 2333.7)","(0.2, 0.0, 0.0, 1.0)"
0,979586,0,0,0,0,0,0,0,0,0,"(0.0, 0.0)","(0.0, 0.0)","(0.0, 0.0)","(0.0, 0.0, 0.0)","(0.0, 0.0, 0.0)","(0.0, 0.0, 0.0)","(0.0, 0.0, 0.0)","(0.0, 0.0, 0.0)","(0.0, 0.0, 0.0)",0,0,0,0,0,0,False,0,0,0,0,0,0,0,0,"(0.0, 6.0, 2334.1)","(0.2, 0.0, 0.0, 1.0)"
0,979605.4,0,0,0,0,0,0,0,0,0,"(0.0, 0.0)","(0.0, 0.0)","(0.0, 0.0)","(0.0, 0.0, 0.0)","(0.0, 0.0, 0.0)","(0.0, 0.0, 0.0)","(0.0, 0.0, 0.0)","(0.0, 0.0, 0.0)","(0.0, 0.0, 0.0)",0,0,0,0,0,0,False,0,0,0,0,0,0,0,0,"(0.0, 6.0, 2334.5)","(0.2, 0.0, 0.0, 1.0)"
0,979624.6,0,0,0,0,0,0,0,0,0,"(0.0, 0.0)","(0.0, 0.0)","(0.0, 0.0)","(0.0, 0.0, 0.0)","(0.0, 0.0, 0.0)","(0.0, 0.0, 0.0)","(0.0, 0.0, 0.0)","(0.0, 0.0, 0.0)","(0.0, 0.0, 0.0)",0,0,0,0,0,0,False,0,0,0,0,0,0,0,0,"(0.0, 6.0, 2334.9)","(0.2, 0.0, 0.0, 1.0)"
0,979646.3,0,0,0,0,0,0,0,0,0,"(0.0, 0.0)","(0.0, 0.0)","(0.0, 0.0)","(0.0, 0.0, 0.0)","(0.0, 0.0, 0.0)","(0.0, 0.0, 0.0)","(0.0, 0.0, 0.0)","(0.0, 0.0, 0.0)","(0.0, 0.0, 0.0)",0,0,0,0,0,0,False,0,0,0,0,0,0,0,0,"(0.0, 6.0, 2335.3)","(0.2, 0.0, 0.0, 1.0)"
0,979667.4,0,0,0,0,0,0,0,0,0,"(0.0, 0.0)","(0.0, 0.0)","(0.0, 0.0)","(0.0, 0.0, 0.0)","(0.0, 0.0, 0.0)","(0.0, 0.0, 0.0)","(0.0, 0.0, 0.0)","(0.0, 0.0, 0.0)","(0.0, 0.0, 0.0)",0,0,0,0,0,0,False,0,0,0,0,0,0,0,0,"(0.0, 6.0, 2335.7)","(0.2, 0.0, 0.0, 1.0)"
0,979691.8,0,0,0,0,0,0,0,0,0,"(0.0, 0.0)","(0.0, 0.0)","(0.0, 0.0)","(0.0, 0.0, 0.0)","(0.0, 0.0, 0.0)","(0.0, 0.0, 0.0)","(0.0, 0.0, 0.0)","(0.0, 0.0, 0.0)","(0.0, 0.0, 0.0)",0,0,0,0,0,0,False,0,0,0,0,0,0,0,0,"(0.0, 6.0, 2336.1)","(0.2, 0.0, 0.0, 1.0)"
0,979712.6,0,0,0,0,0,0,0,0,0,"(0.0, 0.0)","(0.0, 0.0)","(0.0, 0.0)","(0.0, 0.0, 0.0)","(0.0, 0.0, 0.0)","(0.0, 0.0, 0.0)","(0.0, 0.0, 0.0)","(0.0, 0.0, 0.0)","(0.0, 0.0, 0.0)",0,0,0,0,0,0,False,0,0,0,0,0,0,0,0,"(0.0, 6.0, 2336.5)","(0.2, 0.0, 0.0, 1.0)"
0,979741.4,0,0,0,0,0,0,0,0,0,"(0.0, 0.0)","(0.0, 0.0)","(0.0, 0.0)","(0.0, 0.0, 0.0)","(0.0, 0.0, 0.0)","(0.0, 0.0, 0.0)","(0.0, 0.0, 0.0)","(0.0, 0.0, 0.0)","(0.0, 0.0, 0.0)",0,0,0,0,0,0,False,0,0,0,0,0,0,0,0,"(0.0, 6.0, 2336.9)","(0.2, 0.0, 0.0, 1.0)"
0,979763.1,0,0,0,0,0,0,0,0,0,"(0.0, 0.0)","(0.0, 0.0)","(0.0, 0.0)","(0.0, 0.0, 0.0)","(0.0, 0.0, 0.0)","(0.0, 0.0, 0.0)","(0.0, 0.0, 0.0)","(0.0, 0.0, 0.0)","(0.0, 0.0, 0.0)",0,0,0,0,0,0,False,0,0,0,0,0,0,0,0,"(0.0, 6.0, 2337.3)","(0.2, 0.0, 0.0, 1.0)"
0,979784.4,0,0,0,0,0,0,0,0,0,"(0.0, 0.0)","(0.0, 0.0)","(0.0, 0.0)","(0.0, 0.0, 0.0)","(0.0, 0.0, 0.0)","(0.0, 0.0, 0.0)","(0.0, 0.0, 0.0)","(0.0, 0.0, 0.0)","(0.0, 0.0, 0.0)",0,0,0,0,0,0,False,0,0,0,0,0,0,0,0,"(0.0, 6.0, 2337.7)","(0.2, 0.0, 0.0, 1.0)"
0,979805.3,0,0,0,0,0,0,0,0,0,"(0.0, 0.0)","(0.0, 0.0)","(0.0, 0.0)","(0.0, 0.0, 0.0)","(0.0, 0.0, 0.0)","(0.0, 0.0, 0.0)","(0.0, 0.0, 0.0)","(0.0, 0.0, 0.0)","(0.0, 0.0, 0.0)",0,0,0,0,0,0,False,0,0,0,0,0,0,0,0,"(0.0, 6.0, 2338.2)","(0.2, 0.0, 0.0, 1.0)"
0,979830.2,0,0,0,0,0,0,0,0,0,"(0.0, 0.0)","(0.0, 0.0)","(0.0, 0.0)","(0.0, 0.0, 0.0)","(0.0, 0.0, 0.0)","(0.0, 0.0, 0.0)","(0.0, 0.0, 0.0)","(0.0, 0.0, 0.0)","(0.0, 0.0, 0.0)",0,0,0,0,0,0,False,0,0,0,0,0,0,0,0,"(0.0, 6.0, 2338.6)","(0.2, 0.0, 0.0, 1.0)"
0,979852.1,0,0,0,0,0,0,0,0,0,"(0.0, 0.0)","(0.0, 0.0)","(0.0, 0.0)","(0.0, 0.0, 0.0)","(0.0, 0.0, 0.0)","(0.0, 0.0, 0.0)","(0.0, 0.0, 0.0)","(0.0, 0.0, 0.0)","(0.0, 0.0, 0.0)",0,0,0,0,0,0,False,0,0,0,0,0,0,0,0,"(0.0, 6.0, 2339.0)","(0.2, 0.0, 0.0, 1.0)"
0,979872.5,0,0,0,0,0,0,0,0,0,"(0.0, 0.0)","(0.0, 0.0)","(0.0, 0.0)","(0.0, 0.0, 0.0)","(0.0, 0.0, 0.0)","(0.0, 0.0, 0.0)","(0.0, 0.0, 0.0)","(0.0, 0.0, 0.0)","(0.0, 0.0, 0.0)",0,0,0,0,0,0,False,0,0,0,0,0,0,0,0,"(0.0, 6.0, 2339.4)","(0.2, 0.0, 0.0, 1.0)"
0,979893.5,0,0,0,0,0,0,0,0,0,"(0.0, 0.0)","(0.0, 0.0)","(0.0, 0.0)","(0.0, 0.0, 0.0)","(0.0, 0.0, 0.0)","(0.0, 0.0, 0.0)","(0.0, 0.0, 0.0)","(0.0, 0.0, 0.0)","(0.0, 0.0, 0.0)",0,0,0,0,0,0,False,0,0,0,0,0,0,0,0,"(0.0, 6.0, 2339.8)","(0.2, 0.0, 0.0, 1.0)"
0,979916.4,0,0,0,0,0,0,0,0,0,"(0.0, 0.0)","(0.0, 0.0)","(0.0, 0.0)","(0.0, 0.0, 0.0)","(0.0, 0.0, 0.0)","(0.0, 0.0, 0.0)","(0.0, 0.0, 0.0)","(0.0, 0.0, 0.0)","(0.0, 0.0, 0.0)",0,0,0,0,0,0,False,0,0,0,0,0,0,0,0,"(0.0, 6.0, 2340.2)","(0.2, 0.0, 0.0, 1.0)"
0,979936.6,0,0,0,0,0,0,0,0,0,"(0.0, 0.0)","(0.0, 0.0)","(0.0, 0.0)","(0.0, 0.0, 0.0)","(0.0, 0.0, 0.0)","(0.0, 0.0, 0.0)","(0.0, 0.0, 0.0)","(0.0, 0.0, 0.0)","(0.0, 0.0, 0.0)",0,0,0,0,0,0,False,0,0,0,0,0,0,0,0,"(0.0, 6.0, 2340.6)","(0.2, 0.0, 0.0, 1.0)"
0,979956.3,0,0,0,0,0,0,0,0,0,"(0.0, 0.0)","(0.0, 0.0)","(0.0, 0.0)","(0.0, 0.0, 0.0)","(0.0, 0.0, 0.0)","(0.0, 0.0, 0.0)","(0.0, 0.0, 0.0)","(0.0, 0.0, 0.0)","(0.0, 0.0, 0.0)",0,0,0,0,0,0,False,0,0,0,0,0,0,0,0,"(0.0, 6.0, 2341.1)","(0.2, 0.0, 0.0, 1.0)"
0,979979.2,0,0,0,0,0,0,0,0,0,"(0.0, 0.0)","(0.0, 0.0)","(0.0, 0.0)","(0.0, 0.0, 0.0)","(0.0, 0.0, 0.0)","(0.0, 0.0, 0.0)","(0.0, 0.0, 0.0)","(0.0, 0.0, 0.0)","(0.0, 0.0, 0.0)",0,0,0,0,0,0,False,0,0,0,0,0,0,0,0,"(0.0, 6.0, 2341.5)","(0.2, 0.0, 0.0, 1.0)"
0,980001.7,0,0,0,0,0,0,0,0,0,"(0.0, 0.0)","(0.0, 0.0)","(0.0, 0.0)","(0.0, 0.0, 0.0)","(0.0, 0.0, 0.0)","(0.0, 0.0, 0.0)","(0.0, 0.0, 0.0)","(0.0, 0.0, 0.0)","(0.0, 0.0, 0.0)",0,0,0,0,0,0,False,0,0,0,0,0,0,0,0,"(0.0, 6.0, 2341.9)","(0.2, 0.0, 0.0, 1.0)"
0,980023.3,0,0,0,0,0,0,0,0,0,"(0.0, 0.0)","(0.0, 0.0)","(0.0, 0.0)","(0.0, 0.0, 0.0)","(0.0, 0.0, 0.0)","(0.0, 0.0, 0.0)","(0.0, 0.0, 0.0)","(0.0, 0.0, 0.0)","(0.0, 0.0, 0.0)",0,0,0,0,0,0,False,0,0,0,0,0,0,0,0,"(0.0, 6.0, 2342.3)","(0.2, 0.0, 0.0, 1.0)"
0,980046,0,0,0,0,0,0,0,0,0,"(0.0, 0.0)","(0.0, 0.0)","(0.0, 0.0)","(0.0, 0.0, 0.0)","(0.0, 0.0, 0.0)","(0.0, 0.0, 0.0)","(0.0, 0.0, 0.0)","(0.0, 0.0, 0.0)","(0.0, 0.0, 0.0)",0,0,0,0,0,0,False,0,0,0,0,0,0,0,0,"(0.0, 6.0, 2342.7)","(0.2, 0.0, 0.0, 1.0)"
0,980068.4,0,0,0,0,0,0,0,0,0,"(0.0, 0.0)","(0.0, 0.0)","(0.0, 0.0)","(0.0, 0.0, 0.0)","(0.0, 0.0, 0.0)","(0.0, 0.0, 0.0)","(0.0, 0.0, 0.0)","(0.0, 0.0, 0.0)","(0.0, 0.0, 0.0)",0,0,0,0,0,0,False,0,0,0,0,0,0,0,0,"(0.0, 6.0, 2343.1)","(0.2, 0.0, 0.0, 1.0)"
0,980089.4,0,0,0,0,0,0,0,0,0,"(0.0, 0.0)","(0.0, 0.0)","(0.0, 0.0)","(0.0, 0.0, 0.0)","(0.0, 0.0, 0.0)","(0.0, 0.0, 0.0)","(0.0, 0.0, 0.0)","(0.0, 0.0, 0.0)","(0.0, 0.0, 0.0)",0,0,0,0,0,0,False,0,0,0,0,0,0,0,0,"(0.0, 6.0, 2343.5)","(0.2, 0.0, 0.0, 1.0)"
0,980114.8,0,0,0,0,0,0,0,0,0,"(0.0, 0.0)","(0.0, 0.0)","(0.0, 0.0)","(0.0, 0.0, 0.0)","(0.0, 0.0, 0.0)","(0.0, 0.0, 0.0)","(0.0, 0.0, 0.0)","(0.0, 0.0, 0.0)","(0.0, 0.0, 0.0)",0,0,0,0,0,0,False,0,0,0,0,0,0,0,0,"(0.0, 6.0, 2344.0)","(0.2, 0.0, 0.0, 1.0)"
0,980135.6,0,0,0,0,0,0,0,0,0,"(0.0, 0.0)","(0.0, 0.0)","(0.0, 0.0)","(0.0, 0.0, 0.0)","(0.0, 0.0, 0.0)","(0.0, 0.0, 0.0)","(0.0, 0.0, 0.0)","(0.0, 0.0, 0.0)","(0.0, 0.0, 0.0)",0,0,0,0,0,0,False,0,0,0,0,0,0,0,0,"(0.0, 6.0, 2344.4)","(0.2, 0.0, 0.0, 1.0)"
0,980156.9,0,0,0,0,0,0,0,0,0,"(0.0, 0.0)","(0.0, 0.0)","(0.0, 0.0)","(0.0, 0.0, 0.0)","(0.0, 0.0, 0.0)","(0.0, 0.0, 0.0)","(0.0, 0.0, 0.0)","(0.0, 0.0, 0.0)","(0.0, 0.0, 0.0)",0,0,0,0,0,0,False,0,0,0,0,0,0,0,0,"(0.0, 6.0, 2344.8)","(0.2, 0.0, 0.0, 1.0)"
0,980179.3,0,0,0,0,0,0,0,0,0,"(0.0, 0.0)","(0.0, 0.0)","(0.0, 0.0)","(0.0, 0.0, 0.0)","(0.0, 0.0, 0.0)","(0.0, 0.0, 0.0)","(0.0, 0.0, 0.0)","(0.0, 0.0, 0.0)","(0.0, 0.0, 0.0)",0,0,0,0,0,0,False,0,0,0,0,0,0,0,0,"(0.0, 6.0, 2345.2)","(0.2, 0.0, 0.0, 1.0)"
0,980200.7,0,0,0,0,0,0,0,0,0,"(0.0, 0.0)","(0.0, 0.0)","(0.0, 0.0)","(0.0, 0.0, 0.0)","(0.0, 0.0, 0.0)","(0.0, 0.0, 0.0)","(0.0, 0.0, 0.0)","(0.0, 0.0, 0.0)","(0.0, 0.0, 0.0)",0,0,0,0,0,0,False,0,0,0,0,0,0,0,0,"(0.0, 6.0, 2345.6)","(0.2, 0.0, 0.0, 1.0)"
0,980222.6,0,0,0,0,0,0,0,0,0,"(0.0, 0.0)","(0.0, 0.0)","(0.0, 0.0)","(0.0, 0.0, 0.0)","(0.0, 0.0, 0.0)","(0.0, 0.0, 0.0)","(0.0, 0.0, 0.0)","(0.0, 0.0, 0.0)","(0.0, 0.0, 0.0)",0,0,0,0,0,0,False,0,0,0,0,0,0,0,0,"(0.0, 6.0, 2346.0)","(0.2, 0.0, 0.0, 1.0)"
0,980242.1,0,0,0,0,0,0,0,0,0,"(0.0, 0.0)","(0.0, 0.0)","(0.0, 0.0)","(0.0, 0.0, 0.0)","(0.0, 0.0, 0.0)","(0.0, 0.0, 0.0)","(0.0, 0.0, 0.0)","(0.0, 0.0, 0.0)","(0.0, 0.0, 0.0)",0,0,0,0,0,0,False,0,0,0,0,0,0,0,0,"(0.0, 6.0, 2346.5)","(0.2, 0.0, 0.0, 1.0)"
0,980267.4,0,0,0,0,0,0,0,0,0,"(0.0, 0.0)","(0.0, 0.0)","(0.0, 0.0)","(0.0, 0.0, 0.0)","(0.0, 0.0, 0.0)","(0.0, 0.0, 0.0)","(0.0, 0.0, 0.0)","(0.0, 0.0, 0.0)","(0.0, 0.0, 0.0)",0,0,0,0,0,0,False,0,0,0,0,0,0,0,0,"(0.0, 6.0, 2346.9)","(0.2, 0.0, 0.0, 1.0)"
0,980291.9,0,0,0,0,0,0,0,0,0,"(0.0, 0.0)","(0.0, 0.0)","(0.0, 0.0)","(0.0, 0.0, 0.0)","(0.0, 0.0, 0.0)","(0.0, 0.0, 0.0)","(0.0, 0.0, 0.0)","(0.0, 0.0, 0.0)","(0.0, 0.0, 0.0)",0,0,0,0,0,0,False,0,0,0,0,0,0,0,0,"(0.0, 6.0, 2347.3)","(0.2, 0.0, 0.0, 1.0)"
0,980312.1,0,0,0,0,0,0,0,0,0,"(0.0, 0.0)","(0.0, 0.0)","(0.0, 0.0)","(0.0, 0.0, 0.0)","(0.0, 0.0, 0.0)","(0.0, 0.0, 0.0)","(0.0, 0.0, 0.0)","(0.0, 0.0, 0.0)","(0.0, 0.0, 0.0)",0,0,0,0,0,0,False,0,0,0,0,0,0,0,0,"(0.0, 6.0, 2347.7)","(0.2, 0.0, 0.0, 1.0)"
0,980332.7,0,0,0,0,0,0,0,0,0,"(0.0, 0.0)","(0.0, 0.0)","(0.0, 0.0)","(0.0, 0.0, 0.0)","(0.0, 0.0, 0.0)","(0.0, 0.0, 0.0)","(0.0, 0.0, 0.0)","(0.0, 0.0, 0.0)","(0.0, 0.0, 0.0)",0,0,0,0,0,0,False,0,0,0,0,0,0,0,0,"(0.0, 6.0, 2348.1)","(0.2, 0.0, 0.0, 1.0)"
0,980352,0,0,0,0,0,0,0,0,0,"(0.0, 0.0)","(0.0, 0.0)","(0.0, 0.0)","(0.0, 0.0, 0.0)","(0.0, 0.0, 0.0)","(0.0, 0.0, 0.0)","(0.0, 0.0, 0.0)","(0.0, 0.0, 0.0)","(0.0, 0.0, 0.0)",0,0,0,0,0,0,False,0,0,0,0,0,0,0,0,"(0.0, 6.0, 2348.5)","(0.2, 0.0, 0.0, 1.0)"
0,980372.1,0,0,0,0,0,0,0,0,0,"(0.0, 0.0)","(0.0, 0.0)","(0.0, 0.0)","(0.0, 0.0, 0.0)","(0.0, 0.0, 0.0)","(0.0, 0.0, 0.0)","(0.0, 0.0, 0.0)","(0.0, 0.0, 0.0)","(0.0, 0.0, 0.0)",0,0,0,0,0,0,False,0,0,0,0,0,0,0,0,"(0.0, 6.0, 2349.0)","(0.2, 0.0, 0.0, 1.0)"
0,980390.9,0,0,0,0,0,0,0,0,0,"(0.0, 0.0)","(0.0, 0.0)","(0.0, 0.0)","(0.0, 0.0, 0.0)","(0.0, 0.0, 0.0)","(0.0, 0.0, 0.0)","(0.0, 0.0, 0.0)","(0.0, 0.0, 0.0)","(0.0, 0.0, 0.0)",0,0,0,0,0,0,False,0,0,0,0,0,0,0,0,"(0.0, 6.0, 2349.4)","(0.2, 0.0, 0.0, 1.0)"
0,980410.7,0,0,0,0,0,0,0,0,0,"(0.0, 0.0)","(0.0, 0.0)","(0.0, 0.0)","(0.0, 0.0, 0.0)","(0.0, 0.0, 0.0)","(0.0, 0.0, 0.0)","(0.0, 0.0, 0.0)","(0.0, 0.0, 0.0)","(0.0, 0.0, 0.0)",0,0,0,0,0,0,False,0,0,0,0,0,0,0,0,"(0.0, 6.0, 2349.8)","(0.2, 0.0, 0.0, 1.0)"
0,980436.2,0,0,0,0,0,0,0,0,0,"(0.0, 0.0)","(0.0, 0.0)","(0.0, 0.0)","(0.0, 0.0, 0.0)","(0.0, 0.0, 0.0)","(0.0, 0.0, 0.0)","(0.0, 0.0, 0.0)","(0.0, 0.0, 0.0)","(0.0, 0.0, 0.0)",0,0,0,0,0,0,False,0,0,0,0,0,0,0,0,"(0.0, 6.0, 2350.2)","(0.2, 0.0, 0.0, 1.0)"
0,980454.3,0,0,0,0,0,0,0,0,0,"(0.0, 0.0)","(0.0, 0.0)","(0.0, 0.0)","(0.0, 0.0, 0.0)","(0.0, 0.0, 0.0)","(0.0, 0.0, 0.0)","(0.0, 0.0, 0.0)","(0.0, 0.0, 0.0)","(0.0, 0.0, 0.0)",0,0,0,0,0,0,False,0,0,0,0,0,0,0,0,"(0.0, 6.0, 2350.6)","(0.2, 0.0, 0.0, 1.0)"
0,980474.4,0,0,0,0,0,0,0,0,0,"(0.0, 0.0)","(0.0, 0.0)","(0.0, 0.0)","(0.0, 0.0, 0.0)","(0.0, 0.0, 0.0)","(0.0, 0.0, 0.0)","(0.0, 0.0, 0.0)","(0.0, 0.0, 0.0)","(0.0, 0.0, 0.0)",0,0,0,0,0,0,False,0,0,0,0,0,0,0,0,"(0.0, 6.0, 2351.0)","(0.2, 0.0, 0.0, 1.0)"
0,980493.4,0,0,0,0,0,0,0,0,0,"(0.0, 0.0)","(0.0, 0.0)","(0.0, 0.0)","(0.0, 0.0, 0.0)","(0.0, 0.0, 0.0)","(0.0, 0.0, 0.0)","(0.0, 0.0, 0.0)","(0.0, 0.0, 0.0)","(0.0, 0.0, 0.0)",0,0,0,0,0,0,False,0,0,0,0,0,0,0,0,"(0.0, 6.0, 2351.4)","(0.2, 0.0, 0.0, 1.0)"
0,980513.9,0,0,0,0,0,0,0,0,0,"(0.0, 0.0)","(0.0, 0.0)","(0.0, 0.0)","(0.0, 0.0, 0.0)","(0.0, 0.0, 0.0)","(0.0, 0.0, 0.0)","(0.0, 0.0, 0.0)","(0.0, 0.0, 0.0)","(0.0, 0.0, 0.0)",0,0,0,0,0,0,False,0,0,0,0,0,0,0,0,"(0.0, 6.0, 2351.8)","(0.2, 0.0, 0.0, 1.0)"
0,980534.8,0,0,0,0,0,0,0,0,0,"(0.0, 0.0)","(0.0, 0.0)","(0.0, 0.0)","(0.0, 0.0, 0.0)","(0.0, 0.0, 0.0)","(0.0, 0.0, 0.0)","(0.0, 0.0, 0.0)","(0.0, 0.0, 0.0)","(0.0, 0.0, 0.0)",0,0,0,0,0,0,False,0,0,0,0,0,0,0,0,"(0.0, 6.0, 2352.2)","(0.2, 0.0, 0.0, 1.0)"
0,980553.5,0,0,0,0,0,0,0,0,0,"(0.0, 0.0)","(0.0, 0.0)","(0.0, 0.0)","(0.0, 0.0, 0.0)","(0.0, 0.0, 0.0)","(0.0, 0.0, 0.0)","(0.0, 0.0, 0.0)","(0.0, 0.0, 0.0)","(0.0, 0.0, 0.0)",0,0,0,0,0,0,False,0,0,0,0,0,0,0,0,"(0.0, 6.0, 2352.6)","(0.2, 0.0, 0.0, 1.0)"
0,980573.2,0,0,0,0,0,0,0,0,0,"(0.0, 0.0)","(0.0, 0.0)","(0.0, 0.0)","(0.0, 0.0, 0.0)","(0.0, 0.0, 0.0)","(0.0, 0.0, 0.0)","(0.0, 0.0, 0.0)","(0.0, 0.0, 0.0)","(0.0, 0.0, 0.0)",0,0,0,0,0,0,False,0,0,0,0,0,0,0,0,"(0.0, 6.0, 2352.9)","(0.2, 0.0, 0.0, 1.0)"
0,980599.3,0,0,0,0,0,0,0,0,0,"(0.0, 0.0)","(0.0, 0.0)","(0.0, 0.0)","(0.0, 0.0, 0.0)","(0.0, 0.0, 0.0)","(0.0, 0.0, 0.0)","(0.0, 0.0, 0.0)","(0.0, 0.0, 0.0)","(0.0, 0.0, 0.0)",0,0,0,0,0,0,False,0,0,0,0,0,0,0,0,"(0.0, 6.0, 2353.3)","(0.2, 0.0, 0.0, 1.0)"
0,980618.8,0,0,0,0,0,0,0,0,0,"(0.0, 0.0)","(0.0, 0.0)","(0.0, 0.0)","(0.0, 0.0, 0.0)","(0.0, 0.0, 0.0)","(0.0, 0.0, 0.0)","(0.0, 0.0, 0.0)","(0.0, 0.0, 0.0)","(0.0, 0.0, 0.0)",0,0,0,0,0,0,False,0,0,0,0,0,0,0,0,"(0.0, 6.0, 2353.7)","(0.2, 0.0, 0.0, 1.0)"
0,980638.6,0,0,0,0,0,0,0,0,0,"(0.0, 0.0)","(0.0, 0.0)","(0.0, 0.0)","(0.0, 0.0, 0.0)","(0.0, 0.0, 0.0)","(0.0, 0.0, 0.0)","(0.0, 0.0, 0.0)","(0.0, 0.0, 0.0)","(0.0, 0.0, 0.0)",0,0,0,0,0,0,False,0,0,0,0,0,0,0,0,"(0.0, 6.0, 2354.1)","(0.2, 0.0, 0.0, 1.0)"
0,980664.3,0,0,0,0,0,0,0,0,0,"(0.0, 0.0)","(0.0, 0.0)","(0.0, 0.0)","(0.0, 0.0, 0.0)","(0.0, 0.0, 0.0)","(0.0, 0.0, 0.0)","(0.0, 0.0, 0.0)","(0.0, 0.0, 0.0)","(0.0, 0.0, 0.0)",0,0,0,0,0,0,False,0,0,0,0,0,0,0,0,"(0.0, 6.0, 2354.5)","(0.2, 0.0, 0.0, 1.0)"
0,980685.1,0,0,0,0,0,0,0,0,0,"(0.0, 0.0)","(0.0, 0.0)","(0.0, 0.0)","(0.0, 0.0, 0.0)","(0.0, 0.0, 0.0)","(0.0, 0.0, 0.0)","(0.0, 0.0, 0.0)","(0.0, 0.0, 0.0)","(0.0, 0.0, 0.0)",0,0,0,0,0,0,False,0,0,0,0,0,0,0,0,"(0.0, 6.0, 2354.9)","(0.2, 0.0, 0.0, 1.0)"
0,980709.1,0,0,0,0,0,0,0,0,0,"(0.0, 0.0)","(0.0, 0.0)","(0.0, 0.0)","(0.0, 0.0, 0.0)","(0.0, 0.0, 0.0)","(0.0, 0.0, 0.0)","(0.0, 0.0, 0.0)","(0.0, 0.0, 0.0)","(0.0, 0.0, 0.0)",0,0,0,0,0,0,False,0,0,0,0,0,0,0,0,"(0.0, 6.0, 2355.4)","(0.2, 0.0, 0.0, 1.0)"
0,980729.7,0,0,0,0,0,0,0,0,0,"(0.0, 0.0)","(0.0, 0.0)","(0.0, 0.0)","(0.0, 0.0, 0.0)","(0.0, 0.0, 0.0)","(0.0, 0.0, 0.0)","(0.0, 0.0, 0.0)","(0.0, 0.0, 0.0)","(0.0, 0.0, 0.0)",0,0,0,0,0,0,False,0,0,0,0,0,0,0,0,"(0.0, 6.0, 2355.8)","(0.2, 0.0, 0.0, 1.0)"
0,980750.8,0,0,0,0,0,0,0,0,0,"(0.0, 0.0)","(0.0, 0.0)","(0.0, 0.0)","(0.0, 0.0, 0.0)","(0.0, 0.0, 0.0)","(0.0, 0.0, 0.0)","(0.0, 0.0, 0.0)","(0.0, 0.0, 0.0)","(0.0, 0.0, 0.0)",0,0,0,0,0,0,False,0,0,0,0,0,0,0,0,"(0.0, 6.0, 2356.2)","(0.2, 0.0, 0.0, 1.0)"
0,980770.7,0,0,0,0,0,0,0,0,0,"(0.0, 0.0)","(0.0, 0.0)","(0.0, 0.0)","(0.0, 0.0, 0.0)","(0.0, 0.0, 0.0)","(0.0, 0.0, 0.0)","(0.0, 0.0, 0.0)","(0.0, 0.0, 0.0)","(0.0, 0.0, 0.0)",0,0,0,0,0,0,False,0,0,0,0,0,0,0,0,"(0.0, 6.0, 2356.6)","(0.2, 0.0, 0.0, 1.0)"
0,980789.9,0,0,0,0,0,0,0,0,0,"(0.0, 0.0)","(0.0, 0.0)","(0.0, 0.0)","(0.0, 0.0, 0.0)","(0.0, 0.0, 0.0)","(0.0, 0.0, 0.0)","(0.0, 0.0, 0.0)","(0.0, 0.0, 0.0)","(0.0, 0.0, 0.0)",0,0,0,0,0,0,False,0,0,0,0,0,0,0,0,"(0.0, 6.0, 2357.0)","(0.2, 0.0, 0.0, 1.0)"
0,980811.9,0,0,0,0,0,0,0,0,0,"(0.0, 0.0)","(0.0, 0.0)","(0.0, 0.0)","(0.0, 0.0, 0.0)","(0.0, 0.0, 0.0)","(0.0, 0.0, 0.0)","(0.0, 0.0, 0.0)","(0.0, 0.0, 0.0)","(0.0, 0.0, 0.0)",0,0,0,0,0,0,False,0,0,0,0,0,0,0,0,"(0.0, 6.0, 2357.4)","(0.2, 0.0, 0.0, 1.0)"
0,980834.9,0,0,0,0,0,0,0,0,0,"(0.0, 0.0)","(0.0, 0.0)","(0.0, 0.0)","(0.0, 0.0, 0.0)","(0.0, 0.0, 0.0)","(0.0, 0.0, 0.0)","(0.0, 0.0, 0.0)","(0.0, 0.0, 0.0)","(0.0, 0.0, 0.0)",0,0,0,0,0,0,False,0,0,0,0,0,0,0,0,"(0.0, 6.0, 2357.8)","(0.2, 0.0, 0.0, 1.0)"
0,980855.9,0,0,0,0,0,0,0,0,0,"(0.0, 0.0)","(0.0, 0.0)","(0.0, 0.0)","(0.0, 0.0, 0.0)","(0.0, 0.0, 0.0)","(0.0, 0.0, 0.0)","(0.0, 0.0, 0.0)","(0.0, 0.0, 0.0)","(0.0, 0.0, 0.0)",0,0,0,0,0,0,False,0,0,0,0,0,0,0,0,"(0.0, 6.0, 2358.2)","(0.2, 0.0, 0.0, 1.0)"
0,980880.4,0,0,0,0,0,0,0,0,0,"(0.0, 0.0)","(0.0, 0.0)","(0.0, 0.0)","(0.0, 0.0, 0.0)","(0.0, 0.0, 0.0)","(0.0, 0.0, 0.0)","(0.0, 0.0, 0.0)","(0.0, 0.0, 0.0)","(0.0, 0.0, 0.0)",0,0,0,0,0,0,False,0,0,0,0,0,0,0,0,"(0.0, 6.0, 2358.6)","(0.2, 0.0, 0.0, 1.0)"
0,980901.1,0,0,0,0,0,0,0,0,0,"(0.0, 0.0)","(0.0, 0.0)","(0.0, 0.0)","(0.0, 0.0, 0.0)","(0.0, 0.0, 0.0)","(0.0, 0.0, 0.0)","(0.0, 0.0, 0.0)","(0.0, 0.0, 0.0)","(0.0, 0.0, 0.0)",0,0,0,0,0,0,False,0,0,0,0,0,0,0,0,"(0.0, 6.0, 2359.0)","(0.2, 0.0, 0.0, 1.0)"
0,980922.1,0,0,0,0,0,0,0,0,0,"(0.0, 0.0)","(0.0, 0.0)","(0.0, 0.0)","(0.0, 0.0, 0.0)","(0.0, 0.0, 0.0)","(0.0, 0.0, 0.0)","(0.0, 0.0, 0.0)","(0.0, 0.0, 0.0)","(0.0, 0.0, 0.0)",0,0,0,0,0,0,False,0,0,0,0,0,0,0,0,"(0.0, 6.0, 2359.4)","(0.2, 0.0, 0.0, 1.0)"
0,980945.4,0,0,0,0,0,0,0,0,0,"(0.0, 0.0)","(0.0, 0.0)","(0.0, 0.0)","(0.0, 0.0, 0.0)","(0.0, 0.0, 0.0)","(0.0, 0.0, 0.0)","(0.0, 0.0, 0.0)","(0.0, 0.0, 0.0)","(0.0, 0.0, 0.0)",0,0,0,0,0,0,False,0,0,0,0,0,0,0,0,"(0.0, 6.0, 2359.8)","(0.2, 0.0, 0.0, 1.0)"
0,980967.7,0,0,0,0,0,0,0,0,0,"(0.0, 0.0)","(0.0, 0.0)","(0.0, 0.0)","(0.0, 0.0, 0.0)","(0.0, 0.0, 0.0)","(0.0, 0.0, 0.0)","(0.0, 0.0, 0.0)","(0.0, 0.0, 0.0)","(0.0, 0.0, 0.0)",0,0,0,0,0,0,False,0,0,0,0,0,0,0,0,"(0.0, 6.0, 2360.2)","(0.2, 0.0, 0.0, 1.0)"
0,980989.1,0,0,0,0,0,0,0,0,0,"(0.0, 0.0)","(0.0, 0.0)","(0.0, 0.0)","(0.0, 0.0, 0.0)","(0.0, 0.0, 0.0)","(0.0, 0.0, 0.0)","(0.0, 0.0, 0.0)","(0.0, 0.0, 0.0)","(0.0, 0.0, 0.0)",0,0,0,0,0,0,False,0,0,0,0,0,0,0,0,"(0.0, 6.0, 2360.6)","(0.2, 0.0, 0.0, 1.0)"
0,981014.8,0,0,0,0,0,0,0,0,0,"(0.0, 0.0)","(0.0, 0.0)","(0.0, 0.0)","(0.0, 0.0, 0.0)","(0.0, 0.0, 0.0)","(0.0, 0.0, 0.0)","(0.0, 0.0, 0.0)","(0.0, 0.0, 0.0)","(0.0, 0.0, 0.0)",0,0,0,0,0,0,False,0,0,0,0,0,0,0,0,"(0.0, 6.0, 2361.1)","(0.2, 0.0, 0.0, 1.0)"
0,981037.3,0,0,0,0,0,0,0,0,0,"(0.0, 0.0)","(0.0, 0.0)","(0.0, 0.0)","(0.0, 0.0, 0.0)","(0.0, 0.0, 0.0)","(0.0, 0.0, 0.0)","(0.0, 0.0, 0.0)","(0.0, 0.0, 0.0)","(0.0, 0.0, 0.0)",0,0,0,0,0,0,False,0,0,0,0,0,0,0,0,"(0.0, 6.0, 2361.5)","(0.2, 0.0, 0.0, 1.0)"
0,981057.8,0,0,0,0,0,0,0,0,0,"(0.0, 0.0)","(0.0, 0.0)","(0.0, 0.0)","(0.0, 0.0, 0.0)","(0.0, 0.0, 0.0)","(0.0, 0.0, 0.0)","(0.0, 0.0, 0.0)","(0.0, 0.0, 0.0)","(0.0, 0.0, 0.0)",0,0,0,0,0,0,False,0,0,0,0,0,0,0,0,"(0.0, 6.0, 2361.9)","(0.2, 0.0, 0.0, 1.0)"
0,981078.8,0,0,0,0,0,0,0,0,0,"(0.0, 0.0)","(0.0, 0.0)","(0.0, 0.0)","(0.0, 0.0, 0.0)","(0.0, 0.0, 0.0)","(0.0, 0.0, 0.0)","(0.0, 0.0, 0.0)","(0.0, 0.0, 0.0)","(0.0, 0.0, 0.0)",0,0,0,0,0,0,False,0,0,0,0,0,0,0,0,"(0.0, 6.0, 2362.3)","(0.2, 0.0, 0.0, 1.0)"
0,981100.6,0,0,0,0,0,0,0,0,0,"(0.0, 0.0)","(0.0, 0.0)","(0.0, 0.0)","(0.0, 0.0, 0.0)","(0.0, 0.0, 0.0)","(0.0, 0.0, 0.0)","(0.0, 0.0, 0.0)","(0.0, 0.0, 0.0)","(0.0, 0.0, 0.0)",0,0,0,0,0,0,False,0,0,0,0,0,0,0,0,"(0.0, 6.0, 2362.7)","(0.2, 0.0, 0.0, 1.0)"
0,981122.4,0,0,0,0,0,0,0,0,0,"(0.0, 0.0)","(0.0, 0.0)","(0.0, 0.0)","(0.0, 0.0, 0.0)","(0.0, 0.0, 0.0)","(0.0, 0.0, 0.0)","(0.0, 0.0, 0.0)","(0.0, 0.0, 0.0)","(0.0, 0.0, 0.0)",0,0,0,0,0,0,False,0,0,0,0,0,0,0,0,"(0.0, 6.0, 2363.2)","(0.2, 0.0, 0.0, 1.0)"
0,981150.9,0,0,0,0,0,0,0,0,0,"(0.0, 0.0)","(0.0, 0.0)","(0.0, 0.0)","(0.0, 0.0, 0.0)","(0.0, 0.0, 0.0)","(0.0, 0.0, 0.0)","(0.0, 0.0, 0.0)","(0.0, 0.0, 0.0)","(0.0, 0.0, 0.0)",0,0,0,0,0,0,False,0,0,0,0,0,0,0,0,"(0.0, 6.0, 2363.6)","(0.2, 0.0, 0.0, 1.0)"
0,981171.8,0,0,0,0,0,0,0,0,0,"(0.0, 0.0)","(0.0, 0.0)","(0.0, 0.0)","(0.0, 0.0, 0.0)","(0.0, 0.0, 0.0)","(0.0, 0.0, 0.0)","(0.0, 0.0, 0.0)","(0.0, 0.0, 0.0)","(0.0, 0.0, 0.0)",0,0,0,0,0,0,False,0,0,0,0,0,0,0,0,"(0.0, 6.0, 2364.0)","(0.2, 0.0, 0.0, 1.0)"
0,981191,0,0,0,0,0,0,0,0,0,"(0.0, 0.0)","(0.0, 0.0)","(0.0, 0.0)","(0.0, 0.0, 0.0)","(0.0, 0.0, 0.0)","(0.0, 0.0, 0.0)","(0.0, 0.0, 0.0)","(0.0, 0.0, 0.0)","(0.0, 0.0, 0.0)",0,0,0,0,0,0,False,0,0,0,0,0,0,0,0,"(0.0, 6.0, 2364.4)","(0.2, 0.0, 0.0, 1.0)"
0,981209.6,0,0,0,0,0,0,0,0,0,"(0.0, 0.0)","(0.0, 0.0)","(0.0, 0.0)","(0.0, 0.0, 0.0)","(0.0, 0.0, 0.0)","(0.0, 0.0, 0.0)","(0.0, 0.0, 0.0)","(0.0, 0.0, 0.0)","(0.0, 0.0, 0.0)",0,0,0,0,0,0,False,0,0,0,0,0,0,0,0,"(0.0, 6.0, 2364.8)","(0.2, 0.0, 0.0, 1.0)"
0,981229.1,0,0,0,0,0,0,0,0,0,"(0.0, 0.0)","(0.0, 0.0)","(0.0, 0.0)","(0.0, 0.0, 0.0)","(0.0, 0.0, 0.0)","(0.0, 0.0, 0.0)","(0.0, 0.0, 0.0)","(0.0, 0.0, 0.0)","(0.0, 0.0, 0.0)",0,0,0,0,0,0,False,0,0,0,0,0,0,0,0,"(0.0, 6.0, 2365.2)","(0.2, 0.0, 0.0, 1.0)"
0,981249.8,0,0,0,0,0,0,0,0,0,"(0.0, 0.0)","(0.0, 0.0)","(0.0, 0.0)","(0.0, 0.0, 0.0)","(0.0, 0.0, 0.0)","(0.0, 0.0, 0.0)","(0.0, 0.0, 0.0)","(0.0, 0.0, 0.0)","(0.0, 0.0, 0.0)",0,0,0,0,0,0,False,0,0,0,0,0,0,0,0,"(0.0, 6.0, 2365.6)","(0.2, 0.0, 0.0, 1.0)"
0,981270.2,0,0,0,0,0,0,0,0,0,"(0.0, 0.0)","(0.0, 0.0)","(0.0, 0.0)","(0.0, 0.0, 0.0)","(0.0, 0.0, 0.0)","(0.0, 0.0, 0.0)","(0.0, 0.0, 0.0)","(0.0, 0.0, 0.0)","(0.0, 0.0, 0.0)",0,0,0,0,0,0,False,0,0,0,0,0,0,0,0,"(0.0, 6.0, 2366.1)","(0.2, 0.0, 0.0, 1.0)"
0,981289.9,0,0,0,0,0,0,0,0,0,"(0.0, 0.0)","(0.0, 0.0)","(0.0, 0.0)","(0.0, 0.0, 0.0)","(0.0, 0.0, 0.0)","(0.0, 0.0, 0.0)","(0.0, 0.0, 0.0)","(0.0, 0.0, 0.0)","(0.0, 0.0, 0.0)",0,0,0,0,0,0,False,0,0,0,0,0,0,0,0,"(0.0, 6.0, 2366.5)","(0.2, 0.0, 0.0, 1.0)"
0,981310.1,0,0,0,0,0,0,0,0,0,"(0.0, 0.0)","(0.0, 0.0)","(0.0, 0.0)","(0.0, 0.0, 0.0)","(0.0, 0.0, 0.0)","(0.0, 0.0, 0.0)","(0.0, 0.0, 0.0)","(0.0, 0.0, 0.0)","(0.0, 0.0, 0.0)",0,0,0,0,0,0,False,0,0,0,0,0,0,0,0,"(0.0, 6.0, 2366.9)","(0.2, 0.0, 0.0, 1.0)"
0,981335.4,0,0,0,0,0,0,0,0,0,"(0.0, 0.0)","(0.0, 0.0)","(0.0, 0.0)","(0.0, 0.0, 0.0)","(0.0, 0.0, 0.0)","(0.0, 0.0, 0.0)","(0.0, 0.0, 0.0)","(0.0, 0.0, 0.0)","(0.0, 0.0, 0.0)",0,0,0,0,0,0,False,0,0,0,0,0,0,0,0,"(0.0, 6.0, 2367.3)","(0.2, 0.0, 0.0, 1.0)"
0,981358.4,0,0,0,0,0,0,0,0,0,"(0.0, 0.0)","(0.0, 0.0)","(0.0, 0.0)","(0.0, 0.0, 0.0)","(0.0, 0.0, 0.0)","(0.0, 0.0, 0.0)","(0.0, 0.0, 0.0)","(0.0, 0.0, 0.0)","(0.0, 0.0, 0.0)",0,0,0,0,0,0,False,0,0,0,0,0,0,0,0,"(0.0, 6.0, 2367.7)","(0.2, 0.0, 0.0, 1.0)"
0,981379.1,0,0,0,0,0,0,0,0,0,"(0.0, 0.0)","(0.0, 0.0)","(0.0, 0.0)","(0.0, 0.0, 0.0)","(0.0, 0.0, 0.0)","(0.0, 0.0, 0.0)","(0.0, 0.0, 0.0)","(0.0, 0.0, 0.0)","(0.0, 0.0, 0.0)",0,0,0,0,0,0,False,0,0,0,0,0,0,0,0,"(0.0, 6.0, 2368.1)","(0.2, 0.0, 0.0, 1.0)"
0,981399.3,0,0,0,0,0,0,0,0,0,"(0.0, 0.0)","(0.0, 0.0)","(0.0, 0.0)","(0.0, 0.0, 0.0)","(0.0, 0.0, 0.0)","(0.0, 0.0, 0.0)","(0.0, 0.0, 0.0)","(0.0, 0.0, 0.0)","(0.0, 0.0, 0.0)",0,0,0,0,0,0,False,0,0,0,0,0,0,0,0,"(0.0, 6.0, 2368.5)","(0.2, 0.0, 0.0, 1.0)"
0,981419.3,0,0,0,0,0,0,0,0,0,"(0.0, 0.0)","(0.0, 0.0)","(0.0, 0.0)","(0.0, 0.0, 0.0)","(0.0, 0.0, 0.0)","(0.0, 0.0, 0.0)","(0.0, 0.0, 0.0)","(0.0, 0.0, 0.0)","(0.0, 0.0, 0.0)",0,0,0,0,0,0,False,0,0,0,0,0,0,0,0,"(0.0, 6.0, 2368.9)","(0.2, 0.0, 0.0, 1.0)"
0,981439,0,0,0,0,0,0,0,0,0,"(0.0, 0.0)","(0.0, 0.0)","(0.0, 0.0)","(0.0, 0.0, 0.0)","(0.0, 0.0, 0.0)","(0.0, 0.0, 0.0)","(0.0, 0.0, 0.0)","(0.0, 0.0, 0.0)","(0.0, 0.0, 0.0)",0,0,0,0,0,0,False,0,0,0,0,0,0,0,0,"(0.0, 6.0, 2369.3)","(0.2, 0.0, 0.0, 1.0)"
0,981458.2,0,0,0,0,0,0,0,0,0,"(0.0, 0.0)","(0.0, 0.0)","(0.0, 0.0)","(0.0, 0.0, 0.0)","(0.0, 0.0, 0.0)","(0.0, 0.0, 0.0)","(0.0, 0.0, 0.0)","(0.0, 0.0, 0.0)","(0.0, 0.0, 0.0)",0,0,0,0,0,0,False,0,0,0,0,0,0,0,0,"(0.0, 6.0, 2369.7)","(0.2, 0.0, 0.0, 1.0)"
0,981478.3,0,0,0,0,0,0,0,0,0,"(0.0, 0.0)","(0.0, 0.0)","(0.0, 0.0)","(0.0, 0.0, 0.0)","(0.0, 0.0, 0.0)","(0.0, 0.0, 0.0)","(0.0, 0.0, 0.0)","(0.0, 0.0, 0.0)","(0.0, 0.0, 0.0)",0,0,0,0,0,0,False,0,0,0,0,0,0,0,0,"(0.0, 6.0, 2370.1)","(0.2, 0.0, 0.0, 1.0)"
0,981498.2,0,0,0,0,0,0,0,0,0,"(0.0, 0.0)","(0.0, 0.0)","(0.0, 0.0)","(0.0, 0.0, 0.0)","(0.0, 0.0, 0.0)","(0.0, 0.0, 0.0)","(0.0, 0.0, 0.0)","(0.0, 0.0, 0.0)","(0.0, 0.0, 0.0)",0,0,0,0,0,0,False,0,0,0,0,0,0,0,0,"(0.0, 6.0, 2370.5)","(0.2, 0.0, 0.0, 1.0)"
0,981522.3,0,0,0,0,0,0,0,0,0,"(0.0, 0.0)","(0.0, 0.0)","(0.0, 0.0)","(0.0, 0.0, 0.0)","(0.0, 0.0, 0.0)","(0.0, 0.0, 0.0)","(0.0, 0.0, 0.0)","(0.0, 0.0, 0.0)","(0.0, 0.0, 0.0)",0,0,0,0,0,0,False,0,0,0,0,0,0,0,0,"(0.0, 6.0, 2370.9)","(0.2, 0.0, 0.0, 1.0)"
0,981540.9,0,0,0,0,0,0,0,0,0,"(0.0, 0.0)","(0.0, 0.0)","(0.0, 0.0)","(0.0, 0.0, 0.0)","(0.0, 0.0, 0.0)","(0.0, 0.0, 0.0)","(0.0, 0.0, 0.0)","(0.0, 0.0, 0.0)","(0.0, 0.0, 0.0)",0,0,0,0,0,0,False,0,0,0,0,0,0,0,0,"(0.0, 6.0, 2371.3)","(0.2, 0.0, 0.0, 1.0)"
0,981559.3,0,0,0,0,0,0,0,0,0,"(0.0, 0.0)","(0.0, 0.0)","(0.0, 0.0)","(0.0, 0.0, 0.0)","(0.0, 0.0, 0.0)","(0.0, 0.0, 0.0)","(0.0, 0.0, 0.0)","(0.0, 0.0, 0.0)","(0.0, 0.0, 0.0)",0,0,0,0,0,0,False,0,0,0,0,0,0,0,0,"(0.0, 6.0, 2371.7)","(0.2, 0.0, 0.0, 1.0)"
0,981579.2,0,0,0,0,0,0,0,0,0,"(0.0, 0.0)","(0.0, 0.0)","(0.0, 0.0)","(0.0, 0.0, 0.0)","(0.0, 0.0, 0.0)","(0.0, 0.0, 0.0)","(0.0, 0.0, 0.0)","(0.0, 0.0, 0.0)","(0.0, 0.0, 0.0)",0,0,0,0,0,0,False,0,0,0,0,0,0,0,0,"(0.0, 6.0, 2372.1)","(0.2, 0.0, 0.0, 1.0)"
0,981598.4,0,0,0,0,0,0,0,0,0,"(0.0, 0.0)","(0.0, 0.0)","(0.0, 0.0)","(0.0, 0.0, 0.0)","(0.0, 0.0, 0.0)","(0.0, 0.0, 0.0)","(0.0, 0.0, 0.0)","(0.0, 0.0, 0.0)","(0.0, 0.0, 0.0)",0,0,0,0,0,0,False,0,0,0,0,0,0,0,0,"(0.0, 6.0, 2372.4)","(0.2, 0.0, 0.0, 1.0)"
0,981618.2,0,0,0,0,0,0,0,0,0,"(0.0, 0.0)","(0.0, 0.0)","(0.0, 0.0)","(0.0, 0.0, 0.0)","(0.0, 0.0, 0.0)","(0.0, 0.0, 0.0)","(0.0, 0.0, 0.0)","(0.0, 0.0, 0.0)","(0.0, 0.0, 0.0)",0,0,0,0,0,0,False,0,0,0,0,0,0,0,0,"(0.0, 6.0, 2372.8)","(0.2, 0.0, 0.0, 1.0)"
0,981638,0,0,0,0,0,0,0,0,0,"(0.0, 0.0)","(0.0, 0.0)","(0.0, 0.0)","(0.0, 0.0, 0.0)","(0.0, 0.0, 0.0)","(0.0, 0.0, 0.0)","(0.0, 0.0, 0.0)","(0.0, 0.0, 0.0)","(0.0, 0.0, 0.0)",0,0,0,0,0,0,False,0,0,0,0,0,0,0,0,"(0.0, 6.0, 2373.2)","(0.2, 0.0, 0.0, 1.0)"
0,981668.6,0,0,0,0,0,0,0,0,0,"(0.0, 0.0)","(0.0, 0.0)","(0.0, 0.0)","(0.0, 0.0, 0.0)","(0.0, 0.0, 0.0)","(0.0, 0.0, 0.0)","(0.0, 0.0, 0.0)","(0.0, 0.0, 0.0)","(0.0, 0.0, 0.0)",0,0,0,0,0,0,False,0,0,0,0,0,0,0,0,"(0.0, 6.0, 2373.6)","(0.2, 0.0, 0.0, 1.0)"
0,981688.4,0,0,0,0,0,0,0,0,0,"(0.0, 0.0)","(0.0, 0.0)","(0.0, 0.0)","(0.0, 0.0, 0.0)","(0.0, 0.0, 0.0)","(0.0, 0.0, 0.0)","(0.0, 0.0, 0.0)","(0.0, 0.0, 0.0)","(0.0, 0.0, 0.0)",0,0,0,0,0,0,False,0,0,0,0,0,0,0,0,"(0.0, 6.0, 2374.0)","(0.2, 0.0, 0.0, 1.0)"
0,981711.4,0,0,0,0,0,0,0,0,0,"(0.0, 0.0)","(0.0, 0.0)","(0.0, 0.0)","(0.0, 0.0, 0.0)","(0.0, 0.0, 0.0)","(0.0, 0.0, 0.0)","(0.0, 0.0, 0.0)","(0.0, 0.0, 0.0)","(0.0, 0.0, 0.0)",0,0,0,0,0,0,False,0,0,0,0,0,0,0,0,"(0.0, 6.0, 2374.4)","(0.2, 0.0, 0.0, 1.0)"
0,981733.6,0,0,0,0,0,0,0,0,0,"(0.0, 0.0)","(0.0, 0.0)","(0.0, 0.0)","(0.0, 0.0, 0.0)","(0.0, 0.0, 0.0)","(0.0, 0.0, 0.0)","(0.0, 0.0, 0.0)","(0.0, 0.0, 0.0)","(0.0, 0.0, 0.0)",0,0,0,0,0,0,False,0,0,0,0,0,0,0,0,"(0.0, 6.0, 2374.8)","(0.2, 0.0, 0.0, 1.0)"
0,981755.4,0,0,0,0,0,0,0,0,0,"(0.0, 0.0)","(0.0, 0.0)","(0.0, 0.0)","(0.0, 0.0, 0.0)","(0.0, 0.0, 0.0)","(0.0, 0.0, 0.0)","(0.0, 0.0, 0.0)","(0.0, 0.0, 0.0)","(0.0, 0.0, 0.0)",0,0,0,0,0,0,False,0,0,0,0,0,0,0,0,"(0.0, 6.0, 2375.2)","(0.2, 0.0, 0.0, 1.0)"
0,981780.8,0,0,0,0,0,0,0,0,0,"(0.0, 0.0)","(0.0, 0.0)","(0.0, 0.0)","(0.0, 0.0, 0.0)","(0.0, 0.0, 0.0)","(0.0, 0.0, 0.0)","(0.0, 0.0, 0.0)","(0.0, 0.0, 0.0)","(0.0, 0.0, 0.0)",0,0,0,0,0,0,False,0,0,0,0,0,0,0,0,"(0.0, 6.0, 2375.7)","(0.2, 0.0, 0.0, 1.0)"
0,981802.4,0,0,0,0,0,0,0,0,0,"(0.0, 0.0)","(0.0, 0.0)","(0.0, 0.0)","(0.0, 0.0, 0.0)","(0.0, 0.0, 0.0)","(0.0, 0.0, 0.0)","(0.0, 0.0, 0.0)","(0.0, 0.0, 0.0)","(0.0, 0.0, 0.0)",0,0,0,0,0,0,False,0,0,0,0,0,0,0,0,"(0.0, 6.0, 2376.1)","(0.2, 0.0, 0.0, 1.0)"
0,981823.3,0,0,0,0,0,0,0,0,0,"(0.0, 0.0)","(0.0, 0.0)","(0.0, 0.0)","(0.0, 0.0, 0.0)","(0.0, 0.0, 0.0)","(0.0, 0.0, 0.0)","(0.0, 0.0, 0.0)","(0.0, 0.0, 0.0)","(0.0, 0.0, 0.0)",0,0,0,0,0,0,False,0,0,0,0,0,0,0,0,"(0.0, 6.0, 2376.5)","(0.2, 0.0, 0.0, 1.0)"
0,981844.4,0,0,0,0,0,0,0,0,0,"(0.0, 0.0)","(0.0, 0.0)","(0.0, 0.0)","(0.0, 0.0, 0.0)","(0.0, 0.0, 0.0)","(0.0, 0.0, 0.0)","(0.0, 0.0, 0.0)","(0.0, 0.0, 0.0)","(0.0, 0.0, 0.0)",0,0,0,0,0,0,False,0,0,0,0,0,0,0,0,"(0.0, 6.0, 2376.9)","(0.2, 0.0, 0.0, 1.0)"
0,981867.8,0,0,0,0,0,0,0,0,0,"(0.0, 0.0)","(0.0, 0.0)","(0.0, 0.0)","(0.0, 0.0, 0.0)","(0.0, 0.0, 0.0)","(0.0, 0.0, 0.0)","(0.0, 0.0, 0.0)","(0.0, 0.0, 0.0)","(0.0, 0.0, 0.0)",0,0,0,0,0,0,False,0,0,0,0,0,0,0,0,"(0.0, 6.0, 2377.3)","(0.2, 0.0, 0.0, 1.0)"
0,981895.1,0,0,0,0,0,0,0,0,0,"(0.0, 0.0)","(0.0, 0.0)","(0.0, 0.0)","(0.0, 0.0, 0.0)","(0.0, 0.0, 0.0)","(0.0, 0.0, 0.0)","(0.0, 0.0, 0.0)","(0.0, 0.0, 0.0)","(0.0, 0.0, 0.0)",0,0,0,0,0,0,False,0,0,0,0,0,0,0,0,"(0.0, 6.0, 2377.7)","(0.2, 0.0, 0.0, 1.0)"
0,981921,0,0,0,0,0,0,0,0,0,"(0.0, 0.0)","(0.0, 0.0)","(0.0, 0.0)","(0.0, 0.0, 0.0)","(0.0, 0.0, 0.0)","(0.0, 0.0, 0.0)","(0.0, 0.0, 0.0)","(0.0, 0.0, 0.0)","(0.0, 0.0, 0.0)",0,0,0,0,0,0,False,0,0,0,0,0,0,0,0,"(0.0, 6.0, 2378.2)","(0.2, 0.0, 0.0, 1.0)"
0,981941.5,0,0,0,0,0,0,0,0,0,"(0.0, 0.0)","(0.0, 0.0)","(0.0, 0.0)","(0.0, 0.0, 0.0)","(0.0, 0.0, 0.0)","(0.0, 0.0, 0.0)","(0.0, 0.0, 0.0)","(0.0, 0.0, 0.0)","(0.0, 0.0, 0.0)",0,0,0,0,0,0,False,0,0,0,0,0,0,0,0,"(0.0, 6.0, 2378.6)","(0.2, 0.0, 0.0, 1.0)"
0,981963.6,0,0,0,0,0,0,0,0,0,"(0.0, 0.0)","(0.0, 0.0)","(0.0, 0.0)","(0.0, 0.0, 0.0)","(0.0, 0.0, 0.0)","(0.0, 0.0, 0.0)","(0.0, 0.0, 0.0)","(0.0, 0.0, 0.0)","(0.0, 0.0, 0.0)",0,0,0,0,0,0,False,0,0,0,0,0,0,0,0,"(0.0, 6.0, 2379.0)","(0.2, 0.0, 0.0, 1.0)"
0,981985.6,0,0,0,0,0,0,0,0,0,"(0.0, 0.0)","(0.0, 0.0)","(0.0, 0.0)","(0.0, 0.0, 0.0)","(0.0, 0.0, 0.0)","(0.0, 0.0, 0.0)","(0.0, 0.0, 0.0)","(0.0, 0.0, 0.0)","(0.0, 0.0, 0.0)",0,0,0,0,0,0,False,0,0,0,0,0,0,0,0,"(0.0, 6.0, 2379.5)","(0.2, 0.0, 0.0, 1.0)"
0,982006,0,0,0,0,0,0,0,0,0,"(0.0, 0.0)","(0.0, 0.0)","(0.0, 0.0)","(0.0, 0.0, 0.0)","(0.0, 0.0, 0.0)","(0.0, 0.0, 0.0)","(0.0, 0.0, 0.0)","(0.0, 0.0, 0.0)","(0.0, 0.0, 0.0)",0,0,0,0,0,0,False,0,0,0,0,0,0,0,0,"(0.0, 6.0, 2379.9)","(0.2, 0.0, 0.0, 1.0)"
0,982027.8,0,0,0,0,0,0,0,0,0,"(0.0, 0.0)","(0.0, 0.0)","(0.0, 0.0)","(0.0, 0.0, 0.0)","(0.0, 0.0, 0.0)","(0.0, 0.0, 0.0)","(0.0, 0.0, 0.0)","(0.0, 0.0, 0.0)","(0.0, 0.0, 0.0)",0,0,0,0,0,0,False,0,0,0,0,0,0,0,0,"(0.0, 6.0, 2380.3)","(0.2, 0.0, 0.0, 1.0)"
0,982055.4,0,0,0,0,0,0,0,0,0,"(0.0, 0.0)","(0.0, 0.0)","(0.0, 0.0)","(0.0, 0.0, 0.0)","(0.0, 0.0, 0.0)","(0.0, 0.0, 0.0)","(0.0, 0.0, 0.0)","(0.0, 0.0, 0.0)","(0.0, 0.0, 0.0)",0,0,0,0,0,0,False,0,0,0,0,0,0,0,0,"(0.0, 6.0, 2380.7)","(0.2, 0.0, 0.0, 1.0)"
0,982076.4,0,0,0,0,0,0,0,0,0,"(0.0, 0.0)","(0.0, 0.0)","(0.0, 0.0)","(0.0, 0.0, 0.0)","(0.0, 0.0, 0.0)","(0.0, 0.0, 0.0)","(0.0, 0.0, 0.0)","(0.0, 0.0, 0.0)","(0.0, 0.0, 0.0)",0,0,0,0,0,0,False,0,0,0,0,0,0,0,0,"(0.0, 6.0, 2381.2)","(0.2, 0.0, 0.0, 1.0)"
0,982098.2,0,0,0,0,0,0,0,0,0,"(0.0, 0.0)","(0.0, 0.0)","(0.0, 0.0)","(0.0, 0.0, 0.0)","(0.0, 0.0, 0.0)","(0.0, 0.0, 0.0)","(0.0, 0.0, 0.0)","(0.0, 0.0, 0.0)","(0.0, 0.0, 0.0)",0,0,0,0,0,0,False,0,0,0,0,0,0,0,0,"(0.0, 6.0, 2381.6)","(0.2, 0.0, 0.0, 1.0)"
0,982119.3,0,0,0,0,0,0,0,0,0,"(0.0, 0.0)","(0.0, 0.0)","(0.0, 0.0)","(0.0, 0.0, 0.0)","(0.0, 0.0, 0.0)","(0.0, 0.0, 0.0)","(0.0, 0.0, 0.0)","(0.0, 0.0, 0.0)","(0.0, 0.0, 0.0)",0,0,0,0,0,0,False,0,0,0,0,0,0,0,0,"(0.0, 6.0, 2382.0)","(0.2, 0.0, 0.0, 1.0)"
0,982141.1,0,0,0,0,0,0,0,0,0,"(0.0, 0.0)","(0.0, 0.0)","(0.0, 0.0)","(0.0, 0.0, 0.0)","(0.0, 0.0, 0.0)","(0.0, 0.0, 0.0)","(0.0, 0.0, 0.0)","(0.0, 0.0, 0.0)","(0.0, 0.0, 0.0)",0,0,0,0,0,0,False,0,0,0,0,0,0,0,0,"(0.0, 6.0, 2382.4)","(0.2, 0.0, 0.0, 1.0)"
0,982161.7,0,0,0,0,0,0,0,0,0,"(0.0, 0.0)","(0.0, 0.0)","(0.0, 0.0)","(0.0, 0.0, 0.0)","(0.0, 0.0, 0.0)","(0.0, 0.0, 0.0)","(0.0, 0.0, 0.0)","(0.0, 0.0, 0.0)","(0.0, 0.0, 0.0)",0,0,0,0,0,0,False,0,0,0,0,0,0,0,0,"(0.0, 6.0, 2382.9)","(0.2, 0.0, 0.0, 1.0)"
0,982188.9,0,0,0,0,0,0,0,0,0,"(0.0, 0.0)","(0.0, 0.0)","(0.0, 0.0)","(0.0, 0.0, 0.0)","(0.0, 0.0, 0.0)","(0.0, 0.0, 0.0)","(0.0, 0.0, 0.0)","(0.0, 0.0, 0.0)","(0.0, 0.0, 0.0)",0,0,0,0,0,0,False,0,0,0,0,0,0,0,0,"(0.0, 6.0, 2383.3)","(0.2, 0.0, 0.0, 1.0)"
0,982208.3,0,0,0,0,0,0,0,0,0,"(0.0, 0.0)","(0.0, 0.0)","(0.0, 0.0)","(0.0, 0.0, 0.0)","(0.0, 0.0, 0.0)","(0.0, 0.0, 0.0)","(0.0, 0.0, 0.0)","(0.0, 0.0, 0.0)","(0.0, 0.0, 0.0)",0,0,0,0,0,0,False,0,0,0,0,0,0,0,0,"(0.0, 6.0, 2383.7)","(0.2, 0.0, 0.0, 1.0)"
0,982230,0,0,0,0,0,0,0,0,0,"(0.0, 0.0)","(0.0, 0.0)","(0.0, 0.0)","(0.0, 0.0, 0.0)","(0.0, 0.0, 0.0)","(0.0, 0.0, 0.0)","(0.0, 0.0, 0.0)","(0.0, 0.0, 0.0)","(0.0, 0.0, 0.0)",0,0,0,0,0,0,False,0,0,0,0,0,0,0,0,"(0.0, 6.0, 2384.1)","(0.2, 0.0, 0.0, 1.0)"
0,982251.1,0,0,0,0,0,0,0,0,0,"(0.0, 0.0)","(0.0, 0.0)","(0.0, 0.0)","(0.0, 0.0, 0.0)","(0.0, 0.0, 0.0)","(0.0, 0.0, 0.0)","(0.0, 0.0, 0.0)","(0.0, 0.0, 0.0)","(0.0, 0.0, 0.0)",0,0,0,0,0,0,False,0,0,0,0,0,0,0,0,"(0.0, 6.0, 2384.6)","(0.2, 0.0, 0.0, 1.0)"
0,982270.8,0,0,0,0,0,0,0,0,0,"(0.0, 0.0)","(0.0, 0.0)","(0.0, 0.0)","(0.0, 0.0, 0.0)","(0.0, 0.0, 0.0)","(0.0, 0.0, 0.0)","(0.0, 0.0, 0.0)","(0.0, 0.0, 0.0)","(0.0, 0.0, 0.0)",0,0,0,0,0,0,False,0,0,0,0,0,0,0,0,"(0.0, 6.0, 2385.0)","(0.2, 0.0, 0.0, 1.0)"
0,982291.5,0,0,0,0,0,0,0,0,0,"(0.0, 0.0)","(0.0, 0.0)","(0.0, 0.0)","(0.0, 0.0, 0.0)","(0.0, 0.0, 0.0)","(0.0, 0.0, 0.0)","(0.0, 0.0, 0.0)","(0.0, 0.0, 0.0)","(0.0, 0.0, 0.0)",0,0,0,0,0,0,False,0,0,0,0,0,0,0,0,"(0.0, 6.0, 2385.4)","(0.2, 0.0, 0.0, 1.0)"
0,982310.8,0,0,0,0,0,0,0,0,0,"(0.0, 0.0)","(0.0, 0.0)","(0.0, 0.0)","(0.0, 0.0, 0.0)","(0.0, 0.0, 0.0)","(0.0, 0.0, 0.0)","(0.0, 0.0, 0.0)","(0.0, 0.0, 0.0)","(0.0, 0.0, 0.0)",0,0,0,0,0,0,False,0,0,0,0,0,0,0,0,"(0.0, 6.0, 2385.8)","(0.2, 0.0, 0.0, 1.0)"
0,982330,0,0,0,0,0,0,0,0,0,"(0.0, 0.0)","(0.0, 0.0)","(0.0, 0.0)","(0.0, 0.0, 0.0)","(0.0, 0.0, 0.0)","(0.0, 0.0, 0.0)","(0.0, 0.0, 0.0)","(0.0, 0.0, 0.0)","(0.0, 0.0, 0.0)",0,0,0,0,0,0,False,0,0,0,0,0,0,0,0,"(0.0, 6.0, 2386.2)","(0.2, 0.0, 0.0, 1.0)"
0,982351.6,0,0,0,0,0,0,0,0,0,"(0.0, 0.0)","(0.0, 0.0)","(0.0, 0.0)","(0.0, 0.0, 0.0)","(0.0, 0.0, 0.0)","(0.0, 0.0, 0.0)","(0.0, 0.0, 0.0)","(0.0, 0.0, 0.0)","(0.0, 0.0, 0.0)",0,0,0,0,0,0,False,0,0,0,0,0,0,0,0,"(0.0, 6.0, 2386.6)","(0.2, 0.0, 0.0, 1.0)"
0,982371.8,0,0,0,0,0,0,0,0,0,"(0.0, 0.0)","(0.0, 0.0)","(0.0, 0.0)","(0.0, 0.0, 0.0)","(0.0, 0.0, 0.0)","(0.0, 0.0, 0.0)","(0.0, 0.0, 0.0)","(0.0, 0.0, 0.0)","(0.0, 0.0, 0.0)",0,0,0,0,0,0,False,0,0,0,0,0,0,0,0,"(0.0, 6.0, 2387.0)","(0.2, 0.0, 0.0, 1.0)"
0,982391.4,0,0,0,0,0,0,0,0,0,"(0.0, 0.0)","(0.0, 0.0)","(0.0, 0.0)","(0.0, 0.0, 0.0)","(0.0, 0.0, 0.0)","(0.0, 0.0, 0.0)","(0.0, 0.0, 0.0)","(0.0, 0.0, 0.0)","(0.0, 0.0, 0.0)",0,0,0,0,0,0,False,0,0,0,0,0,0,0,0,"(0.0, 6.0, 2387.4)","(0.2, 0.0, 0.0, 1.0)"
0,982410,0,0,0,0,0,0,0,0,0,"(0.0, 0.0)","(0.0, 0.0)","(0.0, 0.0)","(0.0, 0.0, 0.0)","(0.0, 0.0, 0.0)","(0.0, 0.0, 0.0)","(0.0, 0.0, 0.0)","(0.0, 0.0, 0.0)","(0.0, 0.0, 0.0)",0,0,0,0,0,0,False,0,0,0,0,0,0,0,0,"(0.0, 6.0, 2387.8)","(0.2, 0.0, 0.0, 1.0)"
0,982430.6,0,0,0,0,0,0,0,0,0,"(0.0, 0.0)","(0.0, 0.0)","(0.0, 0.0)","(0.0, 0.0, 0.0)","(0.0, 0.0, 0.0)","(0.0, 0.0, 0.0)","(0.0, 0.0, 0.0)","(0.0, 0.0, 0.0)","(0.0, 0.0, 0.0)",0,0,0,0,0,0,False,0,0,0,0,0,0,0,0,"(0.0, 6.0, 2388.2)","(0.2, 0.0, 0.0, 1.0)"
0,982451.4,0,0,0,0,0,0,0,0,0,"(0.0, 0.0)","(0.0, 0.0)","(0.0, 0.0)","(0.0, 0.0, 0.0)","(0.0, 0.0, 0.0)","(0.0, 0.0, 0.0)","(0.0, 0.0, 0.0)","(0.0, 0.0, 0.0)","(0.0, 0.0, 0.0)",0,0,0,0,0,0,False,0,0,0,0,0,0,0,0,"(0.0, 6.0, 2388.6)","(0.2, 0.0, 0.0, 1.0)"
0,982470.6,0,0,0,0,0,0,0,0,0,"(0.0, 0.0)","(0.0, 0.0)","(0.0, 0.0)","(0.0, 0.0, 0.0)","(0.0, 0.0, 0.0)","(0.0, 0.0, 0.0)","(0.0, 0.0, 0.0)","(0.0, 0.0, 0.0)","(0.0, 0.0, 0.0)",0,0,0,0,0,0,False,0,0,0,0,0,0,0,0,"(0.0, 6.0, 2389.0)","(0.2, 0.0, 0.0, 1.0)"
0,982490,0,0,0,0,0,0,0,0,0,"(0.0, 0.0)","(0.0, 0.0)","(0.0, 0.0)","(0.0, 0.0, 0.0)","(0.0, 0.0, 0.0)","(0.0, 0.0, 0.0)","(0.0, 0.0, 0.0)","(0.0, 0.0, 0.0)","(0.0, 0.0, 0.0)",0,0,0,0,0,0,False,0,0,0,0,0,0,0,0,"(0.0, 6.0, 2389.4)","(0.2, 0.0, 0.0, 1.0)"
0,982508,0,0,0,0,0,0,0,0,0,"(0.0, 0.0)","(0.0, 0.0)","(0.0, 0.0)","(0.0, 0.0, 0.0)","(0.0, 0.0, 0.0)","(0.0, 0.0, 0.0)","(0.0, 0.0, 0.0)","(0.0, 0.0, 0.0)","(0.0, 0.0, 0.0)",0,0,0,0,0,0,False,0,0,0,0,0,0,0,0,"(0.0, 6.0, 2389.8)","(0.2, 0.0, 0.0, 1.0)"
0,982528,0,0,0,0,0,0,0,0,0,"(0.0, 0.0)","(0.0, 0.0)","(0.0, 0.0)","(0.0, 0.0, 0.0)","(0.0, 0.0, 0.0)","(0.0, 0.0, 0.0)","(0.0, 0.0, 0.0)","(0.0, 0.0, 0.0)","(0.0, 0.0, 0.0)",0,0,0,0,0,0,False,0,0,0,0,0,0,0,0,"(0.0, 6.0, 2390.1)","(0.2, 0.0, 0.0, 1.0)"
0,982546.8,0,0,0,0,0,0,0,0,0,"(0.0, 0.0)","(0.0, 0.0)","(0.0, 0.0)","(0.0, 0.0, 0.0)","(0.0, 0.0, 0.0)","(0.0, 0.0, 0.0)","(0.0, 0.0, 0.0)","(0.0, 0.0, 0.0)","(0.0, 0.0, 0.0)",0,0,0,0,0,0,False,0,0,0,0,0,0,0,0,"(0.0, 6.0, 2390.5)","(0.2, 0.0, 0.0, 1.0)"
0,982566.4,0,0,0,0,0,0,0,0,0,"(0.0, 0.0)","(0.0, 0.0)","(0.0, 0.0)","(0.0, 0.0, 0.0)","(0.0, 0.0, 0.0)","(0.0, 0.0, 0.0)","(0.0, 0.0, 0.0)","(0.0, 0.0, 0.0)","(0.0, 0.0, 0.0)",0,0,0,0,0,0,False,0,0,0,0,0,0,0,0,"(0.0, 6.0, 2390.9)","(0.2, 0.0, 0.0, 1.0)"
0,982585.2,0,0,0,0,0,0,0,0,0,"(0.0, 0.0)","(0.0, 0.0)","(0.0, 0.0)","(0.0, 0.0, 0.0)","(0.0, 0.0, 0.0)","(0.0, 0.0, 0.0)","(0.0, 0.0, 0.0)","(0.0, 0.0, 0.0)","(0.0, 0.0, 0.0)",0,0,0,0,0,0,False,0,0,0,0,0,0,0,0,"(0.0, 6.0, 2391.3)","(0.2, 0.0, 0.0, 1.0)"
0,982603.6,0,0,0,0,0,0,0,0,0,"(0.0, 0.0)","(0.0, 0.0)","(0.0, 0.0)","(0.0, 0.0, 0.0)","(0.0, 0.0, 0.0)","(0.0, 0.0, 0.0)","(0.0, 0.0, 0.0)","(0.0, 0.0, 0.0)","(0.0, 0.0, 0.0)",0,0,0,0,0,0,False,0,0,0,0,0,0,0,0,"(0.0, 6.0, 2391.7)","(0.2, 0.0, 0.0, 1.0)"
0,982621.4,0,0,0,0,0,0,0,0,0,"(0.0, 0.0)","(0.0, 0.0)","(0.0, 0.0)","(0.0, 0.0, 0.0)","(0.0, 0.0, 0.0)","(0.0, 0.0, 0.0)","(0.0, 0.0, 0.0)","(0.0, 0.0, 0.0)","(0.0, 0.0, 0.0)",0,0,0,0,0,0,False,0,0,0,0,0,0,0,0,"(0.0, 6.0, 2392.0)","(0.2, 0.0, 0.0, 1.0)"
0,982640.2,0,0,0,0,0,0,0,0,0,"(0.0, 0.0)","(0.0, 0.0)","(0.0, 0.0)","(0.0, 0.0, 0.0)","(0.0, 0.0, 0.0)","(0.0, 0.0, 0.0)","(0.0, 0.0, 0.0)","(0.0, 0.0, 0.0)","(0.0, 0.0, 0.0)",0,0,0,0,0,0,False,0,0,0,0,0,0,0,0,"(0.0, 6.0, 2392.4)","(0.2, 0.0, 0.0, 1.0)"
0,982657.9,0,0,0,0,0,0,0,0,0,"(0.0, 0.0)","(0.0, 0.0)","(0.0, 0.0)","(0.0, 0.0, 0.0)","(0.0, 0.0, 0.0)","(0.0, 0.0, 0.0)","(0.0, 0.0, 0.0)","(0.0, 0.0, 0.0)","(0.0, 0.0, 0.0)",0,0,0,0,0,0,False,0,0,0,0,0,0,0,0,"(0.0, 6.0, 2392.8)","(0.2, 0.0, 0.0, 1.0)"
0,982677.3,0,0,0,0,0,0,0,0,0,"(0.0, 0.0)","(0.0, 0.0)","(0.0, 0.0)","(0.0, 0.0, 0.0)","(0.0, 0.0, 0.0)","(0.0, 0.0, 0.0)","(0.0, 0.0, 0.0)","(0.0, 0.0, 0.0)","(0.0, 0.0, 0.0)",0,0,0,0,0,0,False,0,0,0,0,0,0,0,0,"(0.0, 6.0, 2393.1)","(0.2, 0.0, 0.0, 1.0)"
0,982700.3,0,0,0,0,0,0,0,0,0,"(0.0, 0.0)","(0.0, 0.0)","(0.0, 0.0)","(0.0, 0.0, 0.0)","(0.0, 0.0, 0.0)","(0.0, 0.0, 0.0)","(0.0, 0.0, 0.0)","(0.0, 0.0, 0.0)","(0.0, 0.0, 0.0)",0,0,0,0,0,0,False,0,0,0,0,0,0,0,0,"(0.0, 6.0, 2393.5)","(0.2, 0.0, 0.0, 1.0)"
0,982721.6,0,0,0,0,0,0,0,0,0,"(0.0, 0.0)","(0.0, 0.0)","(0.0, 0.0)","(0.0, 0.0, 0.0)","(0.0, 0.0, 0.0)","(0.0, 0.0, 0.0)","(0.0, 0.0, 0.0)","(0.0, 0.0, 0.0)","(0.0, 0.0, 0.0)",0,0,0,0,0,0,False,0,0,0,0,0,0,0,0,"(0.0, 6.0, 2393.9)","(0.2, 0.0, 0.0, 1.0)"
0,982744.6,0,0,0,0,0,0,0,0,0,"(0.0, 0.0)","(0.0, 0.0)","(0.0, 0.0)","(0.0, 0.0, 0.0)","(0.0, 0.0, 0.0)","(0.0, 0.0, 0.0)","(0.0, 0.0, 0.0)","(0.0, 0.0, 0.0)","(0.0, 0.0, 0.0)",0,0,0,0,0,0,False,0,0,0,0,0,0,0,0,"(0.0, 6.0, 2394.3)","(0.2, 0.0, 0.0, 1.0)"
0,982767.1,0,0,0,0,0,0,0,0,0,"(0.0, 0.0)","(0.0, 0.0)","(0.0, 0.0)","(0.0, 0.0, 0.0)","(0.0, 0.0, 0.0)","(0.0, 0.0, 0.0)","(0.0, 0.0, 0.0)","(0.0, 0.0, 0.0)","(0.0, 0.0, 0.0)",0,0,0,0,0,0,False,0,0,0,0,0,0,0,0,"(0.0, 6.0, 2394.7)","(0.2, 0.0, 0.0, 1.0)"
0,982792.9,0,0,0,0,0,0,0,0,0,"(0.0, 0.0)","(0.0, 0.0)","(0.0, 0.0)","(0.0, 0.0, 0.0)","(0.0, 0.0, 0.0)","(0.0, 0.0, 0.0)","(0.0, 0.0, 0.0)","(0.0, 0.0, 0.0)","(0.0, 0.0, 0.0)",0,0,0,0,0,0,False,0,0,0,0,0,0,0,0,"(0.0, 6.0, 2395.0)","(0.2, 0.0, 0.0, 1.0)"
0,982813.3,0,0,0,0,0,0,0,0,0,"(0.0, 0.0)","(0.0, 0.0)","(0.0, 0.0)","(0.0, 0.0, 0.0)","(0.0, 0.0, 0.0)","(0.0, 0.0, 0.0)","(0.0, 0.0, 0.0)","(0.0, 0.0, 0.0)","(0.0, 0.0, 0.0)",0,0,0,0,0,0,False,0,0,0,0,0,0,0,0,"(0.0, 6.0, 2395.4)","(0.2, 0.0, 0.0, 1.0)"
0,982833.8,0,0,0,0,0,0,0,0,0,"(0.0, 0.0)","(0.0, 0.0)","(0.0, 0.0)","(0.0, 0.0, 0.0)","(0.0, 0.0, 0.0)","(0.0, 0.0, 0.0)","(0.0, 0.0, 0.0)","(0.0, 0.0, 0.0)","(0.0, 0.0, 0.0)",0,0,0,0,0,0,False,0,0,0,0,0,0,0,0,"(0.0, 6.0, 2395.8)","(0.2, 0.0, 0.0, 1.0)"
0,982854.9,0,0,0,0,0,0,0,0,0,"(0.0, 0.0)","(0.0, 0.0)","(0.0, 0.0)","(0.0, 0.0, 0.0)","(0.0, 0.0, 0.0)","(0.0, 0.0, 0.0)","(0.0, 0.0, 0.0)","(0.0, 0.0, 0.0)","(0.0, 0.0, 0.0)",0,0,0,0,0,0,False,0,0,0,0,0,0,0,0,"(0.0, 6.0, 2396.2)","(0.2, 0.0, 0.0, 1.0)"
0,982877.3,0,0,0,0,0,0,0,0,0,"(0.0, 0.0)","(0.0, 0.0)","(0.0, 0.0)","(0.0, 0.0, 0.0)","(0.0, 0.0, 0.0)","(0.0, 0.0, 0.0)","(0.0, 0.0, 0.0)","(0.0, 0.0, 0.0)","(0.0, 0.0, 0.0)",0,0,0,0,0,0,False,0,0,0,0,0,0,0,0,"(0.0, 6.0, 2396.6)","(0.2, 0.0, 0.0, 1.0)"
0,982905.9,0,0,0,0,0,0,0,0,0,"(0.0, 0.0)","(0.0, 0.0)","(0.0, 0.0)","(0.0, 0.0, 0.0)","(0.0, 0.0, 0.0)","(0.0, 0.0, 0.0)","(0.0, 0.0, 0.0)","(0.0, 0.0, 0.0)","(0.0, 0.0, 0.0)",0,0,0,0,0,0,False,0,0,0,0,0,0,0,0,"(0.0, 6.0, 2397.1)","(0.2, 0.0, 0.0, 1.0)"
0,982932.2,0,0,0,0,0,0,0,0,0,"(0.0, 0.0)","(0.0, 0.0)","(0.0, 0.0)","(0.0, 0.0, 0.0)","(0.0, 0.0, 0.0)","(0.0, 0.0, 0.0)","(0.0, 0.0, 0.0)","(0.0, 0.0, 0.0)","(0.0, 0.0, 0.0)",0,0,0,0,0,0,False,0,0,0,0,0,0,0,0,"(0.0, 6.0, 2397.5)","(0.2, 0.0, 0.0, 1.0)"
0,982956.1,0,0,0,0,0,0,0,0,0,"(0.0, 0.0)","(0.0, 0.0)","(0.0, 0.0)","(0.0, 0.0, 0.0)","(0.0, 0.0, 0.0)","(0.0, 0.0, 0.0)","(0.0, 0.0, 0.0)","(0.0, 0.0, 0.0)","(0.0, 0.0, 0.0)",0,0,0,0,0,0,False,0,0,0,0,0,0,0,0,"(0.0, 6.0, 2397.9)","(0.2, 0.0, 0.0, 1.0)"
0,982979.2,0,0,0,0,0,0,0,0,0,"(0.0, 0.0)","(0.0, 0.0)","(0.0, 0.0)","(0.0, 0.0, 0.0)","(0.0, 0.0, 0.0)","(0.0, 0.0, 0.0)","(0.0, 0.0, 0.0)","(0.0, 0.0, 0.0)","(0.0, 0.0, 0.0)",0,0,0,0,0,0,False,0,0,0,0,0,0,0,0,"(0.0, 6.0, 2398.3)","(0.2, 0.0, 0.0, 1.0)"
0,982999.8,0,0,0,0,0,0,0,0,0,"(0.0, 0.0)","(0.0, 0.0)","(0.0, 0.0)","(0.0, 0.0, 0.0)","(0.0, 0.0, 0.0)","(0.0, 0.0, 0.0)","(0.0, 0.0, 0.0)","(0.0, 0.0, 0.0)","(0.0, 0.0, 0.0)",0,0,0,0,0,0,False,0,0,0,0,0,0,0,0,"(0.0, 6.0, 2398.7)","(0.2, 0.0, 0.0, 1.0)"
0,983020.3,0,0,0,0,0,0,0,0,0,"(0.0, 0.0)","(0.0, 0.0)","(0.0, 0.0)","(0.0, 0.0, 0.0)","(0.0, 0.0, 0.0)","(0.0, 0.0, 0.0)","(0.0, 0.0, 0.0)","(0.0, 0.0, 0.0)","(0.0, 0.0, 0.0)",0,0,0,0,0,0,False,0,0,0,0,0,0,0,0,"(0.0, 6.0, 2399.2)","(0.2, 0.0, 0.0, 1.0)"
0,983047.1,0,0,0,0,0,0,0,0,0,"(0.0, 0.0)","(0.0, 0.0)","(0.0, 0.0)","(0.0, 0.0, 0.0)","(0.0, 0.0, 0.0)","(0.0, 0.0, 0.0)","(0.0, 0.0, 0.0)","(0.0, 0.0, 0.0)","(0.0, 0.0, 0.0)",0,0,0,0,0,0,False,0,0,0,0,0,0,0,0,"(0.0, 6.0, 2399.6)","(0.2, 0.0, 0.0, 1.0)"
0,983066.4,0,0,0,0,0,0,0,0,0,"(0.0, 0.0)","(0.0, 0.0)","(0.0, 0.0)","(0.0, 0.0, 0.0)","(0.0, 0.0, 0.0)","(0.0, 0.0, 0.0)","(0.0, 0.0, 0.0)","(0.0, 0.0, 0.0)","(0.0, 0.0, 0.0)",0,0,0,0,0,0,False,0,0,0,0,0,0,0,0,"(0.0, 6.0, 2400.0)","(0.2, 0.0, 0.0, 1.0)"
0,983087.2,0,0,0,0,0,0,0,0,0,"(0.0, 0.0)","(0.0, 0.0)","(0.0, 0.0)","(0.0, 0.0, 0.0)","(0.0, 0.0, 0.0)","(0.0, 0.0, 0.0)","(0.0, 0.0, 0.0)","(0.0, 0.0, 0.0)","(0.0, 0.0, 0.0)",0,0,0,0,0,0,False,0,0,0,0,0,0,0,0,"(0.0, 6.0, 2400.4)","(0.2, 0.0, 0.0, 1.0)"
0,983107,0,0,0,0,0,0,0,0,0,"(0.0, 0.0)","(0.0, 0.0)","(0.0, 0.0)","(0.0, 0.0, 0.0)","(0.0, 0.0, 0.0)","(0.0, 0.0, 0.0)","(0.0, 0.0, 0.0)","(0.0, 0.0, 0.0)","(0.0, 0.0, 0.0)",0,0,0,0,0,0,False,0,0,0,0,0,0,0,0,"(0.0, 6.0, 2400.9)","(0.2, 0.0, 0.0, 1.0)"
0,983125.6,0,0,0,0,0,0,0,0,0,"(0.0, 0.0)","(0.0, 0.0)","(0.0, 0.0)","(0.0, 0.0, 0.0)","(0.0, 0.0, 0.0)","(0.0, 0.0, 0.0)","(0.0, 0.0, 0.0)","(0.0, 0.0, 0.0)","(0.0, 0.0, 0.0)",0,0,0,0,0,0,False,0,0,0,0,0,0,0,0,"(0.0, 6.0, 2401.3)","(0.2, 0.0, 0.0, 1.0)"
0,983144.9,0,0,0,0,0,0,0,0,0,"(0.0, 0.0)","(0.0, 0.0)","(0.0, 0.0)","(0.0, 0.0, 0.0)","(0.0, 0.0, 0.0)","(0.0, 0.0, 0.0)","(0.0, 0.0, 0.0)","(0.0, 0.0, 0.0)","(0.0, 0.0, 0.0)",0,0,0,0,0,0,False,0,0,0,0,0,0,0,0,"(0.0, 6.0, 2401.7)","(0.2, 0.0, 0.0, 1.0)"
0,983164.4,0,0,0,0,0,0,0,0,0,"(0.0, 0.0)","(0.0, 0.0)","(0.0, 0.0)","(0.0, 0.0, 0.0)","(0.0, 0.0, 0.0)","(0.0, 0.0, 0.0)","(0.0, 0.0, 0.0)","(0.0, 0.0, 0.0)","(0.0, 0.0, 0.0)",0,0,0,0,0,0,False,0,0,0,0,0,0,0,0,"(0.0, 6.0, 2402.1)","(0.2, 0.0, 0.0, 1.0)"
0,983183.6,0,0,0,0,0,0,0,0,0,"(0.0, 0.0)","(0.0, 0.0)","(0.0, 0.0)","(0.0, 0.0, 0.0)","(0.0, 0.0, 0.0)","(0.0, 0.0, 0.0)","(0.0, 0.0, 0.0)","(0.0, 0.0, 0.0)","(0.0, 0.0, 0.0)",0,0,0,0,0,0,False,0,0,0,0,0,0,0,0,"(0.0, 6.0, 2402.5)","(0.2, 0.0, 0.0, 1.0)"
0,983206.2,0,0,0,0,0,0,0,0,0,"(0.0, 0.0)","(0.0, 0.0)","(0.0, 0.0)","(0.0, 0.0, 0.0)","(0.0, 0.0, 0.0)","(0.0, 0.0, 0.0)","(0.0, 0.0, 0.0)","(0.0, 0.0, 0.0)","(0.0, 0.0, 0.0)",0,0,0,0,0,0,False,0,0,0,0,0,0,0,0,"(0.0, 6.0, 2402.9)","(0.2, 0.0, 0.0, 1.0)"
0,983225.6,0,0,0,0,0,0,0,0,0,"(0.0, 0.0)","(0.0, 0.0)","(0.0, 0.0)","(0.0, 0.0, 0.0)","(0.0, 0.0, 0.0)","(0.0, 0.0, 0.0)","(0.0, 0.0, 0.0)","(0.0, 0.0, 0.0)","(0.0, 0.0, 0.0)",0,0,0,0,0,0,False,0,0,0,0,0,0,0,0,"(0.0, 6.0, 2403.3)","(0.2, 0.0, 0.0, 1.0)"
0,983244.8,0,0,0,0,0,0,0,0,0,"(0.0, 0.0)","(0.0, 0.0)","(0.0, 0.0)","(0.0, 0.0, 0.0)","(0.0, 0.0, 0.0)","(0.0, 0.0, 0.0)","(0.0, 0.0, 0.0)","(0.0, 0.0, 0.0)","(0.0, 0.0, 0.0)",0,0,0,0,0,0,False,0,0,0,0,0,0,0,0,"(0.0, 6.0, 2403.7)","(0.2, 0.0, 0.0, 1.0)"
0,983269.3,0,0,0,0,0,0,0,0,0,"(0.0, 0.0)","(0.0, 0.0)","(0.0, 0.0)","(0.0, 0.0, 0.0)","(0.0, 0.0, 0.0)","(0.0, 0.0, 0.0)","(0.0, 0.0, 0.0)","(0.0, 0.0, 0.0)","(0.0, 0.0, 0.0)",0,0,0,0,0,0,False,0,0,0,0,0,0,0,0,"(0.0, 6.0, 2404.1)","(0.2, 0.0, 0.0, 1.0)"
0,983288.4,0,0,0,0,0,0,0,0,0,"(0.0, 0.0)","(0.0, 0.0)","(0.0, 0.0)","(0.0, 0.0, 0.0)","(0.0, 0.0, 0.0)","(0.0, 0.0, 0.0)","(0.0, 0.0, 0.0)","(0.0, 0.0, 0.0)","(0.0, 0.0, 0.0)",0,0,0,0,0,0,False,0,0,0,0,0,0,0,0,"(0.0, 6.0, 2404.5)","(0.2, 0.0, 0.0, 1.0)"
0,983307.8,0,0,0,0,0,0,0,0,0,"(0.0, 0.0)","(0.0, 0.0)","(0.0, 0.0)","(0.0, 0.0, 0.0)","(0.0, 0.0, 0.0)","(0.0, 0.0, 0.0)","(0.0, 0.0, 0.0)","(0.0, 0.0, 0.0)","(0.0, 0.0, 0.0)",0,0,0,0,0,0,False,0,0,0,0,0,0,0,0,"(0.0, 6.0, 2404.9)","(0.2, 0.0, 0.0, 1.0)"
0,983328,0,0,0,0,0,0,0,0,0,"(0.0, 0.0)","(0.0, 0.0)","(0.0, 0.0)","(0.0, 0.0, 0.0)","(0.0, 0.0, 0.0)","(0.0, 0.0, 0.0)","(0.0, 0.0, 0.0)","(0.0, 0.0, 0.0)","(0.0, 0.0, 0.0)",0,0,0,0,0,0,False,0,0,0,0,0,0,0,0,"(0.0, 6.0, 2405.3)","(0.2, 0.0, 0.0, 1.0)"
0,983349.4,0,0,0,0,0,0,0,0,0,"(0.0, 0.0)","(0.0, 0.0)","(0.0, 0.0)","(0.0, 0.0, 0.0)","(0.0, 0.0, 0.0)","(0.0, 0.0, 0.0)","(0.0, 0.0, 0.0)","(0.0, 0.0, 0.0)","(0.0, 0.0, 0.0)",0,0,0,0,0,0,False,0,0,0,0,0,0,0,0,"(0.0, 6.0, 2405.6)","(0.2, 0.0, 0.0, 1.0)"
0,983369.4,0,0,0,0,0,0,0,0,0,"(0.0, 0.0)","(0.0, 0.0)","(0.0, 0.0)","(0.0, 0.0, 0.0)","(0.0, 0.0, 0.0)","(0.0, 0.0, 0.0)","(0.0, 0.0, 0.0)","(0.0, 0.0, 0.0)","(0.0, 0.0, 0.0)",0,0,0,0,0,0,False,0,0,0,0,0,0,0,0,"(0.0, 6.0, 2406.0)","(0.2, 0.0, 0.0, 1.0)"
0,983393.3,0,0,0,0,0,0,0,0,0,"(0.0, 0.0)","(0.0, 0.0)","(0.0, 0.0)","(0.0, 0.0, 0.0)","(0.0, 0.0, 0.0)","(0.0, 0.0, 0.0)","(0.0, 0.0, 0.0)","(0.0, 0.0, 0.0)","(0.0, 0.0, 0.0)",0,0,0,0,0,0,False,0,0,0,0,0,0,0,0,"(0.0, 6.0, 2406.4)","(0.2, 0.0, 0.0, 1.0)"
0,983412.6,0,0,0,0,0,0,0,0,0,"(0.0, 0.0)","(0.0, 0.0)","(0.0, 0.0)","(0.0, 0.0, 0.0)","(0.0, 0.0, 0.0)","(0.0, 0.0, 0.0)","(0.0, 0.0, 0.0)","(0.0, 0.0, 0.0)","(0.0, 0.0, 0.0)",0,0,0,0,0,0,False,0,0,0,0,0,0,0,0,"(0.0, 6.0, 2406.8)","(0.2, 0.0, 0.0, 1.0)"
0,983433.4,0,0,0,0,0,0,0,0,0,"(0.0, 0.0)","(0.0, 0.0)","(0.0, 0.0)","(0.0, 0.0, 0.0)","(0.0, 0.0, 0.0)","(0.0, 0.0, 0.0)","(0.0, 0.0, 0.0)","(0.0, 0.0, 0.0)","(0.0, 0.0, 0.0)",0,0,0,0,0,0,False,0,0,0,0,0,0,0,0,"(0.0, 6.0, 2407.2)","(0.2, 0.0, 0.0, 1.0)"
0,983453.8,0,0,0,0,0,0,0,0,0,"(0.0, 0.0)","(0.0, 0.0)","(0.0, 0.0)","(0.0, 0.0, 0.0)","(0.0, 0.0, 0.0)","(0.0, 0.0, 0.0)","(0.0, 0.0, 0.0)","(0.0, 0.0, 0.0)","(0.0, 0.0, 0.0)",0,0,0,0,0,0,False,0,0,0,0,0,0,0,0,"(0.0, 6.0, 2407.6)","(0.2, 0.0, 0.0, 1.0)"
0,983473.3,0,0,0,0,0,0,0,0,0,"(0.0, 0.0)","(0.0, 0.0)","(0.0, 0.0)","(0.0, 0.0, 0.0)","(0.0, 0.0, 0.0)","(0.0, 0.0, 0.0)","(0.0, 0.0, 0.0)","(0.0, 0.0, 0.0)","(0.0, 0.0, 0.0)",0,0,0,0,0,0,False,0,0,0,0,0,0,0,0,"(0.0, 6.0, 2408.0)","(0.2, 0.0, 0.0, 1.0)"
0,983491.3,0,0,0,0,0,0,0,0,0,"(0.0, 0.0)","(0.0, 0.0)","(0.0, 0.0)","(0.0, 0.0, 0.0)","(0.0, 0.0, 0.0)","(0.0, 0.0, 0.0)","(0.0, 0.0, 0.0)","(0.0, 0.0, 0.0)","(0.0, 0.0, 0.0)",0,0,0,0,0,0,False,0,0,0,0,0,0,0,0,"(0.0, 6.0, 2408.4)","(0.2, 0.0, 0.0, 1.0)"
0,983511,0,0,0,0,0,0,0,0,0,"(0.0, 0.0)","(0.0, 0.0)","(0.0, 0.0)","(0.0, 0.0, 0.0)","(0.0, 0.0, 0.0)","(0.0, 0.0, 0.0)","(0.0, 0.0, 0.0)","(0.0, 0.0, 0.0)","(0.0, 0.0, 0.0)",0,0,0,0,0,0,False,0,0,0,0,0,0,0,0,"(0.0, 6.0, 2408.8)","(0.2, 0.0, 0.0, 1.0)"
0,983529.5,0,0,0,0,0,0,0,0,0,"(0.0, 0.0)","(0.0, 0.0)","(0.0, 0.0)","(0.0, 0.0, 0.0)","(0.0, 0.0, 0.0)","(0.0, 0.0, 0.0)","(0.0, 0.0, 0.0)","(0.0, 0.0, 0.0)","(0.0, 0.0, 0.0)",0,0,0,0,0,0,False,0,0,0,0,0,0,0,0,"(0.0, 6.0, 2409.2)","(0.2, 0.0, 0.0, 1.0)"
0,983554.3,0,0,0,0,0,0,0,0,0,"(0.0, 0.0)","(0.0, 0.0)","(0.0, 0.0)","(0.0, 0.0, 0.0)","(0.0, 0.0, 0.0)","(0.0, 0.0, 0.0)","(0.0, 0.0, 0.0)","(0.0, 0.0, 0.0)","(0.0, 0.0, 0.0)",0,0,0,0,0,0,False,0,0,0,0,0,0,0,0,"(0.0, 6.0, 2409.6)","(0.2, 0.0, 0.0, 1.0)"
0,983574.4,0,0,0,0,0,0,0,0,0,"(0.0, 0.0)","(0.0, 0.0)","(0.0, 0.0)","(0.0, 0.0, 0.0)","(0.0, 0.0, 0.0)","(0.0, 0.0, 0.0)","(0.0, 0.0, 0.0)","(0.0, 0.0, 0.0)","(0.0, 0.0, 0.0)",0,0,0,0,0,0,False,0,0,0,0,0,0,0,0,"(0.0, 6.0, 2410.0)","(0.2, 0.0, 0.0, 1.0)"
0,983594.2,0,0,0,0,0,0,0,0,0,"(0.0, 0.0)","(0.0, 0.0)","(0.0, 0.0)","(0.0, 0.0, 0.0)","(0.0, 0.0, 0.0)","(0.0, 0.0, 0.0)","(0.0, 0.0, 0.0)","(0.0, 0.0, 0.0)","(0.0, 0.0, 0.0)",0,0,0,0,0,0,False,0,0,0,0,0,0,0,0,"(0.0, 6.0, 2410.3)","(0.2, 0.0, 0.0, 1.0)"
0,983613.3,0,0,0,0,0,0,0,0,0,"(0.0, 0.0)","(0.0, 0.0)","(0.0, 0.0)","(0.0, 0.0, 0.0)","(0.0, 0.0, 0.0)","(0.0, 0.0, 0.0)","(0.0, 0.0, 0.0)","(0.0, 0.0, 0.0)","(0.0, 0.0, 0.0)",0,0,0,0,0,0,False,0,0,0,0,0,0,0,0,"(0.0, 6.0, 2410.7)","(0.2, 0.0, 0.0, 1.0)"
0,983631.4,0,0,0,0,0,0,0,0,0,"(0.0, 0.0)","(0.0, 0.0)","(0.0, 0.0)","(0.0, 0.0, 0.0)","(0.0, 0.0, 0.0)","(0.0, 0.0, 0.0)","(0.0, 0.0, 0.0)","(0.0, 0.0, 0.0)","(0.0, 0.0, 0.0)",0,0,0,0,0,0,False,0,0,0,0,0,0,0,0,"(0.0, 6.0, 2411.1)","(0.2, 0.0, 0.0, 1.0)"
0,983653,0,0,0,0,0,0,0,0,0,"(0.0, 0.0)","(0.0, 0.0)","(0.0, 0.0)","(0.0, 0.0, 0.0)","(0.0, 0.0, 0.0)","(0.0, 0.0, 0.0)","(0.0, 0.0, 0.0)","(0.0, 0.0, 0.0)","(0.0, 0.0, 0.0)",0,0,0,0,0,0,False,0,0,0,0,0,0,0,0,"(0.0, 6.0, 2411.5)","(0.2, 0.0, 0.0, 1.0)"
0,983673.7,0,0,0,0,0,0,0,0,0,"(0.0, 0.0)","(0.0, 0.0)","(0.0, 0.0)","(0.0, 0.0, 0.0)","(0.0, 0.0, 0.0)","(0.0, 0.0, 0.0)","(0.0, 0.0, 0.0)","(0.0, 0.0, 0.0)","(0.0, 0.0, 0.0)",0,0,0,0,0,0,False,0,0,0,0,0,0,0,0,"(0.0, 6.0, 2411.9)","(0.2, 0.0, 0.0, 1.0)"
0,983700.3,0,0,0,0,0,0,0,0,0,"(0.0, 0.0)","(0.0, 0.0)","(0.0, 0.0)","(0.0, 0.0, 0.0)","(0.0, 0.0, 0.0)","(0.0, 0.0, 0.0)","(0.0, 0.0, 0.0)","(0.0, 0.0, 0.0)","(0.0, 0.0, 0.0)",0,0,0,0,0,0,False,0,0,0,0,0,0,0,0,"(0.0, 6.0, 2412.3)","(0.2, 0.0, 0.0, 1.0)"
0,983719.6,0,0,0,0,0,0,0,0,0,"(0.0, 0.0)","(0.0, 0.0)","(0.0, 0.0)","(0.0, 0.0, 0.0)","(0.0, 0.0, 0.0)","(0.0, 0.0, 0.0)","(0.0, 0.0, 0.0)","(0.0, 0.0, 0.0)","(0.0, 0.0, 0.0)",0,0,0,0,0,0,False,0,0,0,0,0,0,0,0,"(0.0, 6.0, 2412.7)","(0.2, 0.0, 0.0, 1.0)"
0,983740.8,0,0,0,0,0,0,0,0,0,"(0.0, 0.0)","(0.0, 0.0)","(0.0, 0.0)","(0.0, 0.0, 0.0)","(0.0, 0.0, 0.0)","(0.0, 0.0, 0.0)","(0.0, 0.0, 0.0)","(0.0, 0.0, 0.0)","(0.0, 0.0, 0.0)",0,0,0,0,0,0,False,0,0,0,0,0,0,0,0,"(0.0, 6.0, 2413.1)","(0.2, 0.0, 0.0, 1.0)"
0,983769.1,0,0,0,0,0,0,0,0,0,"(0.0, 0.0)","(0.0, 0.0)","(0.0, 0.0)","(0.0, 0.0, 0.0)","(0.0, 0.0, 0.0)","(0.0, 0.0, 0.0)","(0.0, 0.0, 0.0)","(0.0, 0.0, 0.0)","(0.0, 0.0, 0.0)",0,0,0,0,0,0,False,0,0,0,0,0,0,0,0,"(0.0, 6.0, 2413.5)","(0.2, 0.0, 0.0, 1.0)"
0,983789.9,0,0,0,0,0,0,0,0,0,"(0.0, 0.0)","(0.0, 0.0)","(0.0, 0.0)","(0.0, 0.0, 0.0)","(0.0, 0.0, 0.0)","(0.0, 0.0, 0.0)","(0.0, 0.0, 0.0)","(0.0, 0.0, 0.0)","(0.0, 0.0, 0.0)",0,0,0,0,0,0,False,0,0,0,0,0,0,0,0,"(0.0, 6.0, 2413.9)","(0.2, 0.0, 0.0, 1.0)"
0,983810.7,0,0,0,0,0,0,0,0,0,"(0.0, 0.0)","(0.0, 0.0)","(0.0, 0.0)","(0.0, 0.0, 0.0)","(0.0, 0.0, 0.0)","(0.0, 0.0, 0.0)","(0.0, 0.0, 0.0)","(0.0, 0.0, 0.0)","(0.0, 0.0, 0.0)",0,0,0,0,0,0,False,0,0,0,0,0,0,0,0,"(0.0, 6.0, 2414.3)","(0.2, 0.0, 0.0, 1.0)"
0,983831.8,0,0,0,0,0,0,0,0,0,"(0.0, 0.0)","(0.0, 0.0)","(0.0, 0.0)","(0.0, 0.0, 0.0)","(0.0, 0.0, 0.0)","(0.0, 0.0, 0.0)","(0.0, 0.0, 0.0)","(0.0, 0.0, 0.0)","(0.0, 0.0, 0.0)",0,0,0,0,0,0,False,0,0,0,0,0,0,0,0,"(0.0, 6.0, 2414.7)","(0.2, 0.0, 0.0, 1.0)"
0,983853.4,0,0,0,0,0,0,0,0,0,"(0.0, 0.0)","(0.0, 0.0)","(0.0, 0.0)","(0.0, 0.0, 0.0)","(0.0, 0.0, 0.0)","(0.0, 0.0, 0.0)","(0.0, 0.0, 0.0)","(0.0, 0.0, 0.0)","(0.0, 0.0, 0.0)",0,0,0,0,0,0,False,0,0,0,0,0,0,0,0,"(0.0, 6.0, 2415.1)","(0.2, 0.0, 0.0, 1.0)"
0,983872.7,0,0,0,0,0,0,0,0,0,"(0.0, 0.0)","(0.0, 0.0)","(0.0, 0.0)","(0.0, 0.0, 0.0)","(0.0, 0.0, 0.0)","(0.0, 0.0, 0.0)","(0.0, 0.0, 0.0)","(0.0, 0.0, 0.0)","(0.0, 0.0, 0.0)",0,0,0,0,0,0,False,0,0,0,0,0,0,0,0,"(0.0, 6.0, 2415.5)","(0.2, 0.0, 0.0, 1.0)"
0,983893.7,0,0,0,0,0,0,0,0,0,"(0.0, 0.0)","(0.0, 0.0)","(0.0, 0.0)","(0.0, 0.0, 0.0)","(0.0, 0.0, 0.0)","(0.0, 0.0, 0.0)","(0.0, 0.0, 0.0)","(0.0, 0.0, 0.0)","(0.0, 0.0, 0.0)",0,0,0,0,0,0,False,0,0,0,0,0,0,0,0,"(0.0, 6.0, 2415.9)","(0.2, 0.0, 0.0, 1.0)"
0,983913.9,0,0,0,0,0,0,0,0,0,"(0.0, 0.0)","(0.0, 0.0)","(0.0, 0.0)","(0.0, 0.0, 0.0)","(0.0, 0.0, 0.0)","(0.0, 0.0, 0.0)","(0.0, 0.0, 0.0)","(0.0, 0.0, 0.0)","(0.0, 0.0, 0.0)",0,0,0,0,0,0,False,0,0,0,0,0,0,0,0,"(0.0, 6.0, 2416.3)","(0.2, 0.0, 0.0, 1.0)"
0,983938.4,0,0,0,0,0,0,0,0,0,"(0.0, 0.0)","(0.0, 0.0)","(0.0, 0.0)","(0.0, 0.0, 0.0)","(0.0, 0.0, 0.0)","(0.0, 0.0, 0.0)","(0.0, 0.0, 0.0)","(0.0, 0.0, 0.0)","(0.0, 0.0, 0.0)",0,0,0,0,0,0,False,0,0,0,0,0,0,0,0,"(0.0, 6.0, 2416.7)","(0.2, 0.0, 0.0, 1.0)"
0,983963.8,0,0,0,0,0,0,0,0,0,"(0.0, 0.0)","(0.0, 0.0)","(0.0, 0.0)","(0.0, 0.0, 0.0)","(0.0, 0.0, 0.0)","(0.0, 0.0, 0.0)","(0.0, 0.0, 0.0)","(0.0, 0.0, 0.0)","(0.0, 0.0, 0.0)",0,0,0,0,0,0,False,0,0,0,0,0,0,0,0,"(0.0, 6.0, 2417.1)","(0.2, 0.0, 0.0, 1.0)"
0,983984.8,0,0,0,0,0,0,0,0,0,"(0.0, 0.0)","(0.0, 0.0)","(0.0, 0.0)","(0.0, 0.0, 0.0)","(0.0, 0.0, 0.0)","(0.0, 0.0, 0.0)","(0.0, 0.0, 0.0)","(0.0, 0.0, 0.0)","(0.0, 0.0, 0.0)",0,0,0,0,0,0,False,0,0,0,0,0,0,0,0,"(0.0, 6.0, 2417.6)","(0.2, 0.0, 0.0, 1.0)"
0,984003.9,0,0,0,0,0,0,0,0,0,"(0.0, 0.0)","(0.0, 0.0)","(0.0, 0.0)","(0.0, 0.0, 0.0)","(0.0, 0.0, 0.0)","(0.0, 0.0, 0.0)","(0.0, 0.0, 0.0)","(0.0, 0.0, 0.0)","(0.0, 0.0, 0.0)",0,0,0,0,0,0,False,0,0,0,0,0,0,0,0,"(0.0, 6.0, 2418.0)","(0.2, 0.0, 0.0, 1.0)"
0,984023.6,0,0,0,0,0,0,0,0,0,"(0.0, 0.0)","(0.0, 0.0)","(0.0, 0.0)","(0.0, 0.0, 0.0)","(0.0, 0.0, 0.0)","(0.0, 0.0, 0.0)","(0.0, 0.0, 0.0)","(0.0, 0.0, 0.0)","(0.0, 0.0, 0.0)",0,0,0,0,0,0,False,0,0,0,0,0,0,0,0,"(0.0, 6.0, 2418.4)","(0.2, 0.0, 0.0, 1.0)"
0,984043.4,0,0,0,0,0,0,0,0,0,"(0.0, 0.0)","(0.0, 0.0)","(0.0, 0.0)","(0.0, 0.0, 0.0)","(0.0, 0.0, 0.0)","(0.0, 0.0, 0.0)","(0.0, 0.0, 0.0)","(0.0, 0.0, 0.0)","(0.0, 0.0, 0.0)",0,0,0,0,0,0,False,0,0,0,0,0,0,0,0,"(0.0, 6.0, 2418.8)","(0.2, 0.0, 0.0, 1.0)"
0,984069.3,0,0,0,0,0,0,0,0,0,"(0.0, 0.0)","(0.0, 0.0)","(0.0, 0.0)","(0.0, 0.0, 0.0)","(0.0, 0.0, 0.0)","(0.0, 0.0, 0.0)","(0.0, 0.0, 0.0)","(0.0, 0.0, 0.0)","(0.0, 0.0, 0.0)",0,0,0,0,0,0,False,0,0,0,0,0,0,0,0,"(0.0, 6.0, 2419.2)","(0.2, 0.0, 0.0, 1.0)"
0,984087.5,0,0,0,0,0,0,0,0,0,"(0.0, 0.0)","(0.0, 0.0)","(0.0, 0.0)","(0.0, 0.0, 0.0)","(0.0, 0.0, 0.0)","(0.0, 0.0, 0.0)","(0.0, 0.0, 0.0)","(0.0, 0.0, 0.0)","(0.0, 0.0, 0.0)",0,0,0,0,0,0,False,0,0,0,0,0,0,0,0,"(0.0, 6.0, 2419.6)","(0.2, 0.0, 0.0, 1.0)"
0,984111.4,0,0,0,0,0,0,0,0,0,"(0.0, 0.0)","(0.0, 0.0)","(0.0, 0.0)","(0.0, 0.0, 0.0)","(0.0, 0.0, 0.0)","(0.0, 0.0, 0.0)","(0.0, 0.0, 0.0)","(0.0, 0.0, 0.0)","(0.0, 0.0, 0.0)",0,0,0,0,0,0,False,0,0,0,0,0,0,0,0,"(0.0, 6.0, 2420.0)","(0.2, 0.0, 0.0, 1.0)"
0,984130.5,0,0,0,0,0,0,0,0,0,"(0.0, 0.0)","(0.0, 0.0)","(0.0, 0.0)","(0.0, 0.0, 0.0)","(0.0, 0.0, 0.0)","(0.0, 0.0, 0.0)","(0.0, 0.0, 0.0)","(0.0, 0.0, 0.0)","(0.0, 0.0, 0.0)",0,0,0,0,0,0,False,0,0,0,0,0,0,0,0,"(0.0, 6.0, 2420.4)","(0.2, 0.0, 0.0, 1.0)"
0,984150.8,0,0,0,0,0,0,0,0,0,"(0.0, 0.0)","(0.0, 0.0)","(0.0, 0.0)","(0.0, 0.0, 0.0)","(0.0, 0.0, 0.0)","(0.0, 0.0, 0.0)","(0.0, 0.0, 0.0)","(0.0, 0.0, 0.0)","(0.0, 0.0, 0.0)",0,0,0,0,0,0,False,0,0,0,0,0,0,0,0,"(0.0, 6.0, 2420.8)","(0.2, 0.0, 0.0, 1.0)"
0,984170.2,0,0,0,0,0,0,0,0,0,"(0.0, 0.0)","(0.0, 0.0)","(0.0, 0.0)","(0.0, 0.0, 0.0)","(0.0, 0.0, 0.0)","(0.0, 0.0, 0.0)","(0.0, 0.0, 0.0)","(0.0, 0.0, 0.0)","(0.0, 0.0, 0.0)",0,0,0,0,0,0,False,0,0,0,0,0,0,0,0,"(0.0, 6.0, 2421.2)","(0.2, 0.0, 0.0, 1.0)"
0,984190.4,0,0,0,0,0,0,0,0,0,"(0.0, 0.0)","(0.0, 0.0)","(0.0, 0.0)","(0.0, 0.0, 0.0)","(0.0, 0.0, 0.0)","(0.0, 0.0, 0.0)","(0.0, 0.0, 0.0)","(0.0, 0.0, 0.0)","(0.0, 0.0, 0.0)",0,0,0,0,0,0,False,0,0,0,0,0,0,0,0,"(0.0, 6.0, 2421.6)","(0.2, 0.0, 0.0, 1.0)"
0,984210.2,0,0,0,0,0,0,0,0,0,"(0.0, 0.0)","(0.0, 0.0)","(0.0, 0.0)","(0.0, 0.0, 0.0)","(0.0, 0.0, 0.0)","(0.0, 0.0, 0.0)","(0.0, 0.0, 0.0)","(0.0, 0.0, 0.0)","(0.0, 0.0, 0.0)",0,0,0,0,0,0,False,0,0,0,0,0,0,0,0,"(0.0, 6.0, 2422.0)","(0.2, 0.0, 0.0, 1.0)"
0,984230.3,0,0,0,0,0,0,0,0,0,"(0.0, 0.0)","(0.0, 0.0)","(0.0, 0.0)","(0.0, 0.0, 0.0)","(0.0, 0.0, 0.0)","(0.0, 0.0, 0.0)","(0.0, 0.0, 0.0)","(0.0, 0.0, 0.0)","(0.0, 0.0, 0.0)",0,0,0,0,0,0,False,0,0,0,0,0,0,0,0,"(0.0, 6.0, 2422.4)","(0.2, 0.0, 0.0, 1.0)"
0,984250.4,0,0,0,0,0,0,0,0,0,"(0.0, 0.0)","(0.0, 0.0)","(0.0, 0.0)","(0.0, 0.0, 0.0)","(0.0, 0.0, 0.0)","(0.0, 0.0, 0.0)","(0.0, 0.0, 0.0)","(0.0, 0.0, 0.0)","(0.0, 0.0, 0.0)",0,0,0,0,0,0,False,0,0,0,0,0,0,0,0,"(0.0, 6.0, 2422.8)","(0.2, 0.0, 0.0, 1.0)"
0,984269.1,0,0,0,0,0,0,0,0,0,"(0.0, 0.0)","(0.0, 0.0)","(0.0, 0.0)","(0.0, 0.0, 0.0)","(0.0, 0.0, 0.0)","(0.0, 0.0, 0.0)","(0.0, 0.0, 0.0)","(0.0, 0.0, 0.0)","(0.0, 0.0, 0.0)",0,0,0,0,0,0,False,0,0,0,0,0,0,0,0,"(0.0, 6.0, 2423.2)","(0.2, 0.0, 0.0, 1.0)"
0,984289.3,0,0,0,0,0,0,0,0,0,"(0.0, 0.0)","(0.0, 0.0)","(0.0, 0.0)","(0.0, 0.0, 0.0)","(0.0, 0.0, 0.0)","(0.0, 0.0, 0.0)","(0.0, 0.0, 0.0)","(0.0, 0.0, 0.0)","(0.0, 0.0, 0.0)",0,0,0,0,0,0,False,0,0,0,0,0,0,0,0,"(0.0, 6.0, 2423.6)","(0.2, 0.0, 0.0, 1.0)"
0,984315.2,0,0,0,0,0,0,0,0,0,"(0.0, 0.0)","(0.0, 0.0)","(0.0, 0.0)","(0.0, 0.0, 0.0)","(0.0, 0.0, 0.0)","(0.0, 0.0, 0.0)","(0.0, 0.0, 0.0)","(0.0, 0.0, 0.0)","(0.0, 0.0, 0.0)",0,0,0,0,0,0,False,0,0,0,0,0,0,0,0,"(0.0, 6.0, 2424.0)","(0.2, 0.0, 0.0, 1.0)"
0,984335.2,0,0,0,0,0,0,0,0,0,"(0.0, 0.0)","(0.0, 0.0)","(0.0, 0.0)","(0.0, 0.0, 0.0)","(0.0, 0.0, 0.0)","(0.0, 0.0, 0.0)","(0.0, 0.0, 0.0)","(0.0, 0.0, 0.0)","(0.0, 0.0, 0.0)",0,0,0,0,0,0,False,0,0,0,0,0,0,0,0,"(0.0, 6.0, 2424.4)","(0.2, 0.0, 0.0, 1.0)"
0,984355.8,0,0,0,0,0,0,0,0,0,"(0.0, 0.0)","(0.0, 0.0)","(0.0, 0.0)","(0.0, 0.0, 0.0)","(0.0, 0.0, 0.0)","(0.0, 0.0, 0.0)","(0.0, 0.0, 0.0)","(0.0, 0.0, 0.0)","(0.0, 0.0, 0.0)",0,0,0,0,0,0,False,0,0,0,0,0,0,0,0,"(0.0, 6.0, 2424.8)","(0.2, 0.0, 0.0, 1.0)"
0,984376.3,0,0,0,0,0,0,0,0,0,"(0.0, 0.0)","(0.0, 0.0)","(0.0, 0.0)","(0.0, 0.0, 0.0)","(0.0, 0.0, 0.0)","(0.0, 0.0, 0.0)","(0.0, 0.0, 0.0)","(0.0, 0.0, 0.0)","(0.0, 0.0, 0.0)",0,0,0,0,0,0,False,0,0,0,0,0,0,0,0,"(0.0, 6.0, 2425.1)","(0.2, 0.0, 0.0, 1.0)"
0,984398.5,0,0,0,0,0,0,0,0,0,"(0.0, 0.0)","(0.0, 0.0)","(0.0, 0.0)","(0.0, 0.0, 0.0)","(0.0, 0.0, 0.0)","(0.0, 0.0, 0.0)","(0.0, 0.0, 0.0)","(0.0, 0.0, 0.0)","(0.0, 0.0, 0.0)",0,0,0,0,0,0,False,0,0,0,0,0,0,0,0,"(0.0, 6.0, 2425.5)","(0.2, 0.0, 0.0, 1.0)"
0,984419.7,0,0,0,0,0,0,0,0,0,"(0.0, 0.0)","(0.0, 0.0)","(0.0, 0.0)","(0.0, 0.0, 0.0)","(0.0, 0.0, 0.0)","(0.0, 0.0, 0.0)","(0.0, 0.0, 0.0)","(0.0, 0.0, 0.0)","(0.0, 0.0, 0.0)",0,0,0,0,0,0,False,0,0,0,0,0,0,0,0,"(0.0, 6.0, 2425.9)","(0.2, 0.0, 0.0, 1.0)"
0,984438.6,0,0,0,0,0,0,0,0,0,"(0.0, 0.0)","(0.0, 0.0)","(0.0, 0.0)","(0.0, 0.0, 0.0)","(0.0, 0.0, 0.0)","(0.0, 0.0, 0.0)","(0.0, 0.0, 0.0)","(0.0, 0.0, 0.0)","(0.0, 0.0, 0.0)",0,0,0,0,0,0,False,0,0,0,0,0,0,0,0,"(0.0, 6.0, 2426.3)","(0.2, 0.0, 0.0, 1.0)"
0,984459.6,0,0,0,0,0,0,0,0,0,"(0.0, 0.0)","(0.0, 0.0)","(0.0, 0.0)","(0.0, 0.0, 0.0)","(0.0, 0.0, 0.0)","(0.0, 0.0, 0.0)","(0.0, 0.0, 0.0)","(0.0, 0.0, 0.0)","(0.0, 0.0, 0.0)",0,0,0,0,0,0,False,0,0,0,0,0,0,0,0,"(0.0, 6.0, 2426.7)","(0.2, 0.0, 0.0, 1.0)"
0,984479.6,0,0,0,0,0,0,0,0,0,"(0.0, 0.0)","(0.0, 0.0)","(0.0, 0.0)","(0.0, 0.0, 0.0)","(0.0, 0.0, 0.0)","(0.0, 0.0, 0.0)","(0.0, 0.0, 0.0)","(0.0, 0.0, 0.0)","(0.0, 0.0, 0.0)",0,0,0,0,0,0,False,0,0,0,0,0,0,0,0,"(0.0, 6.0, 2427.1)","(0.2, 0.0, 0.0, 1.0)"
0,984505.3,0,0,0,0,0,0,0,0,0,"(0.0, 0.0)","(0.0, 0.0)","(0.0, 0.0)","(0.0, 0.0, 0.0)","(0.0, 0.0, 0.0)","(0.0, 0.0, 0.0)","(0.0, 0.0, 0.0)","(0.0, 0.0, 0.0)","(0.0, 0.0, 0.0)",0,0,0,0,0,0,False,0,0,0,0,0,0,0,0,"(0.0, 6.0, 2427.5)","(0.2, 0.0, 0.0, 1.0)"
0,984527.9,0,0,0,0,0,0,0,0,0,"(0.0, 0.0)","(0.0, 0.0)","(0.0, 0.0)","(0.0, 0.0, 0.0)","(0.0, 0.0, 0.0)","(0.0, 0.0, 0.0)","(0.0, 0.0, 0.0)","(0.0, 0.0, 0.0)","(0.0, 0.0, 0.0)",0,0,0,0,0,0,False,0,0,0,0,0,0,0,0,"(0.0, 6.0, 2427.9)","(0.2, 0.0, 0.0, 1.0)"
0,984548.6,0,0,0,0,0,0,0,0,0,"(0.0, 0.0)","(0.0, 0.0)","(0.0, 0.0)","(0.0, 0.0, 0.0)","(0.0, 0.0, 0.0)","(0.0, 0.0, 0.0)","(0.0, 0.0, 0.0)","(0.0, 0.0, 0.0)","(0.0, 0.0, 0.0)",0,0,0,0,0,0,False,0,0,0,0,0,0,0,0,"(0.0, 6.0, 2428.3)","(0.2, 0.0, 0.0, 1.0)"
0,984567.6,0,0,0,0,0,0,0,0,0,"(0.0, 0.0)","(0.0, 0.0)","(0.0, 0.0)","(0.0, 0.0, 0.0)","(0.0, 0.0, 0.0)","(0.0, 0.0, 0.0)","(0.0, 0.0, 0.0)","(0.0, 0.0, 0.0)","(0.0, 0.0, 0.0)",0,0,0,0,0,0,False,0,0,0,0,0,0,0,0,"(0.0, 6.0, 2428.7)","(0.2, 0.0, 0.0, 1.0)"
0,984587.9,0,0,0,0,0,0,0,0,0,"(0.0, 0.0)","(0.0, 0.0)","(0.0, 0.0)","(0.0, 0.0, 0.0)","(0.0, 0.0, 0.0)","(0.0, 0.0, 0.0)","(0.0, 0.0, 0.0)","(0.0, 0.0, 0.0)","(0.0, 0.0, 0.0)",0,0,0,0,0,0,False,0,0,0,0,0,0,0,0,"(0.0, 6.0, 2429.1)","(0.2, 0.0, 0.0, 1.0)"
0,984609.8,0,0,0,0,0,0,0,0,0,"(0.0, 0.0)","(0.0, 0.0)","(0.0, 0.0)","(0.0, 0.0, 0.0)","(0.0, 0.0, 0.0)","(0.0, 0.0, 0.0)","(0.0, 0.0, 0.0)","(0.0, 0.0, 0.0)","(0.0, 0.0, 0.0)",0,0,0,0,0,0,False,0,0,0,0,0,0,0,0,"(0.0, 6.0, 2429.5)","(0.2, 0.0, 0.0, 1.0)"
0,984633.1,0,0,0,0,0,0,0,0,0,"(0.0, 0.0)","(0.0, 0.0)","(0.0, 0.0)","(0.0, 0.0, 0.0)","(0.0, 0.0, 0.0)","(0.0, 0.0, 0.0)","(0.0, 0.0, 0.0)","(0.0, 0.0, 0.0)","(0.0, 0.0, 0.0)",0,0,0,0,0,0,False,0,0,0,0,0,0,0,0,"(0.0, 6.0, 2429.9)","(0.2, 0.0, 0.0, 1.0)"
0,984654.2,0,0,0,0,0,0,0,0,0,"(0.0, 0.0)","(0.0, 0.0)","(0.0, 0.0)","(0.0, 0.0, 0.0)","(0.0, 0.0, 0.0)","(0.0, 0.0, 0.0)","(0.0, 0.0, 0.0)","(0.0, 0.0, 0.0)","(0.0, 0.0, 0.0)",0,0,0,0,0,0,False,0,0,0,0,0,0,0,0,"(0.0, 6.0, 2430.4)","(0.2, 0.0, 0.0, 1.0)"
0,984677.1,0,0,0,0,0,0,0,0,0,"(0.0, 0.0)","(0.0, 0.0)","(0.0, 0.0)","(0.0, 0.0, 0.0)","(0.0, 0.0, 0.0)","(0.0, 0.0, 0.0)","(0.0, 0.0, 0.0)","(0.0, 0.0, 0.0)","(0.0, 0.0, 0.0)",0,0,0,0,0,0,False,0,0,0,0,0,0,0,0,"(0.0, 6.0, 2430.8)","(0.2, 0.0, 0.0, 1.0)"
0,984704.1,0,0,0,0,0,0,0,0,0,"(0.0, 0.0)","(0.0, 0.0)","(0.0, 0.0)","(0.0, 0.0, 0.0)","(0.0, 0.0, 0.0)","(0.0, 0.0, 0.0)","(0.0, 0.0, 0.0)","(0.0, 0.0, 0.0)","(0.0, 0.0, 0.0)",0,0,0,0,0,0,False,0,0,0,0,0,0,0,0,"(0.0, 6.0, 2431.2)","(0.2, 0.0, 0.0, 1.0)"
0,984724.8,0,0,0,0,0,0,0,0,0,"(0.0, 0.0)","(0.0, 0.0)","(0.0, 0.0)","(0.0, 0.0, 0.0)","(0.0, 0.0, 0.0)","(0.0, 0.0, 0.0)","(0.0, 0.0, 0.0)","(0.0, 0.0, 0.0)","(0.0, 0.0, 0.0)",0,0,0,0,0,0,False,0,0,0,0,0,0,0,0,"(0.0, 6.0, 2431.6)","(0.2, 0.0, 0.0, 1.0)"
0,984745.9,0,0,0,0,0,0,0,0,0,"(0.0, 0.0)","(0.0, 0.0)","(0.0, 0.0)","(0.0, 0.0, 0.0)","(0.0, 0.0, 0.0)","(0.0, 0.0, 0.0)","(0.0, 0.0, 0.0)","(0.0, 0.0, 0.0)","(0.0, 0.0, 0.0)",0,0,0,0,0,0,False,0,0,0,0,0,0,0,0,"(0.0, 6.0, 2432.0)","(0.2, 0.0, 0.0, 1.0)"
0,984766.4,0,0,0,0,0,0,0,0,0,"(0.0, 0.0)","(0.0, 0.0)","(0.0, 0.0)","(0.0, 0.0, 0.0)","(0.0, 0.0, 0.0)","(0.0, 0.0, 0.0)","(0.0, 0.0, 0.0)","(0.0, 0.0, 0.0)","(0.0, 0.0, 0.0)",0,0,0,0,0,0,False,0,0,0,0,0,0,0,0,"(0.0, 6.0, 2432.4)","(0.2, 0.0, 0.0, 1.0)"
0,984787.8,0,0,0,0,0,0,0,0,0,"(0.0, 0.0)","(0.0, 0.0)","(0.0, 0.0)","(0.0, 0.0, 0.0)","(0.0, 0.0, 0.0)","(0.0, 0.0, 0.0)","(0.0, 0.0, 0.0)","(0.0, 0.0, 0.0)","(0.0, 0.0, 0.0)",0,0,0,0,0,0,False,0,0,0,0,0,0,0,0,"(0.0, 6.0, 2432.8)","(0.2, 0.0, 0.0, 1.0)"
0,984818.4,0,0,0,0,0,0,0,0,0,"(0.0, 0.0)","(0.0, 0.0)","(0.0, 0.0)","(0.0, 0.0, 0.0)","(0.0, 0.0, 0.0)","(0.0, 0.0, 0.0)","(0.0, 0.0, 0.0)","(0.0, 0.0, 0.0)","(0.0, 0.0, 0.0)",0,0,0,0,0,0,False,0,0,0,0,0,0,0,0,"(0.0, 6.0, 2433.3)","(0.2, 0.0, 0.0, 1.0)"
0,984839.4,0,0,0,0,0,0,0,0,0,"(0.0, 0.0)","(0.0, 0.0)","(0.0, 0.0)","(0.0, 0.0, 0.0)","(0.0, 0.0, 0.0)","(0.0, 0.0, 0.0)","(0.0, 0.0, 0.0)","(0.0, 0.0, 0.0)","(0.0, 0.0, 0.0)",0,0,0,0,0,0,False,0,0,0,0,0,0,0,0,"(0.0, 6.0, 2433.7)","(0.2, 0.0, 0.0, 1.0)"
0,984861.6,0,0,0,0,0,0,0,0,0,"(0.0, 0.0)","(0.0, 0.0)","(0.0, 0.0)","(0.0, 0.0, 0.0)","(0.0, 0.0, 0.0)","(0.0, 0.0, 0.0)","(0.0, 0.0, 0.0)","(0.0, 0.0, 0.0)","(0.0, 0.0, 0.0)",0,0,0,0,0,0,False,0,0,0,0,0,0,0,0,"(0.0, 6.0, 2434.1)","(0.2, 0.0, 0.0, 1.0)"
0,984881.7,0,0,0,0,0,0,0,0,0,"(0.0, 0.0)","(0.0, 0.0)","(0.0, 0.0)","(0.0, 0.0, 0.0)","(0.0, 0.0, 0.0)","(0.0, 0.0, 0.0)","(0.0, 0.0, 0.0)","(0.0, 0.0, 0.0)","(0.0, 0.0, 0.0)",0,0,0,0,0,0,False,0,0,0,0,0,0,0,0,"(0.0, 6.0, 2434.5)","(0.2, 0.0, 0.0, 1.0)"
0,984902.7,0,0,0,0,0,0,0,0,0,"(0.0, 0.0)","(0.0, 0.0)","(0.0, 0.0)","(0.0, 0.0, 0.0)","(0.0, 0.0, 0.0)","(0.0, 0.0, 0.0)","(0.0, 0.0, 0.0)","(0.0, 0.0, 0.0)","(0.0, 0.0, 0.0)",0,0,0,0,0,0,False,0,0,0,0,0,0,0,0,"(0.0, 6.0, 2434.9)","(0.2, 0.0, 0.0, 1.0)"
0,984922.3,0,0,0,0,0,0,0,0,0,"(0.0, 0.0)","(0.0, 0.0)","(0.0, 0.0)","(0.0, 0.0, 0.0)","(0.0, 0.0, 0.0)","(0.0, 0.0, 0.0)","(0.0, 0.0, 0.0)","(0.0, 0.0, 0.0)","(0.0, 0.0, 0.0)",0,0,0,0,0,0,False,0,0,0,0,0,0,0,0,"(0.0, 6.0, 2435.4)","(0.2, 0.0, 0.0, 1.0)"
0,984942.9,0,0,0,0,0,0,0,0,0,"(0.0, 0.0)","(0.0, 0.0)","(0.0, 0.0)","(0.0, 0.0, 0.0)","(0.0, 0.0, 0.0)","(0.0, 0.0, 0.0)","(0.0, 0.0, 0.0)","(0.0, 0.0, 0.0)","(0.0, 0.0, 0.0)",0,0,0,0,0,0,False,0,0,0,0,0,0,0,0,"(0.0, 6.0, 2435.8)","(0.2, 0.0, 0.0, 1.0)"
0,984974.4,0,0,0,0,0,0,0,0,0,"(0.0, 0.0)","(0.0, 0.0)","(0.0, 0.0)","(0.0, 0.0, 0.0)","(0.0, 0.0, 0.0)","(0.0, 0.0, 0.0)","(0.0, 0.0, 0.0)","(0.0, 0.0, 0.0)","(0.0, 0.0, 0.0)",0,0,0,0,0,0,False,0,0,0,0,0,0,0,0,"(0.0, 6.0, 2436.2)","(0.2, 0.0, 0.0, 1.0)"
0,984995.5,0,0,0,0,0,0,0,0,0,"(0.0, 0.0)","(0.0, 0.0)","(0.0, 0.0)","(0.0, 0.0, 0.0)","(0.0, 0.0, 0.0)","(0.0, 0.0, 0.0)","(0.0, 0.0, 0.0)","(0.0, 0.0, 0.0)","(0.0, 0.0, 0.0)",0,0,0,0,0,0,False,0,0,0,0,0,0,0,0,"(0.0, 6.0, 2436.6)","(0.2, 0.0, 0.0, 1.0)"
0,985016.8,0,0,0,0,0,0,0,0,0,"(0.0, 0.0)","(0.0, 0.0)","(0.0, 0.0)","(0.0, 0.0, 0.0)","(0.0, 0.0, 0.0)","(0.0, 0.0, 0.0)","(0.0, 0.0, 0.0)","(0.0, 0.0, 0.0)","(0.0, 0.0, 0.0)",0,0,0,0,0,0,False,0,0,0,0,0,0,0,0,"(0.0, 6.0, 2437.1)","(0.2, 0.0, 0.0, 1.0)"
0,985037.8,0,0,0,0,0,0,0,0,0,"(0.0, 0.0)","(0.0, 0.0)","(0.0, 0.0)","(0.0, 0.0, 0.0)","(0.0, 0.0, 0.0)","(0.0, 0.0, 0.0)","(0.0, 0.0, 0.0)","(0.0, 0.0, 0.0)","(0.0, 0.0, 0.0)",0,0,0,0,0,0,False,0,0,0,0,0,0,0,0,"(0.0, 6.0, 2437.5)","(0.2, 0.0, 0.0, 1.0)"
0,985058.8,0,0,0,0,0,0,0,0,0,"(0.0, 0.0)","(0.0, 0.0)","(0.0, 0.0)","(0.0, 0.0, 0.0)","(0.0, 0.0, 0.0)","(0.0, 0.0, 0.0)","(0.0, 0.0, 0.0)","(0.0, 0.0, 0.0)","(0.0, 0.0, 0.0)",0,0,0,0,0,0,False,0,0,0,0,0,0,0,0,"(0.0, 6.0, 2437.9)","(0.2, 0.0, 0.0, 1.0)"
0,985079.5,0,0,0,0,0,0,0,0,0,"(0.0, 0.0)","(0.0, 0.0)","(0.0, 0.0)","(0.0, 0.0, 0.0)","(0.0, 0.0, 0.0)","(0.0, 0.0, 0.0)","(0.0, 0.0, 0.0)","(0.0, 0.0, 0.0)","(0.0, 0.0, 0.0)",0,0,0,0,0,0,False,0,0,0,0,0,0,0,0,"(0.0, 6.0, 2438.3)","(0.2, 0.0, 0.0, 1.0)"
0,985100.9,0,0,0,0,0,0,0,0,0,"(0.0, 0.0)","(0.0, 0.0)","(0.0, 0.0)","(0.0, 0.0, 0.0)","(0.0, 0.0, 0.0)","(0.0, 0.0, 0.0)","(0.0, 0.0, 0.0)","(0.0, 0.0, 0.0)","(0.0, 0.0, 0.0)",0,0,0,0,0,0,False,0,0,0,0,0,0,0,0,"(0.0, 6.0, 2438.7)","(0.2, 0.0, 0.0, 1.0)"
0,985120.5,0,0,0,0,0,0,0,0,0,"(0.0, 0.0)","(0.0, 0.0)","(0.0, 0.0)","(0.0, 0.0, 0.0)","(0.0, 0.0, 0.0)","(0.0, 0.0, 0.0)","(0.0, 0.0, 0.0)","(0.0, 0.0, 0.0)","(0.0, 0.0, 0.0)",0,0,0,0,0,0,False,0,0,0,0,0,0,0,0,"(0.0, 6.0, 2439.1)","(0.2, 0.0, 0.0, 1.0)"
0,985142.3,0,0,0,0,0,0,0,0,0,"(0.0, 0.0)","(0.0, 0.0)","(0.0, 0.0)","(0.0, 0.0, 0.0)","(0.0, 0.0, 0.0)","(0.0, 0.0, 0.0)","(0.0, 0.0, 0.0)","(0.0, 0.0, 0.0)","(0.0, 0.0, 0.0)",0,0,0,0,0,0,False,0,0,0,0,0,0,0,0,"(0.0, 6.0, 2439.6)","(0.2, 0.0, 0.0, 1.0)"
0,985171,0,0,0,0,0,0,0,0,0,"(0.0, 0.0)","(0.0, 0.0)","(0.0, 0.0)","(0.0, 0.0, 0.0)","(0.0, 0.0, 0.0)","(0.0, 0.0, 0.0)","(0.0, 0.0, 0.0)","(0.0, 0.0, 0.0)","(0.0, 0.0, 0.0)",0,0,0,0,0,0,False,0,0,0,0,0,0,0,0,"(0.0, 6.0, 2440.0)","(0.2, 0.0, 0.0, 1.0)"
0,985191.1,0,0,0,0,0,0,0,0,0,"(0.0, 0.0)","(0.0, 0.0)","(0.0, 0.0)","(0.0, 0.0, 0.0)","(0.0, 0.0, 0.0)","(0.0, 0.0, 0.0)","(0.0, 0.0, 0.0)","(0.0, 0.0, 0.0)","(0.0, 0.0, 0.0)",0,0,0,0,0,0,False,0,0,0,0,0,0,0,0,"(0.0, 6.0, 2440.4)","(0.2, 0.0, 0.0, 1.0)"
0,985210.4,0,0,0,0,0,0,0,0,0,"(0.0, 0.0)","(0.0, 0.0)","(0.0, 0.0)","(0.0, 0.0, 0.0)","(0.0, 0.0, 0.0)","(0.0, 0.0, 0.0)","(0.0, 0.0, 0.0)","(0.0, 0.0, 0.0)","(0.0, 0.0, 0.0)",0,0,0,0,0,0,False,0,0,0,0,0,0,0,0,"(0.0, 6.0, 2440.8)","(0.2, 0.0, 0.0, 1.0)"
0,985233.6,0,0,0,0,0,0,0,0,0,"(0.0, 0.0)","(0.0, 0.0)","(0.0, 0.0)","(0.0, 0.0, 0.0)","(0.0, 0.0, 0.0)","(0.0, 0.0, 0.0)","(0.0, 0.0, 0.0)","(0.0, 0.0, 0.0)","(0.0, 0.0, 0.0)",0,0,0,0,0,0,False,0,0,0,0,0,0,0,0,"(0.0, 6.0, 2441.2)","(0.2, 0.0, 0.0, 1.0)"
0,985254.3,0,0,0,0,0,0,0,0,0,"(0.0, 0.0)","(0.0, 0.0)","(0.0, 0.0)","(0.0, 0.0, 0.0)","(0.0, 0.0, 0.0)","(0.0, 0.0, 0.0)","(0.0, 0.0, 0.0)","(0.0, 0.0, 0.0)","(0.0, 0.0, 0.0)",0,0,0,0,0,0,False,0,0,0,0,0,0,0,0,"(0.0, 6.0, 2441.7)","(0.2, 0.0, 0.0, 1.0)"
0,985274.8,0,0,0,0,0,0,0,0,0,"(0.0, 0.0)","(0.0, 0.0)","(0.0, 0.0)","(0.0, 0.0, 0.0)","(0.0, 0.0, 0.0)","(0.0, 0.0, 0.0)","(0.0, 0.0, 0.0)","(0.0, 0.0, 0.0)","(0.0, 0.0, 0.0)",0,0,0,0,0,0,False,0,0,0,0,0,0,0,0,"(0.0, 6.0, 2442.1)","(0.2, 0.0, 0.0, 1.0)"
0,985296,0,0,0,0,0,0,0,0,0,"(0.0, 0.0)","(0.0, 0.0)","(0.0, 0.0)","(0.0, 0.0, 0.0)","(0.0, 0.0, 0.0)","(0.0, 0.0, 0.0)","(0.0, 0.0, 0.0)","(0.0, 0.0, 0.0)","(0.0, 0.0, 0.0)",0,0,0,0,0,0,False,0,0,0,0,0,0,0,0,"(0.0, 6.0, 2442.5)","(0.2, 0.0, 0.0, 1.0)"
0,985317.6,0,0,0,0,0,0,0,0,0,"(0.0, 0.0)","(0.0, 0.0)","(0.0, 0.0)","(0.0, 0.0, 0.0)","(0.0, 0.0, 0.0)","(0.0, 0.0, 0.0)","(0.0, 0.0, 0.0)","(0.0, 0.0, 0.0)","(0.0, 0.0, 0.0)",0,0,0,0,0,0,False,0,0,0,0,0,0,0,0,"(0.0, 6.0, 2442.9)","(0.2, 0.0, 0.0, 1.0)"
0,985345,0,0,0,0,0,0,0,0,0,"(0.0, 0.0)","(0.0, 0.0)","(0.0, 0.0)","(0.0, 0.0, 0.0)","(0.0, 0.0, 0.0)","(0.0, 0.0, 0.0)","(0.0, 0.0, 0.0)","(0.0, 0.0, 0.0)","(0.0, 0.0, 0.0)",0,0,0,0,0,0,False,0,0,0,0,0,0,0,0,"(0.0, 6.0, 2443.3)","(0.2, 0.0, 0.0, 1.0)"
0,985366.9,0,0,0,0,0,0,0,0,0,"(0.0, 0.0)","(0.0, 0.0)","(0.0, 0.0)","(0.0, 0.0, 0.0)","(0.0, 0.0, 0.0)","(0.0, 0.0, 0.0)","(0.0, 0.0, 0.0)","(0.0, 0.0, 0.0)","(0.0, 0.0, 0.0)",0,0,0,0,0,0,False,0,0,0,0,0,0,0,0,"(0.0, 6.0, 2443.7)","(0.2, 0.0, 0.0, 1.0)"
0,985388.1,0,0,0,0,0,0,0,0,0,"(0.0, 0.0)","(0.0, 0.0)","(0.0, 0.0)","(0.0, 0.0, 0.0)","(0.0, 0.0, 0.0)","(0.0, 0.0, 0.0)","(0.0, 0.0, 0.0)","(0.0, 0.0, 0.0)","(0.0, 0.0, 0.0)",0,0,0,0,0,0,False,0,0,0,0,0,0,0,0,"(0.0, 6.0, 2444.2)","(0.2, 0.0, 0.0, 1.0)"
0,985406.8,0,0,0,0,0,0,0,0,0,"(0.0, 0.0)","(0.0, 0.0)","(0.0, 0.0)","(0.0, 0.0, 0.0)","(0.0, 0.0, 0.0)","(0.0, 0.0, 0.0)","(0.0, 0.0, 0.0)","(0.0, 0.0, 0.0)","(0.0, 0.0, 0.0)",0,0,0,0,0,0,False,0,0,0,0,0,0,0,0,"(0.0, 6.0, 2444.6)","(0.2, 0.0, 0.0, 1.0)"
0,985426.4,0,0,0,0,0,0,0,0,0,"(0.0, 0.0)","(0.0, 0.0)","(0.0, 0.0)","(0.0, 0.0, 0.0)","(0.0, 0.0, 0.0)","(0.0, 0.0, 0.0)","(0.0, 0.0, 0.0)","(0.0, 0.0, 0.0)","(0.0, 0.0, 0.0)",0,0,0,0,0,0,False,0,0,0,0,0,0,0,0,"(0.0, 6.0, 2445.0)","(0.2, 0.0, 0.0, 1.0)"
0,985447.3,0,0,0,0,0,0,0,0,0,"(0.0, 0.0)","(0.0, 0.0)","(0.0, 0.0)","(0.0, 0.0, 0.0)","(0.0, 0.0, 0.0)","(0.0, 0.0, 0.0)","(0.0, 0.0, 0.0)","(0.0, 0.0, 0.0)","(0.0, 0.0, 0.0)",0,0,0,0,0,0,False,0,0,0,0,0,0,0,0,"(0.0, 6.0, 2445.4)","(0.2, 0.0, 0.0, 1.0)"
0,985468.4,0,0,0,0,0,0,0,0,0,"(0.0, 0.0)","(0.0, 0.0)","(0.0, 0.0)","(0.0, 0.0, 0.0)","(0.0, 0.0, 0.0)","(0.0, 0.0, 0.0)","(0.0, 0.0, 0.0)","(0.0, 0.0, 0.0)","(0.0, 0.0, 0.0)",0,0,0,0,0,0,False,0,0,0,0,0,0,0,0,"(0.0, 6.0, 2445.8)","(0.2, 0.0, 0.0, 1.0)"
0,985489.9,0,0,0,0,0,0,0,0,0,"(0.0, 0.0)","(0.0, 0.0)","(0.0, 0.0)","(0.0, 0.0, 0.0)","(0.0, 0.0, 0.0)","(0.0, 0.0, 0.0)","(0.0, 0.0, 0.0)","(0.0, 0.0, 0.0)","(0.0, 0.0, 0.0)",0,0,0,0,0,0,False,0,0,0,0,0,0,0,0,"(0.0, 6.0, 2446.2)","(0.2, 0.0, 0.0, 1.0)"
0,985510.1,0,0,0,0,0,0,0,0,0,"(0.0, 0.0)","(0.0, 0.0)","(0.0, 0.0)","(0.0, 0.0, 0.0)","(0.0, 0.0, 0.0)","(0.0, 0.0, 0.0)","(0.0, 0.0, 0.0)","(0.0, 0.0, 0.0)","(0.0, 0.0, 0.0)",0,0,0,0,0,0,False,0,0,0,0,0,0,0,0,"(0.0, 6.0, 2446.6)","(0.2, 0.0, 0.0, 1.0)"
0,985532.3,0,0,0,0,0,0,0,0,0,"(0.0, 0.0)","(0.0, 0.0)","(0.0, 0.0)","(0.0, 0.0, 0.0)","(0.0, 0.0, 0.0)","(0.0, 0.0, 0.0)","(0.0, 0.0, 0.0)","(0.0, 0.0, 0.0)","(0.0, 0.0, 0.0)",0,0,0,0,0,0,False,0,0,0,0,0,0,0,0,"(0.0, 6.0, 2447.0)","(0.2, 0.0, 0.0, 1.0)"
0,985553.9,0,0,0,0,0,0,0,0,0,"(0.0, 0.0)","(0.0, 0.0)","(0.0, 0.0)","(0.0, 0.0, 0.0)","(0.0, 0.0, 0.0)","(0.0, 0.0, 0.0)","(0.0, 0.0, 0.0)","(0.0, 0.0, 0.0)","(0.0, 0.0, 0.0)",0,0,0,0,0,0,False,0,0,0,0,0,0,0,0,"(0.0, 6.0, 2447.4)","(0.2, 0.0, 0.0, 1.0)"
0,985576.1,0,0,0,0,0,0,0,0,0,"(0.0, 0.0)","(0.0, 0.0)","(0.0, 0.0)","(0.0, 0.0, 0.0)","(0.0, 0.0, 0.0)","(0.0, 0.0, 0.0)","(0.0, 0.0, 0.0)","(0.0, 0.0, 0.0)","(0.0, 0.0, 0.0)",0,0,0,0,0,0,False,0,0,0,0,0,0,0,0,"(0.0, 6.0, 2447.8)","(0.2, 0.0, 0.0, 1.0)"
0,985598.3,0,0,0,0,0,0,0,0,0,"(0.0, 0.0)","(0.0, 0.0)","(0.0, 0.0)","(0.0, 0.0, 0.0)","(0.0, 0.0, 0.0)","(0.0, 0.0, 0.0)","(0.0, 0.0, 0.0)","(0.0, 0.0, 0.0)","(0.0, 0.0, 0.0)",0,0,0,0,0,0,False,0,0,0,0,0,0,0,0,"(0.0, 6.0, 2448.2)","(0.2, 0.0, 0.0, 1.0)"
0,985620.6,0,0,0,0,0,0,0,0,0,"(0.0, 0.0)","(0.0, 0.0)","(0.0, 0.0)","(0.0, 0.0, 0.0)","(0.0, 0.0, 0.0)","(0.0, 0.0, 0.0)","(0.0, 0.0, 0.0)","(0.0, 0.0, 0.0)","(0.0, 0.0, 0.0)",0,0,0,0,0,0,False,0,0,0,0,0,0,0,0,"(0.0, 6.0, 2448.7)","(0.2, 0.0, 0.0, 1.0)"
0,985642.4,0,0,0,0,0,0,0,0,0,"(0.0, 0.0)","(0.0, 0.0)","(0.0, 0.0)","(0.0, 0.0, 0.0)","(0.0, 0.0, 0.0)","(0.0, 0.0, 0.0)","(0.0, 0.0, 0.0)","(0.0, 0.0, 0.0)","(0.0, 0.0, 0.0)",0,0,0,0,0,0,False,0,0,0,0,0,0,0,0,"(0.0, 6.0, 2449.1)","(0.2, 0.0, 0.0, 1.0)"
0,985665.9,0,0,0,0,0,0,0,0,0,"(0.0, 0.0)","(0.0, 0.0)","(0.0, 0.0)","(0.0, 0.0, 0.0)","(0.0, 0.0, 0.0)","(0.0, 0.0, 0.0)","(0.0, 0.0, 0.0)","(0.0, 0.0, 0.0)","(0.0, 0.0, 0.0)",0,0,0,0,0,0,False,0,0,0,0,0,0,0,0,"(0.0, 6.0, 2449.5)","(0.2, 0.0, 0.0, 1.0)"
0,985686.8,0,0,0,0,0,0,0,0,0,"(0.0, 0.0)","(0.0, 0.0)","(0.0, 0.0)","(0.0, 0.0, 0.0)","(0.0, 0.0, 0.0)","(0.0, 0.0, 0.0)","(0.0, 0.0, 0.0)","(0.0, 0.0, 0.0)","(0.0, 0.0, 0.0)",0,0,0,0,0,0,False,0,0,0,0,0,0,0,0,"(0.0, 6.0, 2449.9)","(0.2, 0.0, 0.0, 1.0)"
0,985710.2,0,0,0,0,0,0,0,0,0,"(0.0, 0.0)","(0.0, 0.0)","(0.0, 0.0)","(0.0, 0.0, 0.0)","(0.0, 0.0, 0.0)","(0.0, 0.0, 0.0)","(0.0, 0.0, 0.0)","(0.0, 0.0, 0.0)","(0.0, 0.0, 0.0)",0,0,0,0,0,0,False,0,0,0,0,0,0,0,0,"(0.0, 6.0, 2450.3)","(0.2, 0.0, 0.0, 1.0)"
0,985732.5,0,0,0,0,0,0,0,0,0,"(0.0, 0.0)","(0.0, 0.0)","(0.0, 0.0)","(0.0, 0.0, 0.0)","(0.0, 0.0, 0.0)","(0.0, 0.0, 0.0)","(0.0, 0.0, 0.0)","(0.0, 0.0, 0.0)","(0.0, 0.0, 0.0)",0,0,0,0,0,0,False,0,0,0,0,0,0,0,0,"(0.0, 6.0, 2450.7)","(0.2, 0.0, 0.0, 1.0)"
0,985753.7,0,0,0,0,0,0,0,0,0,"(0.0, 0.0)","(0.0, 0.0)","(0.0, 0.0)","(0.0, 0.0, 0.0)","(0.0, 0.0, 0.0)","(0.0, 0.0, 0.0)","(0.0, 0.0, 0.0)","(0.0, 0.0, 0.0)","(0.0, 0.0, 0.0)",0,0,0,0,0,0,False,0,0,0,0,0,0,0,0,"(0.0, 6.0, 2451.1)","(0.2, 0.0, 0.0, 1.0)"
0,985776.3,0,0,0,0,0,0,0,0,0,"(0.0, 0.0)","(0.0, 0.0)","(0.0, 0.0)","(0.0, 0.0, 0.0)","(0.0, 0.0, 0.0)","(0.0, 0.0, 0.0)","(0.0, 0.0, 0.0)","(0.0, 0.0, 0.0)","(0.0, 0.0, 0.0)",0,0,0,0,0,0,False,0,0,0,0,0,0,0,0,"(0.0, 6.0, 2451.6)","(0.2, 0.0, 0.0, 1.0)"
0,985799.1,0,0,0,0,0,0,0,0,0,"(0.0, 0.0)","(0.0, 0.0)","(0.0, 0.0)","(0.0, 0.0, 0.0)","(0.0, 0.0, 0.0)","(0.0, 0.0, 0.0)","(0.0, 0.0, 0.0)","(0.0, 0.0, 0.0)","(0.0, 0.0, 0.0)",0,0,0,0,0,0,False,0,0,0,0,0,0,0,0,"(0.0, 6.0, 2452.0)","(0.2, 0.0, 0.0, 1.0)"
0,985820.3,0,0,0,0,0,0,0,0,0,"(0.0, 0.0)","(0.0, 0.0)","(0.0, 0.0)","(0.0, 0.0, 0.0)","(0.0, 0.0, 0.0)","(0.0, 0.0, 0.0)","(0.0, 0.0, 0.0)","(0.0, 0.0, 0.0)","(0.0, 0.0, 0.0)",0,0,0,0,0,0,False,0,0,0,0,0,0,0,0,"(0.0, 6.0, 2452.4)","(0.2, 0.0, 0.0, 1.0)"
0,985842.6,0,0,0,0,0,0,0,0,0,"(0.0, 0.0)","(0.0, 0.0)","(0.0, 0.0)","(0.0, 0.0, 0.0)","(0.0, 0.0, 0.0)","(0.0, 0.0, 0.0)","(0.0, 0.0, 0.0)","(0.0, 0.0, 0.0)","(0.0, 0.0, 0.0)",0,0,0,0,0,0,False,0,0,0,0,0,0,0,0,"(0.0, 6.0, 2452.8)","(0.2, 0.0, 0.0, 1.0)"
0,985874.7,0,0,0,0,0,0,0,0,0,"(0.0, 0.0)","(0.0, 0.0)","(0.0, 0.0)","(0.0, 0.0, 0.0)","(0.0, 0.0, 0.0)","(0.0, 0.0, 0.0)","(0.0, 0.0, 0.0)","(0.0, 0.0, 0.0)","(0.0, 0.0, 0.0)",0,0,0,0,0,0,False,0,0,0,0,0,0,0,0,"(0.0, 6.0, 2453.2)","(0.2, 0.0, 0.0, 1.0)"
0,985895.2,0,0,0,0,0,0,0,0,0,"(0.0, 0.0)","(0.0, 0.0)","(0.0, 0.0)","(0.0, 0.0, 0.0)","(0.0, 0.0, 0.0)","(0.0, 0.0, 0.0)","(0.0, 0.0, 0.0)","(0.0, 0.0, 0.0)","(0.0, 0.0, 0.0)",0,0,0,0,0,0,False,0,0,0,0,0,0,0,0,"(0.0, 6.0, 2453.7)","(0.2, 0.0, 0.0, 1.0)"
0,985915.1,0,0,0,0,0,0,0,0,0,"(0.0, 0.0)","(0.0, 0.0)","(0.0, 0.0)","(0.0, 0.0, 0.0)","(0.0, 0.0, 0.0)","(0.0, 0.0, 0.0)","(0.0, 0.0, 0.0)","(0.0, 0.0, 0.0)","(0.0, 0.0, 0.0)",0,0,0,0,0,0,False,0,0,0,0,0,0,0,0,"(0.0, 6.0, 2454.1)","(0.2, 0.0, 0.0, 1.0)"
0,985935,0,0,0,0,0,0,0,0,0,"(0.0, 0.0)","(0.0, 0.0)","(0.0, 0.0)","(0.0, 0.0, 0.0)","(0.0, 0.0, 0.0)","(0.0, 0.0, 0.0)","(0.0, 0.0, 0.0)","(0.0, 0.0, 0.0)","(0.0, 0.0, 0.0)",0,0,0,0,0,0,False,0,0,0,0,0,0,0,0,"(0.0, 6.0, 2454.5)","(0.2, 0.0, 0.0, 1.0)"
0,985955,0,0,0,0,0,0,0,0,0,"(0.0, 0.0)","(0.0, 0.0)","(0.0, 0.0)","(0.0, 0.0, 0.0)","(0.0, 0.0, 0.0)","(0.0, 0.0, 0.0)","(0.0, 0.0, 0.0)","(0.0, 0.0, 0.0)","(0.0, 0.0, 0.0)",0,0,0,0,0,0,False,0,0,0,0,0,0,0,0,"(0.0, 6.0, 2454.9)","(0.2, 0.0, 0.0, 1.0)"
0,985975.7,0,0,0,0,0,0,0,0,0,"(0.0, 0.0)","(0.0, 0.0)","(0.0, 0.0)","(0.0, 0.0, 0.0)","(0.0, 0.0, 0.0)","(0.0, 0.0, 0.0)","(0.0, 0.0, 0.0)","(0.0, 0.0, 0.0)","(0.0, 0.0, 0.0)",0,0,0,0,0,0,False,0,0,0,0,0,0,0,0,"(0.0, 6.0, 2455.4)","(0.2, 0.0, 0.0, 1.0)"
0,985999.3,0,0,0,0,0,0,0,0,0,"(0.0, 0.0)","(0.0, 0.0)","(0.0, 0.0)","(0.0, 0.0, 0.0)","(0.0, 0.0, 0.0)","(0.0, 0.0, 0.0)","(0.0, 0.0, 0.0)","(0.0, 0.0, 0.0)","(0.0, 0.0, 0.0)",0,0,0,0,0,0,False,0,0,0,0,0,0,0,0,"(0.0, 6.0, 2455.8)","(0.2, 0.0, 0.0, 1.0)"
0,986020.2,0,0,0,0,0,0,0,0,0,"(0.0, 0.0)","(0.0, 0.0)","(0.0, 0.0)","(0.0, 0.0, 0.0)","(0.0, 0.0, 0.0)","(0.0, 0.0, 0.0)","(0.0, 0.0, 0.0)","(0.0, 0.0, 0.0)","(0.0, 0.0, 0.0)",0,0,0,0,0,0,False,0,0,0,0,0,0,0,0,"(0.0, 6.0, 2456.2)","(0.2, 0.0, 0.0, 1.0)"
0,986042.6,0,0,0,0,0,0,0,0,0,"(0.0, 0.0)","(0.0, 0.0)","(0.0, 0.0)","(0.0, 0.0, 0.0)","(0.0, 0.0, 0.0)","(0.0, 0.0, 0.0)","(0.0, 0.0, 0.0)","(0.0, 0.0, 0.0)","(0.0, 0.0, 0.0)",0,0,0,0,0,0,False,0,0,0,0,0,0,0,0,"(0.0, 6.0, 2456.6)","(0.2, 0.0, 0.0, 1.0)"
0,986065.5,0,0,0,0,0,0,0,0,0,"(0.0, 0.0)","(0.0, 0.0)","(0.0, 0.0)","(0.0, 0.0, 0.0)","(0.0, 0.0, 0.0)","(0.0, 0.0, 0.0)","(0.0, 0.0, 0.0)","(0.0, 0.0, 0.0)","(0.0, 0.0, 0.0)",0,0,0,0,0,0,False,0,0,0,0,0,0,0,0,"(0.0, 6.0, 2457.0)","(0.2, 0.0, 0.0, 1.0)"
0,986086.7,0,0,0,0,0,0,0,0,0,"(0.0, 0.0)","(0.0, 0.0)","(0.0, 0.0)","(0.0, 0.0, 0.0)","(0.0, 0.0, 0.0)","(0.0, 0.0, 0.0)","(0.0, 0.0, 0.0)","(0.0, 0.0, 0.0)","(0.0, 0.0, 0.0)",0,0,0,0,0,0,False,0,0,0,0,0,0,0,0,"(0.0, 6.0, 2457.5)","(0.2, 0.0, 0.0, 1.0)"
0,986106.6,0,0,0,0,0,0,0,0,0,"(0.0, 0.0)","(0.0, 0.0)","(0.0, 0.0)","(0.0, 0.0, 0.0)","(0.0, 0.0, 0.0)","(0.0, 0.0, 0.0)","(0.0, 0.0, 0.0)","(0.0, 0.0, 0.0)","(0.0, 0.0, 0.0)",0,0,0,0,0,0,False,0,0,0,0,0,0,0,0,"(0.0, 6.0, 2457.9)","(0.2, 0.0, 0.0, 1.0)"
0,986127,0,0,0,0,0,0,0,0,0,"(0.0, 0.0)","(0.0, 0.0)","(0.0, 0.0)","(0.0, 0.0, 0.0)","(0.0, 0.0, 0.0)","(0.0, 0.0, 0.0)","(0.0, 0.0, 0.0)","(0.0, 0.0, 0.0)","(0.0, 0.0, 0.0)",0,0,0,0,0,0,False,0,0,0,0,0,0,0,0,"(0.0, 6.0, 2458.3)","(0.2, 0.0, 0.0, 1.0)"
0,986150.2,0,0,0,0,0,0,0,0,0,"(0.0, 0.0)","(0.0, 0.0)","(0.0, 0.0)","(0.0, 0.0, 0.0)","(0.0, 0.0, 0.0)","(0.0, 0.0, 0.0)","(0.0, 0.0, 0.0)","(0.0, 0.0, 0.0)","(0.0, 0.0, 0.0)",0,0,0,0,0,0,False,0,0,0,0,0,0,0,0,"(0.0, 6.0, 2458.7)","(0.2, 0.0, 0.0, 1.0)"
0,986170.8,0,0,0,0,0,0,0,0,0,"(0.0, 0.0)","(0.0, 0.0)","(0.0, 0.0)","(0.0, 0.0, 0.0)","(0.0, 0.0, 0.0)","(0.0, 0.0, 0.0)","(0.0, 0.0, 0.0)","(0.0, 0.0, 0.0)","(0.0, 0.0, 0.0)",0,0,0,0,0,0,False,0,0,0,0,0,0,0,0,"(0.0, 6.0, 2459.1)","(0.2, 0.0, 0.0, 1.0)"
0,986190.8,0,0,0,0,0,0,0,0,0,"(0.0, 0.0)","(0.0, 0.0)","(0.0, 0.0)","(0.0, 0.0, 0.0)","(0.0, 0.0, 0.0)","(0.0, 0.0, 0.0)","(0.0, 0.0, 0.0)","(0.0, 0.0, 0.0)","(0.0, 0.0, 0.0)",0,0,0,0,0,0,False,0,0,0,0,0,0,0,0,"(0.0, 6.0, 2459.5)","(0.2, 0.0, 0.0, 1.0)"
0,986208.6,0,0,0,0,0,0,0,0,0,"(0.0, 0.0)","(0.0, 0.0)","(0.0, 0.0)","(0.0, 0.0, 0.0)","(0.0, 0.0, 0.0)","(0.0, 0.0, 0.0)","(0.0, 0.0, 0.0)","(0.0, 0.0, 0.0)","(0.0, 0.0, 0.0)",0,0,0,0,0,0,False,0,0,0,0,0,0,0,0,"(0.0, 6.0, 2459.9)","(0.2, 0.0, 0.0, 1.0)"
0,986229.5,0,0,0,0,0,0,0,0,0,"(0.0, 0.0)","(0.0, 0.0)","(0.0, 0.0)","(0.0, 0.0, 0.0)","(0.0, 0.0, 0.0)","(0.0, 0.0, 0.0)","(0.0, 0.0, 0.0)","(0.0, 0.0, 0.0)","(0.0, 0.0, 0.0)",0,0,0,0,0,0,False,0,0,0,0,0,0,0,0,"(0.0, 6.0, 2460.3)","(0.2, 0.0, 0.0, 1.0)"
0,986252.3,0,0,0,0,0,0,0,0,0,"(0.0, 0.0)","(0.0, 0.0)","(0.0, 0.0)","(0.0, 0.0, 0.0)","(0.0, 0.0, 0.0)","(0.0, 0.0, 0.0)","(0.0, 0.0, 0.0)","(0.0, 0.0, 0.0)","(0.0, 0.0, 0.0)",0,0,0,0,0,0,False,0,0,0,0,0,0,0,0,"(0.0, 6.0, 2460.7)","(0.2, 0.0, 0.0, 1.0)"
0,986270.7,0,0,0,0,0,0,0,0,0,"(0.0, 0.0)","(0.0, 0.0)","(0.0, 0.0)","(0.0, 0.0, 0.0)","(0.0, 0.0, 0.0)","(0.0, 0.0, 0.0)","(0.0, 0.0, 0.0)","(0.0, 0.0, 0.0)","(0.0, 0.0, 0.0)",0,0,0,0,0,0,False,0,0,0,0,0,0,0,0,"(0.0, 6.0, 2461.1)","(0.2, 0.0, 0.0, 1.0)"
0,986291.4,0,0,0,0,0,0,0,0,0,"(0.0, 0.0)","(0.0, 0.0)","(0.0, 0.0)","(0.0, 0.0, 0.0)","(0.0, 0.0, 0.0)","(0.0, 0.0, 0.0)","(0.0, 0.0, 0.0)","(0.0, 0.0, 0.0)","(0.0, 0.0, 0.0)",0,0,0,0,0,0,False,0,0,0,0,0,0,0,0,"(0.0, 6.0, 2461.5)","(0.2, 0.0, 0.0, 1.0)"
0,986311.6,0,0,0,0,0,0,0,0,0,"(0.0, 0.0)","(0.0, 0.0)","(0.0, 0.0)","(0.0, 0.0, 0.0)","(0.0, 0.0, 0.0)","(0.0, 0.0, 0.0)","(0.0, 0.0, 0.0)","(0.0, 0.0, 0.0)","(0.0, 0.0, 0.0)",0,0,0,0,0,0,False,0,0,0,0,0,0,0,0,"(0.0, 6.0, 2461.9)","(0.2, 0.0, 0.0, 1.0)"
0,986333.1,0,0,0,0,0,0,0,0,0,"(0.0, 0.0)","(0.0, 0.0)","(0.0, 0.0)","(0.0, 0.0, 0.0)","(0.0, 0.0, 0.0)","(0.0, 0.0, 0.0)","(0.0, 0.0, 0.0)","(0.0, 0.0, 0.0)","(0.0, 0.0, 0.0)",0,0,0,0,0,0,False,0,0,0,0,0,0,0,0,"(0.0, 6.0, 2462.3)","(0.2, 0.0, 0.0, 1.0)"
0,986353.8,0,0,0,0,0,0,0,0,0,"(0.0, 0.0)","(0.0, 0.0)","(0.0, 0.0)","(0.0, 0.0, 0.0)","(0.0, 0.0, 0.0)","(0.0, 0.0, 0.0)","(0.0, 0.0, 0.0)","(0.0, 0.0, 0.0)","(0.0, 0.0, 0.0)",0,0,0,0,0,0,False,0,0,0,0,0,0,0,0,"(0.0, 6.0, 2462.7)","(0.2, 0.0, 0.0, 1.0)"
0,986372.2,0,0,0,0,0,0,0,0,0,"(0.0, 0.0)","(0.0, 0.0)","(0.0, 0.0)","(0.0, 0.0, 0.0)","(0.0, 0.0, 0.0)","(0.0, 0.0, 0.0)","(0.0, 0.0, 0.0)","(0.0, 0.0, 0.0)","(0.0, 0.0, 0.0)",0,0,0,0,0,0,False,0,0,0,0,0,0,0,0,"(0.0, 6.0, 2463.1)","(0.2, 0.0, 0.0, 1.0)"
0,986392.8,0,0,0,0,0,0,0,0,0,"(0.0, 0.0)","(0.0, 0.0)","(0.0, 0.0)","(0.0, 0.0, 0.0)","(0.0, 0.0, 0.0)","(0.0, 0.0, 0.0)","(0.0, 0.0, 0.0)","(0.0, 0.0, 0.0)","(0.0, 0.0, 0.0)",0,0,0,0,0,0,False,0,0,0,0,0,0,0,0,"(0.0, 6.0, 2463.5)","(0.2, 0.0, 0.0, 1.0)"
0,986410.8,0,0,0,0,0,0,0,0,0,"(0.0, 0.0)","(0.0, 0.0)","(0.0, 0.0)","(0.0, 0.0, 0.0)","(0.0, 0.0, 0.0)","(0.0, 0.0, 0.0)","(0.0, 0.0, 0.0)","(0.0, 0.0, 0.0)","(0.0, 0.0, 0.0)",0,0,0,0,0,0,False,0,0,0,0,0,0,0,0,"(0.0, 6.0, 2463.9)","(0.2, 0.0, 0.0, 1.0)"
0,986431.6,0,0,0,0,0,0,0,0,0,"(0.0, 0.0)","(0.0, 0.0)","(0.0, 0.0)","(0.0, 0.0, 0.0)","(0.0, 0.0, 0.0)","(0.0, 0.0, 0.0)","(0.0, 0.0, 0.0)","(0.0, 0.0, 0.0)","(0.0, 0.0, 0.0)",0,0,0,0,0,0,False,0,0,0,0,0,0,0,0,"(0.0, 6.0, 2464.3)","(0.2, 0.0, 0.0, 1.0)"
0,986451.8,0,0,0,0,0,0,0,0,0,"(0.0, 0.0)","(0.0, 0.0)","(0.0, 0.0)","(0.0, 0.0, 0.0)","(0.0, 0.0, 0.0)","(0.0, 0.0, 0.0)","(0.0, 0.0, 0.0)","(0.0, 0.0, 0.0)","(0.0, 0.0, 0.0)",0,0,0,0,0,0,False,0,0,0,0,0,0,0,0,"(0.0, 6.0, 2464.7)","(0.2, 0.0, 0.0, 1.0)"
0,986474.5,0,0,0,0,0,0,0,0,0,"(0.0, 0.0)","(0.0, 0.0)","(0.0, 0.0)","(0.0, 0.0, 0.0)","(0.0, 0.0, 0.0)","(0.0, 0.0, 0.0)","(0.0, 0.0, 0.0)","(0.0, 0.0, 0.0)","(0.0, 0.0, 0.0)",0,0,0,0,0,0,False,0,0,0,0,0,0,0,0,"(0.0, 6.0, 2465.0)","(0.2, 0.0, 0.0, 1.0)"
0,986493.3,0,0,0,0,0,0,0,0,0,"(0.0, 0.0)","(0.0, 0.0)","(0.0, 0.0)","(0.0, 0.0, 0.0)","(0.0, 0.0, 0.0)","(0.0, 0.0, 0.0)","(0.0, 0.0, 0.0)","(0.0, 0.0, 0.0)","(0.0, 0.0, 0.0)",0,0,0,0,0,0,False,0,0,0,0,0,0,0,0,"(0.0, 6.0, 2465.4)","(0.2, 0.0, 0.0, 1.0)"
0,986513.8,0,0,0,0,0,0,0,0,0,"(0.0, 0.0)","(0.0, 0.0)","(0.0, 0.0)","(0.0, 0.0, 0.0)","(0.0, 0.0, 0.0)","(0.0, 0.0, 0.0)","(0.0, 0.0, 0.0)","(0.0, 0.0, 0.0)","(0.0, 0.0, 0.0)",0,0,0,0,0,0,False,0,0,0,0,0,0,0,0,"(0.0, 6.0, 2465.8)","(0.2, 0.0, 0.0, 1.0)"
0,986533.7,0,0,0,0,0,0,0,0,0,"(0.0, 0.0)","(0.0, 0.0)","(0.0, 0.0)","(0.0, 0.0, 0.0)","(0.0, 0.0, 0.0)","(0.0, 0.0, 0.0)","(0.0, 0.0, 0.0)","(0.0, 0.0, 0.0)","(0.0, 0.0, 0.0)",0,0,0,0,0,0,False,0,0,0,0,0,0,0,0,"(0.0, 6.0, 2466.2)","(0.2, 0.0, 0.0, 1.0)"
0,986554.8,0,0,0,0,0,0,0,0,0,"(0.0, 0.0)","(0.0, 0.0)","(0.0, 0.0)","(0.0, 0.0, 0.0)","(0.0, 0.0, 0.0)","(0.0, 0.0, 0.0)","(0.0, 0.0, 0.0)","(0.0, 0.0, 0.0)","(0.0, 0.0, 0.0)",0,0,0,0,0,0,False,0,0,0,0,0,0,0,0,"(0.0, 6.0, 2466.6)","(0.2, 0.0, 0.0, 1.0)"
0,986579.9,0,0,0,0,0,0,0,0,0,"(0.0, 0.0)","(0.0, 0.0)","(0.0, 0.0)","(0.0, 0.0, 0.0)","(0.0, 0.0, 0.0)","(0.0, 0.0, 0.0)","(0.0, 0.0, 0.0)","(0.0, 0.0, 0.0)","(0.0, 0.0, 0.0)",0,0,0,0,0,0,False,0,0,0,0,0,0,0,0,"(0.0, 6.0, 2467.0)","(0.2, 0.0, 0.0, 1.0)"
0,986600.4,0,0,0,0,0,0,0,0,0,"(0.0, 0.0)","(0.0, 0.0)","(0.0, 0.0)","(0.0, 0.0, 0.0)","(0.0, 0.0, 0.0)","(0.0, 0.0, 0.0)","(0.0, 0.0, 0.0)","(0.0, 0.0, 0.0)","(0.0, 0.0, 0.0)",0,0,0,0,0,0,False,0,0,0,0,0,0,0,0,"(0.0, 6.0, 2467.4)","(0.2, 0.0, 0.0, 1.0)"
0,986621,0,0,0,0,0,0,0,0,0,"(0.0, 0.0)","(0.0, 0.0)","(0.0, 0.0)","(0.0, 0.0, 0.0)","(0.0, 0.0, 0.0)","(0.0, 0.0, 0.0)","(0.0, 0.0, 0.0)","(0.0, 0.0, 0.0)","(0.0, 0.0, 0.0)",0,0,0,0,0,0,False,0,0,0,0,0,0,0,0,"(0.0, 6.0, 2467.8)","(0.2, 0.0, 0.0, 1.0)"
0,986641.6,0,0,0,0,0,0,0,0,0,"(0.0, 0.0)","(0.0, 0.0)","(0.0, 0.0)","(0.0, 0.0, 0.0)","(0.0, 0.0, 0.0)","(0.0, 0.0, 0.0)","(0.0, 0.0, 0.0)","(0.0, 0.0, 0.0)","(0.0, 0.0, 0.0)",0,0,0,0,0,0,False,0,0,0,0,0,0,0,0,"(0.0, 6.0, 2468.2)","(0.2, 0.0, 0.0, 1.0)"
0,986661,0,0,0,0,0,0,0,0,0,"(0.0, 0.0)","(0.0, 0.0)","(0.0, 0.0)","(0.0, 0.0, 0.0)","(0.0, 0.0, 0.0)","(0.0, 0.0, 0.0)","(0.0, 0.0, 0.0)","(0.0, 0.0, 0.0)","(0.0, 0.0, 0.0)",0,0,0,0,0,0,False,0,0,0,0,0,0,0,0,"(0.0, 6.0, 2468.6)","(0.2, 0.0, 0.0, 1.0)"
0,986682.8,0,0,0,0,0,0,0,0,0,"(0.0, 0.0)","(0.0, 0.0)","(0.0, 0.0)","(0.0, 0.0, 0.0)","(0.0, 0.0, 0.0)","(0.0, 0.0, 0.0)","(0.0, 0.0, 0.0)","(0.0, 0.0, 0.0)","(0.0, 0.0, 0.0)",0,0,0,0,0,0,False,0,0,0,0,0,0,0,0,"(0.0, 6.0, 2469.0)","(0.2, 0.0, 0.0, 1.0)"
0,986705.3,0,0,0,0,0,0,0,0,0,"(0.0, 0.0)","(0.0, 0.0)","(0.0, 0.0)","(0.0, 0.0, 0.0)","(0.0, 0.0, 0.0)","(0.0, 0.0, 0.0)","(0.0, 0.0, 0.0)","(0.0, 0.0, 0.0)","(0.0, 0.0, 0.0)",0,0,0,0,0,0,False,0,0,0,0,0,0,0,0,"(0.0, 6.0, 2469.4)","(0.2, 0.0, 0.0, 1.0)"
0,986726.1,0,0,0,0,0,0,0,0,0,"(0.0, 0.0)","(0.0, 0.0)","(0.0, 0.0)","(0.0, 0.0, 0.0)","(0.0, 0.0, 0.0)","(0.0, 0.0, 0.0)","(0.0, 0.0, 0.0)","(0.0, 0.0, 0.0)","(0.0, 0.0, 0.0)",0,0,0,0,0,0,False,0,0,0,0,0,0,0,0,"(0.0, 6.0, 2469.8)","(0.2, 0.0, 0.0, 1.0)"
0,986747.1,0,0,0,0,0,0,0,0,0,"(0.0, 0.0)","(0.0, 0.0)","(0.0, 0.0)","(0.0, 0.0, 0.0)","(0.0, 0.0, 0.0)","(0.0, 0.0, 0.0)","(0.0, 0.0, 0.0)","(0.0, 0.0, 0.0)","(0.0, 0.0, 0.0)",0,0,0,0,0,0,False,0,0,0,0,0,0,0,0,"(0.0, 6.0, 2470.2)","(0.2, 0.0, 0.0, 1.0)"
0,986769.4,0,0,0,0,0,0,0,0,0,"(0.0, 0.0)","(0.0, 0.0)","(0.0, 0.0)","(0.0, 0.0, 0.0)","(0.0, 0.0, 0.0)","(0.0, 0.0, 0.0)","(0.0, 0.0, 0.0)","(0.0, 0.0, 0.0)","(0.0, 0.0, 0.0)",0,0,0,0,0,0,False,0,0,0,0,0,0,0,0,"(0.0, 6.0, 2470.6)","(0.2, 0.0, 0.0, 1.0)"
0,986790.4,0,0,0,0,0,0,0,0,0,"(0.0, 0.0)","(0.0, 0.0)","(0.0, 0.0)","(0.0, 0.0, 0.0)","(0.0, 0.0, 0.0)","(0.0, 0.0, 0.0)","(0.0, 0.0, 0.0)","(0.0, 0.0, 0.0)","(0.0, 0.0, 0.0)",0,0,0,0,0,0,False,0,0,0,0,0,0,0,0,"(0.0, 6.0, 2471.0)","(0.2, 0.0, 0.0, 1.0)"
0,986813.2,0,0,0,0,0,0,0,0,0,"(0.0, 0.0)","(0.0, 0.0)","(0.0, 0.0)","(0.0, 0.0, 0.0)","(0.0, 0.0, 0.0)","(0.0, 0.0, 0.0)","(0.0, 0.0, 0.0)","(0.0, 0.0, 0.0)","(0.0, 0.0, 0.0)",0,0,0,0,0,0,False,0,0,0,0,0,0,0,0,"(0.0, 6.0, 2471.4)","(0.2, 0.0, 0.0, 1.0)"
0,986835.2,0,0,0,0,0,0,0,0,0,"(0.0, 0.0)","(0.0, 0.0)","(0.0, 0.0)","(0.0, 0.0, 0.0)","(0.0, 0.0, 0.0)","(0.0, 0.0, 0.0)","(0.0, 0.0, 0.0)","(0.0, 0.0, 0.0)","(0.0, 0.0, 0.0)",0,0,0,0,0,0,False,0,0,0,0,0,0,0,0,"(0.0, 6.0, 2471.8)","(0.2, 0.0, 0.0, 1.0)"
0,986856.8,0,0,0,0,0,0,0,0,0,"(0.0, 0.0)","(0.0, 0.0)","(0.0, 0.0)","(0.0, 0.0, 0.0)","(0.0, 0.0, 0.0)","(0.0, 0.0, 0.0)","(0.0, 0.0, 0.0)","(0.0, 0.0, 0.0)","(0.0, 0.0, 0.0)",0,0,0,0,0,0,False,0,0,0,0,0,0,0,0,"(0.0, 6.0, 2472.2)","(0.2, 0.0, 0.0, 1.0)"
0,986879.1,0,0,0,0,0,0,0,0,0,"(0.0, 0.0)","(0.0, 0.0)","(0.0, 0.0)","(0.0, 0.0, 0.0)","(0.0, 0.0, 0.0)","(0.0, 0.0, 0.0)","(0.0, 0.0, 0.0)","(0.0, 0.0, 0.0)","(0.0, 0.0, 0.0)",0,0,0,0,0,0,False,0,0,0,0,0,0,0,0,"(0.0, 6.0, 2472.6)","(0.2, 0.0, 0.0, 1.0)"
0,986901,0,0,0,0,0,0,0,0,0,"(0.0, 0.0)","(0.0, 0.0)","(0.0, 0.0)","(0.0, 0.0, 0.0)","(0.0, 0.0, 0.0)","(0.0, 0.0, 0.0)","(0.0, 0.0, 0.0)","(0.0, 0.0, 0.0)","(0.0, 0.0, 0.0)",0,0,0,0,0,0,False,0,0,0,0,0,0,0,0,"(0.0, 6.0, 2473.0)","(0.2, 0.0, 0.0, 1.0)"
0,986927.6,0,0,0,0,0,0,0,0,0,"(0.0, 0.0)","(0.0, 0.0)","(0.0, 0.0)","(0.0, 0.0, 0.0)","(0.0, 0.0, 0.0)","(0.0, 0.0, 0.0)","(0.0, 0.0, 0.0)","(0.0, 0.0, 0.0)","(0.0, 0.0, 0.0)",0,0,0,0,0,0,False,0,0,0,0,0,0,0,0,"(0.0, 6.0, 2473.4)","(0.2, 0.0, 0.0, 1.0)"
0,986950.1,0,0,0,0,0,0,0,0,0,"(0.0, 0.0)","(0.0, 0.0)","(0.0, 0.0)","(0.0, 0.0, 0.0)","(0.0, 0.0, 0.0)","(0.0, 0.0, 0.0)","(0.0, 0.0, 0.0)","(0.0, 0.0, 0.0)","(0.0, 0.0, 0.0)",0,0,0,0,0,0,False,0,0,0,0,0,0,0,0,"(0.0, 6.0, 2473.8)","(0.2, 0.0, 0.0, 1.0)"
0,986971.6,0,0,0,0,0,0,0,0,0,"(0.0, 0.0)","(0.0, 0.0)","(0.0, 0.0)","(0.0, 0.0, 0.0)","(0.0, 0.0, 0.0)","(0.0, 0.0, 0.0)","(0.0, 0.0, 0.0)","(0.0, 0.0, 0.0)","(0.0, 0.0, 0.0)",0,0,0,0,0,0,False,0,0,0,0,0,0,0,0,"(0.0, 6.0, 2474.3)","(0.2, 0.0, 0.0, 1.0)"
0,986991.9,0,0,0,0,0,0,0,0,0,"(0.0, 0.0)","(0.0, 0.0)","(0.0, 0.0)","(0.0, 0.0, 0.0)","(0.0, 0.0, 0.0)","(0.0, 0.0, 0.0)","(0.0, 0.0, 0.0)","(0.0, 0.0, 0.0)","(0.0, 0.0, 0.0)",0,0,0,0,0,0,False,0,0,0,0,0,0,0,0,"(0.0, 6.0, 2474.7)","(0.2, 0.0, 0.0, 1.0)"
0,987012.9,0,0,0,0,0,0,0,0,0,"(0.0, 0.0)","(0.0, 0.0)","(0.0, 0.0)","(0.0, 0.0, 0.0)","(0.0, 0.0, 0.0)","(0.0, 0.0, 0.0)","(0.0, 0.0, 0.0)","(0.0, 0.0, 0.0)","(0.0, 0.0, 0.0)",0,0,0,0,0,0,False,0,0,0,0,0,0,0,0,"(0.0, 6.0, 2475.1)","(0.2, 0.0, 0.0, 1.0)"
0,987041.9,0,0,0,0,0,0,0,0,0,"(0.0, 0.0)","(0.0, 0.0)","(0.0, 0.0)","(0.0, 0.0, 0.0)","(0.0, 0.0, 0.0)","(0.0, 0.0, 0.0)","(0.0, 0.0, 0.0)","(0.0, 0.0, 0.0)","(0.0, 0.0, 0.0)",0,0,0,0,0,0,False,0,0,0,0,0,0,0,0,"(0.0, 6.0, 2475.5)","(0.2, 0.0, 0.0, 1.0)"
0,987063.8,0,0,0,0,0,0,0,0,0,"(0.0, 0.0)","(0.0, 0.0)","(0.0, 0.0)","(0.0, 0.0, 0.0)","(0.0, 0.0, 0.0)","(0.0, 0.0, 0.0)","(0.0, 0.0, 0.0)","(0.0, 0.0, 0.0)","(0.0, 0.0, 0.0)",0,0,0,0,0,0,False,0,0,0,0,0,0,0,0,"(0.0, 6.0, 2475.9)","(0.2, 0.0, 0.0, 1.0)"
0,987085.7,0,0,0,0,0,0,0,0,0,"(0.0, 0.0)","(0.0, 0.0)","(0.0, 0.0)","(0.0, 0.0, 0.0)","(0.0, 0.0, 0.0)","(0.0, 0.0, 0.0)","(0.0, 0.0, 0.0)","(0.0, 0.0, 0.0)","(0.0, 0.0, 0.0)",0,0,0,0,0,0,False,0,0,0,0,0,0,0,0,"(0.0, 6.0, 2476.4)","(0.2, 0.0, 0.0, 1.0)"
0,987106.7,0,0,0,0,0,0,0,0,0,"(0.0, 0.0)","(0.0, 0.0)","(0.0, 0.0)","(0.0, 0.0, 0.0)","(0.0, 0.0, 0.0)","(0.0, 0.0, 0.0)","(0.0, 0.0, 0.0)","(0.0, 0.0, 0.0)","(0.0, 0.0, 0.0)",0,0,0,0,0,0,False,0,0,0,0,0,0,0,0,"(0.0, 6.0, 2476.8)","(0.2, 0.0, 0.0, 1.0)"
0,987128.4,0,0,0,0,0,0,0,0,0,"(0.0, 0.0)","(0.0, 0.0)","(0.0, 0.0)","(0.0, 0.0, 0.0)","(0.0, 0.0, 0.0)","(0.0, 0.0, 0.0)","(0.0, 0.0, 0.0)","(0.0, 0.0, 0.0)","(0.0, 0.0, 0.0)",0,0,0,0,0,0,False,0,0,0,0,0,0,0,0,"(0.0, 6.0, 2477.2)","(0.2, 0.0, 0.0, 1.0)"
0,987151.8,0,0,0,0,0,0,0,0,0,"(0.0, 0.0)","(0.0, 0.0)","(0.0, 0.0)","(0.0, 0.0, 0.0)","(0.0, 0.0, 0.0)","(0.0, 0.0, 0.0)","(0.0, 0.0, 0.0)","(0.0, 0.0, 0.0)","(0.0, 0.0, 0.0)",0,0,0,0,0,0,False,0,0,0,0,0,0,0,0,"(0.0, 6.0, 2477.6)","(0.2, 0.0, 0.0, 1.0)"
0,987172.6,0,0,0,0,0,0,0,0,0,"(0.0, 0.0)","(0.0, 0.0)","(0.0, 0.0)","(0.0, 0.0, 0.0)","(0.0, 0.0, 0.0)","(0.0, 0.0, 0.0)","(0.0, 0.0, 0.0)","(0.0, 0.0, 0.0)","(0.0, 0.0, 0.0)",0,0,0,0,0,0,False,0,0,0,0,0,0,0,0,"(0.0, 6.0, 2478.1)","(0.2, 0.0, 0.0, 1.0)"
0,987193.4,0,0,0,0,0,0,0,0,0,"(0.0, 0.0)","(0.0, 0.0)","(0.0, 0.0)","(0.0, 0.0, 0.0)","(0.0, 0.0, 0.0)","(0.0, 0.0, 0.0)","(0.0, 0.0, 0.0)","(0.0, 0.0, 0.0)","(0.0, 0.0, 0.0)",0,0,0,0,0,0,False,0,0,0,0,0,0,0,0,"(0.0, 6.0, 2478.5)","(0.2, 0.0, 0.0, 1.0)"
0,987220.3,0,0,0,0,0,0,0,0,0,"(0.0, 0.0)","(0.0, 0.0)","(0.0, 0.0)","(0.0, 0.0, 0.0)","(0.0, 0.0, 0.0)","(0.0, 0.0, 0.0)","(0.0, 0.0, 0.0)","(0.0, 0.0, 0.0)","(0.0, 0.0, 0.0)",0,0,0,0,0,0,False,0,0,0,0,0,0,0,0,"(0.0, 6.0, 2478.9)","(0.2, 0.0, 0.0, 1.0)"
0,987240.4,0,0,0,0,0,0,0,0,0,"(0.0, 0.0)","(0.0, 0.0)","(0.0, 0.0)","(0.0, 0.0, 0.0)","(0.0, 0.0, 0.0)","(0.0, 0.0, 0.0)","(0.0, 0.0, 0.0)","(0.0, 0.0, 0.0)","(0.0, 0.0, 0.0)",0,0,0,0,0,0,False,0,0,0,0,0,0,0,0,"(0.0, 6.0, 2479.3)","(0.2, 0.0, 0.0, 1.0)"
0,987262.1,0,0,0,0,0,0,0,0,0,"(0.0, 0.0)","(0.0, 0.0)","(0.0, 0.0)","(0.0, 0.0, 0.0)","(0.0, 0.0, 0.0)","(0.0, 0.0, 0.0)","(0.0, 0.0, 0.0)","(0.0, 0.0, 0.0)","(0.0, 0.0, 0.0)",0,0,0,0,0,0,False,0,0,0,0,0,0,0,0,"(0.0, 6.0, 2479.7)","(0.2, 0.0, 0.0, 1.0)"
0,987284.6,0,0,0,0,0,0,0,0,0,"(0.0, 0.0)","(0.0, 0.0)","(0.0, 0.0)","(0.0, 0.0, 0.0)","(0.0, 0.0, 0.0)","(0.0, 0.0, 0.0)","(0.0, 0.0, 0.0)","(0.0, 0.0, 0.0)","(0.0, 0.0, 0.0)",0,0,0,0,0,0,False,0,0,0,0,0,0,0,0,"(0.0, 6.0, 2480.2)","(0.2, 0.0, 0.0, 1.0)"
0,987304.1,0,0,0,0,0,0,0,0,0,"(0.0, 0.0)","(0.0, 0.0)","(0.0, 0.0)","(0.0, 0.0, 0.0)","(0.0, 0.0, 0.0)","(0.0, 0.0, 0.0)","(0.0, 0.0, 0.0)","(0.0, 0.0, 0.0)","(0.0, 0.0, 0.0)",0,0,0,0,0,0,False,0,0,0,0,0,0,0,0,"(0.0, 6.0, 2480.6)","(0.2, 0.0, 0.0, 1.0)"
0,987325.3,0,0,0,0,0,0,0,0,0,"(0.0, 0.0)","(0.0, 0.0)","(0.0, 0.0)","(0.0, 0.0, 0.0)","(0.0, 0.0, 0.0)","(0.0, 0.0, 0.0)","(0.0, 0.0, 0.0)","(0.0, 0.0, 0.0)","(0.0, 0.0, 0.0)",0,0,0,0,0,0,False,0,0,0,0,0,0,0,0,"(0.0, 6.0, 2481.0)","(0.2, 0.0, 0.0, 1.0)"
0,987344.4,0,0,0,0,0,0,0,0,0,"(0.0, 0.0)","(0.0, 0.0)","(0.0, 0.0)","(0.0, 0.0, 0.0)","(0.0, 0.0, 0.0)","(0.0, 0.0, 0.0)","(0.0, 0.0, 0.0)","(0.0, 0.0, 0.0)","(0.0, 0.0, 0.0)",0,0,0,0,0,0,False,0,0,0,0,0,0,0,0,"(0.0, 6.0, 2481.4)","(0.2, 0.0, 0.0, 1.0)"
0,987364.4,0,0,0,0,0,0,0,0,0,"(0.0, 0.0)","(0.0, 0.0)","(0.0, 0.0)","(0.0, 0.0, 0.0)","(0.0, 0.0, 0.0)","(0.0, 0.0, 0.0)","(0.0, 0.0, 0.0)","(0.0, 0.0, 0.0)","(0.0, 0.0, 0.0)",0,0,0,0,0,0,False,0,0,0,0,0,0,0,0,"(0.0, 6.0, 2481.8)","(0.2, 0.0, 0.0, 1.0)"
0,987389.3,0,0,0,0,0,0,0,0,0,"(0.0, 0.0)","(0.0, 0.0)","(0.0, 0.0)","(0.0, 0.0, 0.0)","(0.0, 0.0, 0.0)","(0.0, 0.0, 0.0)","(0.0, 0.0, 0.0)","(0.0, 0.0, 0.0)","(0.0, 0.0, 0.0)",0,0,0,0,0,0,False,0,0,0,0,0,0,0,0,"(0.0, 6.0, 2482.2)","(0.2, 0.0, 0.0, 1.0)"
0,987407.5,0,0,0,0,0,0,0,0,0,"(0.0, 0.0)","(0.0, 0.0)","(0.0, 0.0)","(0.0, 0.0, 0.0)","(0.0, 0.0, 0.0)","(0.0, 0.0, 0.0)","(0.0, 0.0, 0.0)","(0.0, 0.0, 0.0)","(0.0, 0.0, 0.0)",0,0,0,0,0,0,False,0,0,0,0,0,0,0,0,"(0.0, 6.0, 2482.6)","(0.2, 0.0, 0.0, 1.0)"
0,987427.4,0,0,0,0,0,0,0,0,0,"(0.0, 0.0)","(0.0, 0.0)","(0.0, 0.0)","(0.0, 0.0, 0.0)","(0.0, 0.0, 0.0)","(0.0, 0.0, 0.0)","(0.0, 0.0, 0.0)","(0.0, 0.0, 0.0)","(0.0, 0.0, 0.0)",0,0,0,0,0,0,False,0,0,0,0,0,0,0,0,"(0.0, 6.0, 2483.0)","(0.2, 0.0, 0.0, 1.0)"
0,987452.2,0,0,0,0,0,0,0,0,0,"(0.0, 0.0)","(0.0, 0.0)","(0.0, 0.0)","(0.0, 0.0, 0.0)","(0.0, 0.0, 0.0)","(0.0, 0.0, 0.0)","(0.0, 0.0, 0.0)","(0.0, 0.0, 0.0)","(0.0, 0.0, 0.0)",0,0,0,0,0,0,False,0,0,0,0,0,0,0,0,"(0.0, 6.0, 2483.5)","(0.2, 0.0, 0.0, 1.0)"
0,987470.8,0,0,0,0,0,0,0,0,0,"(0.0, 0.0)","(0.0, 0.0)","(0.0, 0.0)","(0.0, 0.0, 0.0)","(0.0, 0.0, 0.0)","(0.0, 0.0, 0.0)","(0.0, 0.0, 0.0)","(0.0, 0.0, 0.0)","(0.0, 0.0, 0.0)",0,0,0,0,0,0,False,0,0,0,0,0,0,0,0,"(0.0, 6.0, 2483.9)","(0.2, 0.0, 0.0, 1.0)"
0,987490.4,0,0,0,0,0,0,0,0,0,"(0.0, 0.0)","(0.0, 0.0)","(0.0, 0.0)","(0.0, 0.0, 0.0)","(0.0, 0.0, 0.0)","(0.0, 0.0, 0.0)","(0.0, 0.0, 0.0)","(0.0, 0.0, 0.0)","(0.0, 0.0, 0.0)",0,0,0,0,0,0,False,0,0,0,0,0,0,0,0,"(0.0, 6.0, 2484.3)","(0.2, 0.0, 0.0, 1.0)"
0,987511.8,0,0,0,0,0,0,0,0,0,"(0.0, 0.0)","(0.0, 0.0)","(0.0, 0.0)","(0.0, 0.0, 0.0)","(0.0, 0.0, 0.0)","(0.0, 0.0, 0.0)","(0.0, 0.0, 0.0)","(0.0, 0.0, 0.0)","(0.0, 0.0, 0.0)",0,0,0,0,0,0,False,0,0,0,0,0,0,0,0,"(0.0, 6.0, 2484.7)","(0.2, 0.0, 0.0, 1.0)"
0,987532,0,0,0,0,0,0,0,0,0,"(0.0, 0.0)","(0.0, 0.0)","(0.0, 0.0)","(0.0, 0.0, 0.0)","(0.0, 0.0, 0.0)","(0.0, 0.0, 0.0)","(0.0, 0.0, 0.0)","(0.0, 0.0, 0.0)","(0.0, 0.0, 0.0)",0,0,0,0,0,0,False,0,0,0,0,0,0,0,0,"(0.0, 6.0, 2485.1)","(0.2, 0.0, 0.0, 1.0)"
0,987552.7,0,0,0,0,0,0,0,0,0,"(0.0, 0.0)","(0.0, 0.0)","(0.0, 0.0)","(0.0, 0.0, 0.0)","(0.0, 0.0, 0.0)","(0.0, 0.0, 0.0)","(0.0, 0.0, 0.0)","(0.0, 0.0, 0.0)","(0.0, 0.0, 0.0)",0,0,0,0,0,0,False,0,0,0,0,0,0,0,0,"(0.0, 6.0, 2485.5)","(0.2, 0.0, 0.0, 1.0)"
0,987575.3,0,0,0,0,0,0,0,0,0,"(0.0, 0.0)","(0.0, 0.0)","(0.0, 0.0)","(0.0, 0.0, 0.0)","(0.0, 0.0, 0.0)","(0.0, 0.0, 0.0)","(0.0, 0.0, 0.0)","(0.0, 0.0, 0.0)","(0.0, 0.0, 0.0)",0,0,0,0,0,0,False,0,0,0,0,0,0,0,0,"(0.0, 6.0, 2485.9)","(0.2, 0.0, 0.0, 1.0)"
0,987597.9,0,0,0,0,0,0,0,0,0,"(0.0, 0.0)","(0.0, 0.0)","(0.0, 0.0)","(0.0, 0.0, 0.0)","(0.0, 0.0, 0.0)","(0.0, 0.0, 0.0)","(0.0, 0.0, 0.0)","(0.0, 0.0, 0.0)","(0.0, 0.0, 0.0)",0,0,0,0,0,0,False,0,0,0,0,0,0,0,0,"(0.0, 6.0, 2486.3)","(0.2, 0.0, 0.0, 1.0)"
0,987622.3,0,0,0,0,0,0,0,0,0,"(0.0, 0.0)","(0.0, 0.0)","(0.0, 0.0)","(0.0, 0.0, 0.0)","(0.0, 0.0, 0.0)","(0.0, 0.0, 0.0)","(0.0, 0.0, 0.0)","(0.0, 0.0, 0.0)","(0.0, 0.0, 0.0)",0,0,0,0,0,0,False,0,0,0,0,0,0,0,0,"(0.0, 6.0, 2486.7)","(0.2, 0.0, 0.0, 1.0)"
0,987643,0,0,0,0,0,0,0,0,0,"(0.0, 0.0)","(0.0, 0.0)","(0.0, 0.0)","(0.0, 0.0, 0.0)","(0.0, 0.0, 0.0)","(0.0, 0.0, 0.0)","(0.0, 0.0, 0.0)","(0.0, 0.0, 0.0)","(0.0, 0.0, 0.0)",0,0,0,0,0,0,False,0,0,0,0,0,0,0,0,"(0.0, 6.0, 2487.1)","(0.2, 0.0, 0.0, 1.0)"
0,987664.6,0,0,0,0,0,0,0,0,0,"(0.0, 0.0)","(0.0, 0.0)","(0.0, 0.0)","(0.0, 0.0, 0.0)","(0.0, 0.0, 0.0)","(0.0, 0.0, 0.0)","(0.0, 0.0, 0.0)","(0.0, 0.0, 0.0)","(0.0, 0.0, 0.0)",0,0,0,0,0,0,False,0,0,0,0,0,0,0,0,"(0.0, 6.0, 2487.5)","(0.2, 0.0, 0.0, 1.0)"
0,987686.3,0,0,0,0,0,0,0,0,0,"(0.0, 0.0)","(0.0, 0.0)","(0.0, 0.0)","(0.0, 0.0, 0.0)","(0.0, 0.0, 0.0)","(0.0, 0.0, 0.0)","(0.0, 0.0, 0.0)","(0.0, 0.0, 0.0)","(0.0, 0.0, 0.0)",0,0,0,0,0,0,False,0,0,0,0,0,0,0,0,"(0.0, 6.0, 2487.9)","(0.2, 0.0, 0.0, 1.0)"
0,987708.5,0,0,0,0,0,0,0,0,0,"(0.0, 0.0)","(0.0, 0.0)","(0.0, 0.0)","(0.0, 0.0, 0.0)","(0.0, 0.0, 0.0)","(0.0, 0.0, 0.0)","(0.0, 0.0, 0.0)","(0.0, 0.0, 0.0)","(0.0, 0.0, 0.0)",0,0,0,0,0,0,False,0,0,0,0,0,0,0,0,"(0.0, 6.0, 2488.3)","(0.2, 0.0, 0.0, 1.0)"
0,987731.7,0,0,0,0,0,0,0,0,0,"(0.0, 0.0)","(0.0, 0.0)","(0.0, 0.0)","(0.0, 0.0, 0.0)","(0.0, 0.0, 0.0)","(0.0, 0.0, 0.0)","(0.0, 0.0, 0.0)","(0.0, 0.0, 0.0)","(0.0, 0.0, 0.0)",0,0,0,0,0,0,False,0,0,0,0,0,0,0,0,"(0.0, 6.0, 2488.7)","(0.2, 0.0, 0.0, 1.0)"
0,987752.8,0,0,0,0,0,0,0,0,0,"(0.0, 0.0)","(0.0, 0.0)","(0.0, 0.0)","(0.0, 0.0, 0.0)","(0.0, 0.0, 0.0)","(0.0, 0.0, 0.0)","(0.0, 0.0, 0.0)","(0.0, 0.0, 0.0)","(0.0, 0.0, 0.0)",0,0,0,0,0,0,False,0,0,0,0,0,0,0,0,"(0.0, 6.0, 2489.2)","(0.2, 0.0, 0.0, 1.0)"
0,987777.8,0,0,0,0,0,0,0,0,0,"(0.0, 0.0)","(0.0, 0.0)","(0.0, 0.0)","(0.0, 0.0, 0.0)","(0.0, 0.0, 0.0)","(0.0, 0.0, 0.0)","(0.0, 0.0, 0.0)","(0.0, 0.0, 0.0)","(0.0, 0.0, 0.0)",0,0,0,0,0,0,False,0,0,0,0,0,0,0,0,"(0.0, 6.0, 2489.6)","(0.2, 0.0, 0.0, 1.0)"
0,987797.9,0,0,0,0,0,0,0,0,0,"(0.0, 0.0)","(0.0, 0.0)","(0.0, 0.0)","(0.0, 0.0, 0.0)","(0.0, 0.0, 0.0)","(0.0, 0.0, 0.0)","(0.0, 0.0, 0.0)","(0.0, 0.0, 0.0)","(0.0, 0.0, 0.0)",0,0,0,0,0,0,False,0,0,0,0,0,0,0,0,"(0.0, 6.0, 2490.0)","(0.2, 0.0, 0.0, 1.0)"
0,987819,0,0,0,0,0,0,0,0,0,"(0.0, 0.0)","(0.0, 0.0)","(0.0, 0.0)","(0.0, 0.0, 0.0)","(0.0, 0.0, 0.0)","(0.0, 0.0, 0.0)","(0.0, 0.0, 0.0)","(0.0, 0.0, 0.0)","(0.0, 0.0, 0.0)",0,0,0,0,0,0,False,0,0,0,0,0,0,0,0,"(0.0, 6.0, 2490.4)","(0.2, 0.0, 0.0, 1.0)"
0,987843,0,0,0,0,0,0,0,0,0,"(0.0, 0.0)","(0.0, 0.0)","(0.0, 0.0)","(0.0, 0.0, 0.0)","(0.0, 0.0, 0.0)","(0.0, 0.0, 0.0)","(0.0, 0.0, 0.0)","(0.0, 0.0, 0.0)","(0.0, 0.0, 0.0)",0,0,0,0,0,0,False,0,0,0,0,0,0,0,0,"(0.0, 6.0, 2490.8)","(0.2, 0.0, 0.0, 1.0)"
0,987864.3,0,0,0,0,0,0,0,0,0,"(0.0, 0.0)","(0.0, 0.0)","(0.0, 0.0)","(0.0, 0.0, 0.0)","(0.0, 0.0, 0.0)","(0.0, 0.0, 0.0)","(0.0, 0.0, 0.0)","(0.0, 0.0, 0.0)","(0.0, 0.0, 0.0)",0,0,0,0,0,0,False,0,0,0,0,0,0,0,0,"(0.0, 6.0, 2491.2)","(0.2, 0.0, 0.0, 1.0)"
0,987885.7,0,0,0,0,0,0,0,0,0,"(0.0, 0.0)","(0.0, 0.0)","(0.0, 0.0)","(0.0, 0.0, 0.0)","(0.0, 0.0, 0.0)","(0.0, 0.0, 0.0)","(0.0, 0.0, 0.0)","(0.0, 0.0, 0.0)","(0.0, 0.0, 0.0)",0,0,0,0,0,0,False,0,0,0,0,0,0,0,0,"(0.0, 6.0, 2491.7)","(0.2, 0.0, 0.0, 1.0)"
0,987909.6,0,0,0,0,0,0,0,0,0,"(0.0, 0.0)","(0.0, 0.0)","(0.0, 0.0)","(0.0, 0.0, 0.0)","(0.0, 0.0, 0.0)","(0.0, 0.0, 0.0)","(0.0, 0.0, 0.0)","(0.0, 0.0, 0.0)","(0.0, 0.0, 0.0)",0,0,0,0,0,0,False,0,0,0,0,0,0,0,0,"(0.0, 6.0, 2492.1)","(0.2, 0.0, 0.0, 1.0)"
0,987930.9,0,0,0,0,0,0,0,0,0,"(0.0, 0.0)","(0.0, 0.0)","(0.0, 0.0)","(0.0, 0.0, 0.0)","(0.0, 0.0, 0.0)","(0.0, 0.0, 0.0)","(0.0, 0.0, 0.0)","(0.0, 0.0, 0.0)","(0.0, 0.0, 0.0)",0,0,0,0,0,0,False,0,0,0,0,0,0,0,0,"(0.0, 6.0, 2492.5)","(0.2, 0.0, 0.0, 1.0)"
0,987952.3,0,0,0,0,0,0,0,0,0,"(0.0, 0.0)","(0.0, 0.0)","(0.0, 0.0)","(0.0, 0.0, 0.0)","(0.0, 0.0, 0.0)","(0.0, 0.0, 0.0)","(0.0, 0.0, 0.0)","(0.0, 0.0, 0.0)","(0.0, 0.0, 0.0)",0,0,0,0,0,0,False,0,0,0,0,0,0,0,0,"(0.0, 6.0, 2492.9)","(0.2, 0.0, 0.0, 1.0)"
0,987976.1,0,0,0,0,0,0,0,0,0,"(0.0, 0.0)","(0.0, 0.0)","(0.0, 0.0)","(0.0, 0.0, 0.0)","(0.0, 0.0, 0.0)","(0.0, 0.0, 0.0)","(0.0, 0.0, 0.0)","(0.0, 0.0, 0.0)","(0.0, 0.0, 0.0)",0,0,0,0,0,0,False,0,0,0,0,0,0,0,0,"(0.0, 6.0, 2493.3)","(0.2, 0.0, 0.0, 1.0)"
0,987997.6,0,0,0,0,0,0,0,0,0,"(0.0, 0.0)","(0.0, 0.0)","(0.0, 0.0)","(0.0, 0.0, 0.0)","(0.0, 0.0, 0.0)","(0.0, 0.0, 0.0)","(0.0, 0.0, 0.0)","(0.0, 0.0, 0.0)","(0.0, 0.0, 0.0)",0,0,0,0,0,0,False,0,0,0,0,0,0,0,0,"(0.0, 6.0, 2493.7)","(0.2, 0.0, 0.0, 1.0)"
0,988018.9,0,0,0,0,0,0,0,0,0,"(0.0, 0.0)","(0.0, 0.0)","(0.0, 0.0)","(0.0, 0.0, 0.0)","(0.0, 0.0, 0.0)","(0.0, 0.0, 0.0)","(0.0, 0.0, 0.0)","(0.0, 0.0, 0.0)","(0.0, 0.0, 0.0)",0,0,0,0,0,0,False,0,0,0,0,0,0,0,0,"(0.0, 6.0, 2494.2)","(0.2, 0.0, 0.0, 1.0)"
0,988041.2,0,0,0,0,0,0,0,0,0,"(0.0, 0.0)","(0.0, 0.0)","(0.0, 0.0)","(0.0, 0.0, 0.0)","(0.0, 0.0, 0.0)","(0.0, 0.0, 0.0)","(0.0, 0.0, 0.0)","(0.0, 0.0, 0.0)","(0.0, 0.0, 0.0)",0,0,0,0,0,0,False,0,0,0,0,0,0,0,0,"(0.0, 6.0, 2494.6)","(0.2, 0.0, 0.0, 1.0)"
0,988064.2,0,0,0,0,0,0,0,0,0,"(0.0, 0.0)","(0.0, 0.0)","(0.0, 0.0)","(0.0, 0.0, 0.0)","(0.0, 0.0, 0.0)","(0.0, 0.0, 0.0)","(0.0, 0.0, 0.0)","(0.0, 0.0, 0.0)","(0.0, 0.0, 0.0)",0,0,0,0,0,0,False,0,0,0,0,0,0,0,0,"(0.0, 6.0, 2495.0)","(0.2, 0.0, 0.0, 1.0)"
0,988084.4,0,0,0,0,0,0,0,0,0,"(0.0, 0.0)","(0.0, 0.0)","(0.0, 0.0)","(0.0, 0.0, 0.0)","(0.0, 0.0, 0.0)","(0.0, 0.0, 0.0)","(0.0, 0.0, 0.0)","(0.0, 0.0, 0.0)","(0.0, 0.0, 0.0)",0,0,0,0,0,0,False,0,0,0,0,0,0,0,0,"(0.0, 6.0, 2495.4)","(0.2, 0.0, 0.0, 1.0)"
0,988104.4,0,0,0,0,0,0,0,0,0,"(0.0, 0.0)","(0.0, 0.0)","(0.0, 0.0)","(0.0, 0.0, 0.0)","(0.0, 0.0, 0.0)","(0.0, 0.0, 0.0)","(0.0, 0.0, 0.0)","(0.0, 0.0, 0.0)","(0.0, 0.0, 0.0)",0,0,0,0,0,0,False,0,0,0,0,0,0,0,0,"(0.0, 6.0, 2495.8)","(0.2, 0.0, 0.0, 1.0)"
0,988124.4,0,0,0,0,0,0,0,0,0,"(0.0, 0.0)","(0.0, 0.0)","(0.0, 0.0)","(0.0, 0.0, 0.0)","(0.0, 0.0, 0.0)","(0.0, 0.0, 0.0)","(0.0, 0.0, 0.0)","(0.0, 0.0, 0.0)","(0.0, 0.0, 0.0)",0,0,0,0,0,0,False,0,0,0,0,0,0,0,0,"(0.0, 6.0, 2496.2)","(0.2, 0.0, 0.0, 1.0)"
0,988144.5,0,0,0,0,0,0,0,0,0,"(0.0, 0.0)","(0.0, 0.0)","(0.0, 0.0)","(0.0, 0.0, 0.0)","(0.0, 0.0, 0.0)","(0.0, 0.0, 0.0)","(0.0, 0.0, 0.0)","(0.0, 0.0, 0.0)","(0.0, 0.0, 0.0)",0,0,0,0,0,0,False,0,0,0,0,0,0,0,0,"(0.0, 6.0, 2496.6)","(0.2, 0.0, 0.0, 1.0)"
0,988166.6,0,0,0,0,0,0,0,0,0,"(0.0, 0.0)","(0.0, 0.0)","(0.0, 0.0)","(0.0, 0.0, 0.0)","(0.0, 0.0, 0.0)","(0.0, 0.0, 0.0)","(0.0, 0.0, 0.0)","(0.0, 0.0, 0.0)","(0.0, 0.0, 0.0)",0,0,0,0,0,0,False,0,0,0,0,0,0,0,0,"(0.0, 6.0, 2497.1)","(0.2, 0.0, 0.0, 1.0)"
0,988186.8,0,0,0,0,0,0,0,0,0,"(0.0, 0.0)","(0.0, 0.0)","(0.0, 0.0)","(0.0, 0.0, 0.0)","(0.0, 0.0, 0.0)","(0.0, 0.0, 0.0)","(0.0, 0.0, 0.0)","(0.0, 0.0, 0.0)","(0.0, 0.0, 0.0)",0,0,0,0,0,0,False,0,0,0,0,0,0,0,0,"(0.0, 6.0, 2497.5)","(0.2, 0.0, 0.0, 1.0)"
0,988205.5,0,0,0,0,0,0,0,0,0,"(0.0, 0.0)","(0.0, 0.0)","(0.0, 0.0)","(0.0, 0.0, 0.0)","(0.0, 0.0, 0.0)","(0.0, 0.0, 0.0)","(0.0, 0.0, 0.0)","(0.0, 0.0, 0.0)","(0.0, 0.0, 0.0)",0,0,0,0,0,0,False,0,0,0,0,0,0,0,0,"(0.0, 6.0, 2497.9)","(0.2, 0.0, 0.0, 1.0)"
0,988228.8,0,0,0,0,0,0,0,0,0,"(0.0, 0.0)","(0.0, 0.0)","(0.0, 0.0)","(0.0, 0.0, 0.0)","(0.0, 0.0, 0.0)","(0.0, 0.0, 0.0)","(0.0, 0.0, 0.0)","(0.0, 0.0, 0.0)","(0.0, 0.0, 0.0)",0,0,0,0,0,0,False,0,0,0,0,0,0,0,0,"(0.0, 6.0, 2498.3)","(0.2, 0.0, 0.0, 1.0)"
0,988250.1,0,0,0,0,0,0,0,0,0,"(0.0, 0.0)","(0.0, 0.0)","(0.0, 0.0)","(0.0, 0.0, 0.0)","(0.0, 0.0, 0.0)","(0.0, 0.0, 0.0)","(0.0, 0.0, 0.0)","(0.0, 0.0, 0.0)","(0.0, 0.0, 0.0)",0,0,0,0,0,0,False,0,0,0,0,0,0,0,0,"(0.0, 6.0, 2498.7)","(0.2, 0.0, 0.0, 1.0)"
0,988275.4,0,0,0,0,0,0,0,0,0,"(0.0, 0.0)","(0.0, 0.0)","(0.0, 0.0)","(0.0, 0.0, 0.0)","(0.0, 0.0, 0.0)","(0.0, 0.0, 0.0)","(0.0, 0.0, 0.0)","(0.0, 0.0, 0.0)","(0.0, 0.0, 0.0)",0,0,0,0,0,0,False,0,0,0,0,0,0,0,0,"(0.0, 6.0, 2499.1)","(0.2, 0.0, 0.0, 1.0)"
0,988295.9,0,0,0,0,0,0,0,0,0,"(0.0, 0.0)","(0.0, 0.0)","(0.0, 0.0)","(0.0, 0.0, 0.0)","(0.0, 0.0, 0.0)","(0.0, 0.0, 0.0)","(0.0, 0.0, 0.0)","(0.0, 0.0, 0.0)","(0.0, 0.0, 0.0)",0,0,0,0,0,0,False,0,0,0,0,0,0,0,0,"(0.0, 6.0, 2499.5)","(0.2, 0.0, 0.0, 1.0)"
0,988317.3,0,0,0,0,0,0,0,0,0,"(0.0, 0.0)","(0.0, 0.0)","(0.0, 0.0)","(0.0, 0.0, 0.0)","(0.0, 0.0, 0.0)","(0.0, 0.0, 0.0)","(0.0, 0.0, 0.0)","(0.0, 0.0, 0.0)","(0.0, 0.0, 0.0)",0,0,0,0,0,0,False,0,0,0,0,0,0,0,0,"(0.0, 6.0, 2499.9)","(0.2, 0.0, 0.0, 1.0)"
0,988336.3,0,0,0,0,0,0,0,0,0,"(0.0, 0.0)","(0.0, 0.0)","(0.0, 0.0)","(0.0, 0.0, 0.0)","(0.0, 0.0, 0.0)","(0.0, 0.0, 0.0)","(0.0, 0.0, 0.0)","(0.0, 0.0, 0.0)","(0.0, 0.0, 0.0)",0,0,0,0,0,0,False,0,0,0,0,0,0,0,0,"(0.0, 6.0, 2500.3)","(0.2, 0.0, 0.0, 1.0)"
0,988357,0,0,0,0,0,0,0,0,0,"(0.0, 0.0)","(0.0, 0.0)","(0.0, 0.0)","(0.0, 0.0, 0.0)","(0.0, 0.0, 0.0)","(0.0, 0.0, 0.0)","(0.0, 0.0, 0.0)","(0.0, 0.0, 0.0)","(0.0, 0.0, 0.0)",0,0,0,0,0,0,False,0,0,0,0,0,0,0,0,"(0.0, 6.0, 2500.7)","(0.2, 0.0, 0.0, 1.0)"
0,988375.7,0,0,0,0,0,0,0,0,0,"(0.0, 0.0)","(0.0, 0.0)","(0.0, 0.0)","(0.0, 0.0, 0.0)","(0.0, 0.0, 0.0)","(0.0, 0.0, 0.0)","(0.0, 0.0, 0.0)","(0.0, 0.0, 0.0)","(0.0, 0.0, 0.0)",0,0,0,0,0,0,False,0,0,0,0,0,0,0,0,"(0.0, 6.0, 2501.1)","(0.2, 0.0, 0.0, 1.0)"
0,988401.7,0,0,0,0,0,0,0,0,0,"(0.0, 0.0)","(0.0, 0.0)","(0.0, 0.0)","(0.0, 0.0, 0.0)","(0.0, 0.0, 0.0)","(0.0, 0.0, 0.0)","(0.0, 0.0, 0.0)","(0.0, 0.0, 0.0)","(0.0, 0.0, 0.0)",0,0,0,0,0,0,False,0,0,0,0,0,0,0,0,"(0.0, 6.0, 2501.5)","(0.2, 0.0, 0.0, 1.0)"
0,988421.1,0,0,0,0,0,0,0,0,0,"(0.0, 0.0)","(0.0, 0.0)","(0.0, 0.0)","(0.0, 0.0, 0.0)","(0.0, 0.0, 0.0)","(0.0, 0.0, 0.0)","(0.0, 0.0, 0.0)","(0.0, 0.0, 0.0)","(0.0, 0.0, 0.0)",0,0,0,0,0,0,False,0,0,0,0,0,0,0,0,"(0.0, 6.0, 2501.9)","(0.2, 0.0, 0.0, 1.0)"
0,988439.8,0,0,0,0,0,0,0,0,0,"(0.0, 0.0)","(0.0, 0.0)","(0.0, 0.0)","(0.0, 0.0, 0.0)","(0.0, 0.0, 0.0)","(0.0, 0.0, 0.0)","(0.0, 0.0, 0.0)","(0.0, 0.0, 0.0)","(0.0, 0.0, 0.0)",0,0,0,0,0,0,False,0,0,0,0,0,0,0,0,"(0.0, 6.0, 2502.3)","(0.2, 0.0, 0.0, 1.0)"
0,988466.7,0,0,0,0,0,0,0,0,0,"(0.0, 0.0)","(0.0, 0.0)","(0.0, 0.0)","(0.0, 0.0, 0.0)","(0.0, 0.0, 0.0)","(0.0, 0.0, 0.0)","(0.0, 0.0, 0.0)","(0.0, 0.0, 0.0)","(0.0, 0.0, 0.0)",0,0,0,0,0,0,False,0,0,0,0,0,0,0,0,"(0.0, 6.0, 2502.7)","(0.2, 0.0, 0.0, 1.0)"
0,988487.6,0,0,0,0,0,0,0,0,0,"(0.0, 0.0)","(0.0, 0.0)","(0.0, 0.0)","(0.0, 0.0, 0.0)","(0.0, 0.0, 0.0)","(0.0, 0.0, 0.0)","(0.0, 0.0, 0.0)","(0.0, 0.0, 0.0)","(0.0, 0.0, 0.0)",0,0,0,0,0,0,False,0,0,0,0,0,0,0,0,"(0.0, 6.0, 2503.1)","(0.2, 0.0, 0.0, 1.0)"
0,988513.6,0,0,0,0,0,0,0,0,0,"(0.0, 0.0)","(0.0, 0.0)","(0.0, 0.0)","(0.0, 0.0, 0.0)","(0.0, 0.0, 0.0)","(0.0, 0.0, 0.0)","(0.0, 0.0, 0.0)","(0.0, 0.0, 0.0)","(0.0, 0.0, 0.0)",0,0,0,0,0,0,False,0,0,0,0,0,0,0,0,"(0.0, 6.0, 2503.6)","(0.2, 0.0, 0.0, 1.0)"
0,988534.7,0,0,0,0,0,0,0,0,0,"(0.0, 0.0)","(0.0, 0.0)","(0.0, 0.0)","(0.0, 0.0, 0.0)","(0.0, 0.0, 0.0)","(0.0, 0.0, 0.0)","(0.0, 0.0, 0.0)","(0.0, 0.0, 0.0)","(0.0, 0.0, 0.0)",0,0,0,0,0,0,False,0,0,0,0,0,0,0,0,"(0.0, 6.0, 2504.0)","(0.2, 0.0, 0.0, 1.0)"
0,988556.8,0,0,0,0,0,0,0,0,0,"(0.0, 0.0)","(0.0, 0.0)","(0.0, 0.0)","(0.0, 0.0, 0.0)","(0.0, 0.0, 0.0)","(0.0, 0.0, 0.0)","(0.0, 0.0, 0.0)","(0.0, 0.0, 0.0)","(0.0, 0.0, 0.0)",0,0,0,0,0,0,False,0,0,0,0,0,0,0,0,"(0.0, 6.0, 2504.4)","(0.2, 0.0, 0.0, 1.0)"
0,988577.3,0,0,0,0,0,0,0,0,0,"(0.0, 0.0)","(0.0, 0.0)","(0.0, 0.0)","(0.0, 0.0, 0.0)","(0.0, 0.0, 0.0)","(0.0, 0.0, 0.0)","(0.0, 0.0, 0.0)","(0.0, 0.0, 0.0)","(0.0, 0.0, 0.0)",0,0,0,0,0,0,False,0,0,0,0,0,0,0,0,"(0.0, 6.0, 2504.8)","(0.2, 0.0, 0.0, 1.0)"
0,988600.7,0,0,0,0,0,0,0,0,0,"(0.0, 0.0)","(0.0, 0.0)","(0.0, 0.0)","(0.0, 0.0, 0.0)","(0.0, 0.0, 0.0)","(0.0, 0.0, 0.0)","(0.0, 0.0, 0.0)","(0.0, 0.0, 0.0)","(0.0, 0.0, 0.0)",0,0,0,0,0,0,False,0,0,0,0,0,0,0,0,"(0.0, 6.0, 2505.2)","(0.2, 0.0, 0.0, 1.0)"
0,988623.4,0,0,0,0,0,0,0,0,0,"(0.0, 0.0)","(0.0, 0.0)","(0.0, 0.0)","(0.0, 0.0, 0.0)","(0.0, 0.0, 0.0)","(0.0, 0.0, 0.0)","(0.0, 0.0, 0.0)","(0.0, 0.0, 0.0)","(0.0, 0.0, 0.0)",0,0,0,0,0,0,False,0,0,0,0,0,0,0,0,"(0.0, 6.0, 2505.6)","(0.2, 0.0, 0.0, 1.0)"
0,988644.8,0,0,0,0,0,0,0,0,0,"(0.0, 0.0)","(0.0, 0.0)","(0.0, 0.0)","(0.0, 0.0, 0.0)","(0.0, 0.0, 0.0)","(0.0, 0.0, 0.0)","(0.0, 0.0, 0.0)","(0.0, 0.0, 0.0)","(0.0, 0.0, 0.0)",0,0,0,0,0,0,False,0,0,0,0,0,0,0,0,"(0.0, 6.0, 2506.1)","(0.2, 0.0, 0.0, 1.0)"
0,988666,0,0,0,0,0,0,0,0,0,"(0.0, 0.0)","(0.0, 0.0)","(0.0, 0.0)","(0.0, 0.0, 0.0)","(0.0, 0.0, 0.0)","(0.0, 0.0, 0.0)","(0.0, 0.0, 0.0)","(0.0, 0.0, 0.0)","(0.0, 0.0, 0.0)",0,0,0,0,0,0,False,0,0,0,0,0,0,0,0,"(0.0, 6.0, 2506.5)","(0.2, 0.0, 0.0, 1.0)"
0,988688.3,0,0,0,0,0,0,0,0,0,"(0.0, 0.0)","(0.0, 0.0)","(0.0, 0.0)","(0.0, 0.0, 0.0)","(0.0, 0.0, 0.0)","(0.0, 0.0, 0.0)","(0.0, 0.0, 0.0)","(0.0, 0.0, 0.0)","(0.0, 0.0, 0.0)",0,0,0,0,0,0,False,0,0,0,0,0,0,0,0,"(0.0, 6.0, 2506.9)","(0.2, 0.0, 0.0, 1.0)"
0,988709.1,0,0,0,0,0,0,0,0,0,"(0.0, 0.0)","(0.0, 0.0)","(0.0, 0.0)","(0.0, 0.0, 0.0)","(0.0, 0.0, 0.0)","(0.0, 0.0, 0.0)","(0.0, 0.0, 0.0)","(0.0, 0.0, 0.0)","(0.0, 0.0, 0.0)",0,0,0,0,0,0,False,0,0,0,0,0,0,0,0,"(0.0, 6.0, 2507.3)","(0.2, 0.0, 0.0, 1.0)"
0,988731.1,0,0,0,0,0,0,0,0,0,"(0.0, 0.0)","(0.0, 0.0)","(0.0, 0.0)","(0.0, 0.0, 0.0)","(0.0, 0.0, 0.0)","(0.0, 0.0, 0.0)","(0.0, 0.0, 0.0)","(0.0, 0.0, 0.0)","(0.0, 0.0, 0.0)",0,0,0,0,0,0,False,0,0,0,0,0,0,0,0,"(0.0, 6.0, 2507.7)","(0.2, 0.0, 0.0, 1.0)"
0,988754.6,0,0,0,0,0,0,0,0,0,"(0.0, 0.0)","(0.0, 0.0)","(0.0, 0.0)","(0.0, 0.0, 0.0)","(0.0, 0.0, 0.0)","(0.0, 0.0, 0.0)","(0.0, 0.0, 0.0)","(0.0, 0.0, 0.0)","(0.0, 0.0, 0.0)",0,0,0,0,0,0,False,0,0,0,0,0,0,0,0,"(0.0, 6.0, 2508.1)","(0.2, 0.0, 0.0, 1.0)"
0,988776,0,0,0,0,0,0,0,0,0,"(0.0, 0.0)","(0.0, 0.0)","(0.0, 0.0)","(0.0, 0.0, 0.0)","(0.0, 0.0, 0.0)","(0.0, 0.0, 0.0)","(0.0, 0.0, 0.0)","(0.0, 0.0, 0.0)","(0.0, 0.0, 0.0)",0,0,0,0,0,0,False,0,0,0,0,0,0,0,0,"(0.0, 6.0, 2508.6)","(0.2, 0.0, 0.0, 1.0)"
0,988797.4,0,0,0,0,0,0,0,0,0,"(0.0, 0.0)","(0.0, 0.0)","(0.0, 0.0)","(0.0, 0.0, 0.0)","(0.0, 0.0, 0.0)","(0.0, 0.0, 0.0)","(0.0, 0.0, 0.0)","(0.0, 0.0, 0.0)","(0.0, 0.0, 0.0)",0,0,0,0,0,0,False,0,0,0,0,0,0,0,0,"(0.0, 6.0, 2509.0)","(0.2, 0.0, 0.0, 1.0)"
0,988819.8,0,0,0,0,0,0,0,0,0,"(0.0, 0.0)","(0.0, 0.0)","(0.0, 0.0)","(0.0, 0.0, 0.0)","(0.0, 0.0, 0.0)","(0.0, 0.0, 0.0)","(0.0, 0.0, 0.0)","(0.0, 0.0, 0.0)","(0.0, 0.0, 0.0)",0,0,0,0,0,0,False,0,0,0,0,0,0,0,0,"(0.0, 6.0, 2509.4)","(0.2, 0.0, 0.0, 1.0)"
0,988840.9,0,0,0,0,0,0,0,0,0,"(0.0, 0.0)","(0.0, 0.0)","(0.0, 0.0)","(0.0, 0.0, 0.0)","(0.0, 0.0, 0.0)","(0.0, 0.0, 0.0)","(0.0, 0.0, 0.0)","(0.0, 0.0, 0.0)","(0.0, 0.0, 0.0)",0,0,0,0,0,0,False,0,0,0,0,0,0,0,0,"(0.0, 6.0, 2509.8)","(0.2, 0.0, 0.0, 1.0)"
0,988864.3,0,0,0,0,0,0,0,0,0,"(0.0, 0.0)","(0.0, 0.0)","(0.0, 0.0)","(0.0, 0.0, 0.0)","(0.0, 0.0, 0.0)","(0.0, 0.0, 0.0)","(0.0, 0.0, 0.0)","(0.0, 0.0, 0.0)","(0.0, 0.0, 0.0)",0,0,0,0,0,0,False,0,0,0,0,0,0,0,0,"(0.0, 6.0, 2510.2)","(0.2, 0.0, 0.0, 1.0)"
0,988885.4,0,0,0,0,0,0,0,0,0,"(0.0, 0.0)","(0.0, 0.0)","(0.0, 0.0)","(0.0, 0.0, 0.0)","(0.0, 0.0, 0.0)","(0.0, 0.0, 0.0)","(0.0, 0.0, 0.0)","(0.0, 0.0, 0.0)","(0.0, 0.0, 0.0)",0,0,0,0,0,0,False,0,0,0,0,0,0,0,0,"(0.0, 6.0, 2510.6)","(0.2, 0.0, 0.0, 1.0)"
0,988907.6,0,0,0,0,0,0,0,0,0,"(0.0, 0.0)","(0.0, 0.0)","(0.0, 0.0)","(0.0, 0.0, 0.0)","(0.0, 0.0, 0.0)","(0.0, 0.0, 0.0)","(0.0, 0.0, 0.0)","(0.0, 0.0, 0.0)","(0.0, 0.0, 0.0)",0,0,0,0,0,0,False,0,0,0,0,0,0,0,0,"(0.0, 6.0, 2511.1)","(0.2, 0.0, 0.0, 1.0)"
0,988930.3,0,0,0,0,0,0,0,0,0,"(0.0, 0.0)","(0.0, 0.0)","(0.0, 0.0)","(0.0, 0.0, 0.0)","(0.0, 0.0, 0.0)","(0.0, 0.0, 0.0)","(0.0, 0.0, 0.0)","(0.0, 0.0, 0.0)","(0.0, 0.0, 0.0)",0,0,0,0,0,0,False,0,0,0,0,0,0,0,0,"(0.0, 6.0, 2511.5)","(0.2, 0.0, 0.0, 1.0)"
0,988952.3,0,0,0,0,0,0,0,0,0,"(0.0, 0.0)","(0.0, 0.0)","(0.0, 0.0)","(0.0, 0.0, 0.0)","(0.0, 0.0, 0.0)","(0.0, 0.0, 0.0)","(0.0, 0.0, 0.0)","(0.0, 0.0, 0.0)","(0.0, 0.0, 0.0)",0,0,0,0,0,0,False,0,0,0,0,0,0,0,0,"(0.0, 6.0, 2511.9)","(0.2, 0.0, 0.0, 1.0)"
0,988973.9,0,0,0,0,0,0,0,0,0,"(0.0, 0.0)","(0.0, 0.0)","(0.0, 0.0)","(0.0, 0.0, 0.0)","(0.0, 0.0, 0.0)","(0.0, 0.0, 0.0)","(0.0, 0.0, 0.0)","(0.0, 0.0, 0.0)","(0.0, 0.0, 0.0)",0,0,0,0,0,0,False,0,0,0,0,0,0,0,0,"(0.0, 6.0, 2512.3)","(0.2, 0.0, 0.0, 1.0)"
0,988997.1,0,0,0,0,0,0,0,0,0,"(0.0, 0.0)","(0.0, 0.0)","(0.0, 0.0)","(0.0, 0.0, 0.0)","(0.0, 0.0, 0.0)","(0.0, 0.0, 0.0)","(0.0, 0.0, 0.0)","(0.0, 0.0, 0.0)","(0.0, 0.0, 0.0)",0,0,0,0,0,0,False,0,0,0,0,0,0,0,0,"(0.0, 6.0, 2512.7)","(0.2, 0.0, 0.0, 1.0)"
0,989019.1,0,0,0,0,0,0,0,0,0,"(0.0, 0.0)","(0.0, 0.0)","(0.0, 0.0)","(0.0, 0.0, 0.0)","(0.0, 0.0, 0.0)","(0.0, 0.0, 0.0)","(0.0, 0.0, 0.0)","(0.0, 0.0, 0.0)","(0.0, 0.0, 0.0)",0,0,0,0,0,0,False,0,0,0,0,0,0,0,0,"(0.0, 6.0, 2513.1)","(0.2, 0.0, 0.0, 1.0)"
0,989041.1,0,0,0,0,0,0,0,0,0,"(0.0, 0.0)","(0.0, 0.0)","(0.0, 0.0)","(0.0, 0.0, 0.0)","(0.0, 0.0, 0.0)","(0.0, 0.0, 0.0)","(0.0, 0.0, 0.0)","(0.0, 0.0, 0.0)","(0.0, 0.0, 0.0)",0,0,0,0,0,0,False,0,0,0,0,0,0,0,0,"(0.0, 6.0, 2513.6)","(0.2, 0.0, 0.0, 1.0)"
0,989064.4,0,0,0,0,0,0,0,0,0,"(0.0, 0.0)","(0.0, 0.0)","(0.0, 0.0)","(0.0, 0.0, 0.0)","(0.0, 0.0, 0.0)","(0.0, 0.0, 0.0)","(0.0, 0.0, 0.0)","(0.0, 0.0, 0.0)","(0.0, 0.0, 0.0)",0,0,0,0,0,0,False,0,0,0,0,0,0,0,0,"(0.0, 6.0, 2514.0)","(0.2, 0.0, 0.0, 1.0)"
0,989086.6,0,0,0,0,0,0,0,0,0,"(0.0, 0.0)","(0.0, 0.0)","(0.0, 0.0)","(0.0, 0.0, 0.0)","(0.0, 0.0, 0.0)","(0.0, 0.0, 0.0)","(0.0, 0.0, 0.0)","(0.0, 0.0, 0.0)","(0.0, 0.0, 0.0)",0,0,0,0,0,0,False,0,0,0,0,0,0,0,0,"(0.0, 6.0, 2514.4)","(0.2, 0.0, 0.0, 1.0)"
0,989108.8,0,0,0,0,0,0,0,0,0,"(0.0, 0.0)","(0.0, 0.0)","(0.0, 0.0)","(0.0, 0.0, 0.0)","(0.0, 0.0, 0.0)","(0.0, 0.0, 0.0)","(0.0, 0.0, 0.0)","(0.0, 0.0, 0.0)","(0.0, 0.0, 0.0)",0,0,0,0,0,0,False,0,0,0,0,0,0,0,0,"(0.0, 6.0, 2514.8)","(0.2, 0.0, 0.0, 1.0)"
0,989129,0,0,0,0,0,0,0,0,0,"(0.0, 0.0)","(0.0, 0.0)","(0.0, 0.0)","(0.0, 0.0, 0.0)","(0.0, 0.0, 0.0)","(0.0, 0.0, 0.0)","(0.0, 0.0, 0.0)","(0.0, 0.0, 0.0)","(0.0, 0.0, 0.0)",0,0,0,0,0,0,False,0,0,0,0,0,0,0,0,"(0.0, 6.0, 2515.3)","(0.2, 0.0, 0.0, 1.0)"
0,989150.5,0,0,0,0,0,0,0,0,0,"(0.0, 0.0)","(0.0, 0.0)","(0.0, 0.0)","(0.0, 0.0, 0.0)","(0.0, 0.0, 0.0)","(0.0, 0.0, 0.0)","(0.0, 0.0, 0.0)","(0.0, 0.0, 0.0)","(0.0, 0.0, 0.0)",0,0,0,0,0,0,False,0,0,0,0,0,0,0,0,"(0.0, 6.0, 2515.7)","(0.2, 0.0, 0.0, 1.0)"
0,989171.1,0,0,0,0,0,0,0,0,0,"(0.0, 0.0)","(0.0, 0.0)","(0.0, 0.0)","(0.0, 0.0, 0.0)","(0.0, 0.0, 0.0)","(0.0, 0.0, 0.0)","(0.0, 0.0, 0.0)","(0.0, 0.0, 0.0)","(0.0, 0.0, 0.0)",0,0,0,0,0,0,False,0,0,0,0,0,0,0,0,"(0.0, 6.0, 2516.1)","(0.2, 0.0, 0.0, 1.0)"
0,989190.9,0,0,0,0,0,0,0,0,0,"(0.0, 0.0)","(0.0, 0.0)","(0.0, 0.0)","(0.0, 0.0, 0.0)","(0.0, 0.0, 0.0)","(0.0, 0.0, 0.0)","(0.0, 0.0, 0.0)","(0.0, 0.0, 0.0)","(0.0, 0.0, 0.0)",0,0,0,0,0,0,False,0,0,0,0,0,0,0,0,"(0.0, 6.0, 2516.5)","(0.2, 0.0, 0.0, 1.0)"
0,989216.9,0,0,0,0,0,0,0,0,0,"(0.0, 0.0)","(0.0, 0.0)","(0.0, 0.0)","(0.0, 0.0, 0.0)","(0.0, 0.0, 0.0)","(0.0, 0.0, 0.0)","(0.0, 0.0, 0.0)","(0.0, 0.0, 0.0)","(0.0, 0.0, 0.0)",0,0,0,0,0,0,False,0,0,0,0,0,0,0,0,"(0.0, 6.0, 2516.9)","(0.2, 0.0, 0.0, 1.0)"
0,989238.1,0,0,0,0,0,0,0,0,0,"(0.0, 0.0)","(0.0, 0.0)","(0.0, 0.0)","(0.0, 0.0, 0.0)","(0.0, 0.0, 0.0)","(0.0, 0.0, 0.0)","(0.0, 0.0, 0.0)","(0.0, 0.0, 0.0)","(0.0, 0.0, 0.0)",0,0,0,0,0,0,False,0,0,0,0,0,0,0,0,"(0.0, 6.0, 2517.3)","(0.2, 0.0, 0.0, 1.0)"
0,989264.1,0,0,0,0,0,0,0,0,0,"(0.0, 0.0)","(0.0, 0.0)","(0.0, 0.0)","(0.0, 0.0, 0.0)","(0.0, 0.0, 0.0)","(0.0, 0.0, 0.0)","(0.0, 0.0, 0.0)","(0.0, 0.0, 0.0)","(0.0, 0.0, 0.0)",0,0,0,0,0,0,False,0,0,0,0,0,0,0,0,"(0.0, 6.0, 2517.8)","(0.2, 0.0, 0.0, 1.0)"
0,989284,0,0,0,0,0,0,0,0,0,"(0.0, 0.0)","(0.0, 0.0)","(0.0, 0.0)","(0.0, 0.0, 0.0)","(0.0, 0.0, 0.0)","(0.0, 0.0, 0.0)","(0.0, 0.0, 0.0)","(0.0, 0.0, 0.0)","(0.0, 0.0, 0.0)",0,0,0,0,0,0,False,0,0,0,0,0,0,0,0,"(0.0, 6.0, 2518.2)","(0.2, 0.0, 0.0, 1.0)"
0,989303.8,0,0,0,0,0,0,0,0,0,"(0.0, 0.0)","(0.0, 0.0)","(0.0, 0.0)","(0.0, 0.0, 0.0)","(0.0, 0.0, 0.0)","(0.0, 0.0, 0.0)","(0.0, 0.0, 0.0)","(0.0, 0.0, 0.0)","(0.0, 0.0, 0.0)",0,0,0,0,0,0,False,0,0,0,0,0,0,0,0,"(0.0, 6.0, 2518.6)","(0.2, 0.0, 0.0, 1.0)"
0,989324.3,0,0,0,0,0,0,0,0,0,"(0.0, 0.0)","(0.0, 0.0)","(0.0, 0.0)","(0.0, 0.0, 0.0)","(0.0, 0.0, 0.0)","(0.0, 0.0, 0.0)","(0.0, 0.0, 0.0)","(0.0, 0.0, 0.0)","(0.0, 0.0, 0.0)",0,0,0,0,0,0,False,0,0,0,0,0,0,0,0,"(0.0, 6.0, 2519.0)","(0.2, 0.0, 0.0, 1.0)"
0,989344.8,0,0,0,0,0,0,0,0,0,"(0.0, 0.0)","(0.0, 0.0)","(0.0, 0.0)","(0.0, 0.0, 0.0)","(0.0, 0.0, 0.0)","(0.0, 0.0, 0.0)","(0.0, 0.0, 0.0)","(0.0, 0.0, 0.0)","(0.0, 0.0, 0.0)",0,0,0,0,0,0,False,0,0,0,0,0,0,0,0,"(0.0, 6.0, 2519.4)","(0.2, 0.0, 0.0, 1.0)"
0,989366.8,0,0,0,0,0,0,0,0,0,"(0.0, 0.0)","(0.0, 0.0)","(0.0, 0.0)","(0.0, 0.0, 0.0)","(0.0, 0.0, 0.0)","(0.0, 0.0, 0.0)","(0.0, 0.0, 0.0)","(0.0, 0.0, 0.0)","(0.0, 0.0, 0.0)",0,0,0,0,0,0,False,0,0,0,0,0,0,0,0,"(0.0, 6.0, 2519.8)","(0.2, 0.0, 0.0, 1.0)"
0,989386.4,0,0,0,0,0,0,0,0,0,"(0.0, 0.0)","(0.0, 0.0)","(0.0, 0.0)","(0.0, 0.0, 0.0)","(0.0, 0.0, 0.0)","(0.0, 0.0, 0.0)","(0.0, 0.0, 0.0)","(0.0, 0.0, 0.0)","(0.0, 0.0, 0.0)",0,0,0,0,0,0,False,0,0,0,0,0,0,0,0,"(0.0, 6.0, 2520.2)","(0.2, 0.0, 0.0, 1.0)"
0,989405.5,0,0,0,0,0,0,0,0,0,"(0.0, 0.0)","(0.0, 0.0)","(0.0, 0.0)","(0.0, 0.0, 0.0)","(0.0, 0.0, 0.0)","(0.0, 0.0, 0.0)","(0.0, 0.0, 0.0)","(0.0, 0.0, 0.0)","(0.0, 0.0, 0.0)",0,0,0,0,0,0,False,0,0,0,0,0,0,0,0,"(0.0, 6.0, 2520.6)","(0.2, 0.0, 0.0, 1.0)"
0,989424.7,0,0,0,0,0,0,0,0,0,"(0.0, 0.0)","(0.0, 0.0)","(0.0, 0.0)","(0.0, 0.0, 0.0)","(0.0, 0.0, 0.0)","(0.0, 0.0, 0.0)","(0.0, 0.0, 0.0)","(0.0, 0.0, 0.0)","(0.0, 0.0, 0.0)",0,0,0,0,0,0,False,0,0,0,0,0,0,0,0,"(0.0, 6.0, 2521.0)","(0.2, 0.0, 0.0, 1.0)"
0,989443.9,0,0,0,0,0,0,0,0,0,"(0.0, 0.0)","(0.0, 0.0)","(0.0, 0.0)","(0.0, 0.0, 0.0)","(0.0, 0.0, 0.0)","(0.0, 0.0, 0.0)","(0.0, 0.0, 0.0)","(0.0, 0.0, 0.0)","(0.0, 0.0, 0.0)",0,0,0,0,0,0,False,0,0,0,0,0,0,0,0,"(0.0, 6.0, 2521.4)","(0.2, 0.0, 0.0, 1.0)"
0,989464.9,0,0,0,0,0,0,0,0,0,"(0.0, 0.0)","(0.0, 0.0)","(0.0, 0.0)","(0.0, 0.0, 0.0)","(0.0, 0.0, 0.0)","(0.0, 0.0, 0.0)","(0.0, 0.0, 0.0)","(0.0, 0.0, 0.0)","(0.0, 0.0, 0.0)",0,0,0,0,0,0,False,0,0,0,0,0,0,0,0,"(0.0, 6.0, 2521.8)","(0.2, 0.0, 0.0, 1.0)"
0,989484.9,0,0,0,0,0,0,0,0,0,"(0.0, 0.0)","(0.0, 0.0)","(0.0, 0.0)","(0.0, 0.0, 0.0)","(0.0, 0.0, 0.0)","(0.0, 0.0, 0.0)","(0.0, 0.0, 0.0)","(0.0, 0.0, 0.0)","(0.0, 0.0, 0.0)",0,0,0,0,0,0,False,0,0,0,0,0,0,0,0,"(0.0, 6.0, 2522.2)","(0.2, 0.0, 0.0, 1.0)"
0,989504.4,0,0,0,0,0,0,0,0,0,"(0.0, 0.0)","(0.0, 0.0)","(0.0, 0.0)","(0.0, 0.0, 0.0)","(0.0, 0.0, 0.0)","(0.0, 0.0, 0.0)","(0.0, 0.0, 0.0)","(0.0, 0.0, 0.0)","(0.0, 0.0, 0.0)",0,0,0,0,0,0,False,0,0,0,0,0,0,0,0,"(0.0, 6.0, 2522.6)","(0.2, 0.0, 0.0, 1.0)"
0,989523.9,0,0,0,0,0,0,0,0,0,"(0.0, 0.0)","(0.0, 0.0)","(0.0, 0.0)","(0.0, 0.0, 0.0)","(0.0, 0.0, 0.0)","(0.0, 0.0, 0.0)","(0.0, 0.0, 0.0)","(0.0, 0.0, 0.0)","(0.0, 0.0, 0.0)",0,0,0,0,0,0,False,0,0,0,0,0,0,0,0,"(0.0, 6.0, 2523.0)","(0.2, 0.0, 0.0, 1.0)"
0,989551.3,0,0,0,0,0,0,0,0,0,"(0.0, 0.0)","(0.0, 0.0)","(0.0, 0.0)","(0.0, 0.0, 0.0)","(0.0, 0.0, 0.0)","(0.0, 0.0, 0.0)","(0.0, 0.0, 0.0)","(0.0, 0.0, 0.0)","(0.0, 0.0, 0.0)",0,0,0,0,0,0,False,0,0,0,0,0,0,0,0,"(0.0, 6.0, 2523.4)","(0.2, 0.0, 0.0, 1.0)"
0,989574.1,0,0,0,0,0,0,0,0,0,"(0.0, 0.0)","(0.0, 0.0)","(0.0, 0.0)","(0.0, 0.0, 0.0)","(0.0, 0.0, 0.0)","(0.0, 0.0, 0.0)","(0.0, 0.0, 0.0)","(0.0, 0.0, 0.0)","(0.0, 0.0, 0.0)",0,0,0,0,0,0,False,0,0,0,0,0,0,0,0,"(0.0, 6.0, 2523.8)","(0.2, 0.0, 0.0, 1.0)"
0,989596.1,0,0,0,0,0,0,0,0,0,"(0.0, 0.0)","(0.0, 0.0)","(0.0, 0.0)","(0.0, 0.0, 0.0)","(0.0, 0.0, 0.0)","(0.0, 0.0, 0.0)","(0.0, 0.0, 0.0)","(0.0, 0.0, 0.0)","(0.0, 0.0, 0.0)",0,0,0,0,0,0,False,0,0,0,0,0,0,0,0,"(0.0, 6.0, 2524.2)","(0.2, 0.0, 0.0, 1.0)"
0,989619.5,0,0,0,0,0,0,0,0,0,"(0.0, 0.0)","(0.0, 0.0)","(0.0, 0.0)","(0.0, 0.0, 0.0)","(0.0, 0.0, 0.0)","(0.0, 0.0, 0.0)","(0.0, 0.0, 0.0)","(0.0, 0.0, 0.0)","(0.0, 0.0, 0.0)",0,0,0,0,0,0,False,0,0,0,0,0,0,0,0,"(0.0, 6.0, 2524.6)","(0.2, 0.0, 0.0, 1.0)"
0,989640.8,0,0,0,0,0,0,0,0,0,"(0.0, 0.0)","(0.0, 0.0)","(0.0, 0.0)","(0.0, 0.0, 0.0)","(0.0, 0.0, 0.0)","(0.0, 0.0, 0.0)","(0.0, 0.0, 0.0)","(0.0, 0.0, 0.0)","(0.0, 0.0, 0.0)",0,0,0,0,0,0,False,0,0,0,0,0,0,0,0,"(0.0, 6.0, 2525.0)","(0.2, 0.0, 0.0, 1.0)"
0,989663.1,0,0,0,0,0,0,0,0,0,"(0.0, 0.0)","(0.0, 0.0)","(0.0, 0.0)","(0.0, 0.0, 0.0)","(0.0, 0.0, 0.0)","(0.0, 0.0, 0.0)","(0.0, 0.0, 0.0)","(0.0, 0.0, 0.0)","(0.0, 0.0, 0.0)",0,0,0,0,0,0,False,0,0,0,0,0,0,0,0,"(0.0, 6.0, 2525.5)","(0.2, 0.0, 0.0, 1.0)"
0,989685.4,0,0,0,0,0,0,0,0,0,"(0.0, 0.0)","(0.0, 0.0)","(0.0, 0.0)","(0.0, 0.0, 0.0)","(0.0, 0.0, 0.0)","(0.0, 0.0, 0.0)","(0.0, 0.0, 0.0)","(0.0, 0.0, 0.0)","(0.0, 0.0, 0.0)",0,0,0,0,0,0,False,0,0,0,0,0,0,0,0,"(0.0, 6.0, 2525.9)","(0.2, 0.0, 0.0, 1.0)"
0,989707,0,0,0,0,0,0,0,0,0,"(0.0, 0.0)","(0.0, 0.0)","(0.0, 0.0)","(0.0, 0.0, 0.0)","(0.0, 0.0, 0.0)","(0.0, 0.0, 0.0)","(0.0, 0.0, 0.0)","(0.0, 0.0, 0.0)","(0.0, 0.0, 0.0)",0,0,0,0,0,0,False,0,0,0,0,0,0,0,0,"(0.0, 6.0, 2526.3)","(0.2, 0.0, 0.0, 1.0)"
0,989730.5,0,0,0,0,0,0,0,0,0,"(0.0, 0.0)","(0.0, 0.0)","(0.0, 0.0)","(0.0, 0.0, 0.0)","(0.0, 0.0, 0.0)","(0.0, 0.0, 0.0)","(0.0, 0.0, 0.0)","(0.0, 0.0, 0.0)","(0.0, 0.0, 0.0)",0,0,0,0,0,0,False,0,0,0,0,0,0,0,0,"(0.0, 6.0, 2526.7)","(0.2, 0.0, 0.0, 1.0)"
0,989752,0,0,0,0,0,0,0,0,0,"(0.0, 0.0)","(0.0, 0.0)","(0.0, 0.0)","(0.0, 0.0, 0.0)","(0.0, 0.0, 0.0)","(0.0, 0.0, 0.0)","(0.0, 0.0, 0.0)","(0.0, 0.0, 0.0)","(0.0, 0.0, 0.0)",0,0,0,0,0,0,False,0,0,0,0,0,0,0,0,"(0.0, 6.0, 2527.1)","(0.2, 0.0, 0.0, 1.0)"
0,989774,0,0,0,0,0,0,0,0,0,"(0.0, 0.0)","(0.0, 0.0)","(0.0, 0.0)","(0.0, 0.0, 0.0)","(0.0, 0.0, 0.0)","(0.0, 0.0, 0.0)","(0.0, 0.0, 0.0)","(0.0, 0.0, 0.0)","(0.0, 0.0, 0.0)",0,0,0,0,0,0,False,0,0,0,0,0,0,0,0,"(0.0, 6.0, 2527.5)","(0.2, 0.0, 0.0, 1.0)"
0,989796.8,0,0,0,0,0,0,0,0,0,"(0.0, 0.0)","(0.0, 0.0)","(0.0, 0.0)","(0.0, 0.0, 0.0)","(0.0, 0.0, 0.0)","(0.0, 0.0, 0.0)","(0.0, 0.0, 0.0)","(0.0, 0.0, 0.0)","(0.0, 0.0, 0.0)",0,0,0,0,0,0,False,0,0,0,0,0,0,0,0,"(0.0, 6.0, 2527.9)","(0.2, 0.0, 0.0, 1.0)"
0,989821.3,0,0,0,0,0,0,0,0,0,"(0.0, 0.0)","(0.0, 0.0)","(0.0, 0.0)","(0.0, 0.0, 0.0)","(0.0, 0.0, 0.0)","(0.0, 0.0, 0.0)","(0.0, 0.0, 0.0)","(0.0, 0.0, 0.0)","(0.0, 0.0, 0.0)",0,0,0,0,0,0,False,0,0,0,0,0,0,0,0,"(0.0, 6.0, 2528.4)","(0.2, 0.0, 0.0, 1.0)"
0,989847.6,0,0,0,0,0,0,0,0,0,"(0.0, 0.0)","(0.0, 0.0)","(0.0, 0.0)","(0.0, 0.0, 0.0)","(0.0, 0.0, 0.0)","(0.0, 0.0, 0.0)","(0.0, 0.0, 0.0)","(0.0, 0.0, 0.0)","(0.0, 0.0, 0.0)",0,0,0,0,0,0,False,0,0,0,0,0,0,0,0,"(0.0, 6.0, 2528.8)","(0.2, 0.0, 0.0, 1.0)"
0,989868.6,0,0,0,0,0,0,0,0,0,"(0.0, 0.0)","(0.0, 0.0)","(0.0, 0.0)","(0.0, 0.0, 0.0)","(0.0, 0.0, 0.0)","(0.0, 0.0, 0.0)","(0.0, 0.0, 0.0)","(0.0, 0.0, 0.0)","(0.0, 0.0, 0.0)",0,0,0,0,0,0,False,0,0,0,0,0,0,0,0,"(0.0, 6.0, 2529.2)","(0.2, 0.0, 0.0, 1.0)"
0,989889.5,0,0,0,0,0,0,0,0,0,"(0.0, 0.0)","(0.0, 0.0)","(0.0, 0.0)","(0.0, 0.0, 0.0)","(0.0, 0.0, 0.0)","(0.0, 0.0, 0.0)","(0.0, 0.0, 0.0)","(0.0, 0.0, 0.0)","(0.0, 0.0, 0.0)",0,0,0,0,0,0,False,0,0,0,0,0,0,0,0,"(0.0, 6.0, 2529.6)","(0.2, 0.0, 0.0, 1.0)"
0,989909,0,0,0,0,0,0,0,0,0,"(0.0, 0.0)","(0.0, 0.0)","(0.0, 0.0)","(0.0, 0.0, 0.0)","(0.0, 0.0, 0.0)","(0.0, 0.0, 0.0)","(0.0, 0.0, 0.0)","(0.0, 0.0, 0.0)","(0.0, 0.0, 0.0)",0,0,0,0,0,0,False,0,0,0,0,0,0,0,0,"(0.0, 6.0, 2530.1)","(0.2, 0.0, 0.0, 1.0)"
0,989929.8,0,0,0,0,0,0,0,0,0,"(0.0, 0.0)","(0.0, 0.0)","(0.0, 0.0)","(0.0, 0.0, 0.0)","(0.0, 0.0, 0.0)","(0.0, 0.0, 0.0)","(0.0, 0.0, 0.0)","(0.0, 0.0, 0.0)","(0.0, 0.0, 0.0)",0,0,0,0,0,0,False,0,0,0,0,0,0,0,0,"(0.0, 6.0, 2530.5)","(0.2, 0.0, 0.0, 1.0)"
0,989951.9,0,0,0,0,0,0,0,0,0,"(0.0, 0.0)","(0.0, 0.0)","(0.0, 0.0)","(0.0, 0.0, 0.0)","(0.0, 0.0, 0.0)","(0.0, 0.0, 0.0)","(0.0, 0.0, 0.0)","(0.0, 0.0, 0.0)","(0.0, 0.0, 0.0)",0,0,0,0,0,0,False,0,0,0,0,0,0,0,0,"(0.0, 6.0, 2530.9)","(0.2, 0.0, 0.0, 1.0)"
0,989974,0,0,0,0,0,0,0,0,0,"(0.0, 0.0)","(0.0, 0.0)","(0.0, 0.0)","(0.0, 0.0, 0.0)","(0.0, 0.0, 0.0)","(0.0, 0.0, 0.0)","(0.0, 0.0, 0.0)","(0.0, 0.0, 0.0)","(0.0, 0.0, 0.0)",0,0,0,0,0,0,False,0,0,0,0,0,0,0,0,"(0.0, 6.0, 2531.3)","(0.2, 0.0, 0.0, 1.0)"
0,989996.9,0,0,0,0,0,0,0,0,0,"(0.0, 0.0)","(0.0, 0.0)","(0.0, 0.0)","(0.0, 0.0, 0.0)","(0.0, 0.0, 0.0)","(0.0, 0.0, 0.0)","(0.0, 0.0, 0.0)","(0.0, 0.0, 0.0)","(0.0, 0.0, 0.0)",0,0,0,0,0,0,False,0,0,0,0,0,0,0,0,"(0.0, 6.0, 2531.7)","(0.2, 0.0, 0.0, 1.0)"
0,990021.7,0,0,0,0,0,0,0,0,0,"(0.0, 0.0)","(0.0, 0.0)","(0.0, 0.0)","(0.0, 0.0, 0.0)","(0.0, 0.0, 0.0)","(0.0, 0.0, 0.0)","(0.0, 0.0, 0.0)","(0.0, 0.0, 0.0)","(0.0, 0.0, 0.0)",0,0,0,0,0,0,False,0,0,0,0,0,0,0,0,"(0.0, 6.0, 2532.2)","(0.2, 0.0, 0.0, 1.0)"
0,990044.9,0,0,0,0,0,0,0,0,0,"(0.0, 0.0)","(0.0, 0.0)","(0.0, 0.0)","(0.0, 0.0, 0.0)","(0.0, 0.0, 0.0)","(0.0, 0.0, 0.0)","(0.0, 0.0, 0.0)","(0.0, 0.0, 0.0)","(0.0, 0.0, 0.0)",0,0,0,0,0,0,False,0,0,0,0,0,0,0,0,"(0.0, 6.0, 2532.6)","(0.2, 0.0, 0.0, 1.0)"
0,990065.6,0,0,0,0,0,0,0,0,0,"(0.0, 0.0)","(0.0, 0.0)","(0.0, 0.0)","(0.0, 0.0, 0.0)","(0.0, 0.0, 0.0)","(0.0, 0.0, 0.0)","(0.0, 0.0, 0.0)","(0.0, 0.0, 0.0)","(0.0, 0.0, 0.0)",0,0,0,0,0,0,False,0,0,0,0,0,0,0,0,"(0.0, 6.0, 2533.0)","(0.2, 0.0, 0.0, 1.0)"
0,990091.6,0,0,0,0,0,0,0,0,0,"(0.0, 0.0)","(0.0, 0.0)","(0.0, 0.0)","(0.0, 0.0, 0.0)","(0.0, 0.0, 0.0)","(0.0, 0.0, 0.0)","(0.0, 0.0, 0.0)","(0.0, 0.0, 0.0)","(0.0, 0.0, 0.0)",0,0,0,0,0,0,False,0,0,0,0,0,0,0,0,"(0.0, 6.0, 2533.4)","(0.2, 0.0, 0.0, 1.0)"
0,990112.1,0,0,0,0,0,0,0,0,0,"(0.0, 0.0)","(0.0, 0.0)","(0.0, 0.0)","(0.0, 0.0, 0.0)","(0.0, 0.0, 0.0)","(0.0, 0.0, 0.0)","(0.0, 0.0, 0.0)","(0.0, 0.0, 0.0)","(0.0, 0.0, 0.0)",0,0,0,0,0,0,False,0,0,0,0,0,0,0,0,"(0.0, 6.0, 2533.9)","(0.2, 0.0, 0.0, 1.0)"
0,990133.6,0,0,0,0,0,0,0,0,0,"(0.0, 0.0)","(0.0, 0.0)","(0.0, 0.0)","(0.0, 0.0, 0.0)","(0.0, 0.0, 0.0)","(0.0, 0.0, 0.0)","(0.0, 0.0, 0.0)","(0.0, 0.0, 0.0)","(0.0, 0.0, 0.0)",0,0,0,0,0,0,False,0,0,0,0,0,0,0,0,"(0.0, 6.0, 2534.3)","(0.2, 0.0, 0.0, 1.0)"
0,990154.6,0,0,0,0,0,0,0,0,0,"(0.0, 0.0)","(0.0, 0.0)","(0.0, 0.0)","(0.0, 0.0, 0.0)","(0.0, 0.0, 0.0)","(0.0, 0.0, 0.0)","(0.0, 0.0, 0.0)","(0.0, 0.0, 0.0)","(0.0, 0.0, 0.0)",0,0,0,0,0,0,False,0,0,0,0,0,0,0,0,"(0.0, 6.0, 2534.7)","(0.2, 0.0, 0.0, 1.0)"
0,990174.4,0,0,0,0,0,0,0,0,0,"(0.0, 0.0)","(0.0, 0.0)","(0.0, 0.0)","(0.0, 0.0, 0.0)","(0.0, 0.0, 0.0)","(0.0, 0.0, 0.0)","(0.0, 0.0, 0.0)","(0.0, 0.0, 0.0)","(0.0, 0.0, 0.0)",0,0,0,0,0,0,False,0,0,0,0,0,0,0,0,"(0.0, 6.0, 2535.1)","(0.2, 0.0, 0.0, 1.0)"
0,990195.3,0,0,0,0,0,0,0,0,0,"(0.0, 0.0)","(0.0, 0.0)","(0.0, 0.0)","(0.0, 0.0, 0.0)","(0.0, 0.0, 0.0)","(0.0, 0.0, 0.0)","(0.0, 0.0, 0.0)","(0.0, 0.0, 0.0)","(0.0, 0.0, 0.0)",0,0,0,0,0,0,False,0,0,0,0,0,0,0,0,"(0.0, 6.0, 2535.5)","(0.2, 0.0, 0.0, 1.0)"
0,990215.5,0,0,0,0,0,0,0,0,0,"(0.0, 0.0)","(0.0, 0.0)","(0.0, 0.0)","(0.0, 0.0, 0.0)","(0.0, 0.0, 0.0)","(0.0, 0.0, 0.0)","(0.0, 0.0, 0.0)","(0.0, 0.0, 0.0)","(0.0, 0.0, 0.0)",0,0,0,0,0,0,False,0,0,0,0,0,0,0,0,"(0.0, 6.0, 2536.0)","(0.2, 0.0, 0.0, 1.0)"
0,990235.4,0,0,0,0,0,0,0,0,0,"(0.0, 0.0)","(0.0, 0.0)","(0.0, 0.0)","(0.0, 0.0, 0.0)","(0.0, 0.0, 0.0)","(0.0, 0.0, 0.0)","(0.0, 0.0, 0.0)","(0.0, 0.0, 0.0)","(0.0, 0.0, 0.0)",0,0,0,0,0,0,False,0,0,0,0,0,0,0,0,"(0.0, 6.0, 2536.4)","(0.2, 0.0, 0.0, 1.0)"
0,990255.3,0,0,0,0,0,0,0,0,0,"(0.0, 0.0)","(0.0, 0.0)","(0.0, 0.0)","(0.0, 0.0, 0.0)","(0.0, 0.0, 0.0)","(0.0, 0.0, 0.0)","(0.0, 0.0, 0.0)","(0.0, 0.0, 0.0)","(0.0, 0.0, 0.0)",0,0,0,0,0,0,False,0,0,0,0,0,0,0,0,"(0.0, 6.0, 2536.8)","(0.2, 0.0, 0.0, 1.0)"
0,990273.8,0,0,0,0,0,0,0,0,0,"(0.0, 0.0)","(0.0, 0.0)","(0.0, 0.0)","(0.0, 0.0, 0.0)","(0.0, 0.0, 0.0)","(0.0, 0.0, 0.0)","(0.0, 0.0, 0.0)","(0.0, 0.0, 0.0)","(0.0, 0.0, 0.0)",0,0,0,0,0,0,False,0,0,0,0,0,0,0,0,"(0.0, 6.0, 2537.2)","(0.2, 0.0, 0.0, 1.0)"
0,990293.3,0,0,0,0,0,0,0,0,0,"(0.0, 0.0)","(0.0, 0.0)","(0.0, 0.0)","(0.0, 0.0, 0.0)","(0.0, 0.0, 0.0)","(0.0, 0.0, 0.0)","(0.0, 0.0, 0.0)","(0.0, 0.0, 0.0)","(0.0, 0.0, 0.0)",0,0,0,0,0,0,False,0,0,0,0,0,0,0,0,"(0.0, 6.0, 2537.6)","(0.2, 0.0, 0.0, 1.0)"
0,990314.1,0,0,0,0,0,0,0,0,0,"(0.0, 0.0)","(0.0, 0.0)","(0.0, 0.0)","(0.0, 0.0, 0.0)","(0.0, 0.0, 0.0)","(0.0, 0.0, 0.0)","(0.0, 0.0, 0.0)","(0.0, 0.0, 0.0)","(0.0, 0.0, 0.0)",0,0,0,0,0,0,False,0,0,0,0,0,0,0,0,"(0.0, 6.0, 2538.0)","(0.2, 0.0, 0.0, 1.0)"
0,990333.9,0,0,0,0,0,0,0,0,0,"(0.0, 0.0)","(0.0, 0.0)","(0.0, 0.0)","(0.0, 0.0, 0.0)","(0.0, 0.0, 0.0)","(0.0, 0.0, 0.0)","(0.0, 0.0, 0.0)","(0.0, 0.0, 0.0)","(0.0, 0.0, 0.0)",0,0,0,0,0,0,False,0,0,0,0,0,0,0,0,"(0.0, 6.0, 2538.4)","(0.2, 0.0, 0.0, 1.0)"
0,990354.3,0,0,0,0,0,0,0,0,0,"(0.0, 0.0)","(0.0, 0.0)","(0.0, 0.0)","(0.0, 0.0, 0.0)","(0.0, 0.0, 0.0)","(0.0, 0.0, 0.0)","(0.0, 0.0, 0.0)","(0.0, 0.0, 0.0)","(0.0, 0.0, 0.0)",0,0,0,0,0,0,False,0,0,0,0,0,0,0,0,"(0.0, 6.0, 2538.7)","(0.2, 0.0, 0.0, 1.0)"
0,990373.3,0,0,0,0,0,0,0,0,0,"(0.0, 0.0)","(0.0, 0.0)","(0.0, 0.0)","(0.0, 0.0, 0.0)","(0.0, 0.0, 0.0)","(0.0, 0.0, 0.0)","(0.0, 0.0, 0.0)","(0.0, 0.0, 0.0)","(0.0, 0.0, 0.0)",0,0,0,0,0,0,False,0,0,0,0,0,0,0,0,"(0.0, 6.0, 2539.1)","(0.2, 0.0, 0.0, 1.0)"
0,990392.8,0,0,0,0,0,0,0,0,0,"(0.0, 0.0)","(0.0, 0.0)","(0.0, 0.0)","(0.0, 0.0, 0.0)","(0.0, 0.0, 0.0)","(0.0, 0.0, 0.0)","(0.0, 0.0, 0.0)","(0.0, 0.0, 0.0)","(0.0, 0.0, 0.0)",0,0,0,0,0,0,False,0,0,0,0,0,0,0,0,"(0.0, 6.0, 2539.5)","(0.2, 0.0, 0.0, 1.0)"
0,990414.8,0,0,0,0,0,0,0,0,0,"(0.0, 0.0)","(0.0, 0.0)","(0.0, 0.0)","(0.0, 0.0, 0.0)","(0.0, 0.0, 0.0)","(0.0, 0.0, 0.0)","(0.0, 0.0, 0.0)","(0.0, 0.0, 0.0)","(0.0, 0.0, 0.0)",0,0,0,0,0,0,False,0,0,0,0,0,0,0,0,"(0.0, 6.0, 2539.9)","(0.2, 0.0, 0.0, 1.0)"
0,990435.3,0,0,0,0,0,0,0,0,0,"(0.0, 0.0)","(0.0, 0.0)","(0.0, 0.0)","(0.0, 0.0, 0.0)","(0.0, 0.0, 0.0)","(0.0, 0.0, 0.0)","(0.0, 0.0, 0.0)","(0.0, 0.0, 0.0)","(0.0, 0.0, 0.0)",0,0,0,0,0,0,False,0,0,0,0,0,0,0,0,"(0.0, 6.0, 2540.3)","(0.2, 0.0, 0.0, 1.0)"
0,990455.4,0,0,0,0,0,0,0,0,0,"(0.0, 0.0)","(0.0, 0.0)","(0.0, 0.0)","(0.0, 0.0, 0.0)","(0.0, 0.0, 0.0)","(0.0, 0.0, 0.0)","(0.0, 0.0, 0.0)","(0.0, 0.0, 0.0)","(0.0, 0.0, 0.0)",0,0,0,0,0,0,False,0,0,0,0,0,0,0,0,"(0.0, 6.0, 2540.7)","(0.2, 0.0, 0.0, 1.0)"
0,990473.7,0,0,0,0,0,0,0,0,0,"(0.0, 0.0)","(0.0, 0.0)","(0.0, 0.0)","(0.0, 0.0, 0.0)","(0.0, 0.0, 0.0)","(0.0, 0.0, 0.0)","(0.0, 0.0, 0.0)","(0.0, 0.0, 0.0)","(0.0, 0.0, 0.0)",0,0,0,0,0,0,False,0,0,0,0,0,0,0,0,"(0.0, 6.0, 2541.1)","(0.2, 0.0, 0.0, 1.0)"
0,990494.3,0,0,0,0,0,0,0,0,0,"(0.0, 0.0)","(0.0, 0.0)","(0.0, 0.0)","(0.0, 0.0, 0.0)","(0.0, 0.0, 0.0)","(0.0, 0.0, 0.0)","(0.0, 0.0, 0.0)","(0.0, 0.0, 0.0)","(0.0, 0.0, 0.0)",0,0,0,0,0,0,False,0,0,0,0,0,0,0,0,"(0.0, 6.0, 2541.5)","(0.2, 0.0, 0.0, 1.0)"
0,990513.4,0,0,0,0,0,0,0,0,0,"(0.0, 0.0)","(0.0, 0.0)","(0.0, 0.0)","(0.0, 0.0, 0.0)","(0.0, 0.0, 0.0)","(0.0, 0.0, 0.0)","(0.0, 0.0, 0.0)","(0.0, 0.0, 0.0)","(0.0, 0.0, 0.0)",0,0,0,0,0,0,False,0,0,0,0,0,0,0,0,"(0.0, 6.0, 2541.9)","(0.2, 0.0, 0.0, 1.0)"
0,990534.1,0,0,0,0,0,0,0,0,0,"(0.0, 0.0)","(0.0, 0.0)","(0.0, 0.0)","(0.0, 0.0, 0.0)","(0.0, 0.0, 0.0)","(0.0, 0.0, 0.0)","(0.0, 0.0, 0.0)","(0.0, 0.0, 0.0)","(0.0, 0.0, 0.0)",0,0,0,0,0,0,False,0,0,0,0,0,0,0,0,"(0.0, 6.0, 2542.2)","(0.2, 0.0, 0.0, 1.0)"
0,990552.8,0,0,0,0,0,0,0,0,0,"(0.0, 0.0)","(0.0, 0.0)","(0.0, 0.0)","(0.0, 0.0, 0.0)","(0.0, 0.0, 0.0)","(0.0, 0.0, 0.0)","(0.0, 0.0, 0.0)","(0.0, 0.0, 0.0)","(0.0, 0.0, 0.0)",0,0,0,0,0,0,False,0,0,0,0,0,0,0,0,"(0.0, 6.0, 2542.6)","(0.2, 0.0, 0.0, 1.0)"
0,990571.8,0,0,0,0,0,0,0,0,0,"(0.0, 0.0)","(0.0, 0.0)","(0.0, 0.0)","(0.0, 0.0, 0.0)","(0.0, 0.0, 0.0)","(0.0, 0.0, 0.0)","(0.0, 0.0, 0.0)","(0.0, 0.0, 0.0)","(0.0, 0.0, 0.0)",0,0,0,0,0,0,False,0,0,0,0,0,0,0,0,"(0.0, 6.0, 2543.0)","(0.2, 0.0, 0.0, 1.0)"
0,990591.8,0,0,0,0,0,0,0,0,0,"(0.0, 0.0)","(0.0, 0.0)","(0.0, 0.0)","(0.0, 0.0, 0.0)","(0.0, 0.0, 0.0)","(0.0, 0.0, 0.0)","(0.0, 0.0, 0.0)","(0.0, 0.0, 0.0)","(0.0, 0.0, 0.0)",0,0,0,0,0,0,False,0,0,0,0,0,0,0,0,"(0.0, 6.0, 2543.4)","(0.2, 0.0, 0.0, 1.0)"
0,990610.8,0,0,0,0,0,0,0,0,0,"(0.0, 0.0)","(0.0, 0.0)","(0.0, 0.0)","(0.0, 0.0, 0.0)","(0.0, 0.0, 0.0)","(0.0, 0.0, 0.0)","(0.0, 0.0, 0.0)","(0.0, 0.0, 0.0)","(0.0, 0.0, 0.0)",0,0,0,0,0,0,False,0,0,0,0,0,0,0,0,"(0.0, 6.0, 2543.8)","(0.2, 0.0, 0.0, 1.0)"
0,990633.3,0,0,0,0,0,0,0,0,0,"(0.0, 0.0)","(0.0, 0.0)","(0.0, 0.0)","(0.0, 0.0, 0.0)","(0.0, 0.0, 0.0)","(0.0, 0.0, 0.0)","(0.0, 0.0, 0.0)","(0.0, 0.0, 0.0)","(0.0, 0.0, 0.0)",0,0,0,0,0,0,False,0,0,0,0,0,0,0,0,"(0.0, 6.0, 2544.1)","(0.2, 0.0, 0.0, 1.0)"
0,990654,0,0,0,0,0,0,0,0,0,"(0.0, 0.0)","(0.0, 0.0)","(0.0, 0.0)","(0.0, 0.0, 0.0)","(0.0, 0.0, 0.0)","(0.0, 0.0, 0.0)","(0.0, 0.0, 0.0)","(0.0, 0.0, 0.0)","(0.0, 0.0, 0.0)",0,0,0,0,0,0,False,0,0,0,0,0,0,0,0,"(0.0, 6.0, 2544.5)","(0.2, 0.0, 0.0, 1.0)"
0,990673.2,0,0,0,0,0,0,0,0,0,"(0.0, 0.0)","(0.0, 0.0)","(0.0, 0.0)","(0.0, 0.0, 0.0)","(0.0, 0.0, 0.0)","(0.0, 0.0, 0.0)","(0.0, 0.0, 0.0)","(0.0, 0.0, 0.0)","(0.0, 0.0, 0.0)",0,0,0,0,0,0,False,0,0,0,0,0,0,0,0,"(0.0, 6.0, 2544.9)","(0.2, 0.0, 0.0, 1.0)"
0,990696.3,0,0,0,0,0,0,0,0,0,"(0.0, 0.0)","(0.0, 0.0)","(0.0, 0.0)","(0.0, 0.0, 0.0)","(0.0, 0.0, 0.0)","(0.0, 0.0, 0.0)","(0.0, 0.0, 0.0)","(0.0, 0.0, 0.0)","(0.0, 0.0, 0.0)",0,0,0,0,0,0,False,0,0,0,0,0,0,0,0,"(0.0, 6.0, 2545.3)","(0.2, 0.0, 0.0, 1.0)"
0,990718.4,0,0,0,0,0,0,0,0,0,"(0.0, 0.0)","(0.0, 0.0)","(0.0, 0.0)","(0.0, 0.0, 0.0)","(0.0, 0.0, 0.0)","(0.0, 0.0, 0.0)","(0.0, 0.0, 0.0)","(0.0, 0.0, 0.0)","(0.0, 0.0, 0.0)",0,0,0,0,0,0,False,0,0,0,0,0,0,0,0,"(0.0, 6.0, 2545.7)","(0.2, 0.0, 0.0, 1.0)"
0,990740.3,0,0,0,0,0,0,0,0,0,"(0.0, 0.0)","(0.0, 0.0)","(0.0, 0.0)","(0.0, 0.0, 0.0)","(0.0, 0.0, 0.0)","(0.0, 0.0, 0.0)","(0.0, 0.0, 0.0)","(0.0, 0.0, 0.0)","(0.0, 0.0, 0.0)",0,0,0,0,0,0,False,0,0,0,0,0,0,0,0,"(0.0, 6.0, 2546.1)","(0.2, 0.0, 0.0, 1.0)"
0,990763.8,0,0,0,0,0,0,0,0,0,"(0.0, 0.0)","(0.0, 0.0)","(0.0, 0.0)","(0.0, 0.0, 0.0)","(0.0, 0.0, 0.0)","(0.0, 0.0, 0.0)","(0.0, 0.0, 0.0)","(0.0, 0.0, 0.0)","(0.0, 0.0, 0.0)",0,0,0,0,0,0,False,0,0,0,0,0,0,0,0,"(0.0, 6.0, 2546.5)","(0.2, 0.0, 0.0, 1.0)"
0,990789.8,0,0,0,0,0,0,0,0,0,"(0.0, 0.0)","(0.0, 0.0)","(0.0, 0.0)","(0.0, 0.0, 0.0)","(0.0, 0.0, 0.0)","(0.0, 0.0, 0.0)","(0.0, 0.0, 0.0)","(0.0, 0.0, 0.0)","(0.0, 0.0, 0.0)",0,0,0,0,0,0,False,0,0,0,0,0,0,0,0,"(0.0, 6.0, 2546.9)","(0.2, 0.0, 0.0, 1.0)"
0,990808.6,0,0,0,0,0,0,0,0,0,"(0.0, 0.0)","(0.0, 0.0)","(0.0, 0.0)","(0.0, 0.0, 0.0)","(0.0, 0.0, 0.0)","(0.0, 0.0, 0.0)","(0.0, 0.0, 0.0)","(0.0, 0.0, 0.0)","(0.0, 0.0, 0.0)",0,0,0,0,0,0,False,0,0,0,0,0,0,0,0,"(0.0, 6.0, 2547.3)","(0.2, 0.0, 0.0, 1.0)"
0,990837.9,0,0,0,0,0,0,0,0,0,"(0.0, 0.0)","(0.0, 0.0)","(0.0, 0.0)","(0.0, 0.0, 0.0)","(0.0, 0.0, 0.0)","(0.0, 0.0, 0.0)","(0.0, 0.0, 0.0)","(0.0, 0.0, 0.0)","(0.0, 0.0, 0.0)",0,0,0,0,0,0,False,0,0,0,0,0,0,0,0,"(0.0, 6.0, 2547.7)","(0.2, 0.0, 0.0, 1.0)"
0,990858,0,0,0,0,0,0,0,0,0,"(0.0, 0.0)","(0.0, 0.0)","(0.0, 0.0)","(0.0, 0.0, 0.0)","(0.0, 0.0, 0.0)","(0.0, 0.0, 0.0)","(0.0, 0.0, 0.0)","(0.0, 0.0, 0.0)","(0.0, 0.0, 0.0)",0,0,0,0,0,0,False,0,0,0,0,0,0,0,0,"(0.0, 6.0, 2548.1)","(0.2, 0.0, 0.0, 1.0)"
0,990882.4,0,0,0,0,0,0,0,0,0,"(0.0, 0.0)","(0.0, 0.0)","(0.0, 0.0)","(0.0, 0.0, 0.0)","(0.0, 0.0, 0.0)","(0.0, 0.0, 0.0)","(0.0, 0.0, 0.0)","(0.0, 0.0, 0.0)","(0.0, 0.0, 0.0)",0,0,0,0,0,0,False,0,0,0,0,0,0,0,0,"(0.0, 6.0, 2548.6)","(0.2, 0.0, 0.0, 1.0)"
0,990906.9,0,0,0,0,0,0,0,0,0,"(0.0, 0.0)","(0.0, 0.0)","(0.0, 0.0)","(0.0, 0.0, 0.0)","(0.0, 0.0, 0.0)","(0.0, 0.0, 0.0)","(0.0, 0.0, 0.0)","(0.0, 0.0, 0.0)","(0.0, 0.0, 0.0)",0,0,0,0,0,0,False,0,0,0,0,0,0,0,0,"(0.0, 6.0, 2549.0)","(0.2, 0.0, 0.0, 1.0)"
0,990928.4,0,0,0,0,0,0,0,0,0,"(0.0, 0.0)","(0.0, 0.0)","(0.0, 0.0)","(0.0, 0.0, 0.0)","(0.0, 0.0, 0.0)","(0.0, 0.0, 0.0)","(0.0, 0.0, 0.0)","(0.0, 0.0, 0.0)","(0.0, 0.0, 0.0)",0,0,0,0,0,0,False,0,0,0,0,0,0,0,0,"(0.0, 6.0, 2549.4)","(0.2, 0.0, 0.0, 1.0)"
0,990948.9,0,0,0,0,0,0,0,0,0,"(0.0, 0.0)","(0.0, 0.0)","(0.0, 0.0)","(0.0, 0.0, 0.0)","(0.0, 0.0, 0.0)","(0.0, 0.0, 0.0)","(0.0, 0.0, 0.0)","(0.0, 0.0, 0.0)","(0.0, 0.0, 0.0)",0,0,0,0,0,0,False,0,0,0,0,0,0,0,0,"(0.0, 6.0, 2549.8)","(0.2, 0.0, 0.0, 1.0)"
0,990969.9,0,0,0,0,0,0,0,0,0,"(0.0, 0.0)","(0.0, 0.0)","(0.0, 0.0)","(0.0, 0.0, 0.0)","(0.0, 0.0, 0.0)","(0.0, 0.0, 0.0)","(0.0, 0.0, 0.0)","(0.0, 0.0, 0.0)","(0.0, 0.0, 0.0)",0,0,0,0,0,0,False,0,0,0,0,0,0,0,0,"(0.0, 6.0, 2550.3)","(0.2, 0.0, 0.0, 1.0)"
0,990991.5,0,0,0,0,0,0,0,0,0,"(0.0, 0.0)","(0.0, 0.0)","(0.0, 0.0)","(0.0, 0.0, 0.0)","(0.0, 0.0, 0.0)","(0.0, 0.0, 0.0)","(0.0, 0.0, 0.0)","(0.0, 0.0, 0.0)","(0.0, 0.0, 0.0)",0,0,0,0,0,0,False,0,0,0,0,0,0,0,0,"(0.0, 6.0, 2550.7)","(0.2, 0.0, 0.0, 1.0)"
0,991011.8,0,0,0,0,0,0,0,0,0,"(0.0, 0.0)","(0.0, 0.0)","(0.0, 0.0)","(0.0, 0.0, 0.0)","(0.0, 0.0, 0.0)","(0.0, 0.0, 0.0)","(0.0, 0.0, 0.0)","(0.0, 0.0, 0.0)","(0.0, 0.0, 0.0)",0,0,0,0,0,0,False,0,0,0,0,0,0,0,0,"(0.0, 6.0, 2551.1)","(0.2, 0.0, 0.0, 1.0)"
0,991036.8,0,0,0,0,0,0,0,0,0,"(0.0, 0.0)","(0.0, 0.0)","(0.0, 0.0)","(0.0, 0.0, 0.0)","(0.0, 0.0, 0.0)","(0.0, 0.0, 0.0)","(0.0, 0.0, 0.0)","(0.0, 0.0, 0.0)","(0.0, 0.0, 0.0)",0,0,0,0,0,0,False,0,0,0,0,0,0,0,0,"(0.0, 6.0, 2551.5)","(0.2, 0.0, 0.0, 1.0)"
0,991056.8,0,0,0,0,0,0,0,0,0,"(0.0, 0.0)","(0.0, 0.0)","(0.0, 0.0)","(0.0, 0.0, 0.0)","(0.0, 0.0, 0.0)","(0.0, 0.0, 0.0)","(0.0, 0.0, 0.0)","(0.0, 0.0, 0.0)","(0.0, 0.0, 0.0)",0,0,0,0,0,0,False,0,0,0,0,0,0,0,0,"(0.0, 6.0, 2552.0)","(0.2, 0.0, 0.0, 1.0)"
0,991076.7,0,0,0,0,0,0,0,0,0,"(0.0, 0.0)","(0.0, 0.0)","(0.0, 0.0)","(0.0, 0.0, 0.0)","(0.0, 0.0, 0.0)","(0.0, 0.0, 0.0)","(0.0, 0.0, 0.0)","(0.0, 0.0, 0.0)","(0.0, 0.0, 0.0)",0,0,0,0,0,0,False,0,0,0,0,0,0,0,0,"(0.0, 6.0, 2552.4)","(0.2, 0.0, 0.0, 1.0)"
0,991098.7,0,0,0,0,0,0,0,0,0,"(0.0, 0.0)","(0.0, 0.0)","(0.0, 0.0)","(0.0, 0.0, 0.0)","(0.0, 0.0, 0.0)","(0.0, 0.0, 0.0)","(0.0, 0.0, 0.0)","(0.0, 0.0, 0.0)","(0.0, 0.0, 0.0)",0,0,0,0,0,0,False,0,0,0,0,0,0,0,0,"(0.0, 6.0, 2552.8)","(0.2, 0.0, 0.0, 1.0)"
0,991119.6,0,0,0,0,0,0,0,0,0,"(0.0, 0.0)","(0.0, 0.0)","(0.0, 0.0)","(0.0, 0.0, 0.0)","(0.0, 0.0, 0.0)","(0.0, 0.0, 0.0)","(0.0, 0.0, 0.0)","(0.0, 0.0, 0.0)","(0.0, 0.0, 0.0)",0,0,0,0,0,0,False,0,0,0,0,0,0,0,0,"(0.0, 6.0, 2553.2)","(0.2, 0.0, 0.0, 1.0)"
0,991138.8,0,0,0,0,0,0,0,0,0,"(0.0, 0.0)","(0.0, 0.0)","(0.0, 0.0)","(0.0, 0.0, 0.0)","(0.0, 0.0, 0.0)","(0.0, 0.0, 0.0)","(0.0, 0.0, 0.0)","(0.0, 0.0, 0.0)","(0.0, 0.0, 0.0)",0,0,0,0,0,0,False,0,0,0,0,0,0,0,0,"(0.0, 6.0, 2553.6)","(0.2, 0.0, 0.0, 1.0)"
0,991159.5,0,0,0,0,0,0,0,0,0,"(0.0, 0.0)","(0.0, 0.0)","(0.0, 0.0)","(0.0, 0.0, 0.0)","(0.0, 0.0, 0.0)","(0.0, 0.0, 0.0)","(0.0, 0.0, 0.0)","(0.0, 0.0, 0.0)","(0.0, 0.0, 0.0)",0,0,0,0,0,0,False,0,0,0,0,0,0,0,0,"(0.0, 6.0, 2554.0)","(0.2, 0.0, 0.0, 1.0)"
0,991179.2,0,0,0,0,0,0,0,0,0,"(0.0, 0.0)","(0.0, 0.0)","(0.0, 0.0)","(0.0, 0.0, 0.0)","(0.0, 0.0, 0.0)","(0.0, 0.0, 0.0)","(0.0, 0.0, 0.0)","(0.0, 0.0, 0.0)","(0.0, 0.0, 0.0)",0,0,0,0,0,0,False,0,0,0,0,0,0,0,0,"(0.0, 6.0, 2554.5)","(0.2, 0.0, 0.0, 1.0)"
0,991200,0,0,0,0,0,0,0,0,0,"(0.0, 0.0)","(0.0, 0.0)","(0.0, 0.0)","(0.0, 0.0, 0.0)","(0.0, 0.0, 0.0)","(0.0, 0.0, 0.0)","(0.0, 0.0, 0.0)","(0.0, 0.0, 0.0)","(0.0, 0.0, 0.0)",0,0,0,0,0,0,False,0,0,0,0,0,0,0,0,"(0.0, 6.0, 2554.9)","(0.2, 0.0, 0.0, 1.0)"
0,991220.2,0,0,0,0,0,0,0,0,0,"(0.0, 0.0)","(0.0, 0.0)","(0.0, 0.0)","(0.0, 0.0, 0.0)","(0.0, 0.0, 0.0)","(0.0, 0.0, 0.0)","(0.0, 0.0, 0.0)","(0.0, 0.0, 0.0)","(0.0, 0.0, 0.0)",0,0,0,0,0,0,False,0,0,0,0,0,0,0,0,"(0.0, 6.0, 2555.3)","(0.2, 0.0, 0.0, 1.0)"
0,991241.8,0,0,0,0,0,0,0,0,0,"(0.0, 0.0)","(0.0, 0.0)","(0.0, 0.0)","(0.0, 0.0, 0.0)","(0.0, 0.0, 0.0)","(0.0, 0.0, 0.0)","(0.0, 0.0, 0.0)","(0.0, 0.0, 0.0)","(0.0, 0.0, 0.0)",0,0,0,0,0,0,False,0,0,0,0,0,0,0,0,"(0.0, 6.0, 2555.7)","(0.2, 0.0, 0.0, 1.0)"
0,991267.4,0,0,0,0,0,0,0,0,0,"(0.0, 0.0)","(0.0, 0.0)","(0.0, 0.0)","(0.0, 0.0, 0.0)","(0.0, 0.0, 0.0)","(0.0, 0.0, 0.0)","(0.0, 0.0, 0.0)","(0.0, 0.0, 0.0)","(0.0, 0.0, 0.0)",0,0,0,0,0,0,False,0,0,0,0,0,0,0,0,"(0.0, 6.0, 2556.1)","(0.2, 0.0, 0.0, 1.0)"
0,991288.2,0,0,0,0,0,0,0,0,0,"(0.0, 0.0)","(0.0, 0.0)","(0.0, 0.0)","(0.0, 0.0, 0.0)","(0.0, 0.0, 0.0)","(0.0, 0.0, 0.0)","(0.0, 0.0, 0.0)","(0.0, 0.0, 0.0)","(0.0, 0.0, 0.0)",0,0,0,0,0,0,False,0,0,0,0,0,0,0,0,"(0.0, 6.0, 2556.5)","(0.2, 0.0, 0.0, 1.0)"
0,991314.1,0,0,0,0,0,0,0,0,0,"(0.0, 0.0)","(0.0, 0.0)","(0.0, 0.0)","(0.0, 0.0, 0.0)","(0.0, 0.0, 0.0)","(0.0, 0.0, 0.0)","(0.0, 0.0, 0.0)","(0.0, 0.0, 0.0)","(0.0, 0.0, 0.0)",0,0,0,0,0,0,False,0,0,0,0,0,0,0,0,"(0.0, 6.0, 2556.9)","(0.2, 0.0, 0.0, 1.0)"
0,991334.4,0,0,0,0,0,0,0,0,0,"(0.0, 0.0)","(0.0, 0.0)","(0.0, 0.0)","(0.0, 0.0, 0.0)","(0.0, 0.0, 0.0)","(0.0, 0.0, 0.0)","(0.0, 0.0, 0.0)","(0.0, 0.0, 0.0)","(0.0, 0.0, 0.0)",0,0,0,0,0,0,False,0,0,0,0,0,0,0,0,"(0.0, 6.0, 2557.4)","(0.2, 0.0, 0.0, 1.0)"
0,991355,0,0,0,0,0,0,0,0,0,"(0.0, 0.0)","(0.0, 0.0)","(0.0, 0.0)","(0.0, 0.0, 0.0)","(0.0, 0.0, 0.0)","(0.0, 0.0, 0.0)","(0.0, 0.0, 0.0)","(0.0, 0.0, 0.0)","(0.0, 0.0, 0.0)",0,0,0,0,0,0,False,0,0,0,0,0,0,0,0,"(0.0, 6.0, 2557.8)","(0.2, 0.0, 0.0, 1.0)"
0,991374.9,0,0,0,0,0,0,0,0,0,"(0.0, 0.0)","(0.0, 0.0)","(0.0, 0.0)","(0.0, 0.0, 0.0)","(0.0, 0.0, 0.0)","(0.0, 0.0, 0.0)","(0.0, 0.0, 0.0)","(0.0, 0.0, 0.0)","(0.0, 0.0, 0.0)",0,0,0,0,0,0,False,0,0,0,0,0,0,0,0,"(0.0, 6.0, 2558.2)","(0.2, 0.0, 0.0, 1.0)"
0,991395.2,0,0,0,0,0,0,0,0,0,"(0.0, 0.0)","(0.0, 0.0)","(0.0, 0.0)","(0.0, 0.0, 0.0)","(0.0, 0.0, 0.0)","(0.0, 0.0, 0.0)","(0.0, 0.0, 0.0)","(0.0, 0.0, 0.0)","(0.0, 0.0, 0.0)",0,0,0,0,0,0,False,0,0,0,0,0,0,0,0,"(0.0, 6.0, 2558.6)","(0.2, 0.0, 0.0, 1.0)"
0,991419.3,0,0,0,0,0,0,0,0,0,"(0.0, 0.0)","(0.0, 0.0)","(0.0, 0.0)","(0.0, 0.0, 0.0)","(0.0, 0.0, 0.0)","(0.0, 0.0, 0.0)","(0.0, 0.0, 0.0)","(0.0, 0.0, 0.0)","(0.0, 0.0, 0.0)",0,0,0,0,0,0,False,0,0,0,0,0,0,0,0,"(0.0, 6.0, 2559.0)","(0.2, 0.0, 0.0, 1.0)"
0,991437.7,0,0,0,0,0,0,0,0,0,"(0.0, 0.0)","(0.0, 0.0)","(0.0, 0.0)","(0.0, 0.0, 0.0)","(0.0, 0.0, 0.0)","(0.0, 0.0, 0.0)","(0.0, 0.0, 0.0)","(0.0, 0.0, 0.0)","(0.0, 0.0, 0.0)",0,0,0,0,0,0,False,0,0,0,0,0,0,0,0,"(0.0, 6.0, 2559.5)","(0.2, 0.0, 0.0, 1.0)"
0,991458.3,0,0,0,0,0,0,0,0,0,"(0.0, 0.0)","(0.0, 0.0)","(0.0, 0.0)","(0.0, 0.0, 0.0)","(0.0, 0.0, 0.0)","(0.0, 0.0, 0.0)","(0.0, 0.0, 0.0)","(0.0, 0.0, 0.0)","(0.0, 0.0, 0.0)",0,0,0,0,0,0,False,0,0,0,0,0,0,0,0,"(0.0, 6.0, 2559.9)","(0.2, 0.0, 0.0, 1.0)"
0,991477.9,0,0,0,0,0,0,0,0,0,"(0.0, 0.0)","(0.0, 0.0)","(0.0, 0.0)","(0.0, 0.0, 0.0)","(0.0, 0.0, 0.0)","(0.0, 0.0, 0.0)","(0.0, 0.0, 0.0)","(0.0, 0.0, 0.0)","(0.0, 0.0, 0.0)",0,0,0,0,0,0,False,0,0,0,0,0,0,0,0,"(0.0, 6.0, 2560.3)","(0.2, 0.0, 0.0, 1.0)"
0,991500.8,0,0,0,0,0,0,0,0,0,"(0.0, 0.0)","(0.0, 0.0)","(0.0, 0.0)","(0.0, 0.0, 0.0)","(0.0, 0.0, 0.0)","(0.0, 0.0, 0.0)","(0.0, 0.0, 0.0)","(0.0, 0.0, 0.0)","(0.0, 0.0, 0.0)",0,0,0,0,0,0,False,0,0,0,0,0,0,0,0,"(0.0, 6.0, 2560.7)","(0.2, 0.0, 0.0, 1.0)"
0,991520,0,0,0,0,0,0,0,0,0,"(0.0, 0.0)","(0.0, 0.0)","(0.0, 0.0)","(0.0, 0.0, 0.0)","(0.0, 0.0, 0.0)","(0.0, 0.0, 0.0)","(0.0, 0.0, 0.0)","(0.0, 0.0, 0.0)","(0.0, 0.0, 0.0)",0,0,0,0,0,0,False,0,0,0,0,0,0,0,0,"(0.0, 6.0, 2561.1)","(0.2, 0.0, 0.0, 1.0)"
0,991539.4,0,0,0,0,0,0,0,0,0,"(0.0, 0.0)","(0.0, 0.0)","(0.0, 0.0)","(0.0, 0.0, 0.0)","(0.0, 0.0, 0.0)","(0.0, 0.0, 0.0)","(0.0, 0.0, 0.0)","(0.0, 0.0, 0.0)","(0.0, 0.0, 0.0)",0,0,0,0,0,0,False,0,0,0,0,0,0,0,0,"(0.0, 6.0, 2561.5)","(0.2, 0.0, 0.0, 1.0)"
0,991562.4,0,0,0,0,0,0,0,0,0,"(0.0, 0.0)","(0.0, 0.0)","(0.0, 0.0)","(0.0, 0.0, 0.0)","(0.0, 0.0, 0.0)","(0.0, 0.0, 0.0)","(0.0, 0.0, 0.0)","(0.0, 0.0, 0.0)","(0.0, 0.0, 0.0)",0,0,0,0,0,0,False,0,0,0,0,0,0,0,0,"(0.0, 6.0, 2561.9)","(0.2, 0.0, 0.0, 1.0)"
0,991584.8,0,0,0,0,0,0,0,0,0,"(0.0, 0.0)","(0.0, 0.0)","(0.0, 0.0)","(0.0, 0.0, 0.0)","(0.0, 0.0, 0.0)","(0.0, 0.0, 0.0)","(0.0, 0.0, 0.0)","(0.0, 0.0, 0.0)","(0.0, 0.0, 0.0)",0,0,0,0,0,0,False,0,0,0,0,0,0,0,0,"(0.0, 6.0, 2562.3)","(0.2, 0.0, 0.0, 1.0)"
0,991605.9,0,0,0,0,0,0,0,0,0,"(0.0, 0.0)","(0.0, 0.0)","(0.0, 0.0)","(0.0, 0.0, 0.0)","(0.0, 0.0, 0.0)","(0.0, 0.0, 0.0)","(0.0, 0.0, 0.0)","(0.0, 0.0, 0.0)","(0.0, 0.0, 0.0)",0,0,0,0,0,0,False,0,0,0,0,0,0,0,0,"(0.0, 6.0, 2562.8)","(0.2, 0.0, 0.0, 1.0)"
0,991628.9,0,0,0,0,0,0,0,0,0,"(0.0, 0.0)","(0.0, 0.0)","(0.0, 0.0)","(0.0, 0.0, 0.0)","(0.0, 0.0, 0.0)","(0.0, 0.0, 0.0)","(0.0, 0.0, 0.0)","(0.0, 0.0, 0.0)","(0.0, 0.0, 0.0)",0,0,0,0,0,0,False,0,0,0,0,0,0,0,0,"(0.0, 6.0, 2563.2)","(0.2, 0.0, 0.0, 1.0)"
0,991651.4,0,0,0,0,0,0,0,0,0,"(0.0, 0.0)","(0.0, 0.0)","(0.0, 0.0)","(0.0, 0.0, 0.0)","(0.0, 0.0, 0.0)","(0.0, 0.0, 0.0)","(0.0, 0.0, 0.0)","(0.0, 0.0, 0.0)","(0.0, 0.0, 0.0)",0,0,0,0,0,0,False,0,0,0,0,0,0,0,0,"(0.0, 6.0, 2563.6)","(0.2, 0.0, 0.0, 1.0)"
0,991672.8,0,0,0,0,0,0,0,0,0,"(0.0, 0.0)","(0.0, 0.0)","(0.0, 0.0)","(0.0, 0.0, 0.0)","(0.0, 0.0, 0.0)","(0.0, 0.0, 0.0)","(0.0, 0.0, 0.0)","(0.0, 0.0, 0.0)","(0.0, 0.0, 0.0)",0,0,0,0,0,0,False,0,0,0,0,0,0,0,0,"(0.0, 6.0, 2564.0)","(0.2, 0.0, 0.0, 1.0)"
0,991695.8,0,0,0,0,0,0,0,0,0,"(0.0, 0.0)","(0.0, 0.0)","(0.0, 0.0)","(0.0, 0.0, 0.0)","(0.0, 0.0, 0.0)","(0.0, 0.0, 0.0)","(0.0, 0.0, 0.0)","(0.0, 0.0, 0.0)","(0.0, 0.0, 0.0)",0,0,0,0,0,0,False,0,0,0,0,0,0,0,0,"(0.0, 6.0, 2564.4)","(0.2, 0.0, 0.0, 1.0)"
0,991717.4,0,0,0,0,0,0,0,0,0,"(0.0, 0.0)","(0.0, 0.0)","(0.0, 0.0)","(0.0, 0.0, 0.0)","(0.0, 0.0, 0.0)","(0.0, 0.0, 0.0)","(0.0, 0.0, 0.0)","(0.0, 0.0, 0.0)","(0.0, 0.0, 0.0)",0,0,0,0,0,0,False,0,0,0,0,0,0,0,0,"(0.0, 6.0, 2564.9)","(0.2, 0.0, 0.0, 1.0)"
0,991740.4,0,0,0,0,0,0,0,0,0,"(0.0, 0.0)","(0.0, 0.0)","(0.0, 0.0)","(0.0, 0.0, 0.0)","(0.0, 0.0, 0.0)","(0.0, 0.0, 0.0)","(0.0, 0.0, 0.0)","(0.0, 0.0, 0.0)","(0.0, 0.0, 0.0)",0,0,0,0,0,0,False,0,0,0,0,0,0,0,0,"(0.0, 6.0, 2565.3)","(0.2, 0.0, 0.0, 1.0)"
0,991762.9,0,0,0,0,0,0,0,0,0,"(0.0, 0.0)","(0.0, 0.0)","(0.0, 0.0)","(0.0, 0.0, 0.0)","(0.0, 0.0, 0.0)","(0.0, 0.0, 0.0)","(0.0, 0.0, 0.0)","(0.0, 0.0, 0.0)","(0.0, 0.0, 0.0)",0,0,0,0,0,0,False,0,0,0,0,0,0,0,0,"(0.0, 6.0, 2565.7)","(0.2, 0.0, 0.0, 1.0)"
0,991784.7,0,0,0,0,0,0,0,0,0,"(0.0, 0.0)","(0.0, 0.0)","(0.0, 0.0)","(0.0, 0.0, 0.0)","(0.0, 0.0, 0.0)","(0.0, 0.0, 0.0)","(0.0, 0.0, 0.0)","(0.0, 0.0, 0.0)","(0.0, 0.0, 0.0)",0,0,0,0,0,0,False,0,0,0,0,0,0,0,0,"(0.0, 6.0, 2566.1)","(0.2, 0.0, 0.0, 1.0)"
0,991806.4,0,0,0,0,0,0,0,0,0,"(0.0, 0.0)","(0.0, 0.0)","(0.0, 0.0)","(0.0, 0.0, 0.0)","(0.0, 0.0, 0.0)","(0.0, 0.0, 0.0)","(0.0, 0.0, 0.0)","(0.0, 0.0, 0.0)","(0.0, 0.0, 0.0)",0,0,0,0,0,0,False,0,0,0,0,0,0,0,0,"(0.0, 6.0, 2566.6)","(0.2, 0.0, 0.0, 1.0)"
0,991835.8,0,0,0,0,0,0,0,0,0,"(0.0, 0.0)","(0.0, 0.0)","(0.0, 0.0)","(0.0, 0.0, 0.0)","(0.0, 0.0, 0.0)","(0.0, 0.0, 0.0)","(0.0, 0.0, 0.0)","(0.0, 0.0, 0.0)","(0.0, 0.0, 0.0)",0,0,0,0,0,0,False,0,0,0,0,0,0,0,0,"(0.0, 6.0, 2567.0)","(0.2, 0.0, 0.0, 1.0)"
0,991859.8,0,0,0,0,0,0,0,0,0,"(0.0, 0.0)","(0.0, 0.0)","(0.0, 0.0)","(0.0, 0.0, 0.0)","(0.0, 0.0, 0.0)","(0.0, 0.0, 0.0)","(0.0, 0.0, 0.0)","(0.0, 0.0, 0.0)","(0.0, 0.0, 0.0)",0,0,0,0,0,0,False,0,0,0,0,0,0,0,0,"(0.0, 6.0, 2567.4)","(0.2, 0.0, 0.0, 1.0)"
0,991880.6,0,0,0,0,0,0,0,0,0,"(0.0, 0.0)","(0.0, 0.0)","(0.0, 0.0)","(0.0, 0.0, 0.0)","(0.0, 0.0, 0.0)","(0.0, 0.0, 0.0)","(0.0, 0.0, 0.0)","(0.0, 0.0, 0.0)","(0.0, 0.0, 0.0)",0,0,0,0,0,0,False,0,0,0,0,0,0,0,0,"(0.0, 6.0, 2567.9)","(0.2, 0.0, 0.0, 1.0)"
0,991901.9,0,0,0,0,0,0,0,0,0,"(0.0, 0.0)","(0.0, 0.0)","(0.0, 0.0)","(0.0, 0.0, 0.0)","(0.0, 0.0, 0.0)","(0.0, 0.0, 0.0)","(0.0, 0.0, 0.0)","(0.0, 0.0, 0.0)","(0.0, 0.0, 0.0)",0,0,0,0,0,0,False,0,0,0,0,0,0,0,0,"(0.0, 6.0, 2568.3)","(0.2, 0.0, 0.0, 1.0)"
0,991922.8,0,0,0,0,0,0,0,0,0,"(0.0, 0.0)","(0.0, 0.0)","(0.0, 0.0)","(0.0, 0.0, 0.0)","(0.0, 0.0, 0.0)","(0.0, 0.0, 0.0)","(0.0, 0.0, 0.0)","(0.0, 0.0, 0.0)","(0.0, 0.0, 0.0)",0,0,0,0,0,0,False,0,0,0,0,0,0,0,0,"(0.0, 6.0, 2568.7)","(0.2, 0.0, 0.0, 1.0)"
0,991942.9,0,0,0,0,0,0,0,0,0,"(0.0, 0.0)","(0.0, 0.0)","(0.0, 0.0)","(0.0, 0.0, 0.0)","(0.0, 0.0, 0.0)","(0.0, 0.0, 0.0)","(0.0, 0.0, 0.0)","(0.0, 0.0, 0.0)","(0.0, 0.0, 0.0)",0,0,0,0,0,0,False,0,0,0,0,0,0,0,0,"(0.0, 6.0, 2569.2)","(0.2, 0.0, 0.0, 1.0)"
0,991964.1,0,0,0,0,0,0,0,0,0,"(0.0, 0.0)","(0.0, 0.0)","(0.0, 0.0)","(0.0, 0.0, 0.0)","(0.0, 0.0, 0.0)","(0.0, 0.0, 0.0)","(0.0, 0.0, 0.0)","(0.0, 0.0, 0.0)","(0.0, 0.0, 0.0)",0,0,0,0,0,0,False,0,0,0,0,0,0,0,0,"(0.0, 6.0, 2569.6)","(0.2, 0.0, 0.0, 1.0)"
0,991986.1,0,0,0,0,0,0,0,0,0,"(0.0, 0.0)","(0.0, 0.0)","(0.0, 0.0)","(0.0, 0.0, 0.0)","(0.0, 0.0, 0.0)","(0.0, 0.0, 0.0)","(0.0, 0.0, 0.0)","(0.0, 0.0, 0.0)","(0.0, 0.0, 0.0)",0,0,0,0,0,0,False,0,0,0,0,0,0,0,0,"(0.0, 6.0, 2570.0)","(0.2, 0.0, 0.0, 1.0)"
0,992007,0,0,0,0,0,0,0,0,0,"(0.0, 0.0)","(0.0, 0.0)","(0.0, 0.0)","(0.0, 0.0, 0.0)","(0.0, 0.0, 0.0)","(0.0, 0.0, 0.0)","(0.0, 0.0, 0.0)","(0.0, 0.0, 0.0)","(0.0, 0.0, 0.0)",0,0,0,0,0,0,False,0,0,0,0,0,0,0,0,"(0.0, 6.0, 2570.5)","(0.2, 0.0, 0.0, 1.0)"
0,992029.4,0,0,0,0,0,0,0,0,0,"(0.0, 0.0)","(0.0, 0.0)","(0.0, 0.0)","(0.0, 0.0, 0.0)","(0.0, 0.0, 0.0)","(0.0, 0.0, 0.0)","(0.0, 0.0, 0.0)","(0.0, 0.0, 0.0)","(0.0, 0.0, 0.0)",0,0,0,0,0,0,False,0,0,0,0,0,0,0,0,"(0.0, 6.0, 2570.9)","(0.2, 0.0, 0.0, 1.0)"
0,992049.3,0,0,0,0,0,0,0,0,0,"(0.0, 0.0)","(0.0, 0.0)","(0.0, 0.0)","(0.0, 0.0, 0.0)","(0.0, 0.0, 0.0)","(0.0, 0.0, 0.0)","(0.0, 0.0, 0.0)","(0.0, 0.0, 0.0)","(0.0, 0.0, 0.0)",0,0,0,0,0,0,False,0,0,0,0,0,0,0,0,"(0.0, 6.0, 2571.3)","(0.2, 0.0, 0.0, 1.0)"
0,992074.7,0,0,0,0,0,0,0,0,0,"(0.0, 0.0)","(0.0, 0.0)","(0.0, 0.0)","(0.0, 0.0, 0.0)","(0.0, 0.0, 0.0)","(0.0, 0.0, 0.0)","(0.0, 0.0, 0.0)","(0.0, 0.0, 0.0)","(0.0, 0.0, 0.0)",0,0,0,0,0,0,False,0,0,0,0,0,0,0,0,"(0.0, 6.0, 2571.7)","(0.2, 0.0, 0.0, 1.0)"
0,992103.1,0,0,0,0,0,0,0,0,0,"(0.0, 0.0)","(0.0, 0.0)","(0.0, 0.0)","(0.0, 0.0, 0.0)","(0.0, 0.0, 0.0)","(0.0, 0.0, 0.0)","(0.0, 0.0, 0.0)","(0.0, 0.0, 0.0)","(0.0, 0.0, 0.0)",0,0,0,0,0,0,False,0,0,0,0,0,0,0,0,"(0.0, 6.0, 2572.2)","(0.2, 0.0, 0.0, 1.0)"
0,992124.6,0,0,0,0,0,0,0,0,0,"(0.0, 0.0)","(0.0, 0.0)","(0.0, 0.0)","(0.0, 0.0, 0.0)","(0.0, 0.0, 0.0)","(0.0, 0.0, 0.0)","(0.0, 0.0, 0.0)","(0.0, 0.0, 0.0)","(0.0, 0.0, 0.0)",0,0,0,0,0,0,False,0,0,0,0,0,0,0,0,"(0.0, 6.0, 2572.6)","(0.2, 0.0, 0.0, 1.0)"
0,992144.2,0,0,0,0,0,0,0,0,0,"(0.0, 0.0)","(0.0, 0.0)","(0.0, 0.0)","(0.0, 0.0, 0.0)","(0.0, 0.0, 0.0)","(0.0, 0.0, 0.0)","(0.0, 0.0, 0.0)","(0.0, 0.0, 0.0)","(0.0, 0.0, 0.0)",0,0,0,0,0,0,False,0,0,0,0,0,0,0,0,"(0.0, 6.0, 2573.1)","(0.2, 0.0, 0.0, 1.0)"
0,992167.2,0,0,0,0,0,0,0,0,0,"(0.0, 0.0)","(0.0, 0.0)","(0.0, 0.0)","(0.0, 0.0, 0.0)","(0.0, 0.0, 0.0)","(0.0, 0.0, 0.0)","(0.0, 0.0, 0.0)","(0.0, 0.0, 0.0)","(0.0, 0.0, 0.0)",0,0,0,0,0,0,False,0,0,0,0,0,0,0,0,"(0.0, 6.0, 2573.5)","(0.2, 0.0, 0.0, 1.0)"
0,992187.9,0,0,0,0,0,0,0,0,0,"(0.0, 0.0)","(0.0, 0.0)","(0.0, 0.0)","(0.0, 0.0, 0.0)","(0.0, 0.0, 0.0)","(0.0, 0.0, 0.0)","(0.0, 0.0, 0.0)","(0.0, 0.0, 0.0)","(0.0, 0.0, 0.0)",0,0,0,0,0,0,False,0,0,0,0,0,0,0,0,"(0.0, 6.0, 2573.9)","(0.2, 0.0, 0.0, 1.0)"
0,992207.5,0,0,0,0,0,0,0,0,0,"(0.0, 0.0)","(0.0, 0.0)","(0.0, 0.0)","(0.0, 0.0, 0.0)","(0.0, 0.0, 0.0)","(0.0, 0.0, 0.0)","(0.0, 0.0, 0.0)","(0.0, 0.0, 0.0)","(0.0, 0.0, 0.0)",0,0,0,0,0,0,False,0,0,0,0,0,0,0,0,"(0.0, 6.0, 2574.4)","(0.2, 0.0, 0.0, 1.0)"
0,992229.3,0,0,0,0,0,0,0,0,0,"(0.0, 0.0)","(0.0, 0.0)","(0.0, 0.0)","(0.0, 0.0, 0.0)","(0.0, 0.0, 0.0)","(0.0, 0.0, 0.0)","(0.0, 0.0, 0.0)","(0.0, 0.0, 0.0)","(0.0, 0.0, 0.0)",0,0,0,0,0,0,False,0,0,0,0,0,0,0,0,"(0.0, 6.0, 2574.8)","(0.2, 0.0, 0.0, 1.0)"
0,992249.6,0,0,0,0,0,0,0,0,0,"(0.0, 0.0)","(0.0, 0.0)","(0.0, 0.0)","(0.0, 0.0, 0.0)","(0.0, 0.0, 0.0)","(0.0, 0.0, 0.0)","(0.0, 0.0, 0.0)","(0.0, 0.0, 0.0)","(0.0, 0.0, 0.0)",0,0,0,0,0,0,False,0,0,0,0,0,0,0,0,"(0.0, 6.0, 2575.2)","(0.2, 0.0, 0.0, 1.0)"
0,992275.6,0,0,0,0,0,0,0,0,0,"(0.0, 0.0)","(0.0, 0.0)","(0.0, 0.0)","(0.0, 0.0, 0.0)","(0.0, 0.0, 0.0)","(0.0, 0.0, 0.0)","(0.0, 0.0, 0.0)","(0.0, 0.0, 0.0)","(0.0, 0.0, 0.0)",0,0,0,0,0,0,False,0,0,0,0,0,0,0,0,"(0.0, 6.0, 2575.6)","(0.2, 0.0, 0.0, 1.0)"
0,992297.7,0,0,0,0,0,0,0,0,0,"(0.0, 0.0)","(0.0, 0.0)","(0.0, 0.0)","(0.0, 0.0, 0.0)","(0.0, 0.0, 0.0)","(0.0, 0.0, 0.0)","(0.0, 0.0, 0.0)","(0.0, 0.0, 0.0)","(0.0, 0.0, 0.0)",0,0,0,0,0,0,False,0,0,0,0,0,0,0,0,"(0.0, 6.0, 2576.1)","(0.2, 0.0, 0.0, 1.0)"
0,992317.3,0,0,0,0,0,0,0,0,0,"(0.0, 0.0)","(0.0, 0.0)","(0.0, 0.0)","(0.0, 0.0, 0.0)","(0.0, 0.0, 0.0)","(0.0, 0.0, 0.0)","(0.0, 0.0, 0.0)","(0.0, 0.0, 0.0)","(0.0, 0.0, 0.0)",0,0,0,0,0,0,False,0,0,0,0,0,0,0,0,"(0.0, 6.0, 2576.5)","(0.2, 0.0, 0.0, 1.0)"
0,992342.1,0,0,0,0,0,0,0,0,0,"(0.0, 0.0)","(0.0, 0.0)","(0.0, 0.0)","(0.0, 0.0, 0.0)","(0.0, 0.0, 0.0)","(0.0, 0.0, 0.0)","(0.0, 0.0, 0.0)","(0.0, 0.0, 0.0)","(0.0, 0.0, 0.0)",0,0,0,0,0,0,False,0,0,0,0,0,0,0,0,"(0.0, 6.0, 2576.9)","(0.2, 0.0, 0.0, 1.0)"
